-952.97509765625 -344.3027038574219
-951.0270385742188 -342.3349609375
-949.1302490234375 -340.36138916015625
-949.2099609375 -338.4591979980469
-950.5464477539062 -336.68121337890625
-948.6278076171875 -334.7043762207031
-946.8995361328125 -332.7193298339844
-948.8964233398438 -330.7695007324219
-948.0127563476562 -328.79144287109375
-950.01220703125 -327.0549011230469
-948.10498046875 -325.074951171875
-950.102783203125 -323.1812744140625
-948.1643676757812 -321.21539306640625
-950.1641845703125 -319.9667053222656
-949.779296875 -318.015625
-947.814208984375 -316.0175476074219
-949.807861328125 -314.02276611328125
-950.2920532226562 -313.0528564453125
-949.3433837890625 -311.15252685546875
-948.3447265625 -309.15972900390625
-948.9630126953125 -307.1861877441406
-947.4085083007812 -305.2274475097656
-949.4051513671875 -303.2951354980469
-947.8450317382812 -301.32421875
-949.8433837890625 -299.34210205078125
-947.9828491210938 -297.3465576171875
-946.7495727539062 -295.3529968261719
-948.7489013671875 -293.3847351074219
-947.9902954101562 -291.3859558105469
-946.1039428710938 -289.3919372558594
-948.0928344726562 -287.5008239746094
-947.7146606445312 -285.5360107421875
-945.835205078125 -283.5385437011719
-947.7830810546875 -281.56427001953125
-947.4826049804688 -279.6481018066406
-947.987060546875 -277.6495361328125
-946.3673095703125 -275.6509094238281
-948.3661499023438 -273.6624450683594
-946.927490234375 -271.6820068359375
-948.9265747070312 -269.6844482421875
-947.1158447265625 -267.68536376953125
-945.8538208007812 -265.6873474121094
-947.8531494140625 -263.7066955566406
-946.10791015625 -261.72283935546875
-948.0933227539062 -259.8084716796875
-946.713623046875 -257.8157653808594
-948.7112426757812 -255.949951171875
-948.5784912109375 -253.95248413085938
-946.7611083984375 -251.95314025878906
-948.7581787109375 -249.96966552734375
-946.9818115234375 -247.97389221191406
-948.9779663085938 -246.0893096923828
-947.607177734375 -244.08982849121094
-946.1438598632812 -242.09178161621094
-948.1063232421875 -240.11328125
-946.701416015625 -238.11480712890625
-948.6663208007812 -236.79905700683594
-946.98046875 -234.8018798828125
-948.9411010742188 -232.8113250732422
-948.203857421875 -230.81454467773438
-946.218994140625 -228.8201904296875
-947.8863525390625 -226.82664489746094
-947.2271728515625 -224.82762145996094
-949.2264404296875 -223.21214294433594
-947.6820068359375 -221.21221923828125
-949.5592651367188 -219.46372985839844
-947.633544921875 -217.4645538330078
-949.519775390625 -215.53759765625
-951.1301879882812 -213.5859832763672
-949.699951171875 -211.61090087890625
-950.5071411132812 -209.61114501953125
-949.5071411132812 -207.61337280273438
-947.9789428710938 -205.62181091308594
-949.324462890625 -203.71002197265625
-948.8385620117188 -201.71067810058594
-947.2546997070312 -199.7118682861328
-948.2222290039062 -197.71533203125
-946.563720703125 -195.71697998046875
-947.4884643554688 -193.7240447998047
-947.57421875 -192.02801513671875
-946.9724731445312 -190.03114318847656
-947.9136352539062 -188.05686950683594
-946.0527954101562 -186.05711364746094
-945.8447265625 -184.26771545410156
-944.7617797851562 -182.35960388183594
-943.2249145507812 -180.37716674804688
-942.9142456054688 -178.46722412109375
-942.2758178710938 -176.4971466064453
-940.5467529296875 -174.67630004882812
-938.7398681640625 -172.73394775390625
-939.7747192382812 -171.0123748779297
-937.984619140625 -169.07501220703125
-938.5806884765625 -167.30300903320312
-936.6808471679688 -165.3458251953125
-936.1854858398438 -163.37481689453125
-935.2864990234375 -161.39175415039062
-933.6426391601562 -159.40560913085938
-935.089599609375 -157.42617797851562
-933.27783203125 -155.48594665527344
-934.460205078125 -153.4935760498047
-933.8193969726562 -151.70816040039062
-933.5022583007812 -149.7152862548828
-934.120849609375 -147.72915649414062
-932.3698120117188 -145.75149536132812
-931.680908203125 -143.7931365966797
-931.5784301757812 -141.79678344726562
-933.4098510742188 -140.8150634765625
-932.0020751953125 -139.27532958984375
-931.2598876953125 -137.31341552734375
-932.79150390625 -135.3495635986328
-930.9382934570312 -133.40928649902344
-931.0401611328125 -131.42330932617188
-930.77978515625 -129.4579315185547
-930.7930297851562 -127.46541595458984
-931.7738037109375 -125.493896484375
-931.2379760742188 -123.56095123291016
-929.5277709960938 -121.64471435546875
-930.37158203125 -119.78128814697266
-929.302490234375 -117.8454818725586
-928.55126953125 -115.87847900390625
-927.8013916015625 -113.93841552734375
-927.7055053710938 -111.95484924316406
-926.6131591796875 -110.0943603515625
-928.273193359375 -108.25648498535156
-927.9076538085938 -106.47380065917969
-927.177490234375 -104.60958862304688
-925.3265380859375 -102.6319808959961
-925.8114624023438 -100.84154510498047
-927.800048828125 -100.04883575439453
-926.8817749023438 -99.62067413330078
-928.2474975585938 -99.97765350341797
-929.7174682617188 -98.79749298095703
-931.1620483398438 -96.93976593017578
-929.3359375 -95.36475372314453
-928.1211547851562 -93.51449584960938
-927.3458251953125 -91.93543243408203
-928.4423217773438 -90.01380920410156
-928.1193237304688 -88.73778533935547
-929.730224609375 -88.15487670898438
-928.5990600585938 -86.207275390625
-929.0598754882812 -84.25662231445312
-927.1892700195312 -82.53093719482422
-928.3886108398438 -81.31825256347656
-927.3807373046875 -81.2281723022461
-926.2642822265625 -81.05618286132812
-927.5120849609375 -79.5474624633789
-928.3629760742188 -78.45162963867188
-928.664306640625 -76.49516296386719
-929.0530395507812 -76.82161712646484
-927.921630859375 -75.55229187011719
-926.3204956054688 -74.70724487304688
-928.2874755859375 -73.32344055175781
-926.3557739257812 -71.71165466308594
-927.015869140625 -72.67596435546875
-928.723876953125 -72.13399505615234
-930.5379028320312 -71.45914459228516
-930.689697265625 -71.9110336303711
-931.4588012695312 -70.76066589355469
-929.9710083007812 -69.51981353759766
-929.8221435546875 -70.24374389648438
-930.6534423828125 -69.66263580322266
-929.0620727539062 -71.04292297363281
-929.5076904296875 -71.0870132446289
-931.0521240234375 -71.4806137084961
-930.0263671875 -70.44078826904297
-931.7227172851562 -70.47935485839844
-932.5230712890625 -71.55345153808594
-932.0684814453125 -71.09565734863281
-931.7820434570312 -72.51451110839844
-929.9483642578125 -72.55177307128906
-931.6484375 -71.45355224609375
-930.8309326171875 -70.44100952148438
-932.6903686523438 -69.60183715820312
-931.26025390625 -71.26398468017578
-929.4287719726562 -70.74588012695312
-928.642333984375 -69.30314636230469
-929.4747924804688 -70.49699401855469
-930.5347900390625 -68.92805480957031
-928.9188842773438 -67.2532730102539
-930.6471557617188 -65.4389877319336
-930.5184936523438 -65.74029541015625
-929.6276245117188 -66.08746337890625
-929.9683227539062 -65.04096221923828
-931.322998046875 -63.938262939453125
-929.9447021484375 -64.04544067382812
-931.606201171875 -63.35127639770508
-930.400634765625 -64.56877899169922
-931.2738647460938 -63.36149215698242
-931.3272705078125 -61.73970413208008
-929.3700561523438 -63.42030334472656
-929.1526489257812 -62.369632720947266
-928.85498046875 -62.407649993896484
-929.0520629882812 -61.647953033447266
-927.4603881835938 -59.73839569091797
-925.4794921875 -60.84469223022461
-923.5571899414062 -59.11273193359375
-921.5578002929688 -57.39070129394531
-919.5603637695312 -55.576759338378906
-917.5618896484375 -54.2152214050293
-915.5655517578125 -52.95112991333008
-914.5427856445312 -54.6945915222168
-912.5428466796875 -53.21056365966797
-914.3485107421875 -55.04690933227539
-912.3486938476562 -54.982418060302734
-913.7462768554688 -56.83711242675781
-911.746337890625 -54.90967559814453
-913.41748046875 -56.75394058227539
-911.4175415039062 -56.519683837890625
-909.4180297851562 -54.86981964111328
-911.3758544921875 -56.81907653808594
-909.376220703125 -55.161014556884766
-911.098388671875 -57.07691192626953
-909.0984497070312 -55.295196533203125
-911.0326538085938 -57.1563720703125
-909.0328979492188 -55.34408187866211
-911.0299072265625 -56.84904861450195
-909.0301513671875 -55.35747146606445
-910.8504638671875 -57.3215217590332
-908.8505859375 -55.7252311706543
-910.4099731445312 -57.65833282470703
-908.4100341796875 -55.716251373291016
-910.0715942382812 -57.71120834350586
-908.0748291015625 -55.91484069824219
-908.9712524414062 -57.85454177856445
-906.9716796875 -56.54179763793945
-908.8779907226562 -58.52772903442383
-906.9359741210938 -57.027862548828125
-908.6387939453125 -58.97538375854492
-906.6398315429688 -57.06010437011719
-908.3629760742188 -59.024967193603516
-906.3644409179688 -57.046531677246094
-905.5410766601562 -58.987186431884766
-903.5414428710938 -57.028587341308594
-905.4241333007812 -58.538299560546875
-906.4239501953125 -60.5264892578125
-904.4242553710938 -58.60966873168945
-905.1630859375 -60.58449172973633
-903.1630859375 -58.6809196472168
-901.1931762695312 -60.67110824584961
-899.1932983398438 -59.196327209472656
-897.7903442382812 -60.9680061340332
-895.796142578125 -58.99201202392578
-894.5890502929688 -60.860450744628906
-892.5907592773438 -58.92428970336914
-890.6827392578125 -60.65863037109375
-888.6827392578125 -59.917991638183594
-886.6829833984375 -58.17548370361328
-886.663818359375 -60.083656311035156
-885.0557250976562 -61.93121337890625
-883.056396484375 -60.5087890625
-881.0604248046875 -62.02478790283203
-879.0628051757812 -61.52041244506836
-877.0634155273438 -62.43654251098633
-875.1027221679688 -61.33112716674805
-873.1058349609375 -59.78129196166992
-873.1380004882812 -61.738685607910156
-871.3257446289062 -61.266475677490234
-869.3305053710938 -60.34545135498047
-867.3912353515625 -59.35498046875
-865.3953247070312 -60.450042724609375
-863.3953857421875 -61.462039947509766
-861.4105834960938 -60.913204193115234
-859.4170532226562 -60.11676788330078
-857.6141967773438 -61.783512115478516
-855.6260375976562 -61.40681838989258
-854.3120727539062 -61.29941940307617
-852.3163452148438 -62.77188491821289
-850.3589477539062 -60.891273498535156
-848.3768310546875 -62.7462272644043
-846.7188110351562 -60.90261459350586
-844.7241821289062 -62.111690521240234
-843.084716796875 -61.008846282958984
-841.1012573242188 -62.047607421875
-839.2925415039062 -61.9077033996582
-837.3195190429688 -61.5488166809082
-835.3276977539062 -63.46046829223633
-833.33251953125 -63.6387939453125
-835.3304443359375 -65.50172424316406
-833.3770141601562 -64.07125854492188
-835.3756713867188 -66.04681396484375
-833.3764038085938 -67.65117645263672
-831.4923706054688 -69.32421875
