-952.956298828125 -344.39959716796875
-950.9563598632812 -342.5476989746094
-948.9563598632812 -340.7840576171875
-946.95703125 -338.7864990234375
-947.37158203125 -336.7870178222656
-948.2327270507812 -334.7879333496094
-947.0 -332.7890625
-945.0823974609375 -330.7890625
-945.12841796875 -328.792724609375
-945.980712890625 -326.8077697753906
-947.75341796875 -324.8096618652344
-945.9500122070312 -322.81439208984375
-945.5946655273438 -320.81475830078125
-943.9533081054688 -318.8163146972656
-945.3911743164062 -316.8182373046875
-944.9976806640625 -314.8186950683594
-945.9837036132812 -312.81878662109375
-944.3597412109375 -310.8204345703125
-945.9785766601562 -308.9688415527344
-944.2216796875 -306.9721984863281
-945.7286987304688 -304.9730529785156
-946.6453857421875 -302.9757385253906
-946.5418090820312 -300.97576904296875
-947.7952880859375 -298.9764099121094
-945.9388427734375 -296.9769287109375
-946.5867919921875 -294.9793701171875
-945.61962890625 -292.9794921875
-947.4231567382812 -290.9872131347656
-948.8392333984375 -288.98724365234375
-946.8392944335938 -287.1918029785156
-948.0518798828125 -285.1921691894531
-946.0519409179688 -283.1928405761719
-944.4722900390625 -281.1934814453125
-943.392822265625 -279.1941833496094
-944.0153198242188 -277.19512939453125
-942.227783203125 -275.1962890625
-941.0283203125 -273.1972351074219
-939.8939208984375 -271.19732666015625
-938.981201171875 -269.2002868652344
-939.4794921875 -267.2013244628906
-937.8796997070312 -265.2268981933594
-935.9915771484375 -263.2276306152344
-934.9483032226562 -261.3487243652344
-934.7327880859375 -259.3546447753906
-932.8519897460938 -257.36407470703125
-934.7807006835938 -255.382080078125
-936.6343994140625 -253.38221740722656
-937.7169189453125 -251.38589477539062
-937.6162719726562 -249.48194885253906
-938.0410766601562 -247.48870849609375
-937.286865234375 -245.4957275390625
-935.4669189453125 -243.5242156982422
-935.2451782226562 -241.5279541015625
-936.3681640625 -239.52902221679688
-936.7328491210938 -237.5644073486328
-938.3211669921875 -235.56887817382812
-936.92138671875 -233.5692596435547
-934.9390258789062 -231.57015991210938
-933.0164794921875 -229.57167053222656
-931.1091918945312 -227.5719451904297
-930.7822875976562 -225.71768188476562
-929.8804321289062 -223.80894470214844
-931.4850463867188 -221.98715209960938
-933.1819458007812 -219.98794555664062
-933.7254028320312 -218.0540008544922
-934.0601806640625 -216.0565185546875
-932.8609619140625 -214.08750915527344
-932.1156005859375 -212.17047119140625
-933.5419921875 -210.21768188476562
-931.589111328125 -208.23936462402344
-930.9251708984375 -209.04920959472656
-932.8327026367188 -207.14447021484375
-933.0647583007812 -206.50457763671875
-932.4765625 -204.77764892578125
-932.2003784179688 -204.72079467773438
-934.0599975585938 -203.72769165039062
-932.67626953125 -201.72772216796875
-933.322509765625 -199.73110961914062
-933.1636352539062 -197.73167419433594
-932.0017700195312 -195.7521209716797
-930.2078247070312 -193.89955139160156
-930.7096557617188 -191.9297332763672
-931.9356079101562 -193.62437438964844
-930.0015258789062 -191.79733276367188
-929.1415405273438 -189.8106689453125
-930.3381958007812 -187.85202026367188
-930.2728881835938 -185.8853302001953
-928.3067016601562 -183.9040069580078
-929.3441772460938 -181.90731811523438
-928.6148681640625 -179.9129180908203
-926.7189331054688 -179.07305908203125
-925.9970092773438 -177.92628479003906
-924.13427734375 -179.8958282470703
-923.5859375 -181.78707885742188
-921.7705078125 -180.88340759277344
-919.7996826171875 -182.59002685546875
-917.8030395507812 -181.30191040039062
-915.8123779296875 -183.29248046875
-914.1206665039062 -181.29408264160156
-912.1455078125 -183.2779083251953
-910.215576171875 -181.30284118652344
-908.2738037109375 -183.14024353027344
-906.2960815429688 -181.3247528076172
-905.5331420898438 -183.32266235351562
-903.602783203125 -181.54969787597656
-901.8446044921875 -182.97805786132812
-899.8544311523438 -181.1561737060547
-898.2288208007812 -183.13058471679688
-896.2420043945312 -181.1311492919922
-894.2450561523438 -182.23184204101562
-892.2464599609375 -180.4250946044922
-890.2537841796875 -182.35614013671875
-888.3115844726562 -180.3563995361328
-886.4660034179688 -181.9838409423828
-884.4708862304688 -179.98422241210938
-882.5216674804688 -178.55694580078125
-880.521728515625 -180.36753845214844
-878.522216796875 -178.36758422851562
-876.5693969726562 -176.37205505371094
-874.7506713867188 -177.83358764648438
-873.1237182617188 -177.93646240234375
-871.1253051757812 -178.0908966064453
-869.1276245117188 -177.38917541503906
-867.1334838867188 -178.4947967529297
-868.0060424804688 -177.58917236328125
-866.0350952148438 -176.54827880859375
-867.8523559570312 -178.2135772705078
-865.9284057617188 -179.9752655029297
-863.930908203125 -177.9754180908203
-862.2391967773438 -177.7085418701172
-860.372802734375 -179.49569702148438
-858.4234008789062 -181.1186065673828
-856.4810791015625 -179.11878967285156
-854.4822387695312 -177.35240173339844
-852.4835205078125 -178.62261962890625
-850.4967651367188 -180.55751037597656
-848.510498046875 -178.55758666992188
-846.5159301757812 -178.32778930664062
-844.520263671875 -179.32366943359375
-842.5660400390625 -177.87965393066406
-840.5693359375 -179.2955322265625
-838.5700073242188 -177.91648864746094
-836.5703125 -179.0382843017578
-838.5494384765625 -177.03904724121094
-836.5531616210938 -176.48165893554688
-834.5537719726562 -176.68504333496094
-836.232177734375 -174.68624877929688
-834.232666015625 -173.2197265625
-835.7648315429688 -171.2241668701172
-833.7650146484375 -169.27041625976562
-835.7534790039062 -167.2760772705078
-833.7537231445312 -165.99078369140625
-831.7537231445312 -164.0376434326172
-830.6349487304688 -162.03768920898438
-832.5420532226562 -160.24659729003906
-834.5396728515625 -158.28237915039062
-832.5396728515625 -156.39666748046875
-834.5369262695312 -154.42034912109375
-832.5369873046875 -152.52806091308594
-834.5341186523438 -150.5286407470703
-832.5341186523438 -148.55682373046875
-834.139892578125 -146.557861328125
-832.1399536132812 -144.5628204345703
-834.127685546875 -142.5633544921875
-832.1277465820312 -140.57740783691406
-833.4695434570312 -138.57791137695312
-835.2830200195312 -136.5785675048828
-833.2830200195312 -134.5791473388672
-834.9240112304688 -132.58056640625
-832.9241333007812 -130.58238220214844
-834.9186401367188 -128.58375549316406
-832.9186401367188 -126.58795166015625
-834.7123413085938 -124.5898208618164
-832.7135620117188 -122.59107971191406
-833.7734985351562 -120.59113311767578
-835.5079345703125 -118.59153747558594
-833.5089111328125 -116.61705780029297
-831.509033203125 -114.61768341064453
-832.8509521484375 -112.61770629882812
-832.6055297851562 -110.61800384521484
-834.402099609375 -108.61800384521484
-832.404296875 -107.98562622070312
-830.5548706054688 -106.79141998291016
-828.67138671875 -105.05728149414062
