-953.0784912109375 -344.2059020996094
-951.0914306640625 -342.2059020996094
-949.0917358398438 -340.2059020996094
-947.2457885742188 -338.2059020996094
-949.2457885742188 -336.2059020996094
-947.2472534179688 -334.2059020996094
-949.2464599609375 -332.2059020996094
-947.247802734375 -330.2059020996094
-949.2477416992188 -328.2059020996094
-947.251953125 -326.2059020996094
-949.251708984375 -324.2059020996094
-947.2543334960938 -322.2059020996094
-949.2537841796875 -320.2059020996094
-947.2560424804688 -318.2059020996094
-949.2559814453125 -316.2059020996094
-947.2988891601562 -314.2059020996094
-949.29248046875 -312.2059020996094
-947.3103637695312 -310.2059020996094
-949.3098754882812 -308.2059020996094
-947.3115234375 -306.2059020996094
-949.3113403320312 -304.2059020996094
-947.3389282226562 -302.2059020996094
-949.3378295898438 -300.2059020996094
-947.341796875 -298.2059020996094
-949.3411865234375 -296.2059020996094
-947.3911743164062 -294.2059020996094
-949.3845825195312 -292.2059020996094
-947.4678344726562 -290.2059020996094
-949.4527587890625 -288.2059020996094
-947.4694213867188 -286.2059020996094
-945.4796752929688 -284.2059020996094
-947.4710083007812 -282.2059020996094
-945.4829711914062 -280.2059020996094
-947.4825439453125 -278.2059020996094
-945.4848022460938 -276.2059020996094
-947.48193359375 -274.2059020996094
-945.484375 -272.2059020996094
-947.48046875 -270.2059020996094
-945.4901123046875 -268.2059020996094
-947.4365234375 -266.2059020996094
-945.4454956054688 -264.2059020996094
-947.4445190429688 -262.2059020996094
-949.4230346679688 -260.2059020996094
-947.4317016601562 -258.2059020996094
-945.4353637695312 -256.2059020996094
-947.4226684570312 -254.20591735839844
-945.4818725585938 -252.20591735839844
-947.4273071289062 -250.20591735839844
-947.4185180664062 -248.20591735839844
-945.4237670898438 -246.20591735839844
-947.369873046875 -244.20591735839844
-945.3958129882812 -242.20591735839844
-947.312255859375 -240.20591735839844
-945.3562622070312 -238.20591735839844
-947.2835693359375 -236.2059326171875
-945.2888793945312 -234.2059326171875
-947.0422973632812 -232.2059326171875
-945.0640869140625 -230.2059326171875
-946.9461059570312 -228.2059326171875
-944.9708862304688 -226.2059326171875
-945.7623901367188 -224.2059326171875
-946.7064208984375 -222.2059326171875
-948.6773071289062 -220.2059326171875
-946.7522583007812 -218.20594787597656
-947.1676025390625 -216.20594787597656
-947.2246704101562 -214.20594787597656
-948.422607421875 -212.20594787597656
-949.4547119140625 -210.20596313476562
-948.9091796875 -208.2059783935547
-950.5380859375 -206.2059783935547
-948.5590209960938 -204.2060546875
-948.6626586914062 -202.20606994628906
-946.75244140625 -200.20606994628906
-948.20947265625 -198.20606994628906
-946.244873046875 -196.20606994628906
-948.0863647460938 -194.2061004638672
-946.1198120117188 -192.2061004638672
-944.3779296875 -190.2061004638672
-945.09375 -188.20611572265625
-943.8212890625 -186.2062530517578
-941.9541625976562 -184.2062530517578
-942.9298706054688 -182.2063446044922
-942.05810546875 -180.20635986328125
-943.3338012695312 -178.20645141601562
-943.4352416992188 -176.20648193359375
-944.909912109375 -174.20652770996094
-946.1133422851562 -172.20655822753906
-945.7589721679688 -170.20657348632812
-944.87109375 -168.20660400390625
-943.2062377929688 -166.20664978027344
-941.302490234375 -164.20669555664062
-943.0012817382812 -162.20774841308594
-941.2485961914062 -160.20823669433594
-939.3562622070312 -158.208251953125
-938.6987915039062 -156.20907592773438
-936.7905883789062 -154.2093048095703
-936.4468994140625 -152.2096405029297
-937.2701416015625 -150.2098846435547
-936.35546875 -148.21029663085938
-938.17333984375 -146.2130126953125
-939.0032958984375 -144.21307373046875
-937.2503662109375 -142.21365356445312
-936.4901123046875 -140.2136993408203
-935.064453125 -138.2152557373047
-934.2432861328125 -136.21658325195312
-934.0513305664062 -134.21853637695312
-933.3075561523438 -132.2189178466797
-934.8248291015625 -130.22003173828125
-935.0686645507812 -128.22190856933594
-933.5620727539062 -126.22464752197266
-932.035888671875 -124.22595977783203
-930.9623413085938 -122.22659301757812
-931.3372802734375 -120.25347900390625
-930.552978515625 -118.25833129882812
-930.3264770507812 -116.25965118408203
-930.6051025390625 -114.26300048828125
-930.97119140625 -112.27912902832031
-929.5480346679688 -110.2825698852539
-931.253662109375 -108.291748046875
-931.3743896484375 -106.3427963256836
-929.5426635742188 -104.3521728515625
-929.7156372070312 -102.35997009277344
-929.5054931640625 -100.3659439086914
-928.7689208984375 -98.3756332397461
-930.6870727539062 -96.3778076171875
-931.3866577148438 -94.38690948486328
-929.5026245117188 -92.42914581298828
-931.08642578125 -90.50486755371094
-930.7061767578125 -88.5133056640625
-932.5739135742188 -86.90332794189453
-934.2976684570312 -84.91262817382812
-932.4278564453125 -83.01606750488281
-932.3765869140625 -81.11575317382812
-934.2158813476562 -79.15771484375
-932.6276245117188 -77.47576141357422
-931.2684326171875 -75.582275390625
-932.971435546875 -73.83930969238281
-932.3222045898438 -71.86393737792969
-930.3890380859375 -70.06050872802734
-930.7772827148438 -68.15782165527344
-928.8613891601562 -66.58152770996094
-927.9056396484375 -64.63341522216797
-929.5123901367188 -62.63382339477539
-927.9577026367188 -60.67472457885742
-928.4251708984375 -58.67654037475586
-926.42529296875 -60.67168426513672
-925.1896362304688 -58.75700378417969
-923.44970703125 -56.97849655151367
-921.4530639648438 -58.954856872558594
-919.708740234375 -57.586997985839844
-917.78564453125 -55.75861358642578
-915.8430786132812 -54.50381851196289
-914.2232055664062 -53.102657318115234
-913.7236328125 -54.734127044677734
-911.846435546875 -55.103389739990234
-913.2185668945312 -57.05609130859375
-911.5601806640625 -57.49502182006836
-909.6138916015625 -56.50374221801758
-907.934814453125 -58.185462951660156
-906.0806274414062 -56.369808197021484
-904.147216796875 -58.34349822998047
-902.1777954101562 -60.30904769897461
-900.2841186523438 -58.42007827758789
-898.3263549804688 -60.41875076293945
-896.5997924804688 -58.52451705932617
-894.6449584960938 -60.52391815185547
-892.7031860351562 -58.69313049316406
-890.7060546875 -60.68983459472656
-888.7199096679688 -58.867637634277344
-886.7273559570312 -60.86642837524414
-884.7815551757812 -59.0703125
-883.2749633789062 -61.067752838134766
-881.3010864257812 -59.33888626098633
-879.3021850585938 -61.33842468261719
-877.3883666992188 -61.98212432861328
-875.7440185546875 -61.92072677612305
-873.9811401367188 -60.3261833190918
-872.0985107421875 -62.30860137939453
-872.0313720703125 -60.430294036865234
-870.26708984375 -59.07249069213867
-870.1319580078125 -61.07212448120117
-871.2838134765625 -61.574951171875
-870.0150146484375 -59.95991516113281
-868.597412109375 -59.08929443359375
-866.8534545898438 -61.08907699584961
-864.8807983398438 -61.37994384765625
-863.402099609375 -59.92854309082031
-862.17919921875 -58.230865478515625
-861.4505615234375 -60.23040008544922
-860.6016235351562 -60.325897216796875
-859.7149658203125 -59.36393356323242
-859.0208740234375 -58.38225173950195
-859.9904174804688 -60.38146209716797
-859.3983764648438 -59.8361930847168
-857.5714721679688 -59.01243209838867
-858.068359375 -61.01228332519531
-856.2230834960938 -59.75901412963867
-855.2608642578125 -59.637229919433594
-853.6595458984375 -58.58234405517578
-852.43798828125 -60.58219528198242
-850.9391479492188 -62.35927963256836
-851.4019775390625 -60.57419204711914
-850.4806518554688 -59.750877380371094
-851.6752319335938 -60.09475326538086
-850.5313110351562 -59.332340240478516
-851.8057861328125 -60.91191864013672
-853.3914794921875 -62.764984130859375
-852.500732421875 -61.47037124633789
-851.1715087890625 -60.179588317871094
-849.6248779296875 -59.46052932739258
-848.0439453125 -59.90301513671875
-846.8983154296875 -60.01914978027344
-846.174560546875 -60.553977966308594
-844.7420654296875 -61.42231750488281
-843.2424926757812 -60.97658157348633
-842.044189453125 -62.897220611572266
-840.8864135742188 -62.3172607421875
-839.9708862304688 -60.593780517578125
-838.9839477539062 -61.953285217285156
-837.4360961914062 -61.819705963134766
-836.0183715820312 -61.83464431762695
-834.5379638671875 -60.28518295288086
-834.1486206054688 -59.44354248046875
-836.1467895507812 -61.39169692993164
-836.2343139648438 -61.135379791259766
-836.6763916015625 -60.55663299560547
-836.2756958007812 -58.772674560546875
-835.0203247070312 -57.3051643371582
-837.0191650390625 -59.25981903076172
-837.9422607421875 -60.765567779541016
-838.7091674804688 -62.370567321777344
-838.7548217773438 -62.40943908691406
-837.5353393554688 -60.50727844238281
-835.85791015625 -61.586273193359375
-834.2528076171875 -60.53948974609375
-836.2171020507812 -62.41389083862305
-834.316162109375 -61.86485290527344
-833.7459106445312 -61.428306579589844
-835.7280883789062 -63.30967712402344
-834.9375610351562 -63.29307174682617
-832.9410400390625 -62.880672454833984
-834.9173583984375 -63.13978576660156
-833.3603515625 -64.57186126708984
-835.360107421875 -66.33946228027344
-833.4212646484375 -67.05952453613281
-831.8564453125 -68.81869506835938
