-955.465576171875 -344.63671875
-954.8294677734375 -343.2720642089844
-954.4625244140625 -341.4938049316406
-955.2711791992188 -340.26593017578125
-956.7366943359375 -340.37640380859375
-957.6537475585938 -338.77020263671875
-956.7857666015625 -336.82568359375
-954.9560546875 -335.553955078125
-953.2266235351562 -333.62786865234375
-952.7742919921875 -331.85601806640625
-954.6519775390625 -330.5515441894531
-956.4315795898438 -329.13385009765625
-957.071044921875 -328.1474304199219
-958.1209106445312 -327.063232421875
-957.201171875 -326.3636169433594
-955.67578125 -324.3755187988281
-955.2933959960938 -322.3985595703125
-957.1538696289062 -320.6351623535156
-958.200439453125 -320.0024719238281
-959.1825561523438 -318.115234375
-958.7028198242188 -316.1990661621094
-959.4541625976562 -314.33551025390625
-959.495849609375 -313.1449279785156
-959.9701538085938 -313.1413879394531
-961.55224609375 -314.38995361328125
-961.1207885742188 -312.6491394042969
-959.3286743164062 -311.4515686035156
-957.5153198242188 -309.9295654296875
-958.73681640625 -310.74847412109375
-957.0068969726562 -310.10980224609375
-955.8576049804688 -309.7359313964844
-955.4017944335938 -307.7917785644531
-956.105712890625 -306.009033203125
-957.4617309570312 -305.27032470703125
-957.7501220703125 -304.5885314941406
-956.452880859375 -303.5064697265625
-954.5939331054688 -301.98876953125
-953.0164794921875 -300.0336608886719
-951.346923828125 -298.39385986328125
-950.2371826171875 -296.43328857421875
-949.8550415039062 -294.4981384277344
-950.3468627929688 -292.7521057128906
-952.2320556640625 -290.91693115234375
-952.9727172851562 -291.03076171875
-953.4586791992188 -289.18701171875
-953.669189453125 -288.634521484375
-954.4708862304688 -287.0217590332031
-955.9052734375 -285.4968566894531
-955.2632446289062 -284.2074279785156
-953.4638061523438 -282.47998046875
-953.3929443359375 -281.7554016113281
-953.30615234375 -279.864013671875
-951.736572265625 -278.8096008300781
-951.6727905273438 -276.93603515625
-952.1455688476562 -275.1644592285156
-953.0208740234375 -273.3794250488281
-951.3661499023438 -271.4127197265625
-951.8637084960938 -269.470703125
-951.0322875976562 -267.54705810546875
-952.208984375 -265.6593322753906
-952.2781982421875 -263.6846008300781
-953.8034057617188 -261.7389221191406
-951.9603271484375 -259.8562316894531
-950.9825439453125 -257.8724365234375
-951.6907958984375 -256.1273498535156
-952.978759765625 -254.17398071289062
-951.041015625 -252.47354125976562
-949.1417236328125 -250.50265502929688
-947.7160034179688 -248.50375366210938
-946.856201171875 -246.62969970703125
-946.828857421875 -244.6988525390625
-948.3497314453125 -244.52818298339844
-946.6094970703125 -242.54490661621094
-946.0791625976562 -240.74951171875
-945.0595092773438 -238.75624084472656
-946.509765625 -239.38998413085938
-945.7243041992188 -237.43502807617188
-944.079345703125 -235.45680236816406
-945.1390380859375 -233.65211486816406
-943.3369750976562 -231.68077087402344
-942.100341796875 -231.43438720703125
-940.5147094726562 -229.47079467773438
-938.8478393554688 -229.66815185546875
-937.5126953125 -227.73440551757812
-937.6181640625 -226.01547241210938
-935.6901245117188 -225.29139709472656
-935.536376953125 -223.67396545410156
-936.6217041015625 -222.4837188720703
-937.2293701171875 -220.70883178710938
-938.4204711914062 -218.7906494140625
-937.728271484375 -216.806640625
-935.9766845703125 -215.3021697998047
-937.908203125 -213.84527587890625
-936.4304809570312 -213.221435546875
-936.9776000976562 -211.48362731933594
-937.8839721679688 -211.98715209960938
-936.8590087890625 -210.50607299804688
-937.3992309570312 -208.5441436767578
-936.689208984375 -206.92416381835938
-937.9126586914062 -205.3373260498047
-937.7869262695312 -204.4969940185547
-937.3485717773438 -203.70236206054688
-937.3151245117188 -202.0757598876953
-935.9652099609375 -200.15846252441406
-937.017333984375 -199.13221740722656
-935.249755859375 -198.56829833984375
-933.32421875 -197.32762145996094
-931.6192016601562 -195.62522888183594
-930.04736328125 -193.88938903808594
-931.53076171875 -193.0583953857422
-931.9923095703125 -191.78773498535156
-930.3458862304688 -189.94935607910156
-932.0689697265625 -187.96755981445312
-930.2124633789062 -186.87246704101562
-928.5469360351562 -185.27203369140625
-926.9908447265625 -183.4812774658203
-925.5950317382812 -184.2494659423828
-924.5894775390625 -182.45773315429688
-924.1549072265625 -181.2960662841797
-923.2743530273438 -182.539794921875
-921.3525390625 -180.62396240234375
-922.117919921875 -182.5818328857422
-920.1353149414062 -180.6073760986328
-918.216064453125 -182.53884887695312
-916.4891967773438 -181.13812255859375
-914.7427368164062 -183.124755859375
-912.8201293945312 -181.18016052246094
-910.8746948242188 -183.15065002441406
-908.8809204101562 -181.5603790283203
-906.8950805664062 -183.2604522705078
-904.9696655273438 -181.2696533203125
-902.9764404296875 -183.2483673095703
-901.0242309570312 -181.33702087402344
-899.153076171875 -183.29835510253906
-897.1552734375 -181.4913787841797
-895.1566162109375 -183.46485900878906
-893.1640014648438 -181.58892822265625
-891.1690673828125 -179.6309356689453
-889.302734375 -181.53384399414062
-887.3218994140625 -183.4634552001953
-885.3825073242188 -183.11863708496094
-883.7093505859375 -181.36410522460938
-881.71337890625 -179.7963409423828
-879.754150390625 -180.19723510742188
-879.5574951171875 -178.55950927734375
-877.5582885742188 -176.93153381347656
-875.8126220703125 -178.5468292236328
-873.819580078125 -176.5586395263672
-871.8300170898438 -178.3085174560547
-870.0197143554688 -180.15469360351562
-868.0249633789062 -178.4381103515625
-866.4111328125 -178.44215393066406
-865.0738525390625 -177.4390106201172
-863.2675170898438 -178.0181121826172
-861.3255004882812 -179.3707733154297
-860.7747192382812 -179.8649444580078
-861.880615234375 -181.22239685058594
-859.891845703125 -179.68060302734375
-857.966064453125 -180.84356689453125
-855.9755249023438 -179.05172729492188
-855.5017700195312 -180.69528198242188
-854.711181640625 -180.15574645996094
-853.8820190429688 -178.3087921142578
-854.7261962890625 -177.20729064941406
-853.34130859375 -176.53565979003906
-851.3473510742188 -176.6302032470703
-850.0319213867188 -177.84811401367188
-849.6953735351562 -179.19667053222656
-847.9962158203125 -179.08729553222656
-847.200439453125 -179.4650421142578
-845.398193359375 -178.5975799560547
-843.9321899414062 -176.88661193847656
-841.9517822265625 -175.72239685058594
-840.49755859375 -175.85833740234375
-838.6763916015625 -176.4930877685547
-836.6842041015625 -175.4918212890625
-835.16015625 -175.0355224609375
-836.884521484375 -174.19515991210938
-834.8914184570312 -174.6526641845703
-834.574462890625 -172.804931640625
-835.595458984375 -171.95213317871094
-833.5955810546875 -170.46505737304688
-831.93701171875 -169.2564239501953
-832.5853881835938 -167.29470825195312
-832.7015380859375 -165.6918487548828
-834.3839111328125 -164.10769653320312
-832.4147338867188 -162.48046875
-834.0783081054688 -161.02732849121094
-832.079345703125 -160.1762237548828
-834.0471801757812 -158.3092041015625
-832.0494995117188 -156.68658447265625
-833.9886474609375 -154.7164764404297
-834.6848754882812 -153.03245544433594
-832.693603515625 -152.11013793945312
-834.5437622070312 -150.45834350585938
-832.5517578125 -148.85226440429688
-831.9788818359375 -146.97996520996094
-831.0902709960938 -145.0023956298828
-832.7661743164062 -143.03094482421875
-834.0347900390625 -141.0764923095703
-832.0493774414062 -139.45533752441406
-831.2042846679688 -137.50344848632812
-831.8970947265625 -135.79379272460938
-830.3079833984375 -133.9058380126953
-831.380615234375 -132.83596801757812
-832.3937377929688 -130.93826293945312
-833.3038330078125 -128.98062133789062
-834.3212890625 -127.0188980102539
-832.322998046875 -126.36296081542969
-834.1323852539062 -124.40797424316406
-832.1328735351562 -122.4470443725586
-833.9315795898438 -120.45976257324219
-834.35986328125 -118.54743957519531
-832.3624267578125 -118.64922332763672
-831.177001953125 -116.86661529541016
-832.3375244140625 -115.00877380371094
-832.4718017578125 -114.32685089111328
-833.185302734375 -112.41228485107422
-831.6627807617188 -111.13016510009766
-831.743408203125 -109.48040771484375
-831.13671875 -107.86507415771484
-832.6149291992188 -106.70674133300781
-831.9080200195312 -105.93733215332031
-831.5984497070312 -106.5874252319336
-831.094482421875 -104.63691711425781
