-952.9574584960938 -344.2937927246094
-951.6060791015625 -342.3288269042969
-949.8182983398438 -340.3345642089844
-947.9266357421875 -338.3350830078125
-947.9846801757812 -336.34564208984375
-949.6748657226562 -334.3485107421875
-947.8728637695312 -332.36138916015625
-948.47900390625 -330.3641357421875
-946.7562866210938 -328.36920166015625
-948.3855590820312 -326.3828430175781
-950.3740844726562 -324.3876647949219
-948.3926391601562 -322.38934326171875
-949.1622924804688 -320.40240478515625
-947.54296875 -318.4196472167969
-948.7536010742188 -316.4209289550781
-946.912109375 -314.4216613769531
-945.6215209960938 -312.4228515625
-945.3919677734375 -310.42974853515625
-947.386962890625 -308.50164794921875
-948.7348022460938 -306.5350341796875
-946.751708984375 -304.86572265625
-948.2569580078125 -302.92205810546875
-946.3451538085938 -300.9348449707031
-947.7366943359375 -298.9364929199219
-949.2789916992188 -296.9385070800781
-947.670654296875 -294.94256591796875
-947.4652709960938 -292.944580078125
-948.8616333007812 -290.9480285644531
-946.9047241210938 -288.9496154785156
-947.775634765625 -286.9533386230469
-945.8119506835938 -284.95538330078125
-947.12158203125 -282.95611572265625
-948.9761962890625 -280.9575500488281
-947.0506591796875 -279.019775390625
-948.8103637695312 -277.02044677734375
-947.359130859375 -275.0228271484375
-946.2086181640625 -273.0250549316406
-945.6345825195312 -271.0263671875
-947.58544921875 -269.4369812011719
-946.6106567382812 -267.4405212402344
-948.5423583984375 -265.4527282714844
-946.5697021484375 -263.4575500488281
-948.5411987304688 -261.46575927734375
-946.588134765625 -259.46826171875
-948.1358032226562 -257.47149658203125
-946.1398315429688 -255.4773406982422
-947.7411499023438 -253.52734375
-946.3727416992188 -251.52822875976562
-948.213623046875 -249.5943145751953
-946.4700317382812 -247.595458984375
-946.4810791015625 -245.6189727783203
-947.2693481445312 -243.63006591796875
-945.4783935546875 -241.63108825683594
-947.0340576171875 -239.63531494140625
-947.3985595703125 -237.6404266357422
-945.4058227539062 -235.64259338378906
-943.5634765625 -233.6475830078125
-942.721923828125 -231.65023803710938
-941.1400146484375 -229.74073791503906
-939.7850952148438 -227.76080322265625
-940.4837036132812 -225.8135223388672
-940.764892578125 -223.83853149414062
-942.7225341796875 -221.86830139160156
-944.528076171875 -219.8967742919922
-944.4627685546875 -217.90936279296875
-944.0930786132812 -216.0269317626953
-942.67529296875 -214.0356903076172
-940.8551025390625 -212.05703735351562
-939.5673828125 -210.06393432617188
-941.1273803710938 -208.0801544189453
-940.7224731445312 -206.1515350341797
-941.4575805664062 -204.15370178222656
-943.2781982421875 -202.1570587158203
-942.0607299804688 -200.1629180908203
-942.8685913085938 -198.18959045410156
-941.4212646484375 -196.2007293701172
-939.4464111328125 -194.23770141601562
-937.468505859375 -192.25221252441406
-937.688232421875 -190.2642822265625
-936.8796997070312 -188.30697631835938
-935.11181640625 -186.33518981933594
-935.3780517578125 -184.3396759033203
-933.6383056640625 -182.34205627441406
-932.638427734375 -180.34378051757812
-933.7485961914062 -178.3525390625
-934.9229736328125 -176.36363220214844
-936.4536743164062 -174.36968994140625
-934.5465698242188 -172.37423706054688
-933.7333984375 -170.37974548339844
-932.605224609375 -168.43960571289062
-931.2151489257812 -166.492919921875
-931.4666137695312 -164.5059356689453
-930.9854125976562 -162.5128173828125
-929.4920654296875 -160.51373291015625
-929.9112548828125 -158.5155792236328
-928.2022094726562 -156.52662658691406
-928.3029174804688 -154.54722595214844
-926.6336059570312 -152.5513458251953
-927.6192016601562 -150.55227661132812
-927.8706665039062 -148.55850219726562
-927.406982421875 -146.5610809326172
-925.859619140625 -144.59286499023438
-924.7708740234375 -142.6112518310547
-926.5142822265625 -140.640869140625
-927.488037109375 -138.66436767578125
-925.700439453125 -136.67330932617188
-924.7777709960938 -134.71987915039062
-924.775390625 -132.7340545654297
-924.8501586914062 -130.76316833496094
-926.4541625976562 -128.7811279296875
-925.5311279296875 -126.79590606689453
-923.774658203125 -124.81238555908203
-925.3189086914062 -122.82274627685547
-926.8889770507812 -120.8681411743164
-928.0881958007812 -118.93976593017578
-926.1353759765625 -116.9930191040039
-927.6199340820312 -115.07594299316406
-925.8253173828125 -113.08248901367188
-927.320068359375 -111.12969970703125
-926.068603515625 -109.1873550415039
-925.781982421875 -107.7881088256836
-924.644775390625 -105.85269927978516
-924.1019897460938 -103.93360137939453
-924.3645629882812 -102.16577911376953
-922.4986572265625 -100.33033752441406
-924.0862426757812 -99.95565032958984
-925.5795288085938 -98.04488372802734
-923.6451416015625 -96.16618347167969
-925.5216064453125 -94.19454193115234
-925.9798583984375 -92.40245056152344
-925.1376953125 -90.5721664428711
-924.27294921875 -89.09534454345703
-925.8514404296875 -87.52495574951172
-925.4415283203125 -85.64398956298828
-926.2296142578125 -84.16993713378906
-926.5104370117188 -82.41722106933594
-928.1571655273438 -80.68914031982422
-926.61474609375 -79.02068328857422
-925.2855224609375 -77.46904754638672
-925.5120239257812 -75.8570327758789
-926.8497314453125 -74.06365203857422
-925.4451904296875 -72.57251739501953
-924.184814453125 -70.67615509033203
-926.112548828125 -68.75985717773438
-926.0355224609375 -68.15838623046875
-927.6643676757812 -68.72835540771484
-926.6414184570312 -67.85588073730469
-926.0680541992188 -66.13471984863281
-927.0709838867188 -64.25747680664062
-925.8499145507812 -63.357791900634766
-924.3179321289062 -61.37118911743164
-922.3179931640625 -59.48667907714844
-920.3594970703125 -57.6527099609375
-918.3594970703125 -56.760868072509766
-916.3600463867188 -54.81587219238281
-914.3612670898438 -55.42417907714844
-912.3613891601562 -54.86439895629883
-911.2770385742188 -56.71908950805664
-909.27734375 -55.40412902832031
-910.7069091796875 -57.36281967163086
-908.7084350585938 -55.70426559448242
-910.4698486328125 -56.22031784057617
-911.0614013671875 -58.029930114746094
-909.0709838867188 -56.75447463989258
-910.2557983398438 -58.31718444824219
-908.2557983398438 -57.81955337524414
-906.2559204101562 -56.95195007324219
-904.8314208984375 -58.66011047363281
-903.0389404296875 -60.52559280395508
-901.0401611328125 -59.94470977783203
-899.0411376953125 -57.990455627441406
-898.2293090820312 -59.90146255493164
-896.2319946289062 -58.872642517089844
-896.3021850585938 -60.82371520996094
-894.3034057617188 -59.200931549072266
-892.6309814453125 -61.196983337402344
-890.6597290039062 -59.33283615112305
-889.336181640625 -61.17909240722656
-887.3964233398438 -59.336299896240234
-885.9867553710938 -60.971954345703125
-883.9876098632812 -62.64773178100586
-881.9885864257812 -62.21680450439453
-879.9917602539062 -60.7177848815918
-877.9945678710938 -60.28084182739258
-877.2427978515625 -61.90382766723633
-875.2454223632812 -63.29405975341797
-873.2721557617188 -61.93887710571289
-871.28369140625 -62.4698371887207
-869.2973022460938 -61.16645431518555
-867.3070678710938 -62.25431823730469
-865.3283081054688 -60.976661682128906
-863.330078125 -59.69939422607422
-861.345947265625 -59.24420928955078
-859.3687744140625 -60.28219985961914
-857.3739013671875 -59.177249908447266
-855.656005859375 -60.99909973144531
-853.663818359375 -60.34138107299805
-851.6737060546875 -61.70884704589844
-849.6845703125 -61.85177230834961
-847.872314453125 -61.44059753417969
-845.8899536132812 -60.9480094909668
-844.0142822265625 -60.86524200439453
-842.0347290039062 -62.4677619934082
-840.3209228515625 -61.29766082763672
-840.6234130859375 -61.533199310302734
-838.6414794921875 -62.112335205078125
-836.6657104492188 -63.4324951171875
-834.6685180664062 -63.464195251464844
-832.77734375 -63.95636749267578
-834.7499389648438 -65.94121551513672
-832.7508544921875 -65.68681335449219
-834.7178955078125 -67.33012390136719
-832.7316284179688 -67.09182739257812
