-952.9568481445312 -344.2844543457031
-950.9949951171875 -342.2870178222656
-948.9956665039062 -340.30096435546875
-946.9977416992188 -338.30303955078125
-946.6806640625 -336.30712890625
-945.0521850585938 -334.30792236328125
-944.9716796875 -332.30841064453125
-943.5831298828125 -330.3710632324219
-944.06982421875 -328.3746337890625
-943.2427368164062 -326.39019775390625
-941.9644165039062 -324.39410400390625
-940.6122436523438 -322.39495849609375
-939.1180419921875 -320.4017028808594
-939.0933837890625 -318.4095153808594
-938.310791015625 -316.4107971191406
-936.7540283203125 -314.4120178222656
-935.2872924804688 -312.4140625
-936.7741088867188 -311.4904479980469
-937.4695434570312 -310.2428894042969
-937.5570068359375 -308.3382568359375
-938.3428955078125 -306.51129150390625
-940.1265258789062 -304.5273132324219
-938.9888305664062 -302.53155517578125
-937.7970581054688 -300.5352783203125
-937.9047241210938 -298.5898132324219
-936.3085327148438 -297.2742614746094
-935.766845703125 -295.291015625
-935.8789672851562 -293.3191223144531
-935.23193359375 -291.3307189941406
-934.5382690429688 -289.3312683105469
-933.7205810546875 -287.41986083984375
-934.4348754882812 -285.4388732910156
-934.7774658203125 -283.4513244628906
-935.3971557617188 -281.53570556640625
-936.7803344726562 -279.5525207519531
-935.30078125 -277.5530090332031
-933.6803588867188 -275.5633850097656
-932.6544189453125 -273.5646057128906
-933.548828125 -271.8541564941406
-935.1175537109375 -269.8592834472656
-936.9138793945312 -267.9272155761719
-937.3275146484375 -265.9295654296875
-937.9884033203125 -263.9311828613281
-938.6710205078125 -261.9391174316406
-937.59033203125 -259.9400329589844
-937.8673095703125 -257.94268798828125
-938.3123779296875 -255.9706268310547
-936.8695068359375 -253.9710235595703
-935.457275390625 -251.97125244140625
-935.8815307617188 -250.08062744140625
-934.6315307617188 -248.09835815429688
-935.79736328125 -246.1101837158203
-934.2666625976562 -244.1166534423828
-932.6158447265625 -242.14755249023438
-931.7239990234375 -240.2449493408203
-933.6471557617188 -238.31117248535156
-932.3203125 -236.31297302246094
-930.94921875 -234.31817626953125
-929.1746215820312 -232.32801818847656
-927.2304077148438 -230.32940673828125
-926.3756713867188 -228.3314208984375
-924.4818115234375 -226.33155822753906
-922.8042602539062 -228.32337951660156
-920.8403930664062 -226.32339477539062
-918.8634643554688 -228.32254028320312
-917.0262451171875 -226.3225860595703
-915.1328125 -228.28408813476562
-913.175537109375 -226.28631591796875
-911.1773071289062 -228.28271484375
-909.1934204101562 -226.28358459472656
-907.2412109375 -228.26486206054688
-905.3458251953125 -226.2651824951172
-903.3665771484375 -228.2623748779297
-901.3956298828125 -226.2623748779297
-899.41650390625 -228.22491455078125
-897.5170288085938 -226.22496032714844
-895.5257568359375 -228.21994018554688
-893.7210083007812 -226.21995544433594
-892.1310424804688 -224.219970703125
-890.131103515625 -226.005615234375
-888.1676635742188 -224.00588989257812
-886.2077026367188 -226.004638671875
-884.2289428710938 -228.00355529785156
-882.3013916015625 -226.00355529785156
-880.369873046875 -227.94129943847656
-880.5012817382812 -225.94131469726562
-878.506591796875 -227.90005493164062
-877.6920166015625 -225.90017700195312
-875.9771118164062 -227.78720092773438
-874.521240234375 -225.78721618652344
-872.5571899414062 -227.55612182617188
-870.8284912109375 -225.55615234375
-868.9127807617188 -227.3272705078125
-867.4427490234375 -225.32736206054688
-865.4849853515625 -227.1066131591797
-864.0443115234375 -225.1066131591797
-862.142333984375 -227.09719848632812
-860.8992919921875 -225.09719848632812
-858.9100341796875 -227.02609252929688
-860.6622314453125 -225.02609252929688
-858.6748046875 -227.0248260498047
-858.8668212890625 -225.0248260498047
-856.866943359375 -226.07028198242188
-855.5525512695312 -224.07029724121094
-853.5813598632812 -225.74392700195312
-853.4010009765625 -223.74392700195312
-851.4038696289062 -223.0624237060547
-849.4141235351562 -224.94839477539062
-847.4524536132812 -226.41128540039062
-845.6026611328125 -224.41128540039062
-843.736572265625 -225.2862548828125
-842.2098999023438 -223.2862548828125
-840.304931640625 -225.2384796142578
-838.9054565429688 -223.2384796142578
-836.9122314453125 -224.411376953125
-835.1771850585938 -222.41139221191406
-833.1793823242188 -223.61305236816406
-834.5440673828125 -221.63954162597656
-836.06591796875 -219.64328002929688
-834.0680541992188 -220.48194885253906
-836.0052490234375 -218.48245239257812
-834.03759765625 -219.8897705078125
-836.0217895507812 -217.8926239013672
-834.0223999023438 -216.8848876953125
-832.0225830078125 -214.88946533203125
-833.9932250976562 -212.89051818847656
-831.9934692382812 -210.89376831054688
-833.6168823242188 -208.89390563964844
-831.6224365234375 -206.8939208984375
-833.3884887695312 -204.8946533203125
-831.4236450195312 -202.89466857910156
-833.2384643554688 -200.89739990234375
-831.2451171875 -198.89739990234375
-833.1687622070312 -196.8974609375
-831.1741943359375 -194.8974609375
-833.0266723632812 -193.02061462402344
-834.9848022460938 -191.02105712890625
-833.0718383789062 -189.02105712890625
-834.979248046875 -187.0217742919922
-836.53662109375 -185.0228271484375
-834.5631103515625 -183.0228271484375
-836.3076782226562 -181.02459716796875
-838.1610107421875 -179.03944396972656
-836.1707763671875 -180.6726531982422
-837.2095336914062 -178.67356872558594
-835.2196655273438 -177.34432983398438
-836.0142822265625 -175.36297607421875
-834.0189208984375 -173.56027221679688
-835.8495483398438 -171.5607147216797
-833.9271240234375 -169.56265258789062
-833.8401489257812 -167.56436157226562
-831.8726806640625 -165.56436157226562
-832.0189819335938 -163.56463623046875
-833.1334228515625 -161.70809936523438
-831.8993530273438 -159.7081298828125
-833.0465698242188 -157.7119903564453
-834.9276123046875 -155.73133850097656
-833.0245971679688 -153.73147583007812
-834.19140625 -151.7332000732422
-832.3280029296875 -149.73324584960938
-833.62890625 -147.73443603515625
-833.3099365234375 -145.73745727539062
-831.6710815429688 -143.7383270263672
-833.4750366210938 -141.739990234375
-834.0707397460938 -139.74234008789062
-832.0977172851562 -137.74258422851562
-834.023681640625 -135.75027465820312
-832.1234130859375 -133.7503204345703
-833.3271484375 -131.7728271484375
-833.2106323242188 -129.77627563476562
-834.2710571289062 -127.77668762207031
-832.7337036132812 -125.7771224975586
-833.9786376953125 -123.7869873046875
-832.6370849609375 -121.80693817138672
-833.5375366210938 -119.8074722290039
-832.4623413085938 -117.80776977539062
-831.341796875 -115.80889129638672
-830.8206176757812 -113.82048797607422
-829.6369018554688 -111.8227310180664
-828.033447265625 -109.82373046875
-828.177734375 -107.82389068603516
