-938.1232299804688 -154.9764862060547
-940.1232299804688 -156.939697265625
-942.123046875 -157.1555633544922
-944.1229248046875 -157.99627685546875
-946.1224365234375 -158.90733337402344
-948.1223754882812 -160.71910095214844
-946.1317138671875 -162.6818084716797
-948.131591796875 -163.76251220703125
-946.1487426757812 -165.70127868652344
-948.1476440429688 -167.54188537597656
-946.14794921875 -169.5409393310547
-948.1474609375 -171.43885803222656
-946.2169189453125 -173.41099548339844
-948.2167358398438 -175.02383422851562
-946.224853515625 -176.99871826171875
-948.2130126953125 -178.76327514648438
-946.2135620117188 -180.67202758789062
-948.2129516601562 -182.07568359375
-946.2161865234375 -183.9124755859375
-948.2161865234375 -185.60134887695312
-946.2171630859375 -187.45567321777344
-948.2169799804688 -187.64129638671875
-946.2282104492188 -189.49681091308594
-948.2280883789062 -189.021728515625
-946.2333984375 -190.99607849121094
-948.2333374023438 -191.3271026611328
-946.6764526367188 -193.32102966308594
-948.6763916015625 -193.3509979248047
-946.6915893554688 -195.0291748046875
-948.6915283203125 -196.16831970214844
-946.6943359375 -198.12417602539062
-948.6942138671875 -200.01702880859375
-946.705810546875 -201.95407104492188
-948.7052001953125 -200.84361267089844
-946.7071533203125 -202.5501708984375
-948.7069091796875 -204.48703002929688
-950.7067260742188 -206.01791381835938
-948.7225341796875 -207.9654998779297
-950.7222290039062 -209.69522094726562
-948.7476196289062 -211.6930389404297
-950.74755859375 -213.65188598632812
-948.7557373046875 -215.65078735351562
-950.7556762695312 -217.4910888671875
-948.7595825195312 -219.12167358398438
-950.757568359375 -221.11328125
-948.7599487304688 -222.76507568359375
-946.771240234375 -224.5526123046875
-948.77099609375 -226.5052032470703
-946.7777709960938 -228.329833984375
-944.79248046875 -230.11305236816406
-946.79248046875 -230.349609375
-944.79638671875 -232.2997283935547
-946.79638671875 -233.95559692382812
-948.79638671875 -235.74061584472656
-946.8021240234375 -237.40464782714844
-948.8021240234375 -239.32192993164062
-946.9266357421875 -241.21755981445312
-948.9240112304688 -243.2121124267578
-946.931640625 -245.1912841796875
-948.9315795898438 -246.71607971191406
-946.9329833984375 -248.6897430419922
-948.9328002929688 -249.02294921875
-946.9713745117188 -250.84658813476562
-948.9713134765625 -252.52239990234375
-946.9735107421875 -254.43455505371094
-948.9735107421875 -255.04037475585938
-946.9749145507812 -256.9591979980469
-948.974853515625 -258.7848205566406
-946.9752807617188 -260.6847229003906
-948.97509765625 -262.5763244628906
-946.98291015625 -264.2388610839844
-948.98291015625 -266.22271728515625
-947.0194702148438 -267.51666259765625
-949.0194702148438 -269.13311767578125
-947.041015625 -271.13031005859375
-949.0409545898438 -272.947265625
-947.1107788085938 -274.4271545410156
-945.114013671875 -276.38055419921875
-947.1138916015625 -278.2743225097656
-945.131591796875 -280.0084533691406
-947.1314086914062 -281.85333251953125
-945.1611328125 -283.8073425292969
-947.1610717773438 -285.66253662109375
-949.15771484375 -287.39361572265625
-947.317626953125 -288.53656005859375
-949.3175659179688 -290.4962158203125
-947.4134521484375 -292.3020935058594
-949.4134521484375 -294.2898254394531
-947.671875 -296.2674865722656
-949.6718139648438 -298.2331237792969
-947.7220458984375 -300.0373229980469
-949.721435546875 -301.1870422363281
-947.7665405273438 -303.01904296875
-949.7657470703125 -304.9855651855469
-948.5809326171875 -306.97698974609375
-947.2407836914062 -308.97222900390625
-949.2319946289062 -310.9229431152344
-950.01220703125 -312.486572265625
-948.9612426757812 -314.4459533691406
-950.1182861328125 -316.3951416015625
-949.3471069335938 -317.9827575683594
-947.4971923828125 -319.33721923828125
-949.4967041015625 -321.3187255859375
-950.4188842773438 -322.7731018066406
-948.9150390625 -323.0503845214844
-949.266357421875 -324.4273986816406
-951.0797729492188 -325.925048828125
-952.1699829101562 -327.11993408203125
-951.754150390625 -329.11328125
-951.1738891601562 -331.0084228515625
-949.45947265625 -332.8752136230469
-951.2845458984375 -334.2983703613281
-950.9243774414062 -335.32708740234375
-950.8150634765625 -336.6953430175781
-949.3858642578125 -338.3111267089844
-951.0947875976562 -339.6308898925781
-951.5567016601562 -341.0774230957031
-952.6704711914062 -342.2440185546875
-951.76416015625 -343.85479736328125
-953.0027465820312 -345.4626159667969
-953.2297973632812 -346.95849609375
-953.466064453125 -347.6282653808594
-951.5296630859375 -348.47283935546875
-951.7152099609375 -350.2544250488281
-952.45703125 -350.8155212402344
-951.3912353515625 -352.17584228515625
-952.370849609375 -353.0675354003906
-951.2112426757812 -354.55413818359375
-953.1354370117188 -354.62713623046875
-954.2037353515625 -356.1545104980469
-956.0244750976562 -357.8930969238281
-957.710693359375 -357.80328369140625
-957.2239379882812 -359.5865783691406
-958.8029174804688 -361.29083251953125
-960.0055541992188 -363.1671142578125
-959.6407470703125 -365.1070556640625
-958.39208984375 -366.99212646484375
-958.087158203125 -368.6472473144531
-958.2950439453125 -369.64068603515625
-958.78857421875 -370.53936767578125
-957.2745971679688 -370.3348388671875
-956.5877075195312 -371.1182861328125
-958.0654296875 -372.92010498046875
-958.0891723632812 -374.5054931640625
-957.220703125 -374.0385437011719
-959.1012573242188 -374.89910888671875
-959.8468627929688 -375.8720397949219
-958.3727416992188 -377.5256652832031
-959.3121337890625 -378.9591979980469
-961.0819702148438 -379.4336242675781
-960.3662109375 -381.16754150390625
-961.7666015625 -382.7585754394531
-962.1389770507812 -384.3038330078125
-962.9909057617188 -386.28369140625
-962.1878662109375 -386.1270446777344
-962.6943969726562 -387.78729248046875
-962.8826904296875 -389.12982177734375
-964.6238403320312 -390.59912109375
-966.1392211914062 -392.5835266113281
-967.16162109375 -394.582275390625
-968.8689575195312 -396.5737609863281
-970.8201904296875 -395.1103820800781
-972.254150390625 -397.1038513183594
-974.2488403320312 -396.3560791015625
-976.2424926757812 -394.5521240234375
-977.858642578125 -396.5448303222656
-979.7465209960938 -396.29205322265625
-981.4027709960938 -395.7397155761719
-982.7964477539062 -397.739501953125
-984.6580810546875 -396.09759521484375
-986.458984375 -395.3110656738281
-987.9949340820312 -397.3077087402344
-989.5086669921875 -397.6890563964844
-991.061767578125 -395.97216796875
-992.3418579101562 -395.06622314453125
-993.2980346679688 -395.2332458496094
-994.201416015625 -394.9068603515625
-993.942626953125 -396.90478515625
-994.69580078125 -396.1772155761719
-996.3431396484375 -397.1305847167969
-998.2063598632812 -396.1124267578125
-1000.0771484375 -395.7032165527344
-1000.4293212890625 -393.7852478027344
-1001.3433837890625 -395.7816467285156
-1002.7933959960938 -395.40924072265625
-1004.1163940429688 -397.1946105957031
-1005.9036254882812 -396.7419128417969
-1005.3064575195312 -395.2774353027344
-1006.4357299804688 -396.69677734375
-1008.1812744140625 -396.39373779296875
-1009.78759765625 -397.10784912109375
-1009.5982666015625 -395.97528076171875
-1009.6157836914062 -396.83123779296875
-1008.0449829101562 -395.999267578125
-1009.9674682617188 -394.7744445800781
-1011.0355834960938 -395.86004638671875
-1010.5598754882812 -394.8300476074219
-1012.31787109375 -393.6651916503906
-1013.1195678710938 -395.663818359375
-1012.8311767578125 -397.12786865234375
-1013.9458618164062 -395.3013000488281
-1014.2042236328125 -394.31402587890625
-1013.645751953125 -396.3138122558594
-1014.908447265625 -395.97296142578125
-1016.1351318359375 -396.6844787597656
-1017.7586059570312 -396.2789001464844
-1019.4263305664062 -396.3981018066406
-1019.9859008789062 -397.3435363769531
-1021.8577270507812 -399.18023681640625
-1019.8649291992188 -398.9546813964844
-1021.8649291992188 -399.89776611328125
-1019.87109375 -399.9992980957031
-1021.8699951171875 -401.5026550292969
-1019.8721313476562 -403.0331726074219
-1021.8719482421875 -405.01434326171875
-1019.8772583007812 -406.95819091796875
