-938.1232299804688 -155.19000244140625
-940.122802734375 -157.19000244140625
-942.1227416992188 -159.19000244140625
-944.1214599609375 -161.19000244140625
-946.1214599609375 -163.19000244140625
-948.1195068359375 -165.19000244140625
-946.1224365234375 -167.1894073486328
-948.1220703125 -169.1894073486328
-946.1603393554688 -171.1876220703125
-948.1602172851562 -173.1876220703125
-946.1625366210938 -175.1875762939453
-948.1624755859375 -177.1875762939453
-946.1625366210938 -179.18707275390625
-948.1612548828125 -181.18707275390625
-946.1719360351562 -183.18682861328125
-948.171875 -185.18682861328125
-946.1832275390625 -187.18638610839844
-948.1819458007812 -189.18638610839844
-946.1943359375 -191.1852264404297
-948.1928100585938 -193.1852264404297
-946.2061767578125 -195.12245178222656
-948.205810546875 -197.12245178222656
-946.2212524414062 -199.12049865722656
-948.2160034179688 -201.12049865722656
-950.2156372070312 -203.12049865722656
-948.217041015625 -205.11997985839844
-950.2167358398438 -207.11997985839844
-948.2322387695312 -209.11843872070312
-950.2315063476562 -211.11843872070312
-949.058349609375 -213.118408203125
-951.0582885742188 -215.118408203125
-949.3434448242188 -217.1171112060547
-951.34326171875 -219.1171112060547
-949.3447265625 -221.1162109375
-947.3506469726562 -223.11508178710938
-949.3506469726562 -225.11508178710938
-947.3533935546875 -227.11289978027344
-945.356201171875 -229.11207580566406
-947.3560791015625 -231.112060546875
-945.3575439453125 -233.11204528808594
-947.357421875 -235.11203002929688
-945.3618774414062 -237.11146545410156
-947.3616943359375 -239.11146545410156
-945.380615234375 -241.1083526611328
-947.3801879882812 -243.1083526611328
-945.4005737304688 -245.10818481445312
-947.3999633789062 -247.10818481445312
-945.6280517578125 -249.08929443359375
-947.627685546875 -251.0892791748047
-945.7666015625 -253.0882110595703
-947.7666015625 -255.0882110595703
-945.8132934570312 -257.0868835449219
-947.8129272460938 -259.0868835449219
-946.0429077148438 -261.08380126953125
-948.0429077148438 -263.08380126953125
-947.0965576171875 -265.0825500488281
-949.0964965820312 -267.08251953125
-947.1123657226562 -269.08245849609375
-945.1129760742188 -271.0819396972656
-947.1128540039062 -273.0819396972656
-945.1482543945312 -275.0818786621094
-947.1482543945312 -277.0818786621094
-946.4993896484375 -279.077392578125
-948.4993896484375 -281.077392578125
-947.71435546875 -283.07684326171875
-948.8180541992188 -285.0735778808594
-947.0975341796875 -287.073486328125
-949.0974731445312 -289.073486328125
-948.0698852539062 -291.0716552734375
-946.2387084960938 -293.06640625
-948.2378540039062 -295.0661315917969
-946.7523193359375 -297.06494140625
-948.751953125 -299.06494140625
-946.8207397460938 -301.058837890625
-948.8198852539062 -303.058837890625
-947.6779174804688 -305.0580749511719
-949.677734375 -307.0580139160156
-948.5946655273438 -309.0036926269531
-946.6616821289062 -311.0033874511719
-948.6614990234375 -313.0033264160156
-948.9788818359375 -315.0031433105469
-947.3067016601562 -316.99652099609375
-949.3067016601562 -318.9964904785156
-949.166748046875 -320.97918701171875
-947.7216796875 -322.9779052734375
-949.7216186523438 -324.9778747558594
-949.3571166992188 -326.97564697265625
-948.67724609375 -328.97552490234375
-950.6312866210938 -330.97540283203125
-951.9592895507812 -332.9747009277344
-952.2613525390625 -334.9731140136719
-953.9332275390625 -336.97296142578125
-952.1731567382812 -338.9725341796875
-950.991455078125 -340.9711608886719
-950.0399780273438 -342.9662780761719
-951.2908325195312 -344.9660339355469
-951.654541015625 -346.9658508300781
-952.3426513671875 -348.95111083984375
-952.9983520507812 -350.95098876953125
-951.3548583984375 -352.9508056640625
-950.421875 -354.94830322265625
-952.3685302734375 -356.9471435546875
-954.31884765625 -358.947021484375
-952.3418579101562 -360.93511962890625
-952.5021362304688 -362.93450927734375
-951.904296875 -364.933349609375
-953.8613891601562 -366.8905029296875
-954.0751953125 -368.89007568359375
-953.4269409179688 -370.8874206542969
-953.8987426757812 -372.8871765136719
-955.382568359375 -374.88629150390625
-957.3424682617188 -376.85357666015625
-958.8328247070312 -378.8345947265625
-958.32763671875 -380.828369140625
-956.9757080078125 -382.7433776855469
-958.2823486328125 -384.7420654296875
-959.8568725585938 -386.7161865234375
-960.8207397460938 -388.7127685546875
-962.8179931640625 -390.6236572265625
-962.3345947265625 -392.61993408203125
-962.8566284179688 -394.616943359375
-964.851806640625 -396.61572265625
-966.8475341796875 -398.5257873535156
-968.288818359375 -397.95928955078125
-969.939697265625 -399.44732666015625
-971.8999633789062 -398.0719909667969
-972.568115234375 -396.938232421875
-974.521240234375 -397.9790954589844
-976.385986328125 -399.439697265625
-978.3573608398438 -399.8279724121094
-980.171875 -401.02838134765625
-981.8262939453125 -399.8298645019531
-983.2703857421875 -398.353759765625
-985.1563720703125 -399.8760681152344
-987.1439208984375 -399.9805603027344
-988.7515258789062 -399.21319580078125
-990.6945190429688 -397.2805480957031
-992.621826171875 -397.91851806640625
-992.2757568359375 -397.9974670410156
-994.24755859375 -397.6455383300781
-994.7094116210938 -398.8204650878906
-996.4898071289062 -397.7602844238281
-998.029296875 -397.6545104980469
-998.8665771484375 -398.91986083984375
-1000.8453369140625 -397.6333923339844
-1001.6303100585938 -399.3442077636719
-1003.5308837890625 -399.5156555175781
-1005.3397216796875 -397.7193298339844
-1007.1981811523438 -398.9224548339844
-1008.4923095703125 -400.51251220703125
-1010.2901000976562 -399.26416015625
-1012.1940307617188 -398.100830078125
-1011.4756469726562 -399.06890869140625
-1012.8768920898438 -397.7391357421875
-1014.7855834960938 -397.6572265625
-1016.3406372070312 -399.3072204589844
-1018.2510986328125 -397.5789489746094
-1020.2389526367188 -397.759521484375
-1022.2305297851562 -398.7574768066406
-1021.2999877929688 -399.9885559082031
-1019.5020141601562 -401.73687744140625
-1021.5006103515625 -403.6080322265625
-1019.526123046875 -405.5963439941406
-1021.5205078125 -407.5583801269531
