-981.919921875 -395.0524597167969
-983.744873046875 -397.05242919921875
-985.6100463867188 -395.0551452636719
-986.7463989257812 -397.0550842285156
-988.7338256835938 -395.0555114746094
-989.854248046875 -397.0554504394531
-991.8324584960938 -395.05572509765625
-993.5015869140625 -397.05560302734375
-995.4918823242188 -395.0557861328125
-997.4534301757812 -393.0579528808594
-999.2672119140625 -395.05792236328125
-1000.8058471679688 -393.0610656738281
-1002.7130737304688 -395.0610656738281
-1004.7108154296875 -393.061279296875
-1005.7778930664062 -395.0611267089844
-1007.7455444335938 -393.0611877441406
-1009.3699951171875 -395.0611572265625
-1011.17529296875 -393.0614929199219
-1012.7388916015625 -395.0614318847656
-1014.7081909179688 -393.0614318847656
-1016.3543090820312 -395.0611572265625
-1018.343017578125 -393.06121826171875
-1020.1454467773438 -395.06121826171875
-1020.8131103515625 -397.0611877441406
-1021.8305053710938 -397.48175048828125
-1021.5214233398438 -396.53570556640625
-1021.77734375 -394.6665954589844
-1023.3203735351562 -396.6664123535156
-1024.64697265625 -395.0439147949219
-1026.54150390625 -393.04400634765625
-1027.4293212890625 -395.0438537597656
-1029.3740234375 -393.04412841796875
-1031.3328857421875 -395.04412841796875
-1033.3193359375 -393.0443420410156
-1034.8011474609375 -395.04412841796875
-1036.78515625 -393.0445556640625
-1037.7940673828125 -395.0445556640625
-1039.7755126953125 -393.0445556640625
-1041.1671142578125 -395.0445251464844
-1043.0322265625 -393.04473876953125
-1042.5611572265625 -395.04461669921875
-1044.557373046875 -393.0446472167969
-1045.8291015625 -395.0446472167969
-1047.828369140625 -393.044921875
-1049.0836181640625 -395.04486083984375
-1050.910400390625 -393.0450744628906
-1052.6796875 -395.04498291015625
-1054.6007080078125 -393.04510498046875
-1056.230712890625 -395.04510498046875
-1058.156005859375 -393.04534912109375
-1059.1737060546875 -395.04534912109375
-1060.6783447265625 -397.04510498046875
-1062.5703125 -395.0507507324219
-1064.558349609375 -397.0499267578125
-1062.7381591796875 -399.0436706542969
-1061.345458984375 -401.0422058105469
-1063.33935546875 -399.6465148925781
-1064.619140625 -401.64202880859375
-1064.66162109375 -403.6418762207031
-1065.1812744140625 -401.6556701660156
-1066.7806396484375 -403.6556091308594
-1068.5628662109375 -401.66021728515625
-1068.530517578125 -403.66021728515625
-1070.0406494140625 -405.66021728515625
-1069.829833984375 -403.9544677734375
-1069.332275390625 -405.95440673828125
-1068.172607421875 -406.5165100097656
-1066.17626953125 -408.4953308105469
-1064.196044921875 -410.4952392578125
-1062.6461181640625 -412.4934997558594
-1060.8900146484375 -414.4920959472656
-1062.880126953125 -416.382568359375
-1061.66845703125 -418.3823547363281
-1063.6583251953125 -420.1614990234375
-1062.584716796875 -419.9696350097656
-1060.7733154296875 -419.3318786621094
-1062.693603515625 -421.3094787597656
-1060.869384765625 -423.232177734375
-1062.705810546875 -423.2386169433594
-1062.208251953125 -425.2371520996094
-1060.72509765625 -427.2234802246094
-1062.70361328125 -425.26983642578125
-1061.384765625 -427.2684020996094
-1063.3778076171875 -425.3616943359375
-1062.2945556640625 -427.361572265625
-1060.51953125 -429.3602600097656
-1062.3719482421875 -430.9394226074219
-1064.3319091796875 -431.7697448730469
-1062.427490234375 -433.76971435546875
-1064.1798095703125 -435.3163146972656
-1062.194091796875 -437.2788391113281
-1064.0023193359375 -439.0435791015625
-1062.08935546875 -441.0424499511719
-1063.9033203125 -442.041748046875
-1062.022705078125 -444.04132080078125
-1063.90234375 -445.9965515136719
-1062.0369873046875 -447.99639892578125
-1063.58740234375 -448.16845703125
-1061.6954345703125 -450.1582946777344
-1063.603759765625 -452.0178527832031
-1061.6641845703125 -454.0150451660156
-1062.082275390625 -456.01470947265625
-1062.97412109375 -454.04058837890625
-1061.0399169921875 -456.0345764160156
-1063.0130615234375 -457.961181640625
-1061.0196533203125 -459.8134460449219
-1059.1585693359375 -461.8129577636719
-1060.1900634765625 -463.7708740234375
-1061.7928466796875 -465.7615966796875
-1059.8109130859375 -467.7613525390625
-1059.5155029296875 -469.7256774902344
-1061.1942138671875 -471.71917724609375
-1059.2862548828125 -473.7187805175781
-1059.802001953125 -475.71875
-1061.2962646484375 -477.7187194824219
-1062.512451171875 -479.7187194824219
-1063.955810546875 -481.71868896484375
-1065.8148193359375 -483.7181701660156
-1067.7303466796875 -485.7086486816406
-1069.7178955078125 -487.70458984375
-1071.6732177734375 -485.7046203613281
-1073.6632080078125 -487.701171875
-1075.6572265625 -485.701171875
-1077.6553955078125 -487.6993103027344
-1079.654541015625 -485.6993103027344
-1081.6507568359375 -487.69622802734375
-1083.6175537109375 -485.69622802734375
-1085.3304443359375 -486.2185363769531
-1084.610595703125 -485.64398193359375
-1085.931640625 -484.72113037109375
-1086.7005615234375 -482.8232116699219
-1087.073486328125 -480.8249206542969
-1089.048828125 -478.8249206542969
-1090.9674072265625 -480.8243103027344
-1092.9515380859375 -478.8243103027344
-1094.5716552734375 -480.8238525390625
-1096.556396484375 -478.8238830566406
-1098.5135498046875 -480.8238220214844
-1100.4840087890625 -478.8238220214844
-1102.431884765625 -476.8238220214844
-1104.1744384765625 -478.819091796875
-1106.1717529296875 -476.819091796875
-1108.1419677734375 -478.8180236816406
-1110.0892333984375 -480.8175048828125
-1110.9801025390625 -478.8219909667969
-1112.8848876953125 -480.8215026855469
-1114.8104248046875 -478.821533203125
-1114.3607177734375 -480.8213195800781
-1116.354248046875 -478.8214416503906
-1118.0623779296875 -480.8211975097656
-1120.055419921875 -478.82122802734375
-1122.0152587890625 -480.8208312988281
-1123.9713134765625 -478.82086181640625
-1125.70556640625 -480.8185119628906
-1127.656982421875 -478.81854248046875
-1129.33251953125 -480.8181457519531
-1131.3280029296875 -478.8181457519531
-1133.1273193359375 -480.8099060058594
-1135.0928955078125 -478.8099670410156
-1137.0518798828125 -476.81011962890625
-1138.792236328125 -478.8099365234375
-1140.7811279296875 -476.8099670410156
-1142.648681640625 -478.5436096191406
-1144.64794921875 -476.54376220703125
-1146.581787109375 -478.54205322265625
-1148.58154296875 -476.54217529296875
-1150.5101318359375 -478.4964294433594
-1152.5086669921875 -476.4966125488281
-1153.152587890625 -478.49554443359375
-1155.0460205078125 -480.48028564453125
-1157.0457763671875 -478.48028564453125
-1158.885498046875 -480.3897705078125
-1160.8160400390625 -481.9984436035156
-1162.738525390625 -483.4648742675781
-1164.7037353515625 -484.26605224609375
-1166.6973876953125 -482.83758544921875
-1168.5888671875 -483.9729309082031
-1170.5799560546875 -485.0640869140625
-1172.48388671875 -484.77325439453125
