-982.37255859375 -395.04937744140625
-984.3699951171875 -397.0384521484375
-986.3538208007812 -395.0400390625
-988.322265625 -396.7361145019531
-990.3072509765625 -394.7361145019531
-992.3070068359375 -396.4320068359375
-994.2280883789062 -394.43218994140625
-996.22509765625 -396.05316162109375
-998.2138061523438 -394.0534362792969
-1000.2134399414062 -395.4082336425781
-1002.2074584960938 -393.4082946777344
-1004.1976928710938 -393.3487243652344
-1006.1964111328125 -395.29931640625
-1008.1488647460938 -393.3016052246094
-1010.1256103515625 -395.28778076171875
-1012.1068725585938 -393.2884216308594
-1014.1065063476562 -394.9907531738281
-1016.1001586914062 -392.9929504394531
-1018.0908203125 -394.9601745605469
-1020.0904541015625 -396.8124084472656
-1022.0863037109375 -394.82666015625
-1024.0504150390625 -395.9526672363281
-1026.04638671875 -393.9547424316406
-1028.0308837890625 -395.8963928222656
-1030.0299072265625 -393.8974914550781
-1032.0294189453125 -395.1166076660156
-1034.0291748046875 -393.1175537109375
-1036.02734375 -394.9060363769531
-1038.021484375 -392.9065856933594
-1040.0167236328125 -394.89202880859375
-1042.008544921875 -392.89239501953125
-1044.0040283203125 -394.80712890625
-1045.997314453125 -392.8071594238281
-1047.984619140625 -394.78887939453125
-1049.9622802734375 -396.1319274902344
-1051.8948974609375 -394.1319885253906
-1053.8822021484375 -396.1264343261719
-1055.8746337890625 -394.12652587890625
-1057.8687744140625 -396.03173828125
-1059.8603515625 -394.0320739746094
-1061.803955078125 -396.006591796875
-1062.864501953125 -396.347900390625
-1063.343017578125 -396.0895080566406
-1064.73974609375 -396.5989685058594
-1063.517578125 -396.1957092285156
-1063.1282958984375 -395.3480529785156
-1064.584228515625 -393.60076904296875
-1066.5770263671875 -391.6016845703125
-1068.564697265625 -393.6005554199219
-1070.5423583984375 -391.60076904296875
-1072.535400390625 -389.6015319824219
-1073.5908203125 -391.58856201171875
-1074.1422119140625 -393.5856018066406
-1076.0426025390625 -391.5862121582031
-1077.810546875 -393.5782470703125
-1079.787841796875 -391.5881652832031
-1081.7791748046875 -393.5612487792969
-1083.750732421875 -395.50091552734375
-1085.7340087890625 -393.5013122558594
-1087.6866455078125 -395.4711608886719
-1089.682373046875 -393.474853515625
-1091.68017578125 -395.44830322265625
-1093.6654052734375 -393.753173828125
-1095.5692138671875 -395.74761962890625
-1097.5673828125 -393.7521667480469
-1099.566650390625 -395.7346496582031
-1101.56201171875 -397.72564697265625
-1103.5618896484375 -398.62371826171875
-1105.5615234375 -400.48602294921875
-1107.546630859375 -398.60308837890625
-1109.5396728515625 -399.2457275390625
-1109.4034423828125 -401.2373352050781
-1107.4884033203125 -403.1285095214844
-1109.4866943359375 -403.6921081542969
-1111.486083984375 -404.02105712890625
-1110.921630859375 -405.8209533691406
-1110.836181640625 -407.48468017578125
-1108.911376953125 -409.21160888671875
-1110.8839111328125 -411.184814453125
-1112.3709716796875 -413.0047607421875
-1110.813720703125 -414.90191650390625
-1112.544189453125 -416.7747802734375
-1111.6636962890625 -418.6938781738281
-1112.363037109375 -420.66302490234375
-1112.38427734375 -421.69586181640625
-1110.9320068359375 -423.647216796875
-1111.6380615234375 -425.423095703125
-1110.6905517578125 -426.8287658691406
-1109.298583984375 -428.81231689453125
-1111.294189453125 -428.18975830078125
-1111.5289306640625 -429.6483459472656
-1113.02490234375 -431.632080078125
-1115.0240478515625 -429.63629150390625
-1113.092041015625 -431.58642578125
-1113.76025390625 -433.58349609375
-1115.760009765625 -431.5881042480469
-1116.814453125 -433.5310974121094
-1118.7982177734375 -431.53887939453125
-1118.5740966796875 -433.53802490234375
-1119.6895751953125 -435.53228759765625
-1121.67529296875 -433.5374450683594
-1123.6375732421875 -435.537353515625
-1125.635986328125 -433.5385437011719
-1127.459716796875 -435.5384826660156
-1129.4586181640625 -433.5434875488281
-1131.4532470703125 -435.5416259765625
-1133.4525146484375 -433.5464782714844
-1135.3115234375 -435.5455017089844
-1137.306396484375 -433.5803527832031
-1139.3035888671875 -435.57733154296875
-1141.3028564453125 -433.60357666015625
-1139.3070068359375 -435.5894775390625
-1141.293701171875 -433.61236572265625
-1139.351806640625 -435.5947265625
-1141.253662109375 -433.71710205078125
-1141.420654296875 -432.1532287597656
-1139.431640625 -433.8946228027344
-1137.7412109375 -435.7748107910156
-1139.7406005859375 -434.0125427246094
-1139.529296875 -433.859130859375
-1139.018310546875 -434.647705078125
-1141.00634765625 -432.7048034667969
-1139.0230712890625 -434.6563415527344
-1141.018798828125 -432.666748046875
-1139.050537109375 -434.64404296875
-1141.0428466796875 -432.6620788574219
-1139.0794677734375 -433.74298095703125
-1141.0594482421875 -435.615234375
-1139.15478515625 -437.54022216796875
-1141.15234375 -436.7228088378906
-1139.3299560546875 -438.6451721191406
-1141.329345703125 -440.18798828125
-1139.4002685546875 -441.7140808105469
-1141.39990234375 -443.693603515625
-1143.3985595703125 -445.4259338378906
-1141.501708984375 -447.31878662109375
-1143.4998779296875 -449.1896057128906
-1145.4945068359375 -447.4826354980469
-1146.42578125 -449.4822998046875
-1148.41650390625 -447.4832458496094
-1150.3582763671875 -449.47955322265625
-1152.06640625 -447.49615478515625
-1152.7174072265625 -449.4958190917969
-1154.7064208984375 -447.49774169921875
-1154.019775390625 -449.4967346191406
-1155.8509521484375 -447.5018310546875
-1156.665283203125 -449.4996032714844
-1158.5889892578125 -447.53924560546875
-1159.1434326171875 -449.5389099121094
-1160.9427490234375 -447.54833984375
-1162.405517578125 -449.5482482910156
-1164.3558349609375 -447.56298828125
-1165.190185546875 -449.560791015625
