-982.2636108398438 -395.0498352050781
-984.2627563476562 -397.0498046875
-986.2546997070312 -395.0499267578125
-988.2542724609375 -397.0401611328125
-990.2520751953125 -395.0402526855469
-992.2520751953125 -397.04010009765625
-994.2498168945312 -395.04241943359375
-996.249755859375 -397.0340881347656
-998.2473754882812 -395.03558349609375
-1000.2469482421875 -397.0336608886719
-1002.2152099609375 -395.03375244140625
-1004.2151489257812 -393.0350646972656
-1006.2146606445312 -395.0321960449219
-1008.212890625 -393.0336608886719
-1010.2127075195312 -395.029296875
-1012.211181640625 -393.0293884277344
-1014.211181640625 -395.0275573730469
-1016.2106323242188 -393.02789306640625
-1018.2105712890625 -395.0272521972656
-1020.2105712890625 -397.0001525878906
-1022.2105102539062 -395.4711608886719
-1024.208251953125 -393.4712219238281
-1026.208251953125 -395.46990966796875
-1028.20361328125 -393.4699401855469
-1030.2034912109375 -395.4450378417969
-1032.20263671875 -393.4452209472656
-1034.2025146484375 -395.4417419433594
-1036.1893310546875 -393.44244384765625
-1038.189208984375 -395.4387512207031
-1040.188232421875 -393.43878173828125
-1042.1881103515625 -395.4347839355469
-1044.18798828125 -393.4364013671875
-1046.1878662109375 -395.43408203125
-1048.1873779296875 -393.435546875
-1050.1868896484375 -395.2330627441406
-1052.1856689453125 -393.23394775390625
-1054.185302734375 -395.2205505371094
-1056.1748046875 -393.2206115722656
-1058.1746826171875 -395.1353759765625
-1060.1746826171875 -393.1441955566406
-1062.1746826171875 -395.049072265625
-1064.1728515625 -396.29217529296875
-1062.30615234375 -395.1750793457031
-1064.3060302734375 -396.9552917480469
-1064.4090576171875 -396.2417907714844
-1062.4415283203125 -395.5672302246094
-1063.6881103515625 -393.9461669921875
-1065.6881103515625 -394.9970397949219
-1065.2235107421875 -393.00360107421875
-1067.223388671875 -394.9976501464844
-1065.5531005859375 -393.0796203613281
-1067.546142578125 -391.0962829589844
-1069.5460205078125 -393.0895690917969
-1071.5335693359375 -391.0906982421875
-1073.527099609375 -392.94830322265625
-1075.5233154296875 -390.9484558105469
-1077.5228271484375 -392.941162109375
-1079.522705078125 -394.9348449707031
-1081.522705078125 -394.35784912109375
-1083.5223388671875 -396.29949951171875
-1084.8431396484375 -394.3005065917969
-1086.842041015625 -396.26239013671875
-1088.8408203125 -394.2624206542969
-1090.8406982421875 -396.23736572265625
-1092.8397216796875 -394.24371337890625
-1094.839599609375 -395.9415283203125
-1096.7568359375 -393.9448547363281
-1098.7562255859375 -395.939453125
-1100.7559814453125 -393.942138671875
-1102.7557373046875 -395.93426513671875
-1104.7557373046875 -397.891357421875
-1106.755615234375 -396.7366943359375
-1108.755615234375 -398.0361633300781
-1107.6689453125 -398.42938232421875
-1109.6689453125 -397.19830322265625
-1109.2625732421875 -399.0416259765625
-1109.293701171875 -400.10382080078125
-1109.7816162109375 -401.4671325683594
-1111.228759765625 -403.10675048828125
-1110.9884033203125 -404.0650329589844
-1110.8226318359375 -405.25927734375
-1112.736083984375 -407.1781005859375
-1113.90234375 -408.1268310546875
-1113.887939453125 -409.5993957519531
-1114.0889892578125 -411.48138427734375
-1112.652099609375 -413.2207946777344
-1114.34033203125 -414.4027099609375
-1113.4508056640625 -415.66595458984375
-1112.113037109375 -417.2962951660156
-1113.14208984375 -418.9803161621094
-1115.0079345703125 -420.525634765625
-1116.4869384765625 -422.23736572265625
-1114.5064697265625 -423.559814453125
-1113.441162109375 -425.5126647949219
-1112.8568115234375 -423.88140869140625
-1114.072265625 -425.113037109375
-1112.09619140625 -426.7926940917969
-1113.11865234375 -426.80206298828125
-1111.255126953125 -427.72943115234375
-1113.1357421875 -428.3788757324219
-1111.8948974609375 -429.0136413574219
-1113.855712890625 -430.9281005859375
-1115.727294921875 -432.8511657714844
-1117.7119140625 -430.8555603027344
-1117.3990478515625 -432.8551330566406
-1119.39892578125 -434.83587646484375
-1121.3951416015625 -432.85076904296875
-1123.3948974609375 -434.8465270996094
-1125.3935546875 -436.8035583496094
-1127.3831787109375 -434.8038024902344
-1129.3187255859375 -436.77020263671875
-1131.3115234375 -434.825927734375
-1133.31103515625 -436.7554931640625
-1135.3084716796875 -434.75701904296875
-1137.3026123046875 -432.7622985839844
-1139.2244873046875 -434.689697265625
-1141.2100830078125 -432.7615966796875
-1140.0799560546875 -433.1817321777344
-1141.48583984375 -434.61761474609375
-1140.2645263671875 -433.4918212890625
-1138.7301025390625 -431.5496826171875
-1140.7298583984375 -433.51324462890625
-1140.176513671875 -432.31060791015625
-1138.8780517578125 -434.00994873046875
-1140.87744140625 -432.0421142578125
-1140.86279296875 -431.5687255859375
-1138.9205322265625 -432.91546630859375
-1140.9205322265625 -434.81549072265625
-1139.833251953125 -433.2615661621094
-1139.20556640625 -431.6529846191406
-1141.2054443359375 -433.35418701171875
-1142.4046630859375 -434.771484375
-1141.5538330078125 -434.07818603515625
-1140.401611328125 -434.2817077636719
-1139.2630615234375 -433.1769714355469
-1141.2628173828125 -435.06390380859375
-1139.3809814453125 -435.58465576171875
-1141.379638671875 -433.6595458984375
-1140.358642578125 -435.55963134765625
-1141.865234375 -437.00830078125
-1140.8468017578125 -437.0843811035156
-1141.8397216796875 -437.6019287109375
-1140.656005859375 -439.4574279785156
-1142.6556396484375 -439.2326965332031
-1140.834716796875 -440.1947021484375
-1142.834716796875 -439.583740234375
-1142.2081298828125 -441.4342956542969
-1143.663330078125 -443.3974304199219
-1142.5216064453125 -442.6359558105469
-1144.491943359375 -444.23785400390625
-1142.89453125 -445.9135437011719
-1143.77978515625 -447.7635192871094
-1145.76171875 -449.75048828125
-1147.760498046875 -447.76373291015625
-1149.7581787109375 -449.7607116699219
-1151.6143798828125 -447.8050537109375
-1153.59619140625 -449.7788391113281
-1155.590576171875 -447.78363037109375
-1157.5723876953125 -449.7781982421875
-1159.5477294921875 -447.8564758300781
-1161.520751953125 -449.8556213378906
-1163.510498046875 -447.86395263671875
-1165.498046875 -449.8625183105469
