-982.3703002929688 -395.37884521484375
-984.369384765625 -397.3787536621094
-986.355224609375 -397.4217224121094
-988.3450927734375 -395.49169921875
-990.340576171875 -397.4914855957031
-992.3135375976562 -395.504150390625
-994.313232421875 -393.5129699707031
-996.2911987304688 -395.51287841796875
-998.291015625 -393.642333984375
-1000.27734375 -395.6415710449219
-1002.2631225585938 -393.74560546875
-1004.2504272460938 -395.74481201171875
-1006.2420043945312 -393.8172912597656
-1008.2416381835938 -395.816162109375
-1010.2398681640625 -393.8475646972656
-1012.23876953125 -395.8468933105469
-1014.1921997070312 -393.8475646972656
-1016.1903686523438 -395.84490966796875
-1018.1896362304688 -393.8934631347656
-1019.7804565429688 -395.89190673828125
-1021.761474609375 -394.0373840332031
-1023.7520751953125 -396.0352478027344
-1025.4073486328125 -394.6075744628906
-1027.4063720703125 -393.4423522949219
-1029.253173828125 -395.4401550292969
-1031.2098388671875 -393.7652282714844
-1033.2080078125 -395.7640686035156
-1035.176025390625 -394.02069091796875
-1037.1627197265625 -396.01947021484375
-1039.1480712890625 -394.02789306640625
-1041.137939453125 -396.0201416015625
-1043.129638671875 -394.0223388671875
-1045.1224365234375 -396.0198059082031
-1047.1031494140625 -394.0729064941406
-1049.0968017578125 -396.0198059082031
-1050.8043212890625 -394.08795166015625
-1052.79736328125 -396.0586853027344
-1054.7039794921875 -394.06121826171875
-1056.6986083984375 -396.0450439453125
-1058.6942138671875 -394.1035461425781
-1060.6837158203125 -396.0762939453125
-1062.6822509765625 -394.2945861816406
-1064.6722412109375 -396.243408203125
-1062.680908203125 -397.80780029296875
-1060.9246826171875 -399.631103515625
-1062.918212890625 -401.05780029296875
-1064.037353515625 -403.0042419433594
-1064.0401611328125 -401.5203857421875
-1063.980712890625 -403.5041809082031
-1062.46142578125 -401.72869873046875
-1064.4505615234375 -403.4662780761719
-1062.5423583984375 -402.36114501953125
-1064.529052734375 -403.7262878417969
-1063.449462890625 -401.737548828125
-1065.2755126953125 -403.6800537109375
-1064.0635986328125 -402.3168640136719
-1065.835205078125 -404.315185546875
-1063.870849609375 -405.06207275390625
-1061.8826904296875 -406.789794921875
-1059.92236328125 -407.824951171875
-1061.885009765625 -409.7937316894531
-1059.936767578125 -410.44781494140625
-1061.9285888671875 -412.42962646484375
-1060.69921875 -414.3994140625
-1062.6435546875 -416.3854675292969
-1061.3267822265625 -418.3843688964844
-1063.32275390625 -420.3658447265625
-1061.3961181640625 -422.026611328125
-1063.394775390625 -423.9678955078125
-1061.5587158203125 -425.9669189453125
-1063.5579833984375 -426.9578552246094
-1061.564453125 -428.8832702636719
-1063.5606689453125 -430.6380920410156
-1061.8287353515625 -432.6085510253906
-1063.82861328125 -434.607177734375
-1063.0220947265625 -436.60595703125
-1061.0718994140625 -438.5489196777344
-1063.0640869140625 -440.5481872558594
-1061.1480712890625 -442.5283508300781
-1063.1441650390625 -444.5271301269531
-1061.2392578125 -446.5204162597656
-1063.229736328125 -448.5189514160156
-1061.2330322265625 -450.504638671875
-1063.2322998046875 -452.50445556640625
-1061.237060546875 -454.4900817871094
-1063.236572265625 -456.4892272949219
-1061.6484375 -455.45367431640625
-1060.5030517578125 -455.94232177734375
-1062.5010986328125 -457.94219970703125
-1060.5028076171875 -459.92767333984375
-1058.5308837890625 -461.9244689941406
-1060.4180908203125 -463.9217834472656
-1058.649169921875 -465.8954772949219
-1060.4970703125 -467.89544677734375
-1058.54345703125 -469.8943786621094
-1060.424560546875 -471.8941650390625
-1058.4356689453125 -473.8941650390625
-1060.3995361328125 -475.8941650390625
-1061.957275390625 -477.89410400390625
-1063.9273681640625 -479.8940734863281
-1065.9246826171875 -481.893798828125
-1067.92236328125 -483.8904113769531
-1069.92236328125 -485.8521423339844
-1071.921875 -487.8478088378906
-1073.921875 -485.98699951171875
-1075.921875 -484.9170837402344
-1077.921630859375 -486.8349914550781
-1079.9202880859375 -485.2009582519531
-1081.9200439453125 -487.19549560546875
-1083.895751953125 -488.69281005859375
-1083.3115234375 -490.51995849609375
-1085.3114013671875 -488.54302978515625
-1083.8853759765625 -490.2402038574219
-1085.884765625 -488.4496154785156
-1085.211669921875 -490.2077941894531
-1086.2318115234375 -492.1412658691406
-1088.231201171875 -490.2958679199219
-1087.152099609375 -492.28106689453125
-1089.1275634765625 -490.3257751464844
-1087.1798095703125 -492.325439453125
-1089.1783447265625 -490.3277282714844
-1087.763671875 -492.3270568847656
-1086.986328125 -494.3267822265625
-1088.572265625 -492.62542724609375
-1090.5328369140625 -494.6253662109375
-1092.491455078125 -492.6286926269531
-1093.1107177734375 -494.62860107421875
-1095.0545654296875 -492.6973876953125
-1096.759765625 -494.69732666015625
-1097.9219970703125 -492.7330627441406
-1099.353271484375 -494.7330627441406
-1101.25390625 -492.96875
-1103.1512451171875 -494.96875
-1105.1058349609375 -493.0264587402344
-1107.104248046875 -494.8290100097656
-1109.0123291015625 -493.7438049316406
-1111.0006103515625 -491.9720764160156
-1111.3526611328125 -493.96636962890625
-1113.2952880859375 -492.60296630859375
-1112.0281982421875 -494.5992431640625
-1113.4996337890625 -492.7677307128906
-1115.40966796875 -494.7597351074219
-1116.982666015625 -492.90667724609375
-1118.9117431640625 -494.90203857421875
-1120.510986328125 -492.922119140625
-1121.331298828125 -494.9109802246094
-1119.9703369140625 -494.0116882324219
-1121.9365234375 -492.04931640625
-1123.5960693359375 -494.04901123046875
-1125.4720458984375 -492.05291748046875
-1126.6893310546875 -494.05108642578125
-1128.665283203125 -492.15802001953125
-1130.529296875 -494.14569091796875
-1132.517578125 -492.2136535644531
-1131.19287109375 -494.210693359375
-1132.9306640625 -492.21307373046875
-1134.61376953125 -494.21148681640625
-1136.5941162109375 -492.48828125
-1138.5252685546875 -494.4830017089844
-1140.518310546875 -492.5033264160156
-1142.291259765625 -494.44561767578125
-1144.237060546875 -492.4861145019531
-1146.0584716796875 -494.4129943847656
-1148.01806640625 -492.4502258300781
-1147.868896484375 -494.2303161621094
-1149.866455078125 -492.30133056640625
-1151.841796875 -494.0622863769531
-1153.7286376953125 -492.3838195800781
-1155.70166015625 -492.686767578125
-1157.7001953125 -490.72735595703125
-1159.5390625 -488.9769592285156
-1161.4764404296875 -486.9798889160156
-1163.4591064453125 -485.0494079589844
-1165.4481201171875 -483.3748474121094
-1166.399658203125 -481.9766540527344
-1168.0689697265625 -481.26611328125
