-982.3738403320312 -395.08404541015625
-984.363525390625 -397.0840148925781
-986.3626098632812 -395.2225036621094
-987.84765625 -397.222412109375
-989.8475952148438 -395.81475830078125
-991.83642578125 -393.8470153808594
-993.8141479492188 -395.8469543457031
-995.8138427734375 -393.96209716796875
-997.1312866210938 -395.9615783691406
-999.1309814453125 -394.0084533691406
-1001.0961303710938 -396.0075378417969
-1002.9462280273438 -394.0498046875
-1003.6670532226562 -396.0496826171875
-1005.6600952148438 -394.1433410644531
-1007.5957641601562 -396.1428527832031
-1009.5942993164062 -394.1726379394531
-1011.5545654296875 -396.17254638671875
-1013.5528564453125 -394.7323913574219
-1015.5416870117188 -393.34991455078125
-1017.5029296875 -395.349853515625
-1019.4911499023438 -394.2438049316406
-1020.9788208007812 -396.2434387207031
-1019.250244140625 -394.9576721191406
-1021.0865478515625 -396.9576110839844
-1019.1044921875 -397.7737731933594
-1021.1044311523438 -399.07061767578125
-1019.108154296875 -399.1863708496094
-1021.108154296875 -401.06109619140625
-1019.1133422851562 -403.0516052246094
-1021.1133422851562 -404.85723876953125
-1019.1200561523438 -406.8505554199219
-1021.1200561523438 -408.8481750488281
-1019.1283569335938 -410.8165283203125
-1021.1282958984375 -412.8139343261719
-1019.1324462890625 -414.80364990234375
-1021.1323852539062 -416.8030090332031
-1019.1590576171875 -418.79193115234375
-1021.1590576171875 -420.791259765625
-1019.1597900390625 -422.7904052734375
-1021.1597900390625 -424.7885437011719
-1019.1962280273438 -426.78594970703125
-1021.1962280273438 -428.7855224609375
-1019.1981201171875 -430.6184387207031
-1021.1981201171875 -432.5811767578125
-1019.2578735351562 -434.57940673828125
-1021.2578735351562 -436.5771179199219
-1020.1436157226562 -438.55230712890625
-1022.1436157226562 -440.5504150390625
-1020.146484375 -442.5469970703125
-1022.146484375 -444.5462341308594
-1020.193115234375 -446.5422058105469
-1022.193115234375 -448.540283203125
-1024.080810546875 -450.5401306152344
-1023.4923095703125 -452.5380859375
-1022.4586181640625 -454.53778076171875
-1020.5850219726562 -456.53729248046875
-1022.5850219726562 -458.52880859375
-1021.0115356445312 -460.51605224609375
-1023.0115356445312 -462.515625
-1021.1279296875 -464.50830078125
-1023.1279296875 -466.505615234375
-1021.2113037109375 -468.4962158203125
-1023.2113037109375 -470.4828796386719
-1022.8500366210938 -472.4693298339844
-1024.7137451171875 -474.4669494628906
-1026.71240234375 -476.4668884277344
-1028.7103271484375 -478.46685791015625
-1030.710205078125 -480.4667663574219
-1032.7100830078125 -482.4663391113281
-1034.708740234375 -484.4586486816406
-1036.70849609375 -486.4236755371094
-1038.70849609375 -484.8235778808594
-1040.70751953125 -486.6802978515625
-1042.707275390625 -484.79986572265625
-1044.706787109375 -486.6892395019531
-1046.706787109375 -485.12835693359375
-1048.70654296875 -487.1034240722656
-1050.7064208984375 -485.1861572265625
-1052.7064208984375 -487.17718505859375
-1054.7061767578125 -485.4169006347656
-1056.7056884765625 -487.3890075683594
-1058.7056884765625 -485.7010192871094
-1060.7054443359375 -487.6941223144531
-1062.705322265625 -486.26824951171875
-1064.7001953125 -488.24908447265625
-1066.6995849609375 -486.262451171875
-1068.6995849609375 -484.35009765625
-1070.69921875 -486.3476867675781
-1072.6990966796875 -484.37054443359375
-1074.6988525390625 -486.3621520996094
-1076.69873046875 -484.51776123046875
-1078.69775390625 -486.48150634765625
-1080.6976318359375 -484.4945983886719
-1082.697265625 -486.4910888671875
-1081.091796875 -488.4852600097656
-1083.0897216796875 -486.5405578613281
-1084.0784912109375 -488.4857482910156
-1082.5966796875 -490.4838562011719
-1084.5966796875 -488.5155334472656
-1083.656982421875 -490.5083923339844
-1085.6556396484375 -488.51800537109375
-1084.01171875 -490.5144958496094
-1086.0091552734375 -488.5212097167969
-1084.0716552734375 -490.4505920410156
-1086.07080078125 -488.53997802734375
-1084.2767333984375 -490.5082092285156
-1086.2747802734375 -488.54290771484375
-1085.6568603515625 -490.4247131347656
-1084.611572265625 -492.422119140625
-1086.61083984375 -490.4346618652344
-1086.3546142578125 -492.43280029296875
-1088.35205078125 -490.5157775878906
-1089.379638671875 -492.515625
-1091.379150390625 -494.515625
-1093.3712158203125 -492.5335998535156
-1095.3707275390625 -494.5335998535156
-1097.3701171875 -493.3660583496094
-1099.3692626953125 -495.3657531738281
-1101.3682861328125 -493.477294921875
-1103.3677978515625 -495.4767761230469
-1105.3572998046875 -493.5135498046875
-1107.3546142578125 -491.6649169921875
-1109.3546142578125 -493.237060546875
-1111.33837890625 -491.25115966796875
-1113.016357421875 -493.2502746582031
-1114.9610595703125 -491.2609558105469
-1116.9573974609375 -493.2609558105469
-1118.9522705078125 -495.2608337402344
-1120.938232421875 -493.5008239746094
-1122.9302978515625 -491.54779052734375
-1124.9248046875 -493.54779052734375
-1126.83544921875 -491.6091613769531
-1128.8330078125 -493.6090087890625
-1130.829345703125 -491.7000427246094
-1132.8291015625 -493.69915771484375
-1134.7958984375 -491.7425231933594
-1136.66015625 -493.74249267578125
-1138.461669921875 -492.0503845214844
-1140.4599609375 -494.05029296875
-1142.393798828125 -492.0635986328125
-1144.35009765625 -494.0635681152344
-1146.1971435546875 -492.0959167480469
-1148.1273193359375 -494.0959167480469
-1150.0811767578125 -492.139404296875
-1151.956787109375 -494.13934326171875
-1153.9522705078125 -492.3082580566406
-1155.9522705078125 -494.08355712890625
-1157.9512939453125 -492.1331787109375
-1159.950439453125 -492.3268737792969
-1161.596435546875 -490.4012451171875
-1162.90087890625 -488.4802551269531
-1164.54296875 -486.6917419433594
-1166.1571044921875 -484.7123107910156
-1168.0068359375 -486.7101745605469
-1169.7955322265625 -484.7403564453125
-1171.311767578125 -486.7399597167969
-1172.508544921875 -484.7414245605469
