-982.2235107421875 -395.3484802246094
-984.1581420898438 -397.3480529785156
-985.9971923828125 -397.2984924316406
-986.7186889648438 -395.5489501953125
-986.55078125 -397.54052734375
-987.7200317382812 -396.9635314941406
-988.489501953125 -395.7283935546875
-989.6032104492188 -397.6796875
-991.5133056640625 -395.89447021484375
-993.4098510742188 -394.5174255371094
-992.7109375 -396.5146484375
-991.8760986328125 -395.05126953125
-993.7925415039062 -396.97711181640625
-994.83642578125 -395.531494140625
-996.344482421875 -394.30462646484375
-996.6319580078125 -396.30218505859375
-998.5447387695312 -395.3074951171875
-1000.5159301757812 -393.4671630859375
-1002.1377563476562 -395.46337890625
-1003.4602661132812 -394.02362060546875
-1005.1787719726562 -395.9852600097656
-1005.9034423828125 -394.0403747558594
-1005.14306640625 -396.03729248046875
-1006.950927734375 -394.18621826171875
-1006.0084228515625 -396.18304443359375
-1007.928466796875 -395.83209228515625
-1009.7059326171875 -395.11065673828125
-1011.6765747070312 -393.4435119628906
-1009.9183959960938 -395.44281005859375
-1011.0800170898438 -395.5223693847656
-1011.6919555664062 -393.5858459472656
-1013.297607421875 -395.5643310546875
-1013.5914916992188 -395.3597106933594
-1015.1331176757812 -393.4673156738281
-1016.407958984375 -395.4427795410156
-1018.337646484375 -394.52960205078125
-1016.5584106445312 -396.5285339355469
-1018.543701171875 -397.1608581542969
-1020.5178833007812 -396.2749328613281
-1022.4694213867188 -397.4343566894531
-1022.6712036132812 -398.6387939453125
-1021.1089477539062 -398.78399658203125
-1020.2317504882812 -400.5483093261719
-1022.21337890625 -402.28802490234375
-1020.250244140625 -404.28668212890625
-1021.5122680664062 -405.5380554199219
-1019.51708984375 -407.5029296875
-1021.484130859375 -409.5025634765625
-1020.5718994140625 -411.4782409667969
-1018.662109375 -413.4126281738281
-1020.6065673828125 -415.25848388671875
-1018.689453125 -417.2414855957031
-1020.6724853515625 -419.19195556640625
-1018.6779174804688 -421.1542053222656
-1020.6707153320312 -422.949462890625
-1022.6683349609375 -424.9226379394531
-1020.893798828125 -426.9212646484375
-1020.59130859375 -428.882080078125
-1022.5067749023438 -430.8396911621094
-1021.0414428710938 -432.7882385253906
-1019.65380859375 -434.7719421386719
-1021.5384521484375 -435.9044494628906
-1019.544921875 -437.8940734863281
-1021.2125244140625 -439.7469177246094
-1020.5302124023438 -441.74658203125
-1022.22265625 -441.3824462890625
-1020.3790283203125 -443.3533630371094
-1022.1773681640625 -443.8282470703125
-1020.1956176757812 -445.77288818359375
-1022.19482421875 -447.6515197753906
-1020.6426391601562 -449.5164794921875
-1022.626953125 -447.73028564453125
-1020.9945068359375 -449.7193603515625
-1022.9932250976562 -447.7958679199219
-1021.8508911132812 -449.7957458496094
-1021.2444458007812 -451.7956237792969
-1023.1362915039062 -450.25482177734375
-1021.52490234375 -452.2512512207031
-1023.4468994140625 -452.253173828125
-1021.4998168945312 -454.24505615234375
-1023.3786010742188 -454.7839050292969
-1021.4481811523438 -456.7769775390625
-1023.4476928710938 -455.2020263671875
-1021.5678100585938 -457.1904296875
-1023.5616455078125 -456.4312744140625
-1021.5827026367188 -458.11962890625
-1023.5188598632812 -459.63690185546875
-1021.5341186523438 -461.6186218261719
-1023.5320434570312 -459.8122863769531
-1021.80419921875 -461.7660217285156
-1020.0368041992188 -463.70745849609375
-1021.8243408203125 -465.50640869140625
-1023.809326171875 -466.17266845703125
-1023.0059814453125 -468.1534118652344
-1021.3176879882812 -470.1512451171875
-1023.2615966796875 -469.59173583984375
-1021.4010620117188 -471.56201171875
-1023.3538818359375 -473.3534851074219
-1025.203125 -475.3136901855469
-1027.0943603515625 -477.31280517578125
-1028.69677734375 -479.3111877441406
-1027.8214111328125 -481.2615661621094
-1029.816650390625 -483.24481201171875
-1031.6036376953125 -485.2339172363281
-1033.568603515625 -486.88934326171875
-1035.5667724609375 -484.88958740234375
-1037.2757568359375 -486.8064270019531
-1039.2745361328125 -484.8078308105469
-1041.0238037109375 -486.767822265625
-1043.0233154296875 -484.76824951171875
-1045.0078125 -486.7643127441406
-1047.0069580078125 -484.7648620605469
-1048.998291015625 -486.2104187011719
-1050.99755859375 -484.2104797363281
-1052.745361328125 -486.01776123046875
-1054.7442626953125 -484.0177917480469
-1056.71533203125 -485.9637145996094
-1058.715087890625 -487.6374816894531
-1060.7119140625 -485.64141845703125
-1062.663330078125 -487.62261962890625
-1064.6578369140625 -485.62432861328125
-1066.3463134765625 -486.1955261230469
-1068.337646484375 -486.3630676269531
-1070.334716796875 -484.3631591796875
-1072.170166015625 -484.42474365234375
-1072.9879150390625 -486.3982849121094
-1074.9874267578125 -484.40057373046875
-1076.94482421875 -486.097900390625
-1078.936767578125 -484.1014709472656
-1079.640625 -485.998291015625
-1081.6405029296875 -484.01092529296875
-1083.593017578125 -485.52166748046875
-1083.1275634765625 -483.6066589355469
-1084.9388427734375 -481.60980224609375
-1086.8856201171875 -479.6108703613281
-1088.2578125 -481.46282958984375
-1090.253173828125 -479.4647216796875
-1092.2523193359375 -477.4654846191406
-1094.2159423828125 -479.38836669921875
-1096.205078125 -477.3886413574219
-1097.327880859375 -479.31671142578125
-1099.3194580078125 -477.3189697265625
-1101.2623291015625 -479.2515869140625
-1103.2598876953125 -477.2610168457031
-1105.1688232421875 -478.9771728515625
-1107.140380859375 -476.9853820800781
-1105.3284912109375 -478.6413879394531
-1107.3226318359375 -476.64154052734375
-1106.827880859375 -478.10748291015625
-1106.921142578125 -477.6041259765625
-1108.3988037109375 -479.54095458984375
-1110.0751953125 -481.50408935546875
-1111.826904296875 -479.52099609375
-1111.9652099609375 -480.3570861816406
-1113.89013671875 -478.36175537109375
-1115.85009765625 -480.3062744140625
-1117.8375244140625 -478.3064880371094
-1119.3572998046875 -480.3006591796875
-1120.89404296875 -478.3046569824219
-1121.2108154296875 -479.7002868652344
-1123.1453857421875 -477.70782470703125
-1124.64697265625 -479.5126647949219
-1126.6168212890625 -477.5699462890625
-1125.00732421875 -479.49273681640625
-1126.7381591796875 -477.49359130859375
-1128.65771484375 -479.4169006347656
-1130.2044677734375 -477.420654296875
-1130.1624755859375 -479.3301696777344
-1130.6353759765625 -481.3266906738281
-1132.4840087890625 -480.04345703125
-1132.552734375 -478.0443420410156
-1133.568115234375 -479.80999755859375
-1135.4718017578125 -477.8246765136719
-1136.864501953125 -479.44818115234375
-1137.718017578125 -477.4611511230469
-1138.7958984375 -479.36651611328125
-1140.7628173828125 -477.3685302734375
-1142.6881103515625 -478.1404113769531
-1144.0240478515625 -476.14117431640625
-1142.942626953125 -478.0608825683594
-1144.9359130859375 -476.063232421875
-1146.224609375 -476.19952392578125
-1144.4720458984375 -478.0461120605469
-1146.4661865234375 -476.05316162109375
-1145.20654296875 -476.76519775390625
-1144.4837646484375 -478.6038818359375
-1146.3681640625 -476.6256408691406
-1147.5198974609375 -478.5921936035156
-1149.193359375 -476.61187744140625
-1149.97119140625 -478.527587890625
-1151.242431640625 -476.53558349609375
-1153.200927734375 -478.53192138671875
-1154.8170166015625 -480.4778747558594
-1156.765625 -479.1199645996094
-1158.5631103515625 -481.1094055175781
-1160.396728515625 -482.8289794921875
-1162.3114013671875 -484.8284912109375
-1164.247802734375 -483.1593933105469
-1166.091552734375 -484.99139404296875
-1168.0699462890625 -486.9612731933594
-1170.069091796875 -485.5095520019531
-1171.8704833984375 -487.2691650390625
-1173.8643798828125 -485.29876708984375
