-982.1753540039062 -395.1201171875
-984.1692504882812 -397.0594177246094
-986.1234741210938 -395.1993408203125
-988.112060546875 -397.18316650390625
-989.9865112304688 -395.24444580078125
-991.9837646484375 -397.23388671875
-992.2250366210938 -395.2890319824219
-993.2350463867188 -393.4281005859375
-994.9022216796875 -395.39154052734375
-996.9011840820312 -393.4309997558594
-998.8954467773438 -395.417724609375
-1000.8778686523438 -393.5072326660156
-1002.8654174804688 -395.5018310546875
-1004.8335571289062 -393.5226135253906
-1006.4014282226562 -395.5168151855469
-1008.3714599609375 -393.59417724609375
-1010.3568115234375 -395.5881042480469
-1012.3544921875 -393.6557312011719
-1014.243896484375 -395.64715576171875
-1016.092529296875 -393.67596435546875
-1017.6002197265625 -395.6749572753906
-1019.5877075195312 -393.7140808105469
-1021.5859985351562 -395.6976013183594
-1023.5654296875 -393.70233154296875
-1025.5650634765625 -395.70184326171875
-1027.4295654296875 -393.71173095703125
-1029.3001708984375 -395.7110595703125
-1031.2940673828125 -393.7127685546875
-1033.262451171875 -395.710693359375
-1034.6552734375 -393.7110290527344
-1036.653076171875 -395.6996765136719
-1038.624755859375 -393.7151794433594
-1040.5819091796875 -395.6593017578125
-1042.3626708984375 -393.7261962890625
-1044.36083984375 -395.7247619628906
-1046.360107421875 -393.83740234375
-1048.3590087890625 -395.8269348144531
-1050.3544921875 -393.8287048339844
-1052.3519287109375 -395.8276672363281
-1054.3485107421875 -394.1051330566406
-1056.3446044921875 -396.104736328125
-1058.3414306640625 -394.1127624511719
-1060.313232421875 -396.11163330078125
-1062.3131103515625 -394.1934814453125
-1064.3116455078125 -396.18902587890625
-1064.7274169921875 -394.4789733886719
-1062.8587646484375 -392.5072326660156
-1064.7890625 -394.5069274902344
-1062.8939208984375 -392.59454345703125
-1064.887939453125 -394.5857849121094
-1065.4849853515625 -392.5862731933594
-1067.4716796875 -394.5661926269531
-1069.19287109375 -392.5876770019531
-1070.685791015625 -390.6080322265625
-1070.38720703125 -392.6075134277344
-1072.30615234375 -390.6204528808594
-1074.2520751953125 -392.6188659667969
-1076.2467041015625 -390.64215087890625
-1078.244873046875 -392.6207275390625
-1080.2376708984375 -394.5616760253906
-1082.232666015625 -396.4183349609375
-1081.8477783203125 -394.4619140625
-1083.82373046875 -396.4593811035156
-1085.771240234375 -394.46417236328125
-1087.74365234375 -392.5810241699219
-1089.739013671875 -394.5804138183594
-1091.7171630859375 -396.5803527832031
-1093.717041015625 -394.87005615234375
-1095.714111328125 -396.8697204589844
-1097.65185546875 -394.88031005859375
-1099.651611328125 -396.88018798828125
-1101.6514892578125 -394.947265625
-1103.6505126953125 -396.9472351074219
-1105.6470947265625 -398.5384216308594
-1107.646484375 -400.356201171875
-1109.64501953125 -399.1023864746094
-1107.745361328125 -401.09649658203125
-1109.7164306640625 -402.2816162109375
-1110.81103515625 -404.25201416015625
-1110.542236328125 -405.86181640625
-1108.588623046875 -407.6997985839844
-1110.3255615234375 -409.69329833984375
-1112.3212890625 -411.6898193359375
-1110.51904296875 -413.6142883300781
-1112.5086669921875 -415.60308837890625
-1111.3421630859375 -417.26666259765625
-1109.577392578125 -419.2326965332031
-1111.572509765625 -421.2322082519531
-1113.497314453125 -423.17633056640625
-1114.6468505859375 -424.5502014160156
-1112.962646484375 -424.9080810546875
-1111.617431640625 -426.73577880859375
-1112.810791015625 -428.4902648925781
-1111.4927978515625 -430.47747802734375
-1112.950927734375 -432.42352294921875
-1114.9228515625 -430.4326477050781
-1113.305419921875 -432.0191650390625
-1115.116943359375 -430.0502624511719
-1117.060546875 -431.8539123535156
-1119.011962890625 -433.759521484375
-1119.2137451171875 -435.7546691894531
-1121.2080078125 -433.7668762207031
-1123.2064208984375 -435.76300048828125
-1125.18310546875 -433.8086242675781
-1127.11962890625 -435.7776184082031
-1128.7734375 -433.78277587890625
-1130.7724609375 -435.77703857421875
-1132.7193603515625 -433.7921447753906
-1134.6810302734375 -435.7916259765625
-1136.6654052734375 -433.8130187988281
-1138.6646728515625 -435.7753601074219
-1140.6640625 -434.2278137207031
-1140.2210693359375 -432.5509948730469
-1140.16943359375 -432.8532409667969
-1141.5023193359375 -434.1897888183594
-1142.7685546875 -432.67840576171875
-1140.9718017578125 -434.2086181640625
-1139.3175048828125 -433.5089416503906
-1141.306884765625 -435.5084533691406
-1139.319091796875 -434.5481872558594
-1141.3184814453125 -433.5296325683594
-1139.4676513671875 -435.1473388671875
-1141.46728515625 -433.2151794433594
-1140.216064453125 -435.16058349609375
-1138.42626953125 -436.4529113769531
-1140.385986328125 -434.5770263671875
-1139.1707763671875 -433.0650939941406
-1141.169189453125 -435.00567626953125
-1139.6702880859375 -433.56170654296875
-1138.4315185546875 -432.9947509765625
-1140.395263671875 -434.9938049316406
-1138.941162109375 -433.8432922363281
-1140.939208984375 -432.1040344238281
-1139.154541015625 -433.9869384765625
-1141.154296875 -431.9893493652344
-1139.442138671875 -431.42095947265625
-1141.439453125 -433.41949462890625
-1139.47509765625 -434.8643798828125
-1141.4727783203125 -433.14886474609375
-1142.85595703125 -434.6673889160156
-1141.4080810546875 -432.7144775390625
-1141.45458984375 -433.9087829589844
-1140.5301513671875 -432.02947998046875
-1138.895751953125 -433.83319091796875
-1140.8731689453125 -435.8303527832031
-1140.136962890625 -436.74603271484375
-1140.227783203125 -437.248779296875
-1142.221923828125 -435.5162048339844
-1141.3538818359375 -436.4189758300781
-1139.8367919921875 -435.50030517578125
-1138.6866455078125 -436.5010986328125
-1140.68017578125 -434.53302001953125
-1139.1331787109375 -435.2013854980469
-1141.132568359375 -433.30438232421875
-1139.1728515625 -435.0172424316406
-1141.1466064453125 -433.6688537597656
-1139.67041015625 -431.8627014160156
-1141.6697998046875 -433.8437194824219
-1141.3065185546875 -432.1935119628906
-1141.2196044921875 -433.5284118652344
-1141.197021484375 -435.32037353515625
-1139.6654052734375 -437.07403564453125
-1141.6405029296875 -436.1421203613281
-1139.7667236328125 -437.6681213378906
-1141.7645263671875 -436.1906433105469
-1139.78125 -436.2720031738281
-1141.7808837890625 -434.3476867675781
-1140.1474609375 -432.6133728027344
-1138.3465576171875 -434.4173583984375
-1140.3375244140625 -432.4842224121094
-1140.1400146484375 -434.2494812011719
-1138.1959228515625 -434.9101867675781
-1140.19580078125 -432.9724426269531
-1138.4227294921875 -434.36480712890625
-1140.4212646484375 -432.5160217285156
-1138.679443359375 -432.24847412109375
-1140.679443359375 -434.2453918457031
-1138.7392578125 -435.94354248046875
-1140.73583984375 -433.9742126464844
-1141.8056640625 -434.489501953125
-1142.8485107421875 -434.0891418457031
-1141.69482421875 -435.9581604003906
-1139.834228515625 -437.5349426269531
-1141.8231201171875 -436.215576171875
-1140.362060546875 -437.3421325683594
-1141.2230224609375 -439.25299072265625
-1140.0858154296875 -441.1739501953125
-1142.085693359375 -443.005615234375
-1144.054931640625 -444.99481201171875
-1145.17431640625 -446.85894775390625
-1147.083251953125 -448.83758544921875
-1146.096435546875 -450.8332824707031
-1146.7080078125 -449.52728271484375
-1147.55810546875 -447.665283203125
-1149.539306640625 -449.6523132324219
-1151.537109375 -447.65869140625
-1153.5184326171875 -449.6391296386719
-1155.4970703125 -447.6533203125
-1157.4830322265625 -449.6529846191406
-1159.3876953125 -447.70306396484375
-1161.3768310546875 -449.70281982421875
-1163.3603515625 -447.9278869628906
-1161.7249755859375 -449.9215087890625
-1163.200439453125 -447.9801330566406
-1163.40478515625 -449.95849609375
-1164.98583984375 -448.0927734375
