-803.4820556640625 -313.1360778808594
-805.4820556640625 -315.1322326660156
-807.472412109375 -313.5936279296875
-809.4718017578125 -311.97271728515625
-811.467529296875 -313.9701843261719
-813.3599243164062 -312.21258544921875
-815.3585205078125 -314.20086669921875
-817.3450317382812 -312.5183410644531
-819.2274780273438 -314.5127868652344
-821.2233276367188 -312.54736328125
-823.2223510742188 -314.5293884277344
-825.0947875976562 -312.6371765136719
-827.0213012695312 -311.02984619140625
-829.0048828125 -313.0245666503906
-830.9940185546875 -311.03338623046875
-832.9903564453125 -313.0331726074219
-834.9902954101562 -315.0224304199219
-835.36279296875 -314.1898498535156
-837.30859375 -313.3428955078125
-839.3081665039062 -311.3744201660156
-841.3042602539062 -313.37152099609375
-843.2654418945312 -312.30810546875
-845.2653198242188 -313.628173828125
-847.2594604492188 -311.7955322265625
-849.2576293945312 -313.7496032714844
-851.2537841796875 -311.9805603027344
-853.2520751953125 -313.9649658203125
-855.20654296875 -313.2318115234375
-857.1158447265625 -312.3460998535156
-859.0941162109375 -310.8220520019531
-861.0747680664062 -312.8139953613281
-863.054931640625 -311.0401306152344
-865.0516967773438 -313.038330078125
-866.92822265625 -311.3025817871094
-868.9244995117188 -313.09735107421875
-870.9005737304688 -311.6142883300781
-872.8897094726562 -313.545654296875
-874.244384765625 -311.57537841796875
-876.2393188476562 -313.4854736328125
-878.078857421875 -311.5661926269531
-879.8134765625 -313.5520935058594
-881.798583984375 -313.81512451171875
-883.762939453125 -312.8052978515625
-885.7550048828125 -310.8433837890625
-887.751220703125 -312.8396301269531
-889.0910034179688 -311.55706787109375
-891.0882568359375 -313.5052490234375
-892.92724609375 -311.64691162109375
-894.9271240234375 -313.6152038574219
-896.917236328125 -315.5487365722656
-895.2781982421875 -313.6453552246094
-897.2777709960938 -315.6021423339844
-897.0364379882812 -313.9665832519531
-898.4412841796875 -311.9854736328125
-900.41845703125 -313.9328308105469
-901.9749145507812 -314.8595886230469
-903.85595703125 -314.0578918457031
-905.3593139648438 -313.0195007324219
-905.9412841796875 -311.28497314453125
-907.885986328125 -313.2367248535156
-909.8246459960938 -311.4139709472656
-911.5307006835938 -313.4131164550781
-913.5195922851562 -311.456787109375
-914.9963989257812 -313.4542541503906
-916.9470825195312 -311.7979736328125
-918.9298706054688 -313.7811279296875
-920.9269409179688 -311.802001953125
-922.712158203125 -313.715087890625
-924.7040405273438 -312.06268310546875
-926.64892578125 -314.051025390625
-928.64892578125 -313.1564025878906
-930.6487426757812 -312.6540222167969
-932.6477661132812 -314.565673828125
-934.647705078125 -314.3517150878906
-936.6475830078125 -316.1607666015625
-938.6475830078125 -315.1739196777344
-940.6475830078125 -315.7586669921875
-942.6475830078125 -316.2845153808594
-944.6475830078125 -317.47479248046875
-946.6470947265625 -317.1326599121094
-948.64697265625 -319.09906005859375
-950.0357666015625 -321.0905456542969
-949.4369506835938 -323.0895080566406
-947.6656494140625 -325.0881652832031
-949.6656494140625 -326.85443115234375
-948.1399536132812 -328.81097412109375
-950.1397705078125 -330.6662902832031
-948.2258911132812 -332.5990295410156
-950.2258911132812 -334.5688781738281
-949.0623168945312 -336.56829833984375
-947.33056640625 -338.55145263671875
-949.3305053710938 -339.99249267578125
-947.3600463867188 -341.9918212890625
-949.3592529296875 -340.87774658203125
-948.5776977539062 -342.85028076171875
-948.9991455078125 -344.841796875
-950.8295288085938 -346.7604675292969
-949.5950927734375 -348.0410461425781
-948.145263671875 -350.03839111328125
-950.145263671875 -349.551025390625
-952.0376586914062 -351.54388427734375
-952.9089965820312 -353.5332946777344
-951.4779052734375 -355.5301513671875
-949.7021484375 -357.52508544921875
-947.938720703125 -359.4920654296875
-949.938720703125 -359.2898254394531
-948.1829833984375 -360.97454833984375
-946.8118896484375 -362.95306396484375
-948.8118896484375 -361.798828125
-947.5092163085938 -363.6009521484375
-949.5092163085938 -361.6651916503906
-950.6996459960938 -363.3347473144531
-951.1670532226562 -364.2210388183594
-952.372314453125 -366.20556640625
-951.2211303710938 -368.1435852050781
-952.4785766601562 -369.9600524902344
-951.004638671875 -371.8704833984375
-949.0841064453125 -373.8417053222656
-950.998779296875 -374.8033752441406
-950.059814453125 -376.788330078125
-951.38232421875 -378.74066162109375
-949.4468994140625 -379.5250244140625
-950.976806640625 -379.23486328125
-950.3768310546875 -380.9709167480469
-949.1719970703125 -382.8500061035156
-950.7061157226562 -384.7335205078125
-952.52978515625 -382.9449768066406
-953.4186401367188 -384.9278564453125
-954.628662109375 -386.0826110839844
-953.4465942382812 -384.4358825683594
-955.3129272460938 -386.23748779296875
-956.8846435546875 -386.81640625
-957.1355590820312 -386.3349304199219
-956.9111938476562 -386.4933166503906
-956.17626953125 -385.54180908203125
-957.9597778320312 -384.2351989746094
-959.2847900390625 -384.1758728027344
-960.837890625 -383.2127380371094
-959.0281372070312 -383.9991760253906
-960.9540405273438 -383.42059326171875
-960.6323852539062 -384.708740234375
-960.4182739257812 -385.1344909667969
-959.8641357421875 -383.62762451171875
-958.2493896484375 -382.4840087890625
-959.5789794921875 -383.425537109375
-959.7230224609375 -383.94549560546875
-959.96142578125 -383.91436767578125
-958.7785034179688 -383.0648193359375
-959.4550170898438 -383.6600036621094
-957.748291015625 -381.8852844238281
-958.12548828125 -380.2737121582031
-958.95947265625 -379.241943359375
-957.3809204101562 -377.4703674316406
-955.9882202148438 -376.1319580078125
-954.0939331054688 -375.5980224609375
-952.4199829101562 -375.7177429199219
-952.563232421875 -376.0998229980469
-952.6680908203125 -378.0853271484375
-951.5419921875 -376.9559631347656
-953.5325317382812 -378.90264892578125
-955.310302734375 -379.8370056152344
-954.0840454101562 -381.2877197265625
-952.860107421875 -379.90069580078125
-951.2542114257812 -381.12506103515625
-950.424072265625 -382.630859375
-948.5249633789062 -384.6175842285156
-949.8101196289062 -386.49493408203125
-948.9089965820312 -387.5968933105469
-948.9856567382812 -386.1298828125
-947.9312133789062 -385.2138671875
-947.1880493164062 -384.72601318359375
-949.187744140625 -382.72723388671875
-948.3452758789062 -383.8890686035156
-949.9318237304688 -384.0501403808594
-949.8702392578125 -383.7081298828125
-948.3690185546875 -385.4579162597656
-950.1124267578125 -386.8722229003906
-950.2679443359375 -387.81573486328125
-949.2322387695312 -389.7213439941406
-950.7927856445312 -391.4739685058594
-949.0078125 -393.0753173828125
-948.3031616210938 -394.5097961425781
-950.2234497070312 -395.8052673339844
-952.0430908203125 -396.9354248046875
-953.972900390625 -398.88409423828125
-955.5047607421875 -398.5804748535156
-957.0573120117188 -399.9811096191406
-958.960693359375 -400.77899169921875
-960.817626953125 -399.6189270019531
-962.662109375 -398.5782775878906
