-803.4500122070312 -314.0718078613281
-805.3851928710938 -312.0946044921875
-807.2637329101562 -314.09417724609375
-808.5599975585938 -312.53466796875
-810.5201416015625 -314.4483642578125
-812.4954223632812 -315.31219482421875
-814.4094848632812 -314.1780090332031
-816.3710327148438 -312.340087890625
-818.3345947265625 -314.2589111328125
-820.3278198242188 -314.4338684082031
-822.1683959960938 -313.2928771972656
-822.8033447265625 -311.51141357421875
-824.802734375 -313.5113525390625
-826.794677734375 -312.4158935546875
-828.2279052734375 -313.2967834472656
-829.87109375 -311.6762390136719
-831.7745361328125 -313.6681213378906
-833.7355346679688 -313.8702697753906
-835.4970092773438 -311.9609069824219
-837.2258911132812 -313.8470458984375
-835.771728515625 -315.03582763671875
-837.509033203125 -314.2987060546875
-839.1142578125 -315.44366455078125
-841.037841796875 -313.73834228515625
-842.9808349609375 -311.7913513183594
-844.9381713867188 -313.7835693359375
-846.87548828125 -311.816162109375
-848.858154296875 -313.8004455566406
-850.669921875 -311.8260803222656
-850.0836181640625 -313.8102111816406
-850.1181030273438 -311.853759765625
-851.81689453125 -313.85186767578125
-853.7315063476562 -312.0534973144531
-855.7186889648438 -313.9384460449219
-855.6485595703125 -312.2638854980469
-856.0875854492188 -313.3477783203125
-858.060791015625 -314.83831787109375
-859.8287353515625 -313.06201171875
-861.5166015625 -311.3678894042969
-863.4931030273438 -312.8084411621094
-865.3666381835938 -310.9045715332031
-867.33837890625 -312.84051513671875
-869.2445068359375 -311.044921875
-871.1964721679688 -312.8688049316406
-872.5968627929688 -311.1928405761719
-874.3187866210938 -313.1864929199219
-876.2286376953125 -311.2306213378906
-878.1994018554688 -313.2299499511719
-879.4888305664062 -311.6690673828125
-881.4150390625 -313.4458312988281
-882.8223876953125 -314.65338134765625
-884.7086791992188 -312.66009521484375
-886.6090698242188 -310.97210693359375
-888.4819946289062 -312.9338684082031
-890.3524780273438 -312.069580078125
-889.6919555664062 -314.049072265625
-891.6309204101562 -312.14447021484375
-893.3339233398438 -314.1077575683594
-894.7760620117188 -312.3548583984375
-896.700439453125 -314.3537292480469
-895.8405151367188 -312.46844482421875
-897.1976318359375 -314.4683837890625
-897.2056274414062 -314.27960205078125
-896.8748779296875 -314.12744140625
-895.9032592773438 -313.7697448730469
-897.3433837890625 -312.13616943359375
-899.0751342773438 -314.1291809082031
-899.6535034179688 -314.047607421875
-899.44970703125 -313.97552490234375
-897.5177612304688 -312.0103454589844
-899.3252563476562 -314.007568359375
-898.3207397460938 -312.0271911621094
-900.2230224609375 -313.9951477050781
-901.0665893554688 -312.2966613769531
-901.2197265625 -310.4372253417969
-899.7713012695312 -312.43511962890625
-898.3438720703125 -311.3916015625
-897.2216796875 -313.3772277832031
-896.1507568359375 -312.796630859375
-897.8154296875 -314.6673278808594
-896.4191284179688 -313.2642517089844
-897.4166259765625 -315.26068115234375
-897.6826782226562 -313.3858642578125
-895.7817993164062 -313.4644775390625
-897.1195678710938 -315.4610290527344
-897.826416015625 -313.6671447753906
-899.4012451171875 -314.2242431640625
-898.40966796875 -312.8147888183594
-896.4346923828125 -311.0513000488281
-897.3955078125 -313.0442810058594
-898.0156860351562 -311.5573425292969
-899.98828125 -313.517578125
-898.3204956054688 -311.5693359375
-898.44921875 -313.5233459472656
-897.9007568359375 -311.541015625
-898.4264526367188 -313.5133972167969
-899.6041870117188 -312.1486511230469
-901.509521484375 -310.15838623046875
-902.91650390625 -311.52838134765625
-904.3577880859375 -309.66778564453125
-904.6217651367188 -311.6524658203125
-905.9302978515625 -310.13848876953125
-904.7623291015625 -310.830078125
-906.176025390625 -312.8285217285156
-907.6112670898438 -312.0409240722656
-909.4019775390625 -310.0444641113281
-908.5908813476562 -311.9801025390625
-910.3721923828125 -312.4582824707031
-912.1763916015625 -310.53253173828125
-912.3792114257812 -312.5046081542969
-914.3410034179688 -311.02459716796875
-912.5753784179688 -312.6683654785156
-914.5523071289062 -310.7057189941406
-914.734375 -312.66339111328125
-916.5672607421875 -312.50390625
-918.4864501953125 -311.1445617675781
-919.77587890625 -313.1357727050781
-920.85888671875 -311.14666748046875
-920.14404296875 -313.1396179199219
-920.797119140625 -311.36468505859375
-921.0691528320312 -313.26513671875
-921.3526611328125 -311.3161926269531
-923.0155029296875 -313.3042297363281
-923.6869506835938 -311.3540954589844
-922.52880859375 -313.1960754394531
-923.8760375976562 -312.1174621582031
-924.5060424804688 -314.0302429199219
-925.770263671875 -312.3756103515625
-924.4935302734375 -314.3713684082031
-926.38720703125 -312.4306945800781
-925.9047241210938 -314.42974853515625
-927.9043579101562 -313.6811218261719
-929.9032592773438 -312.17730712890625
-931.8453979492188 -313.804931640625
-933.8436889648438 -315.0872497558594
-935.843017578125 -313.62640380859375
-937.8428344726562 -315.16387939453125
-939.8427124023438 -316.59722900390625
-941.842529296875 -318.5076904296875
-943.8424072265625 -319.84619140625
-945.8401489257812 -321.7019958496094
-947.8399658203125 -323.6727600097656
-949.832763671875 -325.6162109375
-948.17431640625 -327.61468505859375
-950.1649169921875 -329.41473388671875
-948.21875 -331.3382568359375
-950.2103271484375 -333.33233642578125
-948.2853393554688 -335.3304138183594
-946.4388427734375 -337.3297424316406
-948.4287109375 -339.2360534667969
-946.7047729492188 -341.23565673828125
-948.7046508789062 -343.22344970703125
-946.9230346679688 -345.2225646972656
-948.9230346679688 -347.0918273925781
-946.9616088867188 -349.0913391113281
-948.9615478515625 -350.3423767089844
-947.2511596679688 -352.3422546386719
-949.250732421875 -354.2373352050781
-947.4334106445312 -356.19549560546875
-949.4329223632812 -358.165283203125
-948.2518310546875 -360.152587890625
-946.259033203125 -362.1322937011719
-948.2589721679688 -364.0210876464844
-946.9628295898438 -366.00775146484375
-948.9628295898438 -368.00115966796875
-947.1591796875 -369.96624755859375
-949.1591186523438 -371.32647705078125
-947.8594360351562 -373.3232727050781
-946.0037841796875 -375.27349853515625
-948.0037231445312 -376.5841064453125
-946.0216674804688 -378.5823669433594
-948.0215454101562 -380.5196838378906
-946.025634765625 -382.5002136230469
-948.0247802734375 -380.6028747558594
-946.6007080078125 -382.4028015136719
-948.6004028320312 -383.6850891113281
-946.6815185546875 -385.50958251953125
-948.6815185546875 -386.0192565917969
-946.8984375 -388.01593017578125
-948.8982543945312 -389.6403503417969
-947.1422119140625 -391.6376037597656
-949.1422119140625 -393.3843994140625
-947.3175048828125 -394.9163513183594
-949.3173828125 -394.1246337890625
-947.3553466796875 -395.83087158203125
-949.35498046875 -396.18798828125
-948.6919555664062 -398.16064453125
-946.76513671875 -400.1182861328125
-948.7649536132812 -400.0505065917969
-948.142822265625 -401.9853210449219
-950.142333984375 -400.7190246582031
-948.4581298828125 -402.71319580078125
-950.457763671875 -403.0384216308594
-952.3824462890625 -405.0303649902344
-951.9429931640625 -407.0299072265625
-953.9429931640625 -405.14544677734375
-951.981201171875 -407.1447448730469
-953.98046875 -405.5414733886719
-955.9326782226562 -407.54058837890625
-956.157470703125 -409.50775146484375
