-800.7922973632812 -313.1845397949219
-802.769775390625 -315.1770324707031
-804.5261840820312 -313.2022399902344
-806.5099487304688 -315.20037841796875
-807.1207275390625 -313.2025451660156
-809.09716796875 -315.1903991699219
-809.2072143554688 -313.205810546875
-810.8949584960938 -315.1968994140625
-811.6567993164062 -313.20050048828125
-813.1697387695312 -315.1842956542969
-811.5916137695312 -313.2171936035156
-813.5708618164062 -315.20526123046875
-813.4569091796875 -313.2500305175781
-815.4258422851562 -315.19140625
-816.027587890625 -313.19293212890625
-818.0191650390625 -315.1755065917969
-819.7757568359375 -313.2404479980469
-821.7299194335938 -315.2079162597656
-820.8661499023438 -313.297607421875
-822.740234375 -311.3668212890625
-824.499755859375 -313.3525085449219
-825.5516967773438 -311.36627197265625
-827.3363647460938 -313.33380126953125
-826.3402709960938 -311.4432678222656
-828.224609375 -313.4322509765625
-828.4147338867188 -311.4382019042969
-830.3646850585938 -313.40716552734375
-832.3438110351562 -311.778564453125
-833.9415893554688 -313.77191162109375
-835.2807006835938 -311.7801208496094
-837.2703247070312 -313.7626647949219
-838.8367919921875 -311.878173828125
-840.7044067382812 -313.78887939453125
-840.5509033203125 -311.7979736328125
-842.5504150390625 -313.6779479980469
-844.3756103515625 -311.70111083984375
-845.8460693359375 -313.68267822265625
-845.4154052734375 -311.8036804199219
-847.3327026367188 -313.7650146484375
-848.2906494140625 -311.766357421875
-850.241943359375 -313.64569091796875
-851.4990234375 -311.6885070800781
-853.4581298828125 -313.67437744140625
-855.3999633789062 -311.6836853027344
-857.3960571289062 -313.68212890625
-858.8065795898438 -311.6943664550781
-860.4032592773438 -309.7309265136719
-862.3736572265625 -311.6268005371094
-862.4422607421875 -313.3327941894531
-864.34033203125 -311.36029052734375
-865.8699340820312 -313.3089294433594
-867.072021484375 -311.448974609375
-868.9364013671875 -313.416748046875
-870.929931640625 -311.425048828125
-872.8551635742188 -313.3782653808594
-874.4036254882812 -311.3866271972656
-876.1205444335938 -313.3766174316406
-877.931640625 -311.42120361328125
-879.88916015625 -313.09539794921875
-881.614501953125 -311.10272216796875
-883.5874633789062 -313.07855224609375
-884.1397094726562 -311.10205078125
-886.0123901367188 -313.03436279296875
-886.956787109375 -311.03570556640625
-888.8839111328125 -313.0091552734375
-890.8746337890625 -311.01068115234375
-892.5657348632812 -312.965576171875
-894.5503540039062 -314.90838623046875
-896.4483032226562 -313.45135498046875
-894.4602661132812 -311.4857177734375
-895.880615234375 -313.48236083984375
-897.1658325195312 -314.5102844238281
-895.1808471679688 -312.5335693359375
-897.1624145507812 -313.47723388671875
-895.251953125 -312.03173828125
-897.20947265625 -313.91644287109375
-895.4066772460938 -312.1453857421875
-897.3928833007812 -314.1158447265625
-895.4065551757812 -312.17510986328125
-896.50341796875 -314.1263122558594
-894.5219116210938 -312.17742919921875
-896.5196533203125 -314.09136962890625
-895.104736328125 -312.7143859863281
-896.9854125976562 -314.57086181640625
-895.619384765625 -312.6051025390625
-897.6041259765625 -314.572265625
-895.6213989257812 -312.5853576660156
-897.555419921875 -314.5790710449219
-896.966552734375 -312.8952331542969
-898.7649536132812 -314.868896484375
-897.1280517578125 -312.9657287597656
-899.0305786132812 -314.9166564941406
-897.086181640625 -312.9908447265625
-899.0618896484375 -314.92608642578125
-898.3636474609375 -313.85198974609375
-897.3207397460938 -311.95062255859375
-899.2853393554688 -313.9241943359375
-898.96630859375 -311.95574951171875
-900.9497680664062 -313.83355712890625
-901.23974609375 -311.8551025390625
-903.1680297851562 -309.8580627441406
-904.9968872070312 -311.4638366699219
-906.3878173828125 -309.47882080078125
-908.37744140625 -310.54681396484375
-910.09423828125 -312.15032958984375
-912.06396484375 -310.1629638671875
-914.0582885742188 -311.85955810546875
-915.578857421875 -313.7835693359375
-915.80810546875 -311.7854309082031
-917.7134399414062 -313.075927734375
-919.4529418945312 -311.076904296875
-921.3395385742188 -312.91986083984375
-923.3278198242188 -310.92254638671875
-924.988037109375 -312.0506591796875
-926.9440307617188 -313.97442626953125
-928.9430541992188 -312.126708984375
-930.9299926757812 -314.0440673828125
-932.929443359375 -312.2578125
-934.9093017578125 -313.9286804199219
-936.9093017578125 -313.9067077636719
-938.9091186523438 -314.0931396484375
-940.9091186523438 -315.3497314453125
-942.908935546875 -317.32818603515625
-944.908935546875 -319.3011474609375
-946.9086303710938 -321.2884216308594
-948.9086303710938 -323.2811584472656
-946.9789428710938 -325.2790832519531
-948.9783935546875 -327.2511901855469
-946.980712890625 -329.1722717285156
-948.9805297851562 -331.15020751953125
-947.022705078125 -333.13922119140625
-949.0143432617188 -334.8293151855469
-947.01708984375 -336.8125305175781
-949.0110473632812 -338.8051452636719
-947.031982421875 -340.6923828125
-949.0261840820312 -342.66558837890625
-947.079833984375 -344.6597900390625
-949.0675048828125 -346.60772705078125
-947.0841064453125 -348.5950622558594
-949.0801391601562 -350.5827331542969
-947.0875854492188 -352.5787353515625
-949.07568359375 -354.54931640625
-947.1381225585938 -356.5428466796875
-949.1354370117188 -358.5413513183594
-947.1424560546875 -360.5016784667969
-949.1246948242188 -362.38714599609375
-947.144775390625 -364.3865661621094
-949.136962890625 -366.37835693359375
-947.2763061523438 -368.3771057128906
-948.9298706054688 -370.3347473144531
-946.9314575195312 -372.3341064453125
-948.7142944335938 -374.3184509277344
-946.7221069335938 -376.31695556640625
-948.7059936523438 -378.303466796875
-946.7200927734375 -380.302734375
-948.57470703125 -382.2998962402344
-946.5794677734375 -384.29815673828125
-948.4969482421875 -386.23468017578125
-946.5260009765625 -388.2312316894531
-948.4874267578125 -390.2242126464844
-946.4920043945312 -392.2223205566406
-944.6240234375 -394.2191162109375
-944.29345703125 -396.2107238769531
-942.5645141601562 -398.1937561035156
-944.5436401367188 -399.9448547363281
-946.4417724609375 -401.9419250488281
-948.182373046875 -403.9409484863281
-950.1820068359375 -405.9232177734375
-952.179443359375 -407.9173583984375
-954.1753540039062 -409.8999938964844
-956.1611328125 -411.89630126953125
