-803.482177734375 -313.2161560058594
-805.264404296875 -315.2161560058594
-807.2616577148438 -313.2606506347656
-809.2105102539062 -315.2606506347656
-811.2027587890625 -313.4569091796875
-813.2021484375 -311.6002197265625
-814.8339233398438 -313.6001892089844
-816.833251953125 -311.6324157714844
-818.8274536132812 -313.63238525390625
-820.8229370117188 -311.77740478515625
-822.7755737304688 -313.77734375
-824.6740112304688 -312.59759521484375
-826.6737060546875 -310.5982666015625
-828.04931640625 -312.5982666015625
-830.0487060546875 -311.1636047363281
-832.0377197265625 -313.1635437011719
-834.0376586914062 -311.2720031738281
-835.9592895507812 -313.2720031738281
-837.9558715820312 -311.2732849121094
-838.0740966796875 -313.27325439453125
-840.0719604492188 -311.2855529785156
-842.0690307617188 -313.2855224609375
-844.0374145507812 -311.2998962402344
-845.7849731445312 -313.2996826171875
-847.7823486328125 -311.33782958984375
-849.6148071289062 -313.3377990722656
-851.6146240234375 -311.3450012207031
-853.3973388671875 -313.3450012207031
-855.395751953125 -311.3470153808594
-857.303466796875 -313.3470153808594
-859.3024291992188 -311.5455322265625
-861.1126098632812 -313.5455322265625
-863.1035766601562 -311.6690368652344
-865.0800170898438 -313.6690368652344
-866.9262084960938 -311.702880859375
-868.8850708007812 -313.702880859375
-870.8733520507812 -311.7144775390625
-871.5580444335938 -313.7144775390625
-873.5481567382812 -311.74810791015625
-872.6612548828125 -313.74798583984375
-874.6554565429688 -311.9747619628906
-876.601318359375 -313.97454833984375
-878.60009765625 -311.9779968261719
-880.1993408203125 -313.9779968261719
-882.1980590820312 -312.02459716796875
-884.0511474609375 -314.0245666503906
-886.0498046875 -312.0469665527344
-887.8130493164062 -314.04693603515625
-889.8085327148438 -312.13531494140625
-891.3583984375 -314.13525390625
-893.3575439453125 -312.3243408203125
-895.1114501953125 -314.3243408203125
-897.1103515625 -312.7580871582031
-899.0088500976562 -314.758056640625
-898.375732421875 -312.99322509765625
-898.1464233398438 -311.02032470703125
-899.919921875 -313.020263671875
-899.5206909179688 -311.16302490234375
-901.4878540039062 -313.1629943847656
-903.42578125 -311.1778869628906
-905.413818359375 -313.17767333984375
-907.4021606445312 -312.1462097167969
-909.3794555664062 -310.38336181640625
-908.6001586914062 -312.38336181640625
-910.5955810546875 -310.42193603515625
-911.2080078125 -312.421875
-913.2075805664062 -310.4950256347656
-913.5487060546875 -312.4950256347656
-915.5052490234375 -310.4975280761719
-915.925048828125 -312.4975280761719
-917.8126831054688 -310.50421142578125
-918.763427734375 -312.504150390625
-920.4312744140625 -310.5060729980469
-921.8543090820312 -312.50604248046875
-923.8370361328125 -310.5209045410156
-924.5997924804688 -312.5209045410156
-926.5994262695312 -310.71014404296875
-928.5943603515625 -312.7101135253906
-928.723388671875 -314.7100830078125
-930.7191162109375 -312.8255920410156
-932.3330688476562 -314.8255615234375
-934.3330688476562 -316.43426513671875
-936.3328857421875 -315.72674560546875
-938.33251953125 -316.629150390625
-940.3324584960938 -316.511962890625
-942.3323974609375 -318.1031799316406
-944.3322143554688 -320.07257080078125
-946.331787109375 -321.8204040527344
-948.3316650390625 -323.8138427734375
-950.329833984375 -325.8026123046875
-948.3447875976562 -327.45184326171875
-950.3447875976562 -329.447021484375
-948.3466186523438 -329.19647216796875
-950.3461303710938 -331.1526794433594
-948.3579711914062 -332.5185546875
-950.3578491210938 -334.51025390625
-948.360107421875 -335.9505310058594
-947.2093505859375 -336.56378173828125
-949.2092895507812 -337.7539978027344
-947.3137817382812 -339.47174072265625
-949.3135986328125 -340.761474609375
-947.314697265625 -340.9712219238281
-949.3145751953125 -342.9708251953125
-947.337890625 -344.4447021484375
-949.337890625 -346.4412841796875
-947.4358520507812 -346.3592529296875
-949.4358520507812 -348.3488464355469
-947.5819702148438 -349.2872314453125
-949.5819091796875 -351.2591857910156
-947.6044311523438 -351.6083679199219
-949.6039428710938 -353.33001708984375
-947.6069946289062 -355.05712890625
-949.6068115234375 -357.05145263671875
-948.2305908203125 -355.1888427734375
-950.2305297851562 -357.1877136230469
-948.4912719726562 -355.22003173828125
-946.6022338867188 -356.9729919433594
-948.6013793945312 -358.96405029296875
-946.7069702148438 -360.69781494140625
-948.706787109375 -362.6972351074219
-946.7525634765625 -363.6673278808594
-948.7525024414062 -365.6542663574219
-946.7997436523438 -367.38623046875
-948.7996826171875 -369.34283447265625
-946.9479370117188 -371.3403015136719
-948.94775390625 -373.3401794433594
-946.9479370117188 -375.0181579589844
-948.94775390625 -376.6626281738281
-946.9754028320312 -378.4901123046875
-948.9754028320312 -380.177001953125
-947.0775756835938 -381.75140380859375
-949.0775756835938 -383.7012634277344
-947.1116943359375 -385.099609375
-949.1116333007812 -386.2085266113281
-947.1708374023438 -387.9402160644531
-949.1707763671875 -389.68212890625
-947.198486328125 -391.634521484375
-949.1984252929688 -393.63238525390625
-947.2024536132812 -395.62762451171875
-949.2018432617188 -397.6256103515625
-947.8153686523438 -399.62518310546875
-949.8152465820312 -398.469970703125
-947.8328857421875 -400.4699401855469
-949.8327026367188 -400.7427978515625
-947.9935302734375 -402.7427978515625
-949.9934692382812 -400.9603576660156
-948.2218627929688 -402.9603271484375
-950.2218627929688 -402.4590759277344
-949.4345092773438 -404.4590759277344
-951.4345092773438 -403.4273376464844
-949.6030883789062 -405.4273376464844
-951.6030883789062 -403.4657897949219
-951.61865234375 -405.4657897949219
-953.61865234375 -403.7939147949219
-952.8917236328125 -405.7939147949219
-954.32080078125 -407.7939147949219
-953.3201293945312 -409.7939147949219
-955.3201293945312 -410.7039794921875
