-803.48046875 -313.1356506347656
-805.4803466796875 -315.1356506347656
-807.4796752929688 -313.1358337402344
-809.4790649414062 -315.1357727050781
-811.47802734375 -313.13702392578125
-813.47705078125 -315.1369934082031
-815.4768676757812 -313.13922119140625
-817.476806640625 -315.1391906738281
-819.4764404296875 -313.1402587890625
-821.4703369140625 -315.1402587890625
-823.4697875976562 -313.14068603515625
-825.4622802734375 -311.14849853515625
-827.460693359375 -313.14849853515625
-829.4569702148438 -311.16693115234375
-831.4567260742188 -313.1668701171875
-833.44482421875 -311.16778564453125
-835.4444580078125 -313.16766357421875
-837.4439697265625 -311.1679992675781
-839.4382934570312 -313.1679382324219
-841.4381713867188 -311.17169189453125
-843.4359741210938 -313.17169189453125
-845.429443359375 -311.19451904296875
-847.420166015625 -313.1944580078125
-849.2877807617188 -311.1955871582031
-851.2861938476562 -313.1954345703125
-853.285400390625 -311.2034606933594
-855.2824096679688 -313.20343017578125
-857.2617797851562 -311.2087707519531
-859.2616577148438 -313.20843505859375
-861.26025390625 -311.2109375
-863.2599487304688 -313.2108459472656
-865.1144409179688 -311.2120056152344
-867.1142578125 -313.2118835449219
-869.1041259765625 -311.2132263183594
-871.1038208007812 -313.212646484375
-873.056640625 -311.5902404785156
-875.0403442382812 -313.59014892578125
-877.0244750976562 -311.59478759765625
-878.9354858398438 -313.59478759765625
-880.9324951171875 -311.609375
-882.9180297851562 -313.609130859375
-884.9151611328125 -311.6129455566406
-886.9019775390625 -313.61279296875
-888.9003295898438 -311.6219787597656
-890.5079345703125 -313.6219177246094
-892.5051879882812 -311.7374267578125
-894.4825439453125 -313.737060546875
-896.482177734375 -311.8626403808594
-898.4761352539062 -313.8624267578125
-899.70703125 -311.9384765625
-901.669921875 -313.93536376953125
-903.3286743164062 -312.0863037109375
-905.3031005859375 -310.36767578125
-907.2853393554688 -312.3676452636719
-909.27392578125 -310.37591552734375
-910.8692016601562 -312.3697509765625
-912.8600463867188 -310.7420349121094
-914.8069458007812 -312.74188232421875
-916.5894775390625 -310.7654113769531
-918.4215087890625 -312.76531982421875
-920.3313598632812 -310.7684020996094
-922.2359619140625 -312.768310546875
-924.2313232421875 -310.81982421875
-926.2284545898438 -312.8197021484375
-928.2266845703125 -311.7893981933594
-930.2212524414062 -313.7890625
-932.220703125 -313.1078186035156
-934.2201538085938 -311.6778259277344
-936.2033081054688 -313.67742919921875
-938.2031860351562 -312.568115234375
-940.2024536132812 -314.55828857421875
-942.202392578125 -312.7007751464844
-944.202392578125 -312.01165771484375
-946.2009887695312 -314.0080261230469
-948.1964721679688 -315.9626159667969
-950.1964721679688 -317.5429382324219
-948.65185546875 -317.00628662109375
-947.0757446289062 -317.9408264160156
-949.0750732421875 -319.7855224609375
-947.1748657226562 -321.54022216796875
-949.1713256835938 -323.3586120605469
-947.1719970703125 -325.3132019042969
-949.171875 -327.302978515625
-947.1736450195312 -329.2729797363281
-949.17236328125 -331.1410827636719
-947.1769409179688 -333.12506103515625
-949.1768188476562 -335.09375
-947.1787719726562 -336.5090026855469
-949.1787719726562 -337.56903076171875
-947.1825561523438 -339.546142578125
-949.1824340820312 -340.908935546875
-947.1839599609375 -342.8983459472656
-949.1838989257812 -344.8428649902344
-947.2019653320312 -346.74322509765625
-949.2019653320312 -348.6930236816406
-947.2079467773438 -350.5743408203125
-949.200927734375 -352.28436279296875
-947.2017211914062 -354.2706298828125
-949.2007446289062 -356.0768737792969
-947.2007446289062 -358.072509765625
-949.2005615234375 -359.9300231933594
-947.2041015625 -360.81634521484375
-949.2040405273438 -362.7845458984375
-947.2300415039062 -364.67596435546875
-949.2290649414062 -366.59759521484375
-947.242431640625 -368.5896911621094
-949.2423706054688 -370.57843017578125
-947.2445678710938 -372.5421142578125
-949.2426147460938 -374.5377502441406
-947.2449951171875 -376.45819091796875
-949.2449340820312 -378.408447265625
-947.265625 -380.3760070800781
-949.265380859375 -382.2504577636719
-947.2655639648438 -383.9668273925781
-949.2652587890625 -385.84527587890625
-947.2743530273438 -387.8301086425781
-949.2727661132812 -388.8739318847656
-947.3074340820312 -390.8551025390625
-949.3057861328125 -392.7721862792969
-947.3057861328125 -394.77008056640625
-949.2671508789062 -396.76800537109375
-947.2743530273438 -398.74188232421875
-949.2738647460938 -399.8613586425781
-947.29296875 -401.86114501953125
-949.2919311523438 -402.75250244140625
-951.2919311523438 -403.8952331542969
-950.5947875976562 -405.8952331542969
-952.5947875976562 -407.7571105957031
-954.5947875976562 -407.9757995605469
-954.1431884765625 -409.9757995605469
-956.1431884765625 -411.79840087890625
