-802.8080444335938 -313.170166015625
-804.581787109375 -315.1684265136719
-806.4996337890625 -313.4103088378906
-808.4893188476562 -315.4071960449219
-810.4177856445312 -313.5377502441406
-812.4161376953125 -312.2581481933594
-814.3026733398438 -314.2480773925781
-816.2536010742188 -313.5181579589844
-818.2283935546875 -315.5173645019531
-818.2987060546875 -313.53363037109375
-820.1629028320312 -311.55364990234375
-822.1401977539062 -313.5524597167969
-821.7669677734375 -312.1187438964844
-823.7592163085938 -314.1170654296875
-825.5791015625 -312.2582702636719
-827.0245971679688 -310.99017333984375
-828.5408325195312 -312.9804382324219
-829.609130859375 -311.0786437988281
-830.6498413085938 -313.0779113769531
-831.6117553710938 -311.9067687988281
-833.5967407226562 -313.9066467285156
-835.4390869140625 -311.9185791015625
-837.3034057617188 -313.9090576171875
-839.2813110351562 -312.0606384277344
-841.2615966796875 -314.02911376953125
-842.8189697265625 -313.17071533203125
-844.7853393554688 -311.4977111816406
-846.60546875 -313.4969177246094
-845.695068359375 -311.50726318359375
-847.4595336914062 -313.50335693359375
-849.313232421875 -311.5344543457031
-849.8168334960938 -313.5343322753906
-851.3617553710938 -311.62493896484375
-851.8836059570312 -313.5888671875
-853.7860717773438 -311.7308044433594
-855.7622680664062 -313.6451416015625
-855.19140625 -312.0727233886719
-857.181396484375 -314.0641174316406
-857.7919921875 -312.0805358886719
-859.7858276367188 -310.1916198730469
-859.5021362304688 -312.17431640625
-861.4994506835938 -310.3310852050781
-863.4861450195312 -312.32989501953125
-865.0640258789062 -311.1031494140625
-866.9855346679688 -313.10308837890625
-868.92919921875 -311.3388977050781
-870.5397338867188 -313.3387145996094
-872.5147094726562 -311.3577575683594
-874.4716796875 -313.28558349609375
-876.2821044921875 -311.5081787109375
-878.276123046875 -313.5074462890625
-879.911376953125 -311.75634765625
-881.9067993164062 -313.75225830078125
-883.5299682617188 -311.8002624511719
-885.4951782226562 -313.7867431640625
-887.4849243164062 -312.2373046875
-889.3377685546875 -314.22650146484375
-891.2716674804688 -312.2731018066406
-891.8674926757812 -314.2697448730469
-893.83349609375 -313.796142578125
-895.7837524414062 -314.4874572753906
-894.6709594726562 -313.21728515625
-896.6458129882812 -315.16668701171875
-897.4298706054688 -315.4061279296875
-897.555908203125 -316.8229064941406
-899.4707641601562 -317.61956787109375
-897.6754760742188 -317.638427734375
-899.4646606445312 -319.3226623535156
-897.985595703125 -320.2099304199219
-899.5762329101562 -321.21844482421875
-897.5936889648438 -321.5692138671875
-897.8861694335938 -321.9830017089844
-896.0421752929688 -323.86334228515625
-894.0709838867188 -325.4598388671875
-896.0625610351562 -325.8111572265625
-894.64892578125 -327.7380065917969
-896.6473999023438 -328.9906311035156
-894.7717895507812 -330.45367431640625
-896.7274169921875 -330.079345703125
-896.209716796875 -331.641357421875
-897.2157592773438 -333.3270568847656
-895.6620483398438 -334.9046325683594
-897.6618041992188 -335.93365478515625
-899.6581420898438 -334.3370056152344
-901.5245971679688 -335.6513366699219
-902.537841796875 -333.88909912109375
-901.5596923828125 -335.8458557128906
-903.30908203125 -334.16363525390625
-904.9014282226562 -336.1620178222656
-906.710205078125 -334.47564697265625
-906.9613647460938 -336.4591369628906
-908.9024047851562 -334.5545349121094
-910.6023559570312 -336.5137023925781
-911.5714111328125 -335.0331115722656
-913.0916137695312 -337.0318908691406
-913.6387939453125 -336.90521240234375
-915.5899047851562 -335.8841247558594
-916.4776000976562 -336.1296691894531
-918.17529296875 -335.146728515625
-920.069091796875 -337.1315612792969
-922.0239868164062 -335.44683837890625
-924.0162963867188 -333.9176330566406
-925.9700927734375 -335.89459228515625
-927.8291625976562 -334.0177001953125
-929.824462890625 -335.3952331542969
-931.8151245117188 -337.3050842285156
-933.8150024414062 -338.9858093261719
-935.813720703125 -340.9043273925781
-937.8135375976562 -342.89471435546875
-939.8135375976562 -344.4845275878906
-941.8135375976562 -346.39801025390625
-943.8135375976562 -348.35870361328125
-945.8135375976562 -350.3283996582031
-947.8135375976562 -352.3083801269531
-949.8135375976562 -354.26983642578125
-951.4931030273438 -356.2670593261719
-949.7581787109375 -358.266357421875
-950.4306640625 -360.2095031738281
-949.05712890625 -362.1922912597656
-948.66064453125 -364.1727294921875
-949.1124877929688 -366.0489501953125
-947.4823608398438 -368.0282897949219
-949.4820556640625 -369.9805603027344
-948.7431640625 -371.9794616699219
-950.368896484375 -373.9780578613281
-952.3248901367188 -375.83404541015625
-954.3070068359375 -377.8241271972656
-955.9071655273438 -379.45709228515625
-956.9658203125 -381.43731689453125
-958.7158203125 -383.32275390625
-960.5728149414062 -385.31024169921875
-961.994384765625 -387.2430419921875
-963.5729370117188 -387.64141845703125
-965.5645141601562 -388.9159851074219
-967.0079345703125 -390.9132995605469
-968.9022216796875 -392.8738708496094
-970.8955688476562 -394.8735656738281
