-803.4652099609375 -313.1905517578125
-805.4163208007812 -315.1905517578125
-807.3674926757812 -313.7132873535156
-809.341552734375 -311.88397216796875
-811.2603149414062 -313.88397216796875
-813.2242431640625 -311.9146423339844
-813.8482666015625 -313.91461181640625
-815.8478393554688 -311.9791564941406
-817.7801513671875 -313.9791259765625
-819.761962890625 -312.48162841796875
-821.548095703125 -314.4815673828125
-823.5478515625 -312.51910400390625
-825.546630859375 -310.5227355957031
-827.3717041015625 -312.5227355957031
-829.3501586914062 -311.42694091796875
-831.0006713867188 -313.42694091796875
-833.00048828125 -312.3926696777344
-834.5230712890625 -314.39263916015625
-836.5166625976562 -312.59588623046875
-838.4868774414062 -314.59588623046875
-840.4275512695312 -312.6049499511719
-842.2095336914062 -314.60491943359375
-844.1991577148438 -313.117431640625
-846.1658325195312 -311.16864013671875
-846.429443359375 -313.1686096191406
-848.4259033203125 -311.25390625
-847.2494506835938 -313.2538757324219
-848.6448974609375 -311.3391418457031
-848.195068359375 -313.339111328125
-850.177978515625 -311.3621520996094
-851.6563110351562 -313.36212158203125
-853.6444091796875 -311.3979187011719
-855.276123046875 -313.39788818359375
-857.2757568359375 -311.4122009277344
-859.1156616210938 -313.4122009277344
-861.0889892578125 -311.42803955078125
-862.9786376953125 -313.42803955078125
-864.9752197265625 -311.4564514160156
-865.269287109375 -313.4564208984375
-866.8936157226562 -311.4712219238281
-868.6004028320312 -313.47119140625
-870.5930786132812 -311.49420166015625
-870.9752197265625 -313.49420166015625
-872.8626098632812 -311.5334777832031
-872.583984375 -313.533447265625
-874.561767578125 -311.5592041015625
-876.3082885742188 -313.5592041015625
-878.2987060546875 -311.563720703125
-877.7518920898438 -313.5636291503906
-879.6229248046875 -311.6057434082031
-879.4004516601562 -313.6057434082031
-881.3927612304688 -311.6072082519531
-879.4547729492188 -313.607177734375
-881.4386596679688 -311.6100158691406
-883.2819213867188 -313.6099853515625
-885.2745971679688 -311.61676025390625
-884.9202880859375 -313.61676025390625
-886.84521484375 -312.324462890625
-886.9677734375 -314.324462890625
-888.9652709960938 -312.42462158203125
-890.864990234375 -310.4483642578125
-888.9545288085938 -312.4483642578125
-890.930908203125 -310.6043395996094
-892.12841796875 -312.6043395996094
-893.0529174804688 -314.6042785644531
-895.0523681640625 -312.96685791015625
-896.8787841796875 -314.9668273925781
-895.2764892578125 -313.10760498046875
-895.9766235351562 -315.10760498046875
-895.0663452148438 -313.1803894042969
-896.2545166015625 -315.18035888671875
-895.554443359375 -313.2182922363281
-895.57080078125 -315.2182922363281
-895.5281982421875 -313.25762939453125
-894.0786743164062 -315.257568359375
-896.0745849609375 -313.2801818847656
-894.2455444335938 -315.2801513671875
-896.2455444335938 -316.49017333984375
-894.3677368164062 -314.5028076171875
-896.3672485351562 -312.9054870605469
-895.6087036132812 -314.9054870605469
-894.52880859375 -313.1212463378906
-893.768310546875 -315.1211853027344
-895.7678833007812 -314.3103942871094
-894.80712890625 -312.3233947753906
-893.1932983398438 -314.3233947753906
-895.192626953125 -314.3773498535156
-897.1924438476562 -314.4015808105469
-895.6029663085938 -312.62725830078125
-894.8729858398438 -314.62725830078125
-896.87158203125 -312.9144592285156
-898.806396484375 -314.9144592285156
-898.492919921875 -313.12457275390625
-898.8826904296875 -311.1422424316406
-899.5186767578125 -313.1422119140625
-901.354248046875 -311.1797180175781
-902.3746948242188 -313.1797180175781
-904.1780395507812 -311.260009765625
-902.8165283203125 -313.260009765625
-904.7697143554688 -311.291259765625
-903.0894165039062 -313.29119873046875
-905.0498657226562 -311.43096923828125
-907.0158081054688 -309.4480895996094
-906.7677612304688 -311.4480895996094
-908.667236328125 -309.4493408203125
-909.2554931640625 -311.4493408203125
-911.2510375976562 -309.4575500488281
-913.0487670898438 -311.45751953125
-911.8812866210938 -313.45751953125
-913.8667602539062 -312.2196350097656
-915.8631591796875 -310.2261047363281
-915.1553344726562 -312.2261047363281
-917.1456909179688 -310.2265930175781
-918.8197631835938 -312.22650146484375
-920.75244140625 -310.2528991699219
-919.44482421875 -312.2528991699219
-921.4357299804688 -310.2964782714844
-919.60009765625 -312.2963562011719
-921.591064453125 -310.3167724609375
-922.0916137695312 -312.3167724609375
-924.0913696289062 -310.3837890625
-923.4605712890625 -312.3837890625
-925.4452514648438 -310.47491455078125
-926.7939453125 -312.474853515625
-928.75341796875 -314.4747009277344
-930.7476806640625 -312.6982116699219
-932.2577514648438 -314.6982116699219
-934.257568359375 -313.6640625
-936.257568359375 -314.0431213378906
-938.2540283203125 -312.47857666015625
-940.2095947265625 -314.478515625
-942.2095947265625 -315.02459716796875
-944.2095947265625 -316.95751953125
-946.20947265625 -318.6836242675781
-948.2094116210938 -320.5643310546875
-950.2094116210938 -322.3479309082031
-948.2141723632812 -323.1932067871094
-950.2137451171875 -325.10760498046875
-948.2735595703125 -325.7578125
-950.2734985351562 -327.74981689453125
-948.2779541015625 -328.64459228515625
-950.2779541015625 -330.644287109375
-948.3406982421875 -332.44818115234375
-950.3406372070312 -334.4302062988281
-948.3467407226562 -334.283935546875
-946.3641357421875 -335.410400390625
-948.3638916015625 -337.4022521972656
-946.893798828125 -336.20904541015625
-948.893798828125 -338.1705017089844
-946.9241943359375 -338.9639587402344
-948.924072265625 -338.3967590332031
-947.0222778320312 -340.2460632324219
-949.022216796875 -342.22943115234375
-947.1055908203125 -343.04241943359375
-949.1055908203125 -345.0351867675781
-947.11767578125 -345.7630920410156
-949.1176147460938 -347.7431945800781
-947.1377563476562 -349.4542236328125
-949.1377563476562 -351.4391784667969
-947.1631469726562 -352.09088134765625
-949.1627197265625 -354.0887451171875
-947.79833984375 -356.07830810546875
-949.79833984375 -357.97357177734375
-949.5872192382812 -356.4360656738281
-947.6485595703125 -358.42620849609375
-949.6485595703125 -360.3408508300781
-947.7987060546875 -361.6004943847656
-949.7986450195312 -363.5806884765625
-947.8258056640625 -365.1861267089844
-949.8258056640625 -367.1812438964844
-947.8320922851562 -369.1308898925781
-949.8320922851562 -371.1187438964844
-949.219970703125 -373.0796813964844
-947.245361328125 -374.9611511230469
-949.245361328125 -376.88427734375
-947.5682983398438 -378.8810119628906
-949.5682983398438 -380.8617858886719
-947.5734252929688 -382.848388671875
-949.5733032226562 -384.84600830078125
-947.5946655273438 -386.7095642089844
-949.5946655273438 -388.4236755371094
-947.5982666015625 -390.311279296875
-949.5980834960938 -391.78228759765625
-947.60986328125 -393.77862548828125
-949.605712890625 -395.77239990234375
-947.6095581054688 -397.7708740234375
-949.609375 -399.7610168457031
-947.9238891601562 -401.7610168457031
-949.923828125 -402.3052978515625
-950.46435546875 -404.3052978515625
-952.46435546875 -402.501953125
-950.574462890625 -404.501953125
-952.574462890625 -405.03131103515625
-951.0772094726562 -407.03131103515625
-953.0772094726562 -408.4701843261719
-955.0772094726562 -407.0963134765625
-956.9683837890625 -409.0963134765625
