-803.483154296875 -313.171142578125
-805.483154296875 -315.17108154296875
-807.483154296875 -313.23358154296875
-809.4830932617188 -315.2333984375
-811.482666015625 -313.2353820800781
-813.482666015625 -315.230712890625
-815.4825439453125 -313.23480224609375
-817.4824829101562 -315.2342529296875
-819.482421875 -313.24542236328125
-821.4823608398438 -315.2432556152344
-823.4822998046875 -313.2658996582031
-825.4768676757812 -311.2835693359375
-827.4760131835938 -313.2829284667969
-829.4742431640625 -311.3157653808594
-831.4742431640625 -313.31549072265625
-833.4742431640625 -311.3258972167969
-835.4741821289062 -313.3248596191406
-837.4732055664062 -311.36395263671875
-839.4722900390625 -313.3638610839844
-841.4722290039062 -311.44903564453125
-843.4703369140625 -313.4488525390625
-845.4661254882812 -311.6516418457031
-847.46533203125 -313.6512756347656
-849.4605102539062 -311.65911865234375
-851.4605102539062 -313.6589660644531
-853.459716796875 -311.6944885253906
-855.4595947265625 -313.6943359375
-857.4581298828125 -311.73406982421875
-859.451904296875 -309.7723388671875
-861.4512939453125 -311.7716979980469
-863.4512939453125 -309.79107666015625
-865.4505615234375 -311.79034423828125
-867.44970703125 -309.7909851074219
-869.4481811523438 -311.78875732421875
-871.4475708007812 -313.7882080078125
-873.4443969726562 -311.8103332519531
-875.4408569335938 -313.8102111816406
-876.9803466796875 -312.80633544921875
-878.9757080078125 -314.80316162109375
-880.9754638671875 -312.835205078125
-882.8700561523438 -310.83856201171875
-884.8673095703125 -312.834716796875
-886.77734375 -310.8446350097656
-888.7763061523438 -312.8435974121094
-890.7760620117188 -310.8912353515625
-892.7760009765625 -312.8898010253906
-894.7680053710938 -314.8785400390625
-896.7680053710938 -312.93182373046875
-898.7276000976562 -314.9295959472656
-897.5194091796875 -313.130859375
-896.6970825195312 -311.1846008300781
-898.6219482421875 -313.1719665527344
-899.6408081054688 -311.1924133300781
-901.6256103515625 -313.1911315917969
-903.2386474609375 -311.3964538574219
-905.2353515625 -309.40032958984375
-907.234619140625 -311.3982238769531
-909.2021484375 -309.5576171875
-911.0401611328125 -311.55548095703125
-913.0100708007812 -313.5312194824219
-914.99951171875 -311.55975341796875
-916.9971923828125 -313.5550842285156
-918.9893188476562 -311.5792236328125
-920.8318481445312 -313.5787353515625
-922.8195190429688 -311.7302551269531
-924.4156494140625 -313.7258605957031
-926.4130859375 -312.44024658203125
-928.4108276367188 -314.43914794921875
-930.4107055664062 -312.4987487792969
-932.4073486328125 -314.4870300292969
-934.4066162109375 -313.07373046875
-936.4066162109375 -313.6747131347656
-938.406494140625 -312.1217041015625
-940.406494140625 -314.0953063964844
-942.4063720703125 -313.5962219238281
-944.4059448242188 -315.09613037109375
-946.4058837890625 -316.965087890625
-948.40576171875 -318.8315734863281
-950.40576171875 -320.4581604003906
-948.4520874023438 -318.74072265625
-950.4498901367188 -320.3719482421875
-948.6688842773438 -321.2393493652344
-946.8001098632812 -323.1554260253906
-948.7998657226562 -323.775390625
-946.8037109375 -325.71588134765625
-948.8037109375 -326.723388671875
-946.8046264648438 -328.4911193847656
-948.8045043945312 -330.41729736328125
-946.8179321289062 -331.56597900390625
-948.817626953125 -333.55938720703125
-946.822021484375 -333.6846008300781
-948.8219604492188 -335.625244140625
-946.822265625 -337.5295104980469
-948.822265625 -337.9916687011719
-946.8259887695312 -339.97076416015625
-948.8259887695312 -341.77789306640625
-946.8303833007812 -343.7308654785156
-948.830078125 -343.3693542480469
-946.8331298828125 -343.9869384765625
-948.8329467773438 -344.8779296875
-946.8408203125 -346.64007568359375
-948.84033203125 -348.6089172363281
-946.8406372070312 -350.5567626953125
-948.840576171875 -352.2398376464844
-946.8433227539062 -354.1681213378906
-948.8433227539062 -355.45343017578125
-946.86962890625 -357.4371643066406
-948.8695678710938 -359.08563232421875
-947.0000610351562 -360.009765625
-949.0 -361.912353515625
-947.083740234375 -363.7369689941406
-949.0831909179688 -365.4676513671875
-947.4620361328125 -367.2166442871094
-949.4618530273438 -369.1712646484375
-947.4923095703125 -371.16693115234375
-949.4921264648438 -373.1568603515625
-947.50244140625 -375.087646484375
-945.5394897460938 -376.4519958496094
-947.5394897460938 -378.1557312011719
-949.5394287109375 -379.9947509765625
-947.5470581054688 -381.8065490722656
-949.5469970703125 -383.29315185546875
-947.5606689453125 -385.266845703125
-949.560546875 -385.5854187011719
-947.571533203125 -387.50225830078125
-949.571533203125 -387.8736877441406
-947.5833740234375 -389.8295593261719
-949.5831298828125 -391.3922119140625
-947.5858154296875 -393.2115478515625
-949.585693359375 -395.15789794921875
-947.6010131835938 -397.15753173828125
-949.6010131835938 -398.9830627441406
-948.6267700195312 -400.9830627441406
-950.626708984375 -402.29656982421875
-949.83935546875 -404.29656982421875
-951.83935546875 -405.19244384765625
-953.5706176757812 -407.19244384765625
-952.8121948242188 -409.19244384765625
-954.8121948242188 -408.2373962402344
-955.7418212890625 -410.2373962402344
