-879.5989379882812 -109.05447387695312
-877.6005249023438 -107.95130920410156
-879.3196411132812 -109.9510269165039
-877.3245239257812 -111.47300720214844
-878.9050903320312 -112.1763916015625
-876.9051513671875 -113.87567901611328
-878.9037475585938 -115.24858856201172
-880.9014282226562 -117.09415435791016
-878.90185546875 -118.82669830322266
-880.9015502929688 -120.82117462158203
-878.9015502929688 -121.307861328125
-880.9002685546875 -123.29149627685547
-878.9033813476562 -124.694091796875
-880.90283203125 -126.64263153076172
-878.9031372070312 -127.19194030761719
-880.9010009765625 -129.05613708496094
-878.9092407226562 -127.31935119628906
-880.9055786132812 -129.29751586914062
-879.0281982421875 -130.61575317382812
-880.9855346679688 -130.09201049804688
-878.9874877929688 -131.69863891601562
-880.9871215820312 -130.9142608642578
-878.9931640625 -131.3885955810547
-880.9917602539062 -132.27432250976562
-879.0014038085938 -131.33949279785156
-880.9910278320312 -133.11709594726562
-879.0213012695312 -134.85804748535156
-881.0159301757812 -136.77357482910156
-879.016357421875 -136.1959991455078
-881.0050659179688 -137.9438934326172
-879.0052490234375 -139.31678771972656
-881.0016479492188 -141.2881317138672
-879.003662109375 -141.55599975585938
-880.9215087890625 -143.45611572265625
-878.9217529296875 -145.23594665527344
-880.9193725585938 -147.220703125
-878.9228515625 -147.06309509277344
-880.9174194335938 -148.7259063720703
-878.9195556640625 -149.56492614746094
-880.905029296875 -150.8082733154297
-878.9051513671875 -151.0489501953125
-880.9024047851562 -153.03628540039062
-882.90185546875 -154.31861877441406
-880.9036865234375 -156.10813903808594
-882.8938598632812 -157.6234130859375
-880.9524536132812 -159.55923461914062
-882.9493408203125 -161.47103881835938
-880.9507446289062 -162.9459991455078
-882.9459838867188 -164.8870849609375
-880.9473266601562 -166.12847900390625
-882.8949584960938 -168.11203002929688
-880.8953247070312 -168.35598754882812
-882.8334350585938 -170.3541717529297
-880.8478393554688 -172.3324737548828
-878.8853149414062 -174.18154907226562
-880.6633911132812 -176.18153381347656
-879.0310668945312 -178.08103942871094
-878.81982421875 -180.07972717285156
-880.8193359375 -178.08050537109375
-882.7385864257812 -180.07659912109375
-884.7313842773438 -182.07656860351562
-886.7092895507812 -180.0856475830078
-888.6907958984375 -182.08543395996094
-890.642333984375 -180.09458923339844
-892.3675537109375 -182.0945587158203
-891.1218872070312 -180.97894287109375
-892.0122680664062 -182.97885131835938
-890.0451049804688 -181.88565063476562
-891.884033203125 -183.8852081298828
-889.9073486328125 -185.49627685546875
-891.8981323242188 -185.88687133789062
-893.8922119140625 -187.0608367919922
-892.4938354492188 -188.97132873535156
-894.4935913085938 -190.8972930908203
-892.659912109375 -192.8064727783203
-894.5722045898438 -194.45999145507812
-892.6077880859375 -196.282958984375
-894.6070556640625 -198.25967407226562
-892.7792358398438 -200.1598663330078
-890.8131713867188 -201.9701690673828
-892.8125 -203.94325256347656
-893.1611938476562 -205.77642822265625
-891.1748657226562 -207.751220703125
-893.1575927734375 -209.7467803955078
-892.2274780273438 -211.31668090820312
-894.2214965820312 -213.31021118164062
-892.2467651367188 -214.81686401367188
-894.2398681640625 -216.80384826660156
-892.5797729492188 -218.76463317871094
-891.4155883789062 -220.40255737304688
-893.4136962890625 -222.40200805664062
-895.0747680664062 -224.3985137939453
-897.0286865234375 -226.39834594726562
-899.0108642578125 -228.39825439453125
-901.0090942382812 -226.4140625
-902.9802856445312 -228.4139862060547
-904.9783325195312 -226.462158203125
-906.9528198242188 -228.46080017089844
-908.8453369140625 -226.49313354492188
-910.7953491210938 -228.492431640625
-912.7908935546875 -226.5137481689453
-914.17431640625 -228.51272583007812
-916.1549682617188 -226.53709411621094
-918.101806640625 -228.53622436523438
-920.1005859375 -226.9079132080078
-922.068603515625 -228.90782165527344
-924.0573120117188 -226.91246032714844
-925.657470703125 -228.9121856689453
-927.65625 -226.9489288330078
-929.3624267578125 -228.9487762451172
-931.3623657226562 -227.08827209472656
-933.3160400390625 -229.0878143310547
-935.3076171875 -228.9445037841797
-937.3076171875 -228.4833526611328
-939.3075561523438 -228.58743286132812
-941.3075561523438 -230.42721557617188
-943.3074340820312 -232.35670471191406
-945.307373046875 -234.15609741210938
-947.307373046875 -233.51828002929688
-949.3073120117188 -232.21517944335938
-951.3038330078125 -230.52371215820312
-953.3016357421875 -228.8057861328125
-955.2952270507812 -227.36553955078125
-957.2929077148438 -225.43052673339844
-959.2926635742188 -224.1974639892578
-961.2926025390625 -222.25875854492188
-963.2911376953125 -220.3038330078125
-965.2896118164062 -218.3212127685547
-967.28955078125 -216.3226318359375
-969.2894897460938 -214.34213256835938
-971.288818359375 -216.32334899902344
-973.2886962890625 -214.33265686035156
-975.2869262695312 -216.33143615722656
-977.28662109375 -214.3332061767578
-979.2794189453125 -216.33221435546875
-981.2791137695312 -218.32229614257812
-983.2783813476562 -216.33340454101562
-985.2715454101562 -218.3316192626953
-987.268798828125 -216.33746337890625
-989.2683715820312 -214.3522491455078
-991.2660522460938 -216.3487091064453
-993.2659912109375 -214.3625030517578
-995.265869140625 -216.35934448242188
-997.2622680664062 -214.44029235839844
-999.2306518554688 -216.42626953125
-1001.2249145507812 -214.44924926757812
-1003.1605224609375 -216.4378662109375
-1005.1591796875 -214.45510864257812
-1007.1568603515625 -216.44122314453125
-1009.1537475585938 -214.46095275878906
-1011.1534423828125 -212.46817016601562
-1013.1370849609375 -214.46783447265625
-1015.1365356445312 -212.47840881347656
-1017.1349487304688 -214.47311401367188
-1019.1345825195312 -212.50352478027344
-1021.1328735351562 -214.49319458007812
-1023.1309814453125 -216.49252319335938
-1025.0819091796875 -214.49488830566406
-1027.0218505859375 -216.48487854003906
-1029.0208740234375 -214.61688232421875
-1030.9830322265625 -216.4718017578125
-1032.9796142578125 -214.49142456054688
-1034.975341796875 -216.48997497558594
-1036.96875 -214.5166778564453
-1038.9671630859375 -216.49789428710938
-1040.9608154296875 -214.50257873535156
-1042.9605712890625 -216.4997100830078
-1044.95751953125 -218.45994567871094
-1046.9573974609375 -216.6619415283203
-1048.9512939453125 -218.6445770263672
-1050.950927734375 -220.45603942871094
-1052.8812255859375 -219.92823791503906
-1052.3675537109375 -218.1725311279297
-1054.259521484375 -216.52879333496094
-1056.253173828125 -214.57888793945312
-1058.22705078125 -216.11619567871094
-1060.222900390625 -214.18798828125
-1062.2220458984375 -216.1298370361328
-1064.2120361328125 -214.1947784423828
-1066.2044677734375 -215.3411407470703
-1068.1162109375 -213.69374084472656
-1069.2376708984375 -214.94183349609375
-1071.1650390625 -216.84791564941406
-1073.128173828125 -214.92929077148438
-1075.090576171875 -216.8654022216797
-1077.0704345703125 -218.30674743652344
-1079.0703125 -216.50689697265625
-1081.0067138671875 -218.1973876953125
-1082.986572265625 -220.04525756835938
-1084.7684326171875 -218.27865600585938
-1086.75 -220.16371154785156
-1087.9378662109375 -218.18356323242188
-1089.7645263671875 -218.4602813720703
-1091.5322265625 -220.1221923828125
-1093.37158203125 -218.51406860351562
-1092.0267333984375 -216.517578125
-1093.88427734375 -217.85447692871094
-1094.872314453125 -215.85595703125
