-879.7464599609375 -109.05450439453125
-877.7477416992188 -111.00751495361328
-879.259033203125 -112.95377349853516
-880.128173828125 -114.95375061035156
-878.2734375 -116.95372772216797
-879.3129272460938 -118.95370483398438
-881.26416015625 -120.95370483398438
-880.8126831054688 -122.95369720458984
-878.9297485351562 -124.95357513427734
-880.8690185546875 -126.95355224609375
-878.9186401367188 -128.95352172851562
-879.7031860351562 -130.89865112304688
-881.50244140625 -132.89862060546875
-880.6626586914062 -134.8973388671875
-878.99853515625 -136.89724731445312
-880.8658447265625 -138.89720153808594
-878.8731079101562 -140.7938232421875
-880.5552978515625 -142.7938232421875
-878.5924072265625 -144.7933807373047
-879.8422241210938 -146.79330444335938
-880.9530639648438 -148.7927703857422
-879.2363891601562 -150.7806854248047
-881.01025390625 -152.78062438964844
-882.5599365234375 -154.72039794921875
-880.6495971679688 -156.7190399169922
-882.3837280273438 -158.7190399169922
-880.3886108398438 -160.5762939453125
-882.1788330078125 -162.57627868652344
-880.2833251953125 -164.57608032226562
-881.9337158203125 -166.57606506347656
-881.4151611328125 -168.5758819580078
-883.3240356445312 -170.5758514404297
-884.2705078125 -172.57574462890625
-882.5546264648438 -174.540771484375
-880.8173217773438 -176.540771484375
-879.2470092773438 -178.54075622558594
-880.3983764648438 -176.5408477783203
-881.7605590820312 -178.54071044921875
-882.5146484375 -180.54071044921875
-882.1246337890625 -178.54177856445312
-882.499755859375 -180.54177856445312
-883.7251586914062 -178.54232788085938
-883.7373046875 -180.54232788085938
-885.3292846679688 -178.544677734375
-886.6881713867188 -180.544677734375
-886.4639892578125 -182.544677734375
-886.27392578125 -180.54843139648438
-888.026123046875 -182.54843139648438
-889.5858154296875 -180.56007385253906
-891.4043579101562 -182.56005859375
-889.4393310546875 -183.4097137451172
-891.1992797851562 -181.4246826171875
-892.8516235351562 -183.4246826171875
-891.2213745117188 -185.06231689453125
-893.0489501953125 -184.10133361816406
-891.0982666015625 -185.0618438720703
-892.9705200195312 -184.4659423828125
-892.2409057617188 -185.1028289794922
-891.4141235351562 -186.90228271484375
-891.4039306640625 -188.67837524414062
-892.8978271484375 -190.6773681640625
-892.7826538085938 -192.61041259765625
-894.1812133789062 -194.6103973388672
-894.9088134765625 -195.8614959716797
-894.2584228515625 -197.70018005371094
-893.7064208984375 -199.3441162109375
-893.3258666992188 -201.34149169921875
-892.7369384765625 -202.19032287597656
-891.1778564453125 -203.22894287109375
-893.1289672851562 -205.22824096679688
-892.0541381835938 -207.12515258789062
-892.6174926757812 -209.12173461914062
-890.6616821289062 -209.01133728027344
-892.6431884765625 -211.00987243652344
-892.1522827148438 -212.1011505126953
-892.2106323242188 -214.10107421875
-893.985107421875 -216.10055541992188
-892.1890869140625 -218.055908203125
-893.85302734375 -220.055908203125
-893.9767456054688 -222.04928588867188
-893.2452392578125 -224.0491485595703
-894.516845703125 -226.04913330078125
-896.296875 -228.0491180419922
-897.7666015625 -226.0647735595703
-899.5806274414062 -228.0647735595703
-901.430419921875 -226.0650634765625
-901.766845703125 -228.0650634765625
-903.6351928710938 -226.065185546875
-905.0718994140625 -228.065185546875
-906.724853515625 -226.0734405517578
-908.6826171875 -228.07342529296875
-910.5592651367188 -226.07382202148438
-912.2078857421875 -228.07373046875
-914.115966796875 -226.07655334472656
-916.07861328125 -228.07655334472656
-917.2710571289062 -226.07675170898438
-919.23291015625 -228.0767364501953
-920.8856811523438 -226.076904296875
-922.5313110351562 -228.076904296875
-924.3536987304688 -226.07713317871094
-926.2699584960938 -228.07713317871094
-928.2631225585938 -226.07766723632812
-930.0219116210938 -228.07765197753906
-931.9782104492188 -226.31634521484375
-933.886962890625 -228.31629943847656
-935.88525390625 -227.60269165039062
-937.8820190429688 -229.60269165039062
-939.8798828125 -231.21070861816406
-941.872802734375 -232.938232421875
-943.872314453125 -234.8448486328125
-945.8702392578125 -236.80572509765625
-947.8701171875 -238.19314575195312
-949.6488647460938 -236.19337463378906
-951.3573608398438 -234.19406127929688
-953.3140869140625 -232.1985321044922
-954.8045043945312 -230.364990234375
-956.7463989257812 -228.43707275390625
-958.6730346679688 -226.44577026367188
-958.4016723632812 -224.45059204101562
-959.0896606445312 -222.4509735107422
-960.8411254882812 -220.4509735107422
-962.290283203125 -218.45098876953125
-964.257080078125 -216.4533233642578
-966.2069702148438 -214.45338439941406
-968.2064208984375 -216.453369140625
-970.1517944335938 -214.45355224609375
-972.127685546875 -216.45355224609375
-973.9295043945312 -214.45851135253906
-975.8511962890625 -216.45851135253906
-977.8397827148438 -214.4585418701172
-979.83056640625 -216.45852661132812
-981.8271484375 -218.45838928222656
-983.4524536132812 -216.45977783203125
-985.4143676757812 -218.4597625732422
-985.0614013671875 -216.46832275390625
-986.9053344726562 -214.47023010253906
-988.8610229492188 -216.47023010253906
-988.9622802734375 -214.47105407714844
-990.8564453125 -216.47103881835938
-992.8472900390625 -214.47216796875
-994.8408203125 -216.47216796875
-994.9190063476562 -214.47244262695312
-996.8876953125 -216.47244262695312
-998.7938232421875 -214.4727783203125
-1000.7896728515625 -216.47276306152344
-1002.5220947265625 -214.49046325683594
-1004.491943359375 -216.49046325683594
-1004.7952270507812 -214.49049377441406
-1006.7943115234375 -216.49041748046875
-1005.1593627929688 -214.5000762939453
-1007.1384887695312 -216.5000457763672
-1008.4786376953125 -214.50616455078125
-1010.2940063476562 -212.5095672607422
-1012.2915649414062 -214.50955200195312
-1014.0945434570312 -212.5178985595703
-1016.084228515625 -214.51788330078125
-1017.379150390625 -212.53671264648438
-1019.2936401367188 -214.53668212890625
-1021.2661743164062 -216.53668212890625
-1022.2418823242188 -214.5387725830078
-1024.2347412109375 -216.5386962890625
-1023.555908203125 -214.64915466308594
-1025.551513671875 -216.64915466308594
-1026.6348876953125 -214.65611267089844
-1028.6314697265625 -216.65597534179688
-1030.32666015625 -214.67999267578125
-1032.3162841796875 -216.6799774169922
-1031.1461181640625 -214.6834716796875
-1033.1435546875 -216.68344116210938
-1031.2215576171875 -214.7369384765625
-1033.2198486328125 -216.73692321777344
-1035.155029296875 -214.95033264160156
-1037.1429443359375 -216.9502410888672
-1037.9761962890625 -215.13621520996094
-1039.9730224609375 -217.13592529296875
-1041.5008544921875 -215.15228271484375
-1043.467529296875 -217.15228271484375
-1045.4595947265625 -219.15223693847656
-1047.40869140625 -218.76211547851562
-1049.4072265625 -220.76197814941406
-1049.5751953125 -218.79412841796875
-1051.574951171875 -220.7938690185547
-1051.3912353515625 -221.42091369628906
-1050.3262939453125 -219.46090698242188
-1052.078369140625 -217.58688354492188
-1052.893310546875 -215.58767700195312
-1054.8914794921875 -217.5875244140625
-1055.6734619140625 -215.61239624023438
-1054.4588623046875 -213.61268615722656
-1056.4578857421875 -215.61260986328125
-1056.4093017578125 -213.6131134033203
-1058.38427734375 -215.6131134033203
-1057.5948486328125 -213.8173065185547
-1059.459716796875 -215.81729125976562
-1059.2646484375 -213.920654296875
-1061.19921875 -215.92062377929688
-1061.4967041015625 -213.9242401123047
-1063.4964599609375 -215.9242401123047
-1065.0799560546875 -213.94021606445312
-1067.07568359375 -215.93943786621094
-1068.17236328125 -213.95309448242188
-1069.9093017578125 -215.95306396484375
-1069.3935546875 -213.9764862060547
-1071.293212890625 -215.97647094726562
-1072.32373046875 -217.51800537109375
-1074.2535400390625 -216.27880859375
-1076.22412109375 -218.27877807617188
-1077.1497802734375 -220.1932373046875
-1079.14111328125 -220.9058380126953
-1077.9609375 -218.9070281982422
-1079.8704833984375 -217.8408660888672
-1081.8341064453125 -219.8408660888672
-1080.73193359375 -218.00596618652344
-1082.722412109375 -220.00595092773438
-1083.92431640625 -218.06564331054688
-1085.9229736328125 -220.06558227539062
-1084.619384765625 -218.08741760253906
-1086.4990234375 -220.08741760253906
-1085.989013671875 -218.08778381347656
-1087.979248046875 -220.08763122558594
-1086.2738037109375 -218.0916748046875
-1088.2332763671875 -220.09161376953125
-1089.298583984375 -218.115478515625
-1091.24365234375 -220.11546325683594
-1089.7333984375 -218.14097595214844
-1091.733154296875 -220.1405029296875
-1090.478271484375 -218.1454315185547
-1092.4656982421875 -220.1454315185547
-1090.9788818359375 -218.17442321777344
-1092.936767578125 -220.17442321777344
-1092.3546142578125 -218.17526245117188
-1090.6644287109375 -216.18174743652344
-1092.643798828125 -218.18173217773438
-1093.1663818359375 -216.18392944335938
