-879.7335815429688 -109.05126953125
-878.2289428710938 -110.93226623535156
-880.223876953125 -110.10263061523438
-879.6979370117188 -112.0918960571289
-879.8427734375 -114.07720184326172
-878.1179809570312 -116.0287857055664
-880.1085205078125 -117.82008361816406
-880.75244140625 -119.70795440673828
-879.2981567382812 -121.68225860595703
-881.296875 -121.95797729492188
-880.9425048828125 -123.76904296875
-879.2578735351562 -125.76422119140625
-881.2500610351562 -127.72322082519531
-879.4468383789062 -129.72079467773438
-881.4269409179688 -128.3961944580078
-880.1087036132812 -130.38525390625
-879.3169555664062 -132.38150024414062
-881.265625 -134.25550842285156
-882.4815673828125 -136.23670959472656
-880.9157104492188 -138.2200164794922
-879.357666015625 -140.1848602294922
-881.2630615234375 -142.10301208496094
-881.9495239257812 -143.96156311035156
-882.5966186523438 -145.9455108642578
-881.0662841796875 -147.94412231445312
-882.3182983398438 -149.92446899414062
-881.8970947265625 -151.90774536132812
-880.6419677734375 -153.873046875
-882.6015625 -155.64976501464844
-880.802490234375 -157.64376831054688
-882.7813110351562 -159.6010284423828
-881.0765991210938 -161.59393310546875
-882.9575805664062 -163.57901000976562
-882.2457275390625 -165.57513427734375
-880.8570556640625 -167.56126403808594
-882.351806640625 -169.1436767578125
-883.8544921875 -171.14141845703125
-881.8773193359375 -173.13844299316406
-882.8673095703125 -175.10107421875
-883.2241821289062 -177.099609375
-885.10595703125 -179.09921264648438
-887.076416015625 -181.09097290039062
-887.9547729492188 -183.0629119873047
-889.9354248046875 -181.1114044189453
-891.9036865234375 -183.10353088378906
-892.9426879882812 -185.0177001953125
-891.5866088867188 -186.95672607421875
-893.5852661132812 -188.64515686035156
-891.8343505859375 -190.60934448242188
-893.7694091796875 -192.51504516601562
-892.5228271484375 -194.5023651123047
-894.4913330078125 -196.26268005371094
-894.0517578125 -198.23809814453125
-894.165771484375 -200.1544647216797
-893.3655395507812 -202.11134338378906
-892.9600219726562 -203.93687438964844
-894.8919677734375 -205.91256713867188
-895.5504760742188 -207.9078369140625
-893.5784301757812 -209.82342529296875
-894.0370483398438 -211.82286071777344
-895.41357421875 -213.8018341064453
-893.5296630859375 -215.73052978515625
-894.9131469726562 -217.67794799804688
-894.4058227539062 -219.6317138671875
-893.9368286132812 -221.61526489257812
-895.9075927734375 -223.6128387451172
-897.8778686523438 -225.59323120117188
-899.8446044921875 -227.58648681640625
-901.8441772460938 -225.58740234375
-903.7952270507812 -227.5821075439453
-905.7489013671875 -225.5885009765625
-907.6472778320312 -227.51438903808594
-909.6438598632812 -225.5181121826172
-911.6406860351562 -227.51747131347656
-913.638916015625 -225.5216064453125
-915.6376953125 -227.50558471679688
-917.6358032226562 -225.50730895996094
-919.5897827148438 -227.47262573242188
-921.5835571289062 -225.4816436767578
-923.583251953125 -227.4767608642578
-925.5831909179688 -225.48333740234375
-927.4853515625 -227.48155212402344
-929.3548583984375 -229.40570068359375
-931.3543090820312 -228.12191772460938
-933.3532104492188 -227.19187927246094
-935.3445434570312 -229.1826629638672
-937.3247680664062 -229.9442138671875
-939.3246459960938 -231.32565307617188
-941.3241577148438 -233.28904724121094
-943.3235473632812 -234.77090454101562
-945.316162109375 -236.6531524658203
-947.316162109375 -238.4813232421875
-949.3161010742188 -236.48724365234375
-951.3159790039062 -234.8302459716797
-953.3151245117188 -233.1125030517578
-955.3150024414062 -231.4117889404297
-957.2625122070312 -229.81227111816406
-959.2468872070312 -228.0005340576172
-961.24365234375 -226.43321228027344
-962.8909912109375 -225.16342163085938
-964.8215942382812 -223.476318359375
-966.5214233398438 -221.48231506347656
-968.5172729492188 -219.48257446289062
-970.5074462890625 -217.48284912109375
-972.5066528320312 -215.4830780029297
-974.506591796875 -217.47471618652344
-976.4811401367188 -215.4764862060547
-978.480224609375 -217.4528045654297
-980.473388671875 -215.45338439941406
-982.4728393554688 -217.43934631347656
-984.4725952148438 -215.43955993652344
-986.4723510742188 -217.4254913330078
-988.4688110351562 -215.42588806152344
-990.4686279296875 -217.40206909179688
-992.4552612304688 -215.40213012695312
-994.4552001953125 -217.37506103515625
-996.4500732421875 -215.37606811523438
-998.4497680664062 -217.20982360839844
-1000.444091796875 -215.20985412597656
-1002.444091796875 -217.1895751953125
-1004.4261474609375 -215.18959045410156
-1006.3866577148438 -213.1898193359375
-1008.385498046875 -215.1845245361328
-1010.381591796875 -213.1845245361328
-1012.3815307617188 -215.1396942138672
-1014.3758544921875 -213.1397247314453
-1016.36962890625 -211.14280700683594
-1018.3695068359375 -212.678955078125
-1020.3688354492188 -214.4374237060547
-1022.3658447265625 -216.38356018066406
-1024.3521728515625 -214.38357543945312
-1026.3499755859375 -215.81491088867188
-1028.3187255859375 -213.82998657226562
-1030.318359375 -215.73727416992188
-1032.2838134765625 -213.73736572265625
-1034.2835693359375 -215.31138610839844
-1036.2835693359375 -217.1696319580078
-1038.2696533203125 -215.1697235107422
-1040.2684326171875 -217.13307189941406
-1042.143310546875 -215.13356018066406
-1044.1409912109375 -217.0985107421875
-1046.1409912109375 -218.93695068359375
-1048.139404296875 -217.0691375732422
-1050.1392822265625 -218.69593811035156
-1052.1392822265625 -220.62222290039062
-1051.349609375 -219.07493591308594
-1051.85302734375 -217.0768280029297
-1053.8514404296875 -218.91400146484375
-1054.5819091796875 -216.91445922851562
-1055.658447265625 -214.9147186279297
-1057.657958984375 -216.35752868652344
-1059.5787353515625 -214.3645477294922
-1061.573486328125 -216.2841796875
-1063.3992919921875 -214.29071044921875
-1065.3956298828125 -215.54502868652344
-1066.781005859375 -213.56341552734375
-1068.77099609375 -215.33338928222656
-1070.770751953125 -216.7059326171875
-1072.7392578125 -214.76625061035156
-1074.7391357421875 -216.6510009765625
-1076.738525390625 -218.57730102539062
-1078.727783203125 -218.92620849609375
-1079.6915283203125 -216.94122314453125
-1081.689208984375 -218.5706787109375
-1081.787353515625 -216.63165283203125
-1083.7833251953125 -218.61129760742188
-1085.78271484375 -220.52760314941406
-1087.1536865234375 -218.7597198486328
-1088.9482421875 -217.3538360595703
-1090.932373046875 -219.28102111816406
-1090.74560546875 -217.69952392578125
-1092.7420654296875 -219.64608764648438
-1092.7158203125 -217.6632843017578
-1094.70751953125 -219.61888122558594
-1092.804443359375 -217.6216278076172
-1094.8004150390625 -219.509521484375
-1094.8974609375 -217.51434326171875
