-879.7330322265625 -109.04755401611328
-877.7359008789062 -107.77690887451172
-879.6889038085938 -109.75782012939453
-877.6907958984375 -110.3657455444336
-879.6360473632812 -108.97083282470703
-881.6244506835938 -110.9684066772461
-879.6280517578125 -110.93182373046875
-878.0511474609375 -112.47872924804688
-879.9461669921875 -111.41915130615234
-877.9651489257812 -112.99055480957031
-879.9146118164062 -113.43416595458984
-878.0281372070312 -115.35492706298828
-880.0089111328125 -114.61539459228516
-878.5652465820312 -116.22531127929688
-880.5494384765625 -116.57025909423828
-878.5697631835938 -117.87934875488281
-880.5521240234375 -118.46907043457031
-878.685546875 -119.9108657836914
-880.6761474609375 -121.76727294921875
-878.8582763671875 -123.7364730834961
-880.7219848632812 -125.37225341796875
-878.792724609375 -127.165771484375
-880.7409057617188 -128.71783447265625
-878.9139404296875 -130.23309326171875
-880.7539672851562 -129.27464294433594
-880.6047973632812 -131.24057006835938
-878.9188842773438 -132.0868377685547
-880.8948974609375 -130.61961364746094
-880.0259399414062 -132.54360961914062
-881.9426879882812 -132.3876495361328
-880.06005859375 -134.10244750976562
-881.680419921875 -135.9395751953125
-880.1400756835938 -137.92054748535156
-881.8076782226562 -139.89901733398438
-879.8216552734375 -141.12283325195312
-881.8206176757812 -143.0734405517578
-880.53173828125 -142.65585327148438
-880.1382446289062 -144.3863983154297
-882.1134033203125 -145.20904541015625
-881.2457885742188 -147.17933654785156
-880.7820434570312 -148.80307006835938
-881.85888671875 -150.323974609375
-880.892578125 -152.17689514160156
-880.9174194335938 -154.02426147460938
-881.8845825195312 -154.99307250976562
-883.6359252929688 -156.3131866455078
-882.0629272460938 -158.0762939453125
-880.3110961914062 -160.00192260742188
-881.6001586914062 -161.90110778808594
-882.9911499023438 -163.69419860839844
-883.9100341796875 -165.6166534423828
-882.5613403320312 -167.38790893554688
-882.5057373046875 -169.17477416992188
-881.8598022460938 -168.79830932617188
-880.1385498046875 -170.0226593017578
-882.0771484375 -171.9783477783203
-880.7379150390625 -173.66580200195312
-882.4393920898438 -175.66065979003906
-883.763916015625 -177.6558837890625
-885.41259765625 -179.57986450195312
-887.1986083984375 -181.57156372070312
-888.7821044921875 -179.57508850097656
-890.683349609375 -181.55210876464844
-892.4287719726562 -183.5466766357422
-890.76318359375 -183.72662353515625
-892.6844482421875 -181.7595672607422
-891.214111328125 -179.89859008789062
-892.8826904296875 -181.894287109375
-891.1216430664062 -182.25271606445312
-893.117431640625 -184.2431182861328
-891.259765625 -185.56752014160156
-893.20068359375 -184.00291442871094
-893.3591918945312 -184.72393798828125
-891.5857543945312 -186.6533966064453
-892.9829711914062 -185.48204040527344
-893.2669677734375 -187.3876190185547
-892.2622680664062 -189.16835021972656
-894.1513671875 -190.3977508544922
-893.682373046875 -192.2710723876953
-892.7808227539062 -194.24102783203125
-893.8372192382812 -195.19802856445312
-893.0121459960938 -197.13226318359375
-891.7918090820312 -198.86082458496094
-893.6895141601562 -198.7664794921875
-894.1883544921875 -200.6643829345703
-893.2736206054688 -202.20831298828125
-893.7493286132812 -204.1730499267578
-894.7189331054688 -205.51795959472656
-893.2044067382812 -207.2924041748047
-891.3209838867188 -207.05125427246094
-893.2210693359375 -208.7891845703125
-891.837158203125 -210.72259521484375
-893.7957763671875 -210.86553955078125
-893.2874145507812 -212.7443389892578
-893.2110595703125 -214.56979370117188
-894.5223388671875 -216.09054565429688
-893.8272705078125 -218.0095977783203
-892.6566772460938 -218.3702850341797
-893.9859008789062 -220.18008422851562
-895.5438232421875 -222.17324829101562
-896.4114379882812 -224.1706085205078
-898.1535034179688 -226.16726684570312
-900.1329956054688 -228.16619873046875
-902.0833129882812 -226.16622924804688
-903.9248046875 -228.16549682617188
-905.7083129882812 -226.16647338867188
-907.7031860351562 -228.16566467285156
-909.3961791992188 -226.16603088378906
-911.3952026367188 -228.14166259765625
-913.3760986328125 -226.14212036132812
-915.3619995117188 -228.1414794921875
-917.267333984375 -226.1417236328125
-919.2662353515625 -228.1400146484375
-921.1235961914062 -226.14007568359375
-923.1155395507812 -228.1359100341797
-924.9535522460938 -226.1361083984375
-926.9063110351562 -228.11013793945312
-928.7379150390625 -226.11541748046875
-930.7337036132812 -228.09959411621094
-932.7332153320312 -226.15560913085938
-934.6895141601562 -227.6383056640625
-936.6406860351562 -229.43917846679688
-938.637451171875 -227.47274780273438
-940.6353759765625 -228.5267791748047
-942.6290893554688 -226.73460388183594
-944.6285400390625 -228.6792755126953
-946.6270751953125 -229.8214874267578
-948.0540771484375 -227.82205200195312
-950.0172729492188 -225.82208251953125
-951.9174194335938 -223.82220458984375
-953.80029296875 -221.8222198486328
-955.619140625 -219.8222198486328
-957.5269165039062 -217.8222198486328
-959.5166015625 -215.8222198486328
-961.36376953125 -213.8222198486328
-963.3496704101562 -215.79441833496094
-965.244873046875 -213.79444885253906
-967.2439575195312 -215.78965759277344
-968.1492309570312 -213.7896728515625
-970.1328125 -215.78375244140625
-971.668701171875 -213.7838592529297
-973.6078491210938 -215.74937438964844
-975.604248046875 -217.7045440673828
-977.382080078125 -215.70455932617188
-979.3757934570312 -217.6936798095703
-981.0204467773438 -215.69378662109375
-983.01904296875 -217.6875457763672
-984.9351806640625 -215.68763732910156
-986.9287719726562 -217.68638610839844
-988.8582763671875 -215.6864013671875
-990.8508911132812 -217.6787872314453
-992.825927734375 -215.67880249023438
-994.7786254882812 -213.67893981933594
-996.7783203125 -215.38406372070312
-998.7645874023438 -217.24571228027344
-1000.7277221679688 -215.24581909179688
-1002.7268676757812 -217.19100952148438
-1001.5332641601562 -215.19102478027344
-1003.5325927734375 -217.09017944335938
-1004.9051513671875 -215.09017944335938
-1006.583740234375 -213.09024047851562
-1008.5758666992188 -215.06607055664062
-1010.36865234375 -213.06610107421875
-1012.3082885742188 -215.02638244628906
-1014.3052368164062 -213.0264892578125
-1016.2830200195312 -214.93612670898438
-1017.9048461914062 -212.93618774414062
-1019.8338012695312 -214.84825134277344
-1021.6906127929688 -212.8482666015625
-1023.5392456054688 -214.78671264648438
-1025.52099609375 -216.7645263671875
-1027.4327392578125 -214.7645721435547
-1029.4281005859375 -216.76271057128906
-1031.3656005859375 -214.76272583007812
-1033.025390625 -216.7418670654297
-1035.013671875 -214.7418975830078
-1037.0074462890625 -216.67369079589844
-1038.8023681640625 -214.67372131347656
-1040.80078125 -216.58547973632812
-1042.720947265625 -214.5855712890625
-1044.7181396484375 -216.31349182128906
-1046.645263671875 -218.30125427246094
-1048.6378173828125 -220.28782653808594
-1050.6063232421875 -218.37905883789062
-1052.6038818359375 -219.99591064453125
-1051.835693359375 -217.99595642089844
-1051.12646484375 -215.9961700439453
-1053.124267578125 -217.8128662109375
-1053.1959228515625 -215.81288146972656
-1055.1888427734375 -217.49334716796875
-1054.935791015625 -215.49346923828125
-1056.895263671875 -217.3665771484375
-1058.7210693359375 -215.3665771484375
-1058.3795166015625 -213.3666229248047
-1060.3309326171875 -215.1947479248047
-1060.82373046875 -213.19485473632812
-1062.8167724609375 -214.3383331298828
-1064.1229248046875 -212.33859252929688
-1066.0675048828125 -212.98789978027344
-1068.03125 -214.4244384765625
-1069.5264892578125 -216.41494750976562
-1071.350341796875 -214.4151153564453
-1073.32080078125 -215.98582458496094
-1075.314697265625 -217.79197692871094
-1077.3028564453125 -215.80206298828125
-1079.296875 -217.78598022460938
-1081.2279052734375 -219.53265380859375
-1080.839111328125 -217.53311157226562
-1082.8258056640625 -219.4403533935547
-1084.666748046875 -217.44053649902344
-1086.6580810546875 -219.3979949951172
-1087.9593505859375 -217.3987579345703
-1089.943115234375 -219.2180633544922
-1089.1971435546875 -217.23068237304688
-1091.121337890625 -219.18350219726562
-1091.1978759765625 -217.1847381591797
-1093.177490234375 -219.11849975585938
-1091.3095703125 -217.11865234375
-1093.2945556640625 -219.03387451171875
-1091.9813232421875 -217.033935546875
-1093.967041015625 -218.97152709960938
-1092.9671630859375 -216.9716339111328
-1094.9478759765625 -218.94442749023438
