-879.7479858398438 -109.05439758300781
-880.7676391601562 -110.93010711669922
-881.051513671875 -112.87100982666016
-879.5543212890625 -114.8694076538086
-880.8185424804688 -116.86904907226562
-882.1806030273438 -118.85653686523438
-880.49462890625 -120.84623718261719
-879.039794921875 -122.82762908935547
-881.0306396484375 -124.82573699951172
-880.189697265625 -126.82172393798828
-878.3939208984375 -128.81863403320312
-880.3936767578125 -130.45396423339844
-879.2554321289062 -132.44720458984375
-881.1585083007812 -134.2221221923828
-879.8994140625 -136.2092742919922
-881.8978271484375 -138.10401916503906
-881.6214599609375 -140.07522583007812
-881.0070190429688 -142.071044921875
-881.2977905273438 -143.9724884033203
-880.41748046875 -145.95755004882812
-880.9000854492188 -147.91574096679688
-879.9345092773438 -149.9016571044922
-881.9287719726562 -151.71388244628906
-882.3146362304688 -153.5170135498047
-884.1300048828125 -155.5077667236328
-883.0211181640625 -157.506591796875
-883.599365234375 -159.4982452392578
-882.4570922851562 -161.47775268554688
-883.4248657226562 -163.46859741210938
-882.6561279296875 -165.43963623046875
-881.2210693359375 -167.4375762939453
-883.2186889648438 -169.36236572265625
-883.881103515625 -171.21524047851562
-883.7338256835938 -173.20362854003906
-885.0977783203125 -175.13174438476562
-887.0157470703125 -177.13124084472656
-888.5974731445312 -179.1189727783203
-890.474609375 -181.1180419921875
-892.4740600585938 -183.10414123535156
-892.1837768554688 -184.3319549560547
-890.903564453125 -185.2473602294922
-892.9000854492188 -186.23326110839844
-890.916259765625 -188.22430419921875
-892.9086303710938 -189.77598571777344
-892.3984375 -191.52720642089844
-894.3969116210938 -192.80308532714844
-892.9918823242188 -194.77438354492188
-894.32861328125 -196.74244689941406
-892.524658203125 -198.29666137695312
-894.5186767578125 -200.28152465820312
-893.8211059570312 -202.27548217773438
-892.3890991210938 -204.14784240722656
-894.388916015625 -205.8663330078125
-893.0866088867188 -207.86367797851562
-891.1071166992188 -209.84185791015625
-893.1046142578125 -211.8013458251953
-891.9149780273438 -213.7928924560547
-893.9143676757812 -215.24627685546875
-895.1580200195312 -217.1157989501953
-893.337158203125 -219.10386657714844
-892.239013671875 -221.09471130371094
-892.2289428710938 -222.92013549804688
-893.649658203125 -224.89324951171875
-895.3052978515625 -226.8926239013672
-897.2962646484375 -225.09693908691406
-899.2943115234375 -227.09268188476562
-901.294189453125 -229.09249877929688
-903.2155151367188 -227.35470581054688
-904.9864501953125 -228.8675079345703
-906.9813842773438 -227.0135498046875
-908.9772338867188 -228.9952392578125
-910.9735107421875 -229.72470092773438
-912.8206176757812 -227.77774047851562
-914.810791015625 -226.6234893798828
-916.7982788085938 -228.6011505126953
-918.7625732421875 -226.65121459960938
-920.7464599609375 -228.63453674316406
-922.7426147460938 -226.91189575195312
-924.7424926757812 -228.12464904785156
-926.7254638671875 -226.1384735107422
-928.7230834960938 -228.001953125
-930.51611328125 -226.0067596435547
-932.43896484375 -226.57374572753906
-934.4341430664062 -228.50457763671875
-936.4329833984375 -226.61941528320312
-938.4328002929688 -226.05764770507812
-940.4315795898438 -224.24502563476562
-942.4069213867188 -222.36041259765625
-944.4052734375 -220.85763549804688
-946.4033203125 -219.0531463623047
-948.3955688476562 -218.74099731445312
-950.3953247070312 -216.87681579589844
-952.3923950195312 -214.89501953125
-954.2869873046875 -215.31298828125
-955.8081665039062 -213.34085083007812
-957.6107788085938 -211.73623657226562
-958.0125732421875 -213.28057861328125
-959.9478149414062 -215.27105712890625
-961.3308715820312 -213.27345275878906
-961.4398193359375 -215.20980834960938
-963.0858154296875 -217.18040466308594
-964.9517822265625 -215.1822509765625
-964.7255249023438 -213.2891082763672
-966.7222290039062 -214.90008544921875
-968.66552734375 -216.80743408203125
-970.2722778320312 -214.8089141845703
-972.1797485351562 -216.7884979248047
-973.865478515625 -214.8273468017578
-975.8377685546875 -216.82708740234375
-977.3017578125 -214.82749938964844
-978.8153076171875 -216.8158416748047
-980.7625732421875 -214.83689880371094
-982.5537109375 -216.83189392089844
-984.448486328125 -215.52220153808594
-986.1617431640625 -217.503662109375
-987.9867553710938 -215.51414489746094
-989.9852905273438 -217.4095001220703
-991.94970703125 -215.44471740722656
-993.9495849609375 -213.44569396972656
-995.9483032226562 -215.4121856689453
-997.9441528320312 -217.18394470214844
-999.3250732421875 -215.1909942626953
-1001.3197631835938 -217.182861328125
-1003.143798828125 -215.18368530273438
-1004.765869140625 -217.15435791015625
-1004.5836791992188 -215.16598510742188
-1006.4210205078125 -213.1723175048828
-1008.3124389648438 -215.09841918945312
-1008.7445068359375 -213.11509704589844
-1010.6680297851562 -215.0158233642578
-1012.6613159179688 -213.02322387695312
-1014.6202392578125 -211.03053283691406
-1016.5236206054688 -210.68896484375
-1015.8543090820312 -212.4444122314453
-1017.6434326171875 -214.42190551757812
-1019.5293579101562 -212.42604064941406
-1021.5156860351562 -214.2548065185547
-1020.1719360351562 -216.19451904296875
-1022.0728759765625 -214.23590087890625
-1023.3248291015625 -216.22430419921875
-1024.531005859375 -214.23895263671875
-1026.3033447265625 -216.21737670898438
-1028.2845458984375 -214.22525024414062
-1030.2803955078125 -214.9950408935547
-1032.132568359375 -216.83546447753906
-1033.6669921875 -214.84390258789062
-1035.222900390625 -216.6096954345703
-1037.1805419921875 -214.6171417236328
-1036.4776611328125 -216.41078186035156
-1038.0806884765625 -214.4154510498047
-1038.9482421875 -216.36024475097656
-1040.8350830078125 -214.44366455078125
-1042.3380126953125 -215.6532745361328
-1043.3583984375 -217.4770965576172
-1045.352783203125 -215.49781799316406
-1046.2015380859375 -216.76162719726562
-1047.592041015625 -217.08383178710938
-1048.7327880859375 -218.50845336914062
-1049.2174072265625 -220.44752502441406
-1047.2706298828125 -218.5328826904297
-1049.2548828125 -220.4874725341797
-1047.542236328125 -218.52264404296875
-1049.5413818359375 -220.443603515625
-1047.5621337890625 -218.44557189941406
-1049.541015625 -220.41302490234375
-1048.7442626953125 -218.41419982910156
-1050.644287109375 -219.70584106445312
-1051.8875732421875 -217.7494354248047
-1053.820068359375 -215.7659149169922
-1055.1085205078125 -217.49534606933594
-1057.005126953125 -215.5112762451172
-1058.8997802734375 -213.55902099609375
-1060.8731689453125 -215.14263916015625
-1061.6856689453125 -213.16290283203125
-1063.6734619140625 -214.70314025878906
-1065.6689453125 -212.7102813720703
-1064.7955322265625 -214.5831756591797
-1064.864501953125 -215.16180419921875
-1066.84521484375 -213.17269897460938
-1066.6695556640625 -215.1230926513672
-1068.24609375 -214.8939971923828
-1069.9862060546875 -216.85728454589844
-1069.878662109375 -214.86134338378906
-1068.1368408203125 -215.36859130859375
-1067.0596923828125 -217.0379638671875
-1069.0445556640625 -215.4465789794922
-1070.5491943359375 -216.94931030273438
-1072.5484619140625 -214.97695922851562
-1074.217529296875 -216.9712677001953
-1076.2161865234375 -215.08392333984375
-1078.06396484375 -215.31686401367188
-1080.039306640625 -216.16188049316406
-1081.9356689453125 -217.67889404296875
-1083.4521484375 -219.66993713378906
-1085.4517822265625 -217.77120971679688
-1087.1494140625 -217.32086181640625
-1088.8023681640625 -219.29148864746094
-1090.7542724609375 -217.29183959960938
-1092.5152587890625 -218.83738708496094
-1092.0067138671875 -217.94886779785156
-1092.4197998046875 -219.639892578125
-1091.727783203125 -217.64564514160156
-1091.1295166015625 -219.4792938232422
-1093.124267578125 -217.4839630126953
-1094.8519287109375 -218.94815063476562
