-878.8119506835938 -109.05374145507812
-880.3429565429688 -111.0282211303711
-878.3434448242188 -113.02777862548828
-880.3268432617188 -113.73970031738281
-878.3338012695312 -115.73849487304688
-880.100830078125 -117.53087615966797
-878.119873046875 -119.53042602539062
-879.5317993164062 -120.25814056396484
-877.5553588867188 -122.24954986572266
-878.8748168945312 -124.2273178100586
-880.8231811523438 -126.12550354003906
-878.8699951171875 -128.1248779296875
-878.4100341796875 -129.98394775390625
-879.8031616210938 -131.8443603515625
-881.4905395507812 -133.6466064453125
-879.7005004882812 -135.6464385986328
-881.4944458007812 -137.50714111328125
-879.5059204101562 -139.50698852539062
-880.9901733398438 -141.1588134765625
-878.9921264648438 -143.15505981445312
-879.516357421875 -145.0742645263672
-881.3139038085938 -146.69671630859375
-879.4495849609375 -148.69615173339844
-881.2379760742188 -150.63946533203125
-879.2572631835938 -152.63462829589844
-881.1358032226562 -151.70631408691406
-879.2883911132812 -153.70606994628906
-881.1271362304688 -155.68405151367188
-879.7172241210938 -157.64125061035156
-881.4939575195312 -159.5717010498047
-883.3382568359375 -161.3541259765625
-881.3412475585938 -163.3536376953125
-883.0772705078125 -162.76736450195312
-881.5689697265625 -164.7670135498047
-882.9678955078125 -165.73216247558594
-881.3019409179688 -167.73065185546875
-883.219970703125 -169.66017150878906
-881.26123046875 -171.6584930419922
-879.2674560546875 -173.6577911376953
-880.5330200195312 -175.41024780273438
-879.0189819335938 -177.39813232421875
-880.3937377929688 -179.3896026611328
-882.3927612304688 -177.43959045410156
-880.8695678710938 -179.35411071777344
-882.8585205078125 -177.3556365966797
-883.7280883789062 -179.339111328125
-884.1060180664062 -181.33863830566406
-886.1038208007812 -179.34243774414062
-887.6993408203125 -181.33851623535156
-889.6641845703125 -182.6861572265625
-891.6641845703125 -180.70855712890625
-892.0892333984375 -182.6695098876953
-890.09521484375 -184.66546630859375
-892.0855712890625 -183.1485595703125
-890.2059936523438 -185.11251831054688
-892.2040405273438 -184.97454833984375
-890.2236328125 -186.96958923339844
-892.0020751953125 -188.03492736816406
-893.4669799804688 -187.20469665527344
-891.4761962890625 -189.19357299804688
-893.267333984375 -190.2572021484375
-891.2698364257812 -192.25698852539062
-893.2506713867188 -194.12747192382812
-891.2849731445312 -196.12460327148438
-893.1707153320312 -195.11021423339844
-891.2689208984375 -197.02688598632812
-893.2023315429688 -197.70921325683594
-891.4288940429688 -199.70822143554688
-893.304931640625 -199.29710388183594
-891.7951049804688 -201.29493713378906
-893.7433471679688 -200.34829711914062
-892.532470703125 -202.33767700195312
-894.5187377929688 -203.552734375
-892.5325927734375 -205.54664611816406
-894.5028686523438 -204.7655029296875
-893.0101928710938 -206.7426300048828
-891.0523071289062 -208.74241638183594
-893.0490112304688 -206.96487426757812
-891.0986938476562 -208.9577178955078
-893.0778198242188 -210.70562744140625
-891.087890625 -212.70419311523438
-892.658935546875 -214.50845336914062
-890.8118896484375 -216.5082244873047
-892.0827026367188 -218.4364776611328
-893.8680419921875 -219.2261505126953
-892.5482177734375 -221.18272399902344
-890.6403198242188 -223.0565948486328
-891.9692993164062 -224.95608520507812
-893.6931762695312 -226.92266845703125
-895.6931762695312 -224.9242706298828
-894.9944458007812 -226.8527069091797
-896.994384765625 -224.85366821289062
-898.6491088867188 -226.83798217773438
-900.5305786132812 -228.8292236328125
-902.5281372070312 -226.83035278320312
-904.5062255859375 -228.8287353515625
-906.5060424804688 -226.83119201660156
-908.4597778320312 -228.81492614746094
-910.4595947265625 -226.85858154296875
-912.0015258789062 -228.8251953125
-914.0015258789062 -226.8286895751953
-914.8932495117188 -228.8105926513672
-916.8927001953125 -226.81179809570312
-917.9066772460938 -228.67430114746094
-919.9064331054688 -226.69969177246094
-918.5191650390625 -228.23495483398438
-920.5123291015625 -226.23562622070312
-922.49365234375 -227.98043823242188
-924.4851684570312 -225.98550415039062
-926.0784301757812 -227.29718017578125
-927.9262084960938 -229.23208618164062
-929.9260864257812 -227.23451232910156
-931.6195678710938 -228.9695281982422
-933.6184692382812 -227.30435180664062
-935.6080932617188 -229.07803344726562
-937.603271484375 -227.2794647216797
-939.394775390625 -225.3790740966797
-941.338134765625 -224.08526611328125
-943.3357543945312 -222.2742156982422
-945.334228515625 -220.3934326171875
-947.3278198242188 -218.5843505859375
-949.3240966796875 -216.63186645507812
-951.315673828125 -214.7965545654297
-953.244140625 -216.72276306152344
-955.244140625 -214.72323608398438
-956.95703125 -216.541015625
-958.95703125 -214.54112243652344
-960.8401489257812 -216.47866821289062
-962.840087890625 -214.4786834716797
-964.836669921875 -216.12124633789062
-966.8366088867188 -214.1219940185547
-968.4564819335938 -216.10385131835938
-970.4564819335938 -214.12648010253906
-971.0924072265625 -216.11680603027344
-973.0924072265625 -214.12501525878906
-974.6774291992188 -216.09573364257812
-976.671875 -218.0935516357422
-978.6717529296875 -216.09361267089844
-980.4339599609375 -217.02728271484375
-982.42626953125 -215.02737426757812
-984.3619995117188 -216.80657958984375
-986.3618774414062 -214.81639099121094
-988.3173217773438 -215.65708923339844
-989.7825927734375 -216.6390838623047
-991.7825927734375 -214.63998413085938
-993.417724609375 -216.46043395996094
-995.4148559570312 -214.4612274169922
-996.7017211914062 -216.4527587890625
-998.7015991210938 -214.46078491210938
-1000.60986328125 -216.38485717773438
-1002.6094970703125 -214.3916778564453
-1004.4185791015625 -214.12669372558594
-1006.2463989257812 -215.53318786621094
-1008.2445678710938 -213.5367889404297
-1009.9369506835938 -215.5286865234375
-1011.9113159179688 -213.5347137451172
-1013.9108276367188 -211.5736541748047
-1012.4675903320312 -213.3376922607422
-1014.4655151367188 -211.33987426757812
-1012.8352661132812 -211.45233154296875
-1014.715087890625 -212.7470703125
-1016.490478515625 -214.7311248779297
-1018.4895629882812 -212.73114013671875
-1019.7051391601562 -214.6304168701172
-1020.8209838867188 -216.62100219726562
-1022.8204956054688 -214.6217041015625
-1024.173583984375 -216.381103515625
-1026.172119140625 -214.38119506835938
-1024.660400390625 -216.21343994140625
-1026.6573486328125 -214.21717834472656
-1027.489990234375 -216.00564575195312
-1029.4898681640625 -214.00648498535156
-1028.0184326171875 -215.46408081054688
-1029.7135009765625 -217.2342529296875
-1031.687255859375 -215.23770141601562
-1033.3756103515625 -217.20645141601562
-1035.37060546875 -215.21119689941406
-1037.2435302734375 -216.09567260742188
-1039.240234375 -214.095703125
-1038.49853515625 -215.60093688964844
-1037.5654296875 -217.54266357421875
-1039.5518798828125 -215.5428009033203
-1039.4935302734375 -217.49900817871094
-1041.482421875 -215.5140380859375
-1042.245361328125 -216.31541442871094
-1041.0714111328125 -218.21778869628906
-1043.0509033203125 -216.21873474121094
-1044.3642578125 -218.0560760498047
-1046.2408447265625 -216.48948669433594
-1048.0263671875 -218.0638885498047
-1049.9617919921875 -220.02500915527344
-1051.7779541015625 -218.11801147460938
-1053.7347412109375 -216.1276397705078
-1052.320556640625 -216.9413604736328
-1051.033447265625 -218.61294555664062
-1052.9671630859375 -216.62179565429688
-1054.957763671875 -214.6245880126953
-1056.877197265625 -215.40435791015625
-1058.5147705078125 -213.40579223632812
-1060.2154541015625 -212.8744659423828
-1061.8885498046875 -214.87229919433594
-1063.8817138671875 -212.87232971191406
-1062.5548095703125 -214.46490478515625
-1064.5517578125 -212.4766082763672
-1063.010986328125 -214.41128540039062
-1064.9969482421875 -212.4246063232422
-1063.8582763671875 -214.24246215820312
-1065.641845703125 -215.61146545410156
-1067.6121826171875 -213.6179962158203
-1065.6695556640625 -215.00341796875
-1066.0135498046875 -215.06626892089844
-1067.4576416015625 -216.44906616210938
-1069.443603515625 -214.45924377441406
-1067.69873046875 -215.8765411376953
-1069.6639404296875 -213.9119415283203
-1069.7911376953125 -215.83468627929688
-1071.7855224609375 -213.83514404296875
-1070.0653076171875 -215.6302490234375
-1072.0076904296875 -213.6358184814453
-1071.1488037109375 -215.26942443847656
-1070.63525390625 -216.65789794921875
-1072.616943359375 -214.680419921875
-1073.6507568359375 -215.42527770996094
-1074.7056884765625 -217.05018615722656
-1076.634765625 -215.0581512451172
-1074.8861083984375 -217.00999450683594
-1076.8494873046875 -215.01287841796875
-1075.9678955078125 -216.7593994140625
-1075.910888671875 -218.7254638671875
-1077.9083251953125 -216.7355499267578
-1077.5638427734375 -218.62344360351562
-1079.5560302734375 -216.67205810546875
-1078.3839111328125 -218.63990783691406
-1080.1971435546875 -220.1151885986328
-1082.1944580078125 -218.19351196289062
-1084.0782470703125 -219.2025146484375
-1086.065185546875 -217.2036590576172
-1087.9677734375 -217.91607666015625
-1087.70556640625 -219.27896118164062
-1089.703125 -217.28076171875
-1088.9202880859375 -219.1968231201172
-1090.9197998046875 -217.19970703125
-1092.6553955078125 -219.03668212890625
-1094.615966796875 -217.0487060546875
