-876.0767822265625 -109.05445098876953
-874.6719360351562 -111.05366516113281
-876.6631469726562 -113.01361083984375
-878.3716430664062 -114.95927429199219
-880.3330078125 -116.95065307617188
-878.3375854492188 -118.95063781738281
-880.330810546875 -120.94611358642578
-878.3311157226562 -122.94600677490234
-878.2164306640625 -124.9443130493164
-880.1679077148438 -126.93781280517578
-878.1682739257812 -128.93760681152344
-880.0819702148438 -130.92877197265625
-881.5799560546875 -132.92776489257812
-879.580078125 -134.9274444580078
-880.3296508789062 -136.9254913330078
-881.2799682617188 -138.9115753173828
-879.2826538085938 -140.90951538085938
-880.3075561523438 -142.90426635742188
-882.223388671875 -144.9013671875
-880.3505859375 -146.89923095703125
-882.1663818359375 -148.88009643554688
-880.168212890625 -150.8800048828125
-882.14501953125 -152.87045288085938
-880.1450805664062 -154.84593200683594
-882.1316528320312 -156.84268188476562
-880.1376342773438 -158.84259033203125
-881.2579956054688 -160.8011932373047
-882.7560424804688 -162.71408081054688
-880.802001953125 -164.7140655517578
-882.1480712890625 -166.67591857910156
-880.1798095703125 -168.67568969726562
-881.2269287109375 -170.6569061279297
-879.2283325195312 -172.6543426513672
-880.5094604492188 -174.65139770507812
-878.5534057617188 -176.6504364013672
-879.1431274414062 -178.64718627929688
-881.1419677734375 -176.82351684570312
-879.8930053710938 -178.82321166992188
-879.3439331054688 -180.8229217529297
-881.3232421875 -178.82318115234375
-881.1577758789062 -180.82179260253906
-883.0884399414062 -178.82223510742188
-883.1788330078125 -180.8220672607422
-885.1260986328125 -178.91348266601562
-883.8715209960938 -180.9131317138672
-885.8451538085938 -179.02218627929688
-885.1375122070312 -181.02130126953125
-887.0975341796875 -179.04283142089844
-887.9925537109375 -181.04283142089844
-889.8484497070312 -183.03550720214844
-891.84375 -181.07835388183594
-893.3496704101562 -183.07049560546875
-891.5 -185.05101013183594
-893.4905395507812 -183.94851684570312
-891.5146484375 -185.93519592285156
-893.476318359375 -187.2536163330078
-891.495361328125 -189.23863220214844
-892.408935546875 -190.59515380859375
-894.1309204101562 -192.4812774658203
-892.3199462890625 -194.48123168945312
-894.3187255859375 -196.47036743164062
-894.3577270507812 -198.31399536132812
-892.3739013671875 -200.29550170898438
-894.326416015625 -201.6579132080078
-892.34912109375 -203.65663146972656
-894.3489990234375 -205.65049743652344
-893.7545166015625 -207.6503143310547
-892.3038330078125 -209.5523681640625
-893.6715087890625 -211.28575134277344
-891.6785888671875 -213.27752685546875
-893.666748046875 -214.36244201660156
-891.6751098632812 -216.3604736328125
-893.5039672851562 -218.33303833007812
-891.7020874023438 -220.32350158691406
-893.5519409179688 -222.3052520751953
-893.1111450195312 -224.30520629882812
-894.58740234375 -226.29177856445312
-896.5698852539062 -228.07748413085938
-898.5121459960938 -226.08627319335938
-900.5027465820312 -228.0771484375
-902.49951171875 -226.0780487060547
-903.9361572265625 -228.06849670410156
-905.8444213867188 -226.0704345703125
-907.0612182617188 -228.065185546875
-909.0438232421875 -226.07257080078125
-910.93896484375 -228.06927490234375
-912.9004516601562 -226.07533264160156
-914.8694458007812 -227.9439697265625
-916.867919921875 -226.1327362060547
-918.509521484375 -228.13037109375
-920.5003051757812 -226.13059997558594
-921.4152221679688 -228.12948608398438
-923.3931884765625 -226.21884155273438
-925.0304565429688 -227.89678955078125
-927.0072631835938 -225.89810180664062
-928.9957275390625 -227.48397827148438
-930.6332397460938 -229.3040008544922
-932.555908203125 -227.30966186523438
-934.5462036132812 -229.01101684570312
-936.545654296875 -227.04849243164062
-938.4693603515625 -228.61082458496094
-940.4259033203125 -226.817626953125
-942.4144287109375 -228.31924438476562
-944.33935546875 -227.4868621826172
-946.33837890625 -227.9605255126953
-948.3380126953125 -229.66685485839844
-946.4840087890625 -228.3543243408203
-947.9254150390625 -228.40431213378906
-948.487060546875 -227.13302612304688
-949.5637817382812 -225.35720825195312
-951.536865234375 -223.49447631835938
-953.0333251953125 -221.56248474121094
-955.027587890625 -219.5626220703125
-957.0269775390625 -217.5640411376953
-959.0248413085938 -215.56466674804688
-961.0204467773438 -213.56468200683594
-962.8286743164062 -214.92291259765625
-964.670654296875 -216.88204956054688
-966.6705322265625 -214.88214111328125
-965.7785034179688 -216.47140502929688
-967.7743530273438 -214.47308349609375
-969.471923828125 -216.46974182128906
-971.4698486328125 -214.46995544433594
-973.4328002929688 -216.37220764160156
-975.4314575195312 -214.37229919433594
-974.4191284179688 -216.34750366210938
-976.4186401367188 -214.34814453125
-978.15234375 -216.3241424560547
-980.03125 -217.95895385742188
-981.9386596679688 -215.96112060546875
-983.9168701171875 -217.93661499023438
-985.8201904296875 -215.93675231933594
-986.868408203125 -217.6510009765625
-988.8418579101562 -215.6584930419922
-990.7026977539062 -216.61871337890625
-992.7022705078125 -214.6192169189453
-993.0903930664062 -216.59664916992188
-995.0332641601562 -214.59738159179688
-997.0043334960938 -216.547607421875
-998.99951171875 -214.5479736328125
-1000.9715576171875 -216.51611328125
-1002.9686279296875 -214.51651000976562
-1003.9037475585938 -216.47032165527344
-1005.9013671875 -214.47195434570312
-1006.9813232421875 -216.33457946777344
-1008.9788818359375 -214.3352813720703
-1010.9677124023438 -212.33770751953125
-1012.243896484375 -214.11822509765625
-1014.2381591796875 -212.11827087402344
-1012.8497924804688 -213.4948272705078
-1014.8197021484375 -211.4949951171875
-1016.6978759765625 -213.32058715820312
-1018.5164794921875 -215.31239318847656
-1020.5154418945312 -213.31378173828125
-1022.3412475585938 -214.864013671875
-1024.295166015625 -215.65806579589844
-1026.290283203125 -213.6586151123047
-1028.198486328125 -215.2217559814453
-1030.156005859375 -216.33163452148438
-1032.1513671875 -214.33673095703125
-1034.047119140625 -216.2630157470703
-1036.043212890625 -214.26319885253906
-1037.697021484375 -215.07777404785156
-1038.988037109375 -216.94418334960938
-1040.987060546875 -214.94488525390625
-1042.32470703125 -216.8070068359375
-1043.1375732421875 -217.120361328125
-1045.055419921875 -218.66574096679688
-1046.81396484375 -216.67442321777344
-1048.7454833984375 -218.53807067871094
-1050.6739501953125 -220.3280029296875
-1052.641845703125 -218.3291778564453
-1054.5244140625 -216.3608856201172
-1056.5233154296875 -214.4226837158203
-1058.477294921875 -216.38821411132812
-1060.4749755859375 -214.45077514648438
-1062.16357421875 -216.41954040527344
-1064.0899658203125 -214.4198455810547
-1064.7882080078125 -216.12159729003906
-1066.7557373046875 -214.14915466308594
-1068.4344482421875 -215.87548828125
-1070.4049072265625 -213.95396423339844
-1070.2730712890625 -215.0759735107422
-1072.0416259765625 -217.0184326171875
-1074.03076171875 -215.03759765625
-1075.7333984375 -216.33755493164062
-1076.9945068359375 -217.7207794189453
-1078.976318359375 -219.59487915039062
-1080.9757080078125 -217.5985870361328
-1082.6527099609375 -219.58700561523438
-1084.6375732421875 -217.61314392089844
-1086.623291015625 -218.69456481933594
-1088.6231689453125 -216.73716735839844
-1090.6192626953125 -218.52297973632812
-1091.8643798828125 -220.51022338867188
-1093.8140869140625 -218.5181121826172
-1095.8125 -216.52357482910156
