-879.7481689453125 -109.05450439453125
-877.7495727539062 -111.0483627319336
-879.7495727539062 -112.88529205322266
-877.8671875 -114.88529205322266
-879.8671875 -116.88081359863281
-877.9348754882812 -118.88081359863281
-879.934814453125 -120.88081359863281
-878.363525390625 -122.88081359863281
-880.363525390625 -124.88081359863281
-878.5157470703125 -126.88081359863281
-880.5157470703125 -128.88079833984375
-878.5609130859375 -130.88079833984375
-880.5609130859375 -132.8763427734375
-878.6939697265625 -134.8763427734375
-880.693603515625 -136.8763427734375
-879.2617797851562 -138.8763427734375
-881.2617797851562 -140.87632751464844
-879.2700805664062 -142.87631225585938
-881.27001953125 -144.87631225585938
-879.2743530273438 -146.87631225585938
-881.2742919921875 -148.8762664794922
-879.296630859375 -150.87608337402344
-881.2963256835938 -152.87608337402344
-879.2989501953125 -154.87608337402344
-881.2982177734375 -156.87606811523438
-883.2973022460938 -158.87606811523438
-881.29736328125 -160.87387084960938
-883.2868041992188 -162.87387084960938
-881.3001098632812 -164.87387084960938
-883.2986450195312 -166.87387084960938
-881.4066772460938 -168.87387084960938
-883.4026489257812 -170.87387084960938
-881.4027099609375 -172.87339782714844
-879.4074096679688 -174.87339782714844
-881.3983764648438 -176.87339782714844
-882.2406005859375 -178.87339782714844
-884.1564331054688 -180.87339782714844
-886.1563720703125 -178.87339782714844
-888.142333984375 -180.87339782714844
-890.1419677734375 -182.87339782714844
-892.1414184570312 -180.87486267089844
-894.1400146484375 -182.87486267089844
-892.1400756835938 -184.8314971923828
-890.14453125 -186.83132934570312
-892.14453125 -188.82984924316406
-894.1407470703125 -190.81553649902344
-892.1473999023438 -192.81553649902344
-894.0482177734375 -194.81552124023438
-892.04833984375 -196.81552124023438
-894.0460205078125 -198.81546020507812
-892.0468139648438 -200.81546020507812
-894.0281372070312 -202.81533813476562
-892.02978515625 -204.81533813476562
-894.0253295898438 -206.81532287597656
-892.05810546875 -208.81532287597656
-894.0388793945312 -210.81532287597656
-892.0408935546875 -212.81532287597656
-894.0299072265625 -214.81460571289062
-892.031982421875 -216.8145294189453
-894.0240478515625 -218.81451416015625
-892.06494140625 -220.8144989013672
-894.0569458007812 -222.8144989013672
-895.5535888671875 -224.8144989013672
-897.4856567382812 -226.8144989013672
-899.4692993164062 -228.8144989013672
-901.4576416015625 -226.8144989013672
-903.4190673828125 -228.8144989013672
-905.3679809570312 -226.8144989013672
-907.0116577148438 -228.8144989013672
-908.9432983398438 -226.8144989013672
-910.88037109375 -228.8144989013672
-912.8778076171875 -226.8144989013672
-914.8600463867188 -228.8144989013672
-916.8375244140625 -226.8144989013672
-918.4679565429688 -228.8144989013672
-920.4631958007812 -226.8144989013672
-922.4563598632812 -228.8144989013672
-924.45361328125 -226.8144989013672
-926.4280395507812 -228.8144989013672
-928.423583984375 -226.8146209716797
-930.4004516601562 -228.8146209716797
-932.3983154296875 -226.90750122070312
-934.3768310546875 -228.90748596191406
-936.3644409179688 -227.39466857910156
-938.3619995117188 -229.380126953125
-940.3614501953125 -227.56878662109375
-942.3560180664062 -229.5503387451172
-944.3544311523438 -230.02059936523438
-946.3525390625 -228.02293395996094
-948.3450927734375 -229.954833984375
-950.3441772460938 -228.3249053955078
-952.341552734375 -226.67881774902344
-954.340576171875 -224.70692443847656
-956.3390502929688 -222.71971130371094
-958.3347778320312 -220.72113037109375
-960.3231201171875 -218.72117614746094
-962.3223266601562 -216.72117614746094
-964.322265625 -214.72117614746094
-966.3222045898438 -216.72116088867188
-968.3221435546875 -214.72116088867188
-970.3091430664062 -216.72116088867188
-972.3091430664062 -214.72116088867188
-974.3085327148438 -216.72116088867188
-976.3084716796875 -214.72116088867188
-978.30517578125 -216.72116088867188
-980.3046875 -214.72116088867188
-982.30029296875 -216.7211456298828
-984.2037353515625 -218.72103881835938
-986.201904296875 -216.72103881835938
-988.2014770507812 -214.72103881835938
-990.2003173828125 -216.72100830078125
-992.1998901367188 -214.72100830078125
-994.193359375 -216.7203826904297
-996.193115234375 -214.7203826904297
-998.1776733398438 -216.72036743164062
-1000.1776123046875 -214.72036743164062
-1002.166259765625 -216.7202606201172
-1004.165771484375 -214.7202606201172
-1006.14697265625 -216.7202606201172
-1008.146240234375 -214.7202606201172
-1010.1459350585938 -212.7202606201172
-1012.1431274414062 -214.72024536132812
-1014.1428833007812 -212.72024536132812
-1016.1343994140625 -214.72019958496094
-1018.133544921875 -212.72023010253906
-1020.108642578125 -214.72023010253906
-1022.0907592773438 -216.72023010253906
-1024.08837890625 -214.72023010253906
-1026.0802001953125 -216.72018432617188
-1028.080078125 -214.72019958496094
-1030.0560302734375 -216.7201690673828
-1032.053955078125 -214.7201690673828
-1034.028076171875 -216.71290588378906
-1036.0269775390625 -214.71292114257812
-1038.013427734375 -216.71286010742188
-1040.0126953125 -214.71286010742188
-1041.9666748046875 -216.71282958984375
-1043.9617919921875 -218.71237182617188
-1045.9593505859375 -216.71426391601562
-1047.957763671875 -218.71359252929688
-1049.9542236328125 -220.71322631835938
-1050.042724609375 -219.21636962890625
-1051.775634765625 -218.19810485839844
-1053.51904296875 -216.19818115234375
-1055.516357421875 -218.19715881347656
-1057.504150390625 -216.19720458984375
-1059.5037841796875 -214.1972198486328
-1061.50048828125 -216.19705200195312
-1063.4991455078125 -214.19850158691406
-1065.4407958984375 -216.1984405517578
-1067.4404296875 -214.1985321044922
-1069.4102783203125 -216.19801330566406
-1071.3704833984375 -214.19815063476562
-1073.355224609375 -216.19786071777344
-1075.3160400390625 -218.1893768310547
-1077.186279296875 -217.1494598388672
-1079.18408203125 -219.1315460205078
-1081.1434326171875 -217.16390991210938
-1083.14111328125 -219.15087890625
-1085.12158203125 -217.16107177734375
-1087.103759765625 -219.13995361328125
-1089.0377197265625 -217.14581298828125
-1090.96142578125 -219.1171112060547
-1092.86083984375 -217.13099670410156
-1094.351318359375 -219.10293579101562
-1096.0733642578125 -217.1055908203125
