-939.9696044921875 -345.2434997558594
-941.9644165039062 -343.2787170410156
-943.958984375 -341.3280334472656
-945.95703125 -339.536376953125
-947.934814453125 -337.5526428222656
-949.544189453125 -335.6838073730469
-947.5443115234375 -333.9533996582031
-949.4620971679688 -332.16180419921875
-947.463623046875 -330.3421325683594
-949.4242553710938 -328.34942626953125
-947.4251708984375 -329.5675964355469
-949.390380859375 -327.6763610839844
-947.3909301757812 -326.2474670410156
-949.3621215820312 -324.2618713378906
-947.3646240234375 -323.1943664550781
-949.3641967773438 -321.26727294921875
-947.386962890625 -319.33740234375
-949.3853149414062 -317.3874206542969
-947.3867797851562 -315.6452941894531
-949.3851928710938 -314.01812744140625
-947.385498046875 -315.8616027832031
-949.3789672851562 -313.8713684082031
-947.3854370117188 -312.72137451171875
-949.3333129882812 -310.72906494140625
-947.3436889648438 -308.8358459472656
-949.3408203125 -306.9476013183594
-947.3408203125 -305.6161193847656
-949.240966796875 -303.66802978515625
-947.2416381835938 -302.56024169921875
-949.2372436523438 -300.56304931640625
-947.2398681640625 -298.62548828125
-949.234619140625 -296.68072509765625
-947.2540893554688 -294.76025390625
-949.1805419921875 -292.7880859375
-947.1842041015625 -290.8319396972656
-949.1728515625 -288.83367919921875
-947.1731567382812 -287.02581787109375
-949.1624755859375 -285.0349426269531
-947.1639404296875 -283.05267333984375
-949.1591186523438 -281.05718994140625
-947.1725463867188 -279.160400390625
-945.17333984375 -278.26708984375
-947.1712646484375 -276.2852478027344
-945.1785888671875 -274.6551818847656
-947.1763305664062 -272.6636657714844
-945.1770629882812 -270.754150390625
-947.1436157226562 -268.82159423828125
-945.1460571289062 -266.8965148925781
-947.1453247070312 -264.9006042480469
-949.0668334960938 -262.9095458984375
-947.0797729492188 -261.14678955078125
-949.07666015625 -259.1493835449219
-947.155517578125 -257.367431640625
-949.1333618164062 -255.40054321289062
-947.1364135742188 -253.43685913085938
-949.13134765625 -251.43695068359375
-947.13720703125 -249.5014190673828
-949.1343383789062 -247.50198364257812
-947.1776123046875 -246.08572387695312
-949.1751708984375 -244.08763122558594
-947.1861572265625 -242.35020446777344
-945.2093505859375 -240.4035186767578
-947.18994140625 -238.40382385253906
-949.1892700195312 -236.41966247558594
-947.3170166015625 -234.48178100585938
-945.6159057617188 -232.7807159423828
-947.6155395507812 -230.8064727783203
-945.7811889648438 -229.7544403076172
-947.778076171875 -227.772705078125
-946.7714233398438 -226.01768493652344
-948.7706298828125 -224.02566528320312
-949.3606567382812 -222.08139038085938
-947.37744140625 -220.793701171875
-949.3263549804688 -218.81146240234375
-947.7177734375 -218.58831787109375
-949.716064453125 -216.59303283691406
-948.4849243164062 -215.06822204589844
-950.4757690429688 -213.0703582763672
-949.5916137695312 -213.53895568847656
-951.1271362304688 -211.93443298339844
-952.6018676757812 -211.48226928710938
-950.9133911132812 -212.6212615966797
-951.69677734375 -214.28512573242188
-952.9495239257812 -212.9108123779297
-953.17822265625 -214.59071350097656
-952.1766357421875 -214.67616271972656
-953.2326049804688 -213.92555236816406
-955.1259155273438 -214.8378448486328
-954.704833984375 -215.09120178222656
-955.4315795898438 -216.39405822753906
-953.7597045898438 -214.71287536621094
-952.6519165039062 -216.00306701660156
-951.35986328125 -214.45742797851562
-951.7742919921875 -215.45974731445312
-949.9172973632812 -213.68675231933594
-948.9822998046875 -212.6482696533203
-950.9708862304688 -210.69052124023438
-949.8325805664062 -209.21986389160156
-949.1248168945312 -207.2898406982422
-947.18212890625 -205.36270141601562
-949.18115234375 -203.36325073242188
-947.3141479492188 -202.39349365234375
-949.3132934570312 -200.4018096923828
-948.4760131835938 -198.5554656982422
-950.15380859375 -196.57130432128906
-948.8890991210938 -194.5980682373047
-948.4041137695312 -192.60342407226562
-950.2324829101562 -190.82740783691406
-950.4924926757812 -189.2018585205078
-948.8797607421875 -187.55543518066406
-947.1934814453125 -185.6189727783203
-946.0564575195312 -184.38238525390625
-948.0562133789062 -182.4183807373047
-949.6487426757812 -180.41966247558594
-948.5447998046875 -178.4427947998047
-950.5269165039062 -176.44554138183594
-952.0904541015625 -174.45118713378906
-953.1611938476562 -172.51808166503906
-951.404052734375 -170.53688049316406
-952.162109375 -168.71084594726562
-953.4688110351562 -166.73789978027344
-951.9750366210938 -164.92556762695312
-950.1447143554688 -162.93507385253906
-948.3062133789062 -160.95077514648438
-947.0558471679688 -159.4176788330078
-948.64794921875 -157.4206085205078
-950.55224609375 -155.46551513671875
-952.46240234375 -153.50645446777344
-950.6065063476562 -151.53155517578125
-951.6480712890625 -149.5412139892578
-952.9530029296875 -147.614990234375
-954.7978515625 -145.62998962402344
-955.0140991210938 -143.69468688964844
-955.0309448242188 -141.72238159179688
-955.614501953125 -139.77606201171875
-954.4199829101562 -138.01612854003906
-953.662109375 -136.02639770507812
-955.319580078125 -134.12750244140625
-957.2830200195312 -132.214599609375
-957.3299560546875 -130.54507446289062
-958.6021728515625 -128.56527709960938
-956.7008666992188 -126.6080322265625
-955.0313110351562 -124.83074951171875
-956.9485473632812 -123.98844146728516
-956.597412109375 -122.30708312988281
-956.670166015625 -120.46184539794922
-956.716064453125 -118.69892883300781
-957.733154296875 -116.71853637695312
-955.9112548828125 -114.7519302368164
-956.5588989257812 -113.43714904785156
-956.9078369140625 -111.45040130615234
-958.7377319335938 -109.65341186523438
-959.284423828125 -107.66596984863281
-958.6997680664062 -105.6725845336914
-958.5977172851562 -103.73368835449219
-957.733642578125 -101.85303497314453
-959.721435546875 -100.05776977539062
-961.3992309570312 -98.79088592529297
-961.2056884765625 -96.85527038574219
-959.4506225585938 -95.02921295166016
-960.3504638671875 -93.03379821777344
-962.1737670898438 -91.44727325439453
-961.908447265625 -89.7813491821289
-960.4131469726562 -87.79766845703125
-958.7565307617188 -85.92139434814453
-959.9932250976562 -84.01203918457031
-961.8421020507812 -82.12477111816406
-961.9576416015625 -80.2804946899414
-960.0100708007812 -78.31554412841797
-961.0895385742188 -77.07035064697266
-959.3494262695312 -76.23020935058594
-960.2724609375 -74.57556915283203
-960.7428588867188 -72.63541412353516
-958.9109497070312 -71.3692855834961
-960.745849609375 -70.81217193603516
-959.6342163085938 -69.08735656738281
-957.9606323242188 -67.14634704589844
-959.8578491210938 -65.29171752929688
-960.8229370117188 -63.38104248046875
-962.7239990234375 -65.13341522216797
-960.7298583984375 -63.13594436645508
-962.7125854492188 -64.82215118408203
-962.1715087890625 -62.848228454589844
-960.8560180664062 -60.849517822265625
-962.85205078125 -62.74942398071289
-962.8892211914062 -60.75577163696289
-964.74365234375 -62.68879318237305
-964.4044189453125 -60.68907165527344
-966.403564453125 -62.64131164550781
-964.97802734375 -60.64137649536133
-963.2123413085938 -58.643314361572266
-965.2113037109375 -60.32405471801758
-966.45361328125 -61.985496520996094
-968.4441528320312 -59.98635482788086
-970.4046630859375 -57.98639678955078
-972.3600463867188 -55.988914489746094
-974.3587646484375 -54.00289535522461
-976.323974609375 -52.44024658203125
-978.3229370117188 -51.41085433959961
-980.1007080078125 -51.1657600402832
-982.0390014648438 -50.08284378051758
-980.73583984375 -48.98732376098633
-981.5396118164062 -50.039634704589844
-983.1588745117188 -51.27391052246094
-983.2442016601562 -51.1486930847168
-982.1041259765625 -51.988128662109375
-981.2562866210938 -52.32344436645508
-982.4755859375 -52.685333251953125
-983.7976684570312 -51.064796447753906
-981.9801635742188 -52.81968688964844
-982.2941284179688 -51.55157470703125
-980.3909301757812 -52.936424255371094
-981.8103637695312 -53.40243148803711
-983.3672485351562 -52.882259368896484
-985.1077270507812 -54.25090408325195
-983.5296630859375 -56.216278076171875
-985.4024658203125 -57.83927536010742
-987.3099365234375 -55.83983612060547
-988.5365600585938 -57.508548736572266
-990.31396484375 -59.43858337402344
-992.207763671875 -57.44842529296875
-994.0696411132812 -59.42647171020508
-996.0595703125 -61.426246643066406
-998.0426635742188 -59.427207946777344
-1000.0169677734375 -61.420379638671875
