-940.0062255859375 -345.6227111816406
-942.0014038085938 -343.66015625
-944.0010986328125 -341.70965576171875
-946.0001220703125 -339.91815185546875
-947.9938354492188 -337.921630859375
-949.9893798828125 -336.08770751953125
-947.9893798828125 -334.7809753417969
-949.97900390625 -332.86517333984375
-947.9790649414062 -332.7805480957031
-949.9564208984375 -330.86993408203125
-947.9564819335938 -328.9082336425781
-949.91259765625 -326.9206237792969
-947.9127197265625 -326.06976318359375
-949.9083862304688 -324.08477783203125
-947.9085693359375 -322.2357177734375
-949.908447265625 -320.2580261230469
-947.9087524414062 -318.7906799316406
-949.8548583984375 -316.8105163574219
-947.85791015625 -314.8814392089844
-949.8385620117188 -312.9651184082031
-947.8411254882812 -313.6651916503906
-949.7960815429688 -311.6697082519531
-947.7960815429688 -311.50665283203125
-945.796142578125 -310.3838195800781
-947.7833862304688 -309.443359375
-945.7883911132812 -307.79833984375
-947.7682495117188 -305.8460998535156
-949.7642822265625 -303.8509826660156
-947.7643432617188 -302.0921325683594
-949.7351684570312 -300.10040283203125
-947.7355346679688 -298.91571044921875
-949.732421875 -296.9180908203125
-947.7324829101562 -294.93353271484375
-949.7295532226562 -292.9420166015625
-947.7296142578125 -291.14794921875
-945.7296142578125 -289.506103515625
-947.7275390625 -287.5096130371094
-945.7282104492188 -285.6349792480469
-947.7203369140625 -283.6904602050781
-945.723388671875 -281.8528747558594
-947.7220458984375 -279.8653564453125
-945.7259521484375 -278.03076171875
-947.7223510742188 -276.0468444824219
-945.7318115234375 -274.94818115234375
-947.7294311523438 -272.9495849609375
-945.7306518554688 -271.3974304199219
-947.690673828125 -269.3998107910156
-945.6908569335938 -267.9158935546875
-947.6582641601562 -265.91925048828125
-945.6600952148438 -264.7471008300781
-947.6561889648438 -262.7497253417969
-945.6679077148438 -261.75006103515625
-947.60595703125 -259.7853088378906
-945.6063842773438 -257.96258544921875
-947.6025390625 -255.97352600097656
-945.6882934570312 -254.64791870117188
-947.6593627929688 -252.6530303955078
-945.6912231445312 -251.50839233398438
-947.6904296875 -249.56004333496094
-946.5230712890625 -248.56597900390625
-948.521484375 -246.5665740966797
-946.5720825195312 -244.95263671875
-948.57177734375 -242.95291137695312
-946.6361083984375 -240.99188232421875
-948.6355590820312 -238.9938507080078
-946.6376342773438 -237.0984649658203
-948.6373901367188 -235.10308837890625
-946.6420288085938 -233.1642608642578
-948.6419067382812 -231.1656951904297
-946.6508178710938 -229.79710388183594
-945.1119384765625 -227.82923889160156
-947.1119384765625 -225.88162231445312
-945.1181640625 -223.9572296142578
-947.1129760742188 -221.98855590820312
-949.1103515625 -220.64646911621094
-947.2868041992188 -218.7632598876953
-949.2810668945312 -216.76376342773438
-951.2808837890625 -214.77700805664062
-952.1835327148438 -213.5057373046875
-954.083251953125 -213.58523559570312
-955.2927856445312 -215.14120483398438
-953.6991577148438 -216.81552124023438
-952.2291259765625 -214.8289031982422
-953.6424560546875 -215.6556396484375
-951.65087890625 -213.8250274658203
-951.8966064453125 -215.6492919921875
-949.9175415039062 -213.80221557617188
-947.9794311523438 -214.29185485839844
-949.9766845703125 -212.29371643066406
-948.1369018554688 -212.6387481689453
-950.1367797851562 -210.76560974121094
-949.8383178710938 -212.03477478027344
-948.513671875 -211.6190948486328
-950.5136108398438 -209.71649169921875
-951.5681762695312 -207.91091918945312
-949.5858154296875 -206.22955322265625
-949.970703125 -206.4918212890625
-950.781494140625 -204.5659942626953
-949.9033203125 -204.16180419921875
-951.31494140625 -203.7952117919922
-949.5468139648438 -202.64773559570312
-948.4782104492188 -201.40867614746094
-949.697021484375 -199.45701599121094
-950.8065795898438 -197.6067657470703
-951.9364013671875 -195.61033630371094
-953.0689697265625 -193.79969787597656
-951.353515625 -191.80348205566406
-952.0220947265625 -189.81341552734375
-952.3584594726562 -188.06777954101562
-951.4066162109375 -186.07791137695312
-951.953857421875 -184.08787536621094
-950.0021362304688 -182.5167694091797
-949.8234252929688 -180.5233154296875
-949.9069213867188 -178.58255004882812
-949.1574096679688 -176.60414123535156
-950.3491821289062 -174.7742156982422
-951.0804443359375 -172.82821655273438
-950.05712890625 -171.25669860839844
-950.9295043945312 -169.2953643798828
-951.5679931640625 -167.31204223632812
-950.250244140625 -165.39865112304688
-950.8773193359375 -163.6632080078125
-952.86669921875 -161.679931640625
-953.4935913085938 -159.74098205566406
-952.2430419921875 -157.8545684814453
-954.0368041992188 -158.56472778320312
-955.060302734375 -156.65943908691406
-954.0510864257812 -154.69993591308594
-955.8360595703125 -152.7439422607422
-956.0570678710938 -151.0407257080078
-956.3939819335938 -149.8773651123047
-954.7103271484375 -147.91099548339844
-954.2345581054688 -145.94053649902344
-956.184326171875 -144.59530639648438
-955.0693969726562 -142.66262817382812
-955.8456420898438 -140.82420349121094
-953.9525146484375 -138.86813354492188
-955.78759765625 -138.1364288330078
-957.4902954101562 -136.2143096923828
-955.624267578125 -134.28396606445312
-954.0022583007812 -132.3811798095703
-955.8723754882812 -130.3958282470703
-957.3482666015625 -128.66159057617188
-959.1627807617188 -126.8024673461914
-958.9255981445312 -124.83390808105469
-957.1369018554688 -123.11112976074219
-958.7880249023438 -122.2638168334961
-958.7177124023438 -123.25987243652344
-959.8016357421875 -123.43352508544922
-960.4505004882812 -123.3826904296875
-961.0787963867188 -125.12020111083984
-960.1486206054688 -123.12519836425781
-961.4761352539062 -124.59564208984375
-961.708984375 -122.77545166015625
-961.9793090820312 -124.43275451660156
-960.5816040039062 -123.22293090820312
-962.0689086914062 -125.02772521972656
-960.079345703125 -124.5838851928711
-959.780517578125 -122.67914581298828
-961.0691528320312 -123.16365814208984
-959.9357299804688 -122.7528076171875
-958.42529296875 -124.29478454589844
-960.029296875 -124.26686096191406
-958.2649536132812 -122.36859130859375
-958.785400390625 -121.12016296386719
-957.94677734375 -120.7181625366211
-958.7595825195312 -119.47177124023438
-959.8389282226562 -117.5230712890625
-959.5552978515625 -116.13935089111328
-960.6749877929688 -114.2557144165039
-958.962646484375 -112.57171630859375
-957.3424072265625 -111.80510711669922
-957.1702880859375 -109.8369369506836
-959.1526489257812 -108.01465606689453
-957.4030151367188 -106.0394515991211
-955.5641479492188 -104.14566802978516
-957.08154296875 -102.1775131225586
-958.6402587890625 -101.63766479492188
-959.4440307617188 -99.7857437133789
-961.0506591796875 -99.0821762084961
-959.4677124023438 -98.78854370117188
-960.5933227539062 -97.64569091796875
-958.8471069335938 -96.2329330444336
-959.9798583984375 -94.37369537353516
-959.0731201171875 -92.40650939941406
-960.1915893554688 -91.26441192626953
-961.5407104492188 -89.89366912841797
-960.3580932617188 -88.02754211425781
-962.0513305664062 -86.3251953125
-960.6268310546875 -84.46224975585938
-961.8045654296875 -82.93930053710938
-963.7376098632812 -81.25947570800781
-961.9174194335938 -79.3005142211914
-960.167236328125 -77.827880859375
-961.6292724609375 -76.06822204589844
-961.1187133789062 -74.25448608398438
-959.2203369140625 -73.41370391845703
-960.416748046875 -72.43043518066406
-958.563720703125 -70.51165008544922
-959.4678344726562 -68.6476821899414
-961.3111572265625 -67.49378967285156
-960.4693603515625 -65.61274719238281
-962.2131958007812 -63.661067962646484
-963.8760375976562 -61.66476058959961
-963.4328002929688 -59.67045593261719
-965.4229736328125 -61.41486740112305
-965.3351440429688 -59.41569519042969
-967.3344116210938 -61.40244674682617
-967.3418579101562 -59.403499603271484
-967.6566162109375 -57.40418243408203
-969.6561279296875 -59.39427185058594
-971.6538696289062 -57.39470291137695
-973.6046142578125 -55.40569305419922
-975.1769409179688 -53.47270202636719
-977.0673217773438 -51.4891471862793
-979.066650390625 -51.10957336425781
-979.619140625 -52.584442138671875
-980.9693603515625 -54.299617767333984
-981.8397827148438 -53.09001159667969
-980.5310668945312 -53.6176643371582
-982.521484375 -55.218727111816406
-983.4696655273438 -57.022743225097656
-985.4452514648438 -55.067901611328125
-987.283447265625 -56.884315490722656
-989.1273193359375 -58.162193298339844
-991.10693359375 -60.032508850097656
-992.9793090820312 -58.033287048339844
-994.966552734375 -60.025779724121094
-996.7586059570312 -58.03046417236328
-998.7346801757812 -60.030364990234375
-998.4400634765625 -58.05864715576172
-1000.4329223632812 -60.05683517456055
-1002.2009887695312 -58.06781768798828
-1004.1911010742188 -60.06209182739258
