-939.9832153320312 -345.1474914550781
-941.9786376953125 -343.1474914550781
-943.97509765625 -341.1474914550781
-945.9689331054688 -339.1474914550781
-947.9639282226562 -337.14752197265625
-949.940185546875 -335.14752197265625
-947.9406127929688 -333.1475524902344
-949.9087524414062 -331.1475524902344
-947.9132690429688 -329.1489562988281
-949.91259765625 -327.1489562988281
-947.913330078125 -325.1537170410156
-949.9132690429688 -323.1537170410156
-947.9140625 -321.1539001464844
-949.9080810546875 -319.1539306640625
-947.9287109375 -317.1539611816406
-949.9224243164062 -315.1539611816406
-947.9259033203125 -313.15570068359375
-949.9008178710938 -311.15570068359375
-947.9011840820312 -309.1565856933594
-945.9031982421875 -307.1578674316406
-947.9021606445312 -305.15789794921875
-945.9061279296875 -303.1580505371094
-947.8980712890625 -301.1580810546875
-945.900390625 -299.15924072265625
-947.8984375 -297.15924072265625
-945.9014282226562 -295.159912109375
-947.8499755859375 -293.1599426269531
-945.89697265625 -291.163330078125
-947.8920288085938 -289.1633605957031
-945.9904174804688 -287.1636047363281
-947.9833984375 -285.1637268066406
-946.0516357421875 -283.1686096191406
-948.0499877929688 -281.1695861816406
-946.1077880859375 -279.1775817871094
-948.1063232421875 -277.1775817871094
-946.1234130859375 -275.1794738769531
-948.062255859375 -273.1794738769531
-946.1273803710938 -271.18109130859375
-948.1258544921875 -269.1811828613281
-946.1564331054688 -267.1845397949219
-948.14990234375 -265.1845397949219
-946.1902465820312 -263.2010803222656
-948.189697265625 -261.20111083984375
-946.2281494140625 -259.24444580078125
-948.2271728515625 -257.2444763183594
-946.4544067382812 -255.24981689453125
-948.4534301757812 -253.24993896484375
-946.5958862304688 -251.2503662109375
-948.5939331054688 -249.2508087158203
-946.8709716796875 -247.25303649902344
-948.8705444335938 -245.2531280517578
-946.9669189453125 -243.2569580078125
-948.9657592773438 -241.2570343017578
-947.0916137695312 -239.25729370117188
-949.08447265625 -237.2579345703125
-947.2333984375 -235.2579803466797
-948.0405883789062 -233.276123046875
-948.8232421875 -231.28062438964844
-947.0645141601562 -229.31417846679688
-948.4083862304688 -227.32505798339844
-947.535400390625 -225.33590698242188
-946.3031005859375 -223.36184692382812
-948.302734375 -221.36349487304688
-947.5463256835938 -219.36866760253906
-949.5462036132812 -217.36868286132812
-947.7975463867188 -215.3733673095703
-949.7962036132812 -213.37344360351562
-950.1162109375 -211.7321319580078
-949.1424560546875 -209.73875427246094
-951.1422119140625 -207.7423858642578
-950.7083740234375 -206.0212860107422
-949.4658203125 -205.95425415039062
-947.9251708984375 -203.96788024902344
-949.925048828125 -201.96812438964844
-949.819091796875 -200.09730529785156
-949.3695678710938 -198.09886169433594
-949.3068237304688 -196.1160888671875
-949.3471069335938 -194.11856079101562
-950.3287353515625 -192.14285278320312
-952.2572021484375 -190.1532745361328
-951.3135375976562 -188.17152404785156
-952.9400634765625 -186.18504333496094
-951.4402465820312 -184.18792724609375
-952.8572998046875 -182.19622802734375
-952.4512939453125 -180.26406860351562
-953.3049926757812 -178.2882843017578
-952.5972900390625 -176.30966186523438
-953.5751342773438 -174.31239318847656
-952.3130493164062 -172.32363891601562
-952.705322265625 -170.33592224121094
-954.3223876953125 -168.33670043945312
-954.947998046875 -166.34519958496094
-953.1202392578125 -164.34976196289062
-954.4501953125 -162.35125732421875
-956.2667846679688 -160.3877410888672
-957.8087768554688 -158.41429138183594
-959.65576171875 -156.41543579101562
-958.943115234375 -154.4162139892578
-957.9003295898438 -152.41810607910156
-959.79345703125 -150.41896057128906
-960.7638549804688 -148.43295288085938
-959.7918090820312 -147.1141815185547
-961.7647705078125 -145.15249633789062
-960.7137451171875 -143.54579162597656
-961.0176391601562 -141.85340881347656
-961.2964477539062 -139.9598846435547
-962.5426635742188 -137.96836853027344
-960.8357543945312 -135.9718017578125
-961.9609375 -133.97926330566406
-961.2879638671875 -132.02122497558594
-962.98583984375 -130.03016662597656
-963.0859375 -128.0380096435547
-962.4035034179688 -126.05284118652344
-964.1239624023438 -124.05359649658203
-962.537109375 -122.20891571044922
-964.304443359375 -122.67964935302734
-963.9072265625 -120.74663543701172
-962.766845703125 -120.33788299560547
-963.0700073242188 -120.5076904296875
-964.8602905273438 -119.41291809082031
-965.2588500976562 -117.47250366210938
-963.4859008789062 -115.51781463623047
-962.2586059570312 -113.58819580078125
-963.8092651367188 -111.60753631591797
-963.329833984375 -109.67377471923828
-961.9126586914062 -107.71260833740234
-962.5086669921875 -105.71935272216797
-964.314208984375 -103.7423324584961
-966.2102661132812 -101.75357818603516
-965.8236694335938 -102.16168212890625
-966.4467163085938 -100.98078918457031
-964.6781005859375 -100.00586700439453
-964.2366333007812 -98.14391326904297
-966.1257934570312 -96.78791809082031
-967.6436767578125 -95.91392517089844
-967.3123168945312 -94.77558135986328
-966.036865234375 -93.15866088867188
-967.45703125 -92.70437622070312
-965.589111328125 -91.22232818603516
-965.9664306640625 -89.68134307861328
-964.8269653320312 -88.59297180175781
-964.1375732421875 -86.7759780883789
-963.1627807617188 -84.848388671875
-963.848876953125 -83.23526763916016
-964.6875 -83.93302917480469
-964.7489624023438 -82.32965087890625
-965.8987426757812 -81.86154174804688
-965.0475463867188 -79.88742065429688
-965.6051025390625 -77.95064544677734
-963.7273559570312 -76.35279083251953
-964.802978515625 -74.45879364013672
-966.6300659179688 -73.35474395751953
-966.9081420898438 -71.42164611816406
-965.1360473632812 -70.72694396972656
-964.364990234375 -69.1439208984375
-962.4572143554688 -67.14833068847656
-962.6406860351562 -65.31880950927734
-964.5836181640625 -63.35480499267578
-963.6577758789062 -61.35490798950195
-965.6493530273438 -63.34830093383789
-967.4156494140625 -61.349002838134766
-969.4119262695312 -59.3490104675293
-971.1157836914062 -57.34916687011719
-973.0921020507812 -55.34941482543945
-975.0838623046875 -53.35023498535156
-976.9392700195312 -51.361183166503906
-978.9390258789062 -50.03251647949219
-980.8246459960938 -49.70737075805664
-982.52490234375 -51.670372009277344
-984.4735717773438 -50.8304328918457
-984.9459228515625 -51.88350296020508
-986.160888671875 -53.191585540771484
-985.2738647460938 -54.909481048583984
-986.8851928710938 -56.359832763671875
-988.7442626953125 -58.352542877197266
-990.7205200195312 -60.342166900634766
-992.6860961914062 -58.342384338378906
-994.6654663085938 -60.33866882324219
-996.5961303710938 -58.342140197753906
-998.5952758789062 -60.3420524597168
-1000.5529174804688 -58.34239196777344
-1002.4026489257812 -60.3417854309082
