-940.0067749023438 -345.1480407714844
-942.0067749023438 -343.1480407714844
-944.0067749023438 -341.1480712890625
-946.0067749023438 -339.1480712890625
-948.0067749023438 -337.1480712890625
-950.0067749023438 -335.1480712890625
-948.1882934570312 -333.1480712890625
-950.188232421875 -331.14813232421875
-950.223876953125 -329.14813232421875
-948.2611694335938 -327.14813232421875
-950.2611694335938 -325.14813232421875
-948.9356079101562 -323.1481628417969
-948.7787475585938 -321.1481628417969
-946.9902954101562 -319.1482238769531
-948.9902954101562 -317.1482238769531
-947.2422485351562 -315.1482238769531
-949.2422485351562 -313.1482238769531
-948.444580078125 -311.14825439453125
-946.46728515625 -309.14825439453125
-948.46728515625 -307.1482849121094
-947.2647094726562 -305.1482849121094
-949.2647094726562 -303.1483154296875
-947.3181762695312 -301.1484680175781
-949.3181762695312 -299.14898681640625
-950.1661987304688 -297.149169921875
-951.9835815429688 -295.149169921875
-952.0885620117188 -293.1494140625
-950.9546508789062 -291.1494140625
-950.0612182617188 -289.1494140625
-948.09228515625 -287.1494140625
-946.19873046875 -285.1494140625
-948.1986694335938 -283.1494140625
-947.1817016601562 -281.1494140625
-945.3489379882812 -279.1494445800781
-947.3489379882812 -277.1495056152344
-946.13916015625 -275.1495056152344
-948.13916015625 -273.1495056152344
-947.4052124023438 -271.1495056152344
-945.91552734375 -269.1495361328125
-947.91552734375 -267.1499328613281
-947.3986206054688 -265.14996337890625
-948.2462158203125 -263.14996337890625
-947.603515625 -261.14996337890625
-945.97900390625 -259.14996337890625
-947.97900390625 -257.14996337890625
-946.0357666015625 -255.14996337890625
-948.0357055664062 -253.1499786376953
-946.09375 -251.1499786376953
-948.09375 -249.14999389648438
-949.2147216796875 -247.14999389648438
-949.0514526367188 -245.15049743652344
-947.4280395507812 -243.1505126953125
-945.8961791992188 -241.15054321289062
-947.8961791992188 -239.15066528320312
-945.9313354492188 -237.15084838867188
-947.9313354492188 -235.15086364746094
-946.9083251953125 -233.152587890625
-947.0186157226562 -231.152587890625
-947.1784057617188 -229.152587890625
-946.0888671875 -227.1526641845703
-948.0888671875 -225.1552734375
-946.1344604492188 -223.1553955078125
-948.1344604492188 -221.1558837890625
-950.1344604492188 -219.1559295654297
-951.9789428710938 -217.15640258789062
-950.39990234375 -215.15647888183594
-948.6409912109375 -213.15655517578125
-950.640869140625 -211.1566162109375
-952.3399047851562 -209.1569061279297
-952.7609252929688 -207.16600036621094
-952.6029663085938 -205.16624450683594
-953.0813598632812 -203.17332458496094
-954.6947631835938 -201.19561767578125
-954.851318359375 -199.20098876953125
-954.035888671875 -197.21949768066406
-952.6192016601562 -195.25238037109375
-951.0262451171875 -193.25262451171875
-952.8549194335938 -191.2527313232422
-952.4038696289062 -189.2532958984375
-951.3824462890625 -187.25726318359375
-952.4625244140625 -185.2572784423828
-951.9147338867188 -183.25804138183594
-950.1524658203125 -181.25926208496094
-950.0196533203125 -179.26193237304688
-950.6502075195312 -177.26422119140625
-949.3884887695312 -175.29649353027344
-948.3408203125 -173.3096160888672
-947.9641723632812 -171.32192993164062
-948.0880126953125 -169.322021484375
-947.1917724609375 -167.32205200195312
-945.5866088867188 -165.3236083984375
-947.5865478515625 -163.34390258789062
-947.5693969726562 -161.34475708007812
-945.8541259765625 -159.35606384277344
-947.8538208007812 -157.3563690185547
-949.3226318359375 -155.35971069335938
-948.8619995117188 -153.36558532714844
-947.8013305664062 -151.3661346435547
-948.8897705078125 -149.3913116455078
-949.8779907226562 -147.3921661376953
-951.6002807617188 -145.44102478027344
-951.8521728515625 -143.44464111328125
-953.1187133789062 -141.45919799804688
-954.550537109375 -139.49046325683594
-953.262939453125 -137.4931182861328
-955.0718383789062 -135.5290985107422
-955.4871215820312 -133.5428924560547
-956.6763916015625 -131.6570281982422
-956.2476196289062 -129.68704223632812
-954.3577880859375 -129.7936248779297
-952.7982788085938 -127.80644226074219
-953.8662719726562 -125.8111801147461
-954.8128051757812 -123.97013854980469
-955.6644897460938 -122.04298400878906
-956.8515625 -120.08807373046875
-955.8509521484375 -118.134033203125
-956.8330688476562 -116.30626678466797
-956.7340698242188 -114.42262268066406
-955.8040161132812 -112.45126342773438
-955.150146484375 -110.46737670898438
-953.6172485351562 -108.8079833984375
-955.0924072265625 -107.80431365966797
-953.9346313476562 -105.84212493896484
-954.4403686523438 -104.13966369628906
-953.169189453125 -102.15074920654297
-954.6364135742188 -100.17033386230469
-956.44482421875 -98.2665023803711
-955.7496337890625 -96.36251831054688
-955.5762329101562 -94.40997314453125
-953.9356689453125 -92.41875457763672
-952.3538208007812 -90.56848907470703
-952.2637939453125 -89.78638458251953
-953.9619140625 -88.46765899658203
-954.9370727539062 -86.77039337158203
-953.384765625 -84.94734954833984
-953.5985107421875 -83.67272186279297
-953.6058959960938 -82.58503723144531
-954.295166015625 -84.21505737304688
-954.3865966796875 -82.28369903564453
-952.6613159179688 -80.83916473388672
-954.0552368164062 -78.84149932861328
-952.9824829101562 -76.84510803222656
-954.7599487304688 -75.14156341552734
-953.200439453125 -73.14276123046875
-954.858154296875 -71.32347869873047
-956.1132202148438 -69.38705444335938
-957.1513061523438 -67.51830291748047
-955.9286499023438 -66.22443389892578
-957.878173828125 -68.09719848632812
-956.2407836914062 -66.65941619873047
-958.2322387695312 -68.38610076904297
-959.4937744140625 -66.39373016357422
-958.309814453125 -65.82916259765625
-959.8821411132812 -64.17971801757812
-961.8812255859375 -66.15667724609375
-963.0671997070312 -64.1977310180664
-963.9705200195312 -62.25255584716797
-963.4971313476562 -60.28811264038086
-965.494873046875 -61.383750915527344
-966.942138671875 -59.417762756347656
-967.430419921875 -57.43376159667969
-969.4296264648438 -55.953941345214844
-971.4295043945312 -57.90030288696289
-973.425537109375 -55.938846588134766
-975.4204711914062 -53.99354934692383
-977.4187622070312 -52.059173583984375
-979.340087890625 -50.05950927734375
-978.0053100585938 -51.07931137084961
-977.0420532226562 -52.833580017089844
-979.041748046875 -50.83611297607422
-978.2947387695312 -50.60750198364258
-976.9334106445312 -50.43738555908203
-978.9334106445312 -52.3809700012207
-977.4151611328125 -53.061553955078125
-979.404541015625 -51.31100845336914
-979.8231201171875 -50.86055374145508
-979.5048828125 -51.61785125732422
-981.2743530273438 -50.47777557373047
-980.8091430664062 -52.2166633605957
-980.940185546875 -54.10471725463867
-979.5921020507812 -55.28602981567383
-981.5640869140625 -53.323219299316406
-979.7095336914062 -54.2421760559082
-981.7047119140625 -54.0732536315918
-981.2588500976562 -52.758506774902344
-982.9837646484375 -51.474796295166016
-981.7103881835938 -52.523555755615234
-982.5293579101562 -51.86935043334961
-983.6653442382812 -52.706085205078125
-981.8092041015625 -54.45016098022461
-983.33544921875 -56.28819274902344
-985.3201904296875 -54.37678146362305
-984.3301391601562 -56.20286178588867
-984.4957275390625 -58.15507507324219
-986.4420166015625 -56.188350677490234
-987.470458984375 -57.892539978027344
-986.1024780273438 -59.82499313354492
-987.9623413085938 -60.96245193481445
-989.8667602539062 -60.91646957397461
-991.8574829101562 -60.70781326293945
-993.8232421875 -60.75360107421875
-995.8211059570312 -59.738426208496094
-997.80859375 -58.013275146484375
-999.7492065429688 -59.97560119628906
-1001.7405395507812 -58.587337493896484
-1003.739013671875 -60.57058334350586
