-940.0067749023438 -345.1484375
-942.0067749023438 -343.1499938964844
-944.0066528320312 -341.150390625
-946.0066528320312 -339.15069580078125
-948.0066528320312 -337.1507568359375
-950.0066528320312 -335.1512756347656
-949.20458984375 -333.1744079589844
-947.4044799804688 -331.1748352050781
-949.4044799804688 -329.1750183105469
-949.851806640625 -327.191650390625
-948.967529296875 -325.2389221191406
-950.559814453125 -323.2707824707031
-950.3106079101562 -321.3149719238281
-948.7843017578125 -319.3163757324219
-946.8442993164062 -317.3188781738281
-948.84423828125 -315.3190002441406
-947.3726196289062 -313.3409729003906
-949.3726196289062 -311.341064453125
-949.7667236328125 -309.4963073730469
-950.4871826171875 -307.5072937011719
-948.6452026367188 -305.5511169433594
-947.5603637695312 -303.55731201171875
-949.5603637695312 -301.56396484375
-947.6559448242188 -299.6636962890625
-949.6558837890625 -297.6637268066406
-948.5961303710938 -295.8165283203125
-949.2179565429688 -293.8271484375
-950.3314208984375 -291.83013916015625
-948.4515991210938 -290.0140380859375
-946.5145263671875 -288.01507568359375
-948.5145263671875 -286.0396423339844
-946.7555541992188 -284.08526611328125
-948.7555541992188 -282.08563232421875
-947.7058715820312 -280.08599853515625
-945.7160034179688 -278.0983581542969
-947.7158813476562 -276.11395263671875
-947.3251953125 -274.1166076660156
-946.6520385742188 -272.1167297363281
-948.6520385742188 -270.1168518066406
-947.1577758789062 -268.12420654296875
-948.7499389648438 -266.1885681152344
-946.9893798828125 -264.31512451171875
-948.9893798828125 -262.3158874511719
-947.0455322265625 -260.3160705566406
-949.0455322265625 -258.3162536621094
-949.9977416992188 -258.2279052734375
-951.8558349609375 -256.2303161621094
-951.6053466796875 -254.2395782470703
-950.31591796875 -252.25640869140625
-951.3576049804688 -250.36575317382812
-951.7291259765625 -248.3792266845703
-950.860595703125 -246.5394744873047
-948.9146728515625 -244.54025268554688
-948.174560546875 -242.673583984375
-950.0428466796875 -240.76602172851562
-951.504638671875 -238.7708282470703
-949.8910522460938 -236.77378845214844
-948.5238647460938 -234.82968139648438
-949.2406616210938 -232.85601806640625
-949.567138671875 -230.86888122558594
-948.3239135742188 -228.88372802734375
-950.0751953125 -226.89041137695312
-951.5383911132812 -225.00253295898438
-950.8152465820312 -223.033447265625
-952.4505615234375 -221.8958282470703
-953.3538208007812 -221.83384704589844
-952.1639404296875 -219.89923095703125
-954.012451171875 -218.61907958984375
-953.4981689453125 -216.7032470703125
-954.9235229492188 -214.7595977783203
-955.6529541015625 -214.22720336914062
-957.4708251953125 -215.79234313964844
-958.5786743164062 -214.45632934570312
-960.4601440429688 -214.57369995117188
-960.9814453125 -215.0688018798828
-962.9310302734375 -213.5194854736328
-964.6906127929688 -211.9176483154297
-965.693359375 -210.82620239257812
-967.3667602539062 -210.79623413085938
-968.5059204101562 -212.6343536376953
-969.537109375 -212.39749145507812
-968.7606201171875 -214.2970733642578
-969.3090209960938 -213.3220977783203
-967.3656616210938 -213.91192626953125
-968.8548583984375 -212.27627563476562
-967.0560302734375 -213.7710723876953
-968.7431030273438 -211.99005126953125
-968.2943725585938 -212.08656311035156
-966.3375854492188 -212.5860595703125
-967.7904663085938 -213.73388671875
-966.0199584960938 -215.0134735107422
-965.9107666015625 -216.6128387451172
-967.3515625 -214.61878967285156
-966.0900268554688 -213.04574584960938
-967.7550659179688 -214.11541748046875
-968.7395629882812 -214.69200134277344
-969.8343505859375 -213.07936096191406
-970.7985229492188 -212.76828002929688
-969.9619750976562 -212.82330322265625
-968.708984375 -211.0093231201172
-970.3878784179688 -210.677978515625
-968.3912353515625 -211.944091796875
-969.7401733398438 -210.66224670410156
-968.01416015625 -210.3774871826172
-967.9722900390625 -208.95460510253906
-969.00537109375 -209.08567810058594
-968.8126220703125 -210.28463745117188
-970.7767944335938 -208.448486328125
-972.4295654296875 -210.3131103515625
-970.4343872070312 -211.8309326171875
-969.981201171875 -213.53465270996094
-968.7025146484375 -211.567138671875
-966.7704467773438 -213.41690063476562
-965.7060546875 -213.07662963867188
-965.2256469726562 -212.1882781982422
-966.0377197265625 -211.16238403320312
-967.2703857421875 -211.9324951171875
-969.1826782226562 -211.9834442138672
-967.8609619140625 -210.98031616210938
-969.5809326171875 -209.21719360351562
-971.1044921875 -207.532470703125
-970.1004028320312 -208.9319305419922
-969.00537109375 -208.05247497558594
-969.9489135742188 -207.1688995361328
-970.8441772460938 -208.7249298095703
-969.3280029296875 -209.9923858642578
-970.7916259765625 -211.8018341064453
-972.2496948242188 -211.6661834716797
-970.6331176757812 -213.02871704101562
-970.1514282226562 -213.81625366210938
-971.6441650390625 -215.3999481201172
-972.13232421875 -214.36334228515625
-972.1647338867188 -216.26844787597656
-974.1068725585938 -214.50079345703125
-973.7371826171875 -216.14781188964844
-975.731201171875 -214.34176635742188
-977.5519409179688 -214.38778686523438
-979.164794921875 -213.64955139160156
-981.058349609375 -215.6396942138672
-983.0574340820312 -214.95921325683594
-984.9366455078125 -216.8915252685547
-986.8936767578125 -214.9124755859375
-988.772705078125 -216.00372314453125
-990.6680297851562 -214.3558807373047
-992.6546020507812 -214.92332458496094
-994.4697875976562 -216.73971557617188
-996.4452514648438 -214.7725067138672
-998.4302368164062 -213.2882843017578
-999.9042358398438 -214.3039093017578
-1001.5459594726562 -215.67462158203125
-1003.5313110351562 -216.69406127929688
-1005.2584228515625 -214.70079040527344
-1007.0783081054688 -212.94117736816406
-1008.96240234375 -212.20848083496094
-1010.802490234375 -210.7982177734375
-1012.8021240234375 -210.32308959960938
-1014.8020629882812 -209.73455810546875
-1012.8031005859375 -208.306884765625
-1014.7994384765625 -206.33966064453125
-1012.9003295898438 -204.70257568359375
-1014.9002685546875 -202.73965454101562
-1012.9108276367188 -200.97805786132812
-1014.91064453125 -199.0187530517578
-1012.916748046875 -197.03956604003906
-1014.9166870117188 -195.64866638183594
-1013.0260620117188 -195.96214294433594
-1015.0260620117188 -194.18177795410156
-1013.1517944335938 -192.54214477539062
-1015.1517333984375 -190.55072021484375
-1013.3353881835938 -188.62814331054688
-1015.3349609375 -186.63043212890625
-1013.3499755859375 -184.66854858398438
-1015.3497924804688 -182.67202758789062
-1013.4133911132812 -181.1257781982422
-1011.4362182617188 -179.22610473632812
-1013.43603515625 -177.23617553710938
-1011.539306640625 -178.53126525878906
-1013.5352172851562 -176.78895568847656
-1012.3878173828125 -174.84239196777344
-1014.3878173828125 -172.8479461669922
-1012.4267578125 -171.1002960205078
-1010.540771484375 -169.18675231933594
-1012.5407104492188 -167.20301818847656
-1011.4361572265625 -166.44100952148438
-1013.4059448242188 -164.44375610351562
-1011.5221557617188 -162.48486328125
-1013.5220947265625 -160.49327087402344
-1015.1724243164062 -158.52117919921875
-1013.870361328125 -156.53012084960938
-1015.8700561523438 -154.5396728515625
-1017.5443115234375 -152.55152893066406
-1016.2432250976562 -150.98785400390625
-1014.3120727539062 -151.0515899658203
-1016.31201171875 -149.0839080810547
-1017.7896118164062 -148.23208618164062
-1015.80908203125 -149.30735778808594
-1013.8407592773438 -147.53933715820312
-1015.8405151367188 -145.5711669921875
-1013.8636474609375 -143.97540283203125
-1015.8629150390625 -141.98521423339844
-1015.8406982421875 -140.9178924560547
-1014.2833251953125 -139.3121337890625
-1016.282958984375 -138.0301055908203
-1014.3547973632812 -139.24252319335938
-1016.3318481445312 -137.32400512695312
-1014.4370727539062 -137.34347534179688
-1016.4356079101562 -136.3399200439453
-1014.5095825195312 -136.10067749023438
-1016.5089721679688 -134.10122680664062
-1015.921875 -133.75048828125
-1016.1927490234375 -131.76507568359375
-1014.2831420898438 -130.1814727783203
-1016.2825317382812 -128.32606506347656
-1014.8934326171875 -126.36216735839844
-1016.7825317382812 -125.5750732421875
-1015.228759765625 -123.58045196533203
-1013.7556762695312 -121.72660064697266
-1015.755615234375 -119.72734832763672
-1015.65087890625 -117.89384460449219
-1016.6558227539062 -115.90038299560547
-1018.083984375 -113.91814422607422
