-939.9451293945312 -345.166259765625
-941.9417114257812 -343.1750183105469
-943.9190063476562 -341.17926025390625
-945.915283203125 -339.183349609375
-947.86083984375 -337.2250671386719
-949.853515625 -335.2279052734375
-947.9126586914062 -333.2339172363281
-949.8078002929688 -331.2349853515625
-948.1085205078125 -329.2430419921875
-950.0564575195312 -327.2630615234375
-948.4840698242188 -325.26409912109375
-946.66357421875 -323.2659606933594
-948.5282592773438 -321.26904296875
-947.3623657226562 -319.2700500488281
-949.3294677734375 -317.3532409667969
-950.610107421875 -315.3546142578125
-950.9600830078125 -313.35528564453125
-952.2070922851562 -311.6878967285156
-950.6354370117188 -309.9934997558594
-950.7804565429688 -308.003173828125
-949.071533203125 -306.0091247558594
-948.6771240234375 -304.010009765625
-946.701904296875 -302.0115051269531
-948.6812744140625 -300.0145263671875
-948.35546875 -298.0153503417969
-948.408935546875 -296.0155944824219
-949.3406372070312 -294.0177307128906
-948.9917602539062 -292.02813720703125
-947.9966430664062 -290.03497314453125
-946.8407592773438 -288.0451354980469
-948.696044921875 -286.0496520996094
-948.7407836914062 -284.05029296875
-948.3735961914062 -282.0688171386719
-947.08837890625 -280.0935974121094
-949.0864868164062 -278.1047668457031
-950.6998901367188 -276.1048583984375
-949.976318359375 -274.1566467285156
-948.7155151367188 -272.1607360839844
-948.6376953125 -270.1656799316406
-947.0194091796875 -268.1667175292969
-948.9744262695312 -266.3174743652344
-949.0704345703125 -264.31787109375
-949.2548828125 -262.31805419921875
-949.2425537109375 -260.3183898925781
-949.2339477539062 -258.33050537109375
-950.3306884765625 -256.33221435546875
-949.4163208007812 -254.3324432373047
-948.0596923828125 -252.3365478515625
-948.7965698242188 -250.3400115966797
-947.7012939453125 -248.34146118164062
-948.580322265625 -246.3435516357422
-949.5367431640625 -244.3708953857422
-951.470703125 -242.3734893798828
-951.1624755859375 -240.38372802734375
-950.5692138671875 -238.38479614257812
-949.986328125 -236.3856201171875
-948.4169921875 -234.3868408203125
-947.7608642578125 -232.3876495361328
-948.5162353515625 -230.4042205810547
-950.3486938476562 -228.40444946289062
-950.5912475585938 -226.4058837890625
-952.459716796875 -224.40597534179688
-954.1600341796875 -222.40621948242188
-955.2122802734375 -220.40623474121094
-953.5001220703125 -218.40643310546875
-952.484130859375 -216.4065704345703
-951.9954833984375 -214.40802001953125
-953.7722778320312 -214.21763610839844
-954.5896606445312 -215.7155303955078
-956.4171142578125 -213.71554565429688
-955.707275390625 -215.51058959960938
-956.4218139648438 -213.51528930664062
-957.6004028320312 -215.44558715820312
-959.0070190429688 -213.4456787109375
-957.6939697265625 -215.39019775390625
-957.9497680664062 -213.3902587890625
-959.0906372070312 -215.35935974121094
-960.0277099609375 -213.35989379882812
-959.5586547851562 -214.987060546875
-957.7566528320312 -216.6986083984375
-959.3104858398438 -214.69911193847656
-960.6554565429688 -216.09288024902344
-962.6188354492188 -214.09326171875
-962.2910766601562 -215.76792907714844
-963.8837280273438 -213.76795959472656
-964.3524169921875 -215.64085388183594
-965.2677001953125 -213.6409149169922
-965.408447265625 -213.43939208984375
-966.8959350585938 -214.7494354248047
-964.9932861328125 -216.5406036376953
-964.5518798828125 -214.54464721679688
-963.1895141601562 -216.52281188964844
-963.6067504882812 -214.52468872070312
-965.1047973632812 -213.02621459960938
-963.6236572265625 -214.78939819335938
-965.3826904296875 -216.7589874267578
-965.5585327148438 -214.759521484375
-964.0478515625 -215.89361572265625
-963.873291015625 -213.89743041992188
-964.8348999023438 -215.3651580810547
-965.37548828125 -213.41529846191406
-965.2244873046875 -215.1536102294922
-965.3119506835938 -213.15863037109375
-963.9945068359375 -215.15109252929688
-964.8898315429688 -213.1522674560547
-964.8108520507812 -215.13504028320312
-966.5465087890625 -213.13804626464844
-964.9556274414062 -214.2558135986328
-966.5037231445312 -216.2167205810547
-968.3084716796875 -214.22499084472656
-969.2864379882812 -214.5092315673828
-970.9201049804688 -214.69390869140625
-971.1607666015625 -215.50619506835938
-971.111572265625 -215.91818237304688
-972.9091796875 -213.9195556640625
-971.464599609375 -215.74191284179688
-969.6354370117188 -217.6595458984375
-971.1364135742188 -215.66006469726562
-969.4999389648438 -217.3921661376953
-970.72119140625 -215.39405822753906
-971.4721069335938 -217.14418029785156
-973.4420776367188 -215.16331481933594
-973.5640258789062 -216.9252166748047
-974.4204711914062 -215.03369140625
-973.8027954101562 -215.03460693359375
-973.4575805664062 -215.1493682861328
-972.6950073242188 -217.06961059570312
-974.6163940429688 -215.12400817871094
-973.9295654296875 -216.95709228515625
-975.7975463867188 -215.46849060058594
-975.6336669921875 -216.98887634277344
-976.4374389648438 -214.9971923828125
-975.301513671875 -215.284423828125
-977.0648193359375 -217.0551300048828
-978.3057250976562 -215.25982666015625
-980.0223999023438 -217.07913208007812
-981.6660766601562 -215.08343505859375
-983.59716796875 -216.70278930664062
-985.4724731445312 -214.78819274902344
-987.1870727539062 -213.59230041503906
-988.910400390625 -215.5592803955078
-989.9530029296875 -217.27001953125
-991.8787231445312 -215.6111297607422
-991.7684936523438 -213.6397705078125
-993.7174682617188 -215.2960205078125
-992.9835205078125 -215.185302734375
-994.9319458007812 -215.78549194335938
-995.2343139648438 -213.7859344482422
-996.0568237304688 -214.2860107421875
-997.2750854492188 -215.55447387695312
-998.7401123046875 -217.18431091308594
-1000.6737670898438 -215.2137908935547
-1002.4723510742188 -217.17027282714844
-1000.9044799804688 -215.17987060546875
-1001.860595703125 -216.77630615234375
-1000.5106811523438 -214.790771484375
-1001.1155395507812 -216.71511840820312
-1003.0253295898438 -215.02598571777344
-1004.7431640625 -213.7041015625
-1006.4182739257812 -215.2517852783203
-1006.9619140625 -213.9934844970703
-1008.9478149414062 -215.76983642578125
-1009.9247436523438 -213.7910919189453
-1010.9093627929688 -212.32762145996094
-1012.5284423828125 -214.02377319335938
-1014.0321655273438 -212.0830078125
-1012.41259765625 -212.0880584716797
-1014.3991088867188 -210.35629272460938
-1012.4901733398438 -209.5911865234375
-1014.0184936523438 -207.98651123046875
-1012.2138061523438 -206.5269317626953
-1013.3843383789062 -204.57928466796875
-1012.595458984375 -202.630615234375
-1014.589599609375 -200.78216552734375
-1013.0066528320312 -198.85000610351562
-1014.518310546875 -198.5912322998047
-1014.3082275390625 -196.88465881347656
-1012.5799560546875 -195.93470764160156
-1013.9688110351562 -193.9678497314453
-1013.2367553710938 -191.9687042236328
-1015.0084838867188 -190.05918884277344
-1013.1456298828125 -188.1724395751953
-1014.6926879882812 -186.17623901367188
-1013.0524291992188 -184.65773010253906
-1015.0169067382812 -184.03146362304688
-1013.0236206054688 -182.0665283203125
-1011.26708984375 -180.07644653320312
-1013.23828125 -178.093505859375
-1011.8973388671875 -176.1029052734375
-1013.874267578125 -174.18943786621094
-1013.5250854492188 -172.25213623046875
-1011.5784301757812 -170.87962341308594
-1013.4574584960938 -172.18325805664062
-1011.9539794921875 -170.3011932373047
-1013.9015502929688 -168.34237670898438
-1011.95068359375 -167.32919311523438
-1013.5881958007812 -165.912353515625
-1012.6629028320312 -163.91311645507812
-1011.57861328125 -161.93429565429688
-1013.4983520507812 -160.0624542236328
-1012.8162231445312 -158.06475830078125
-1014.7903442382812 -156.17713928222656
-1013.0494995117188 -154.17889404296875
-1014.840576171875 -152.2926025390625
-1016.4967041015625 -150.40475463867188
-1014.6594848632812 -151.32760620117188
-1016.6051025390625 -149.73931884765625
-1014.7554931640625 -151.33047485351562
-1014.5137939453125 -150.57180786132812
-1016.496337890625 -149.23646545410156
-1015.6642456054688 -149.54083251953125
-1013.8026123046875 -147.93666076660156
-1015.682373046875 -146.2330780029297
-1013.9183959960938 -144.25146484375
-1015.787841796875 -142.26792907714844
-1014.05908203125 -140.77989196777344
-1016.0149536132812 -139.55218505859375
-1015.7109375 -137.58682250976562
-1014.1201782226562 -135.61219787597656
-1015.5658569335938 -134.22921752929688
-1013.8523559570312 -132.23158264160156
-1014.0562744140625 -130.26043701171875
-1016.0463256835938 -129.83641052246094
-1014.2416381835938 -127.84774780273438
-1016.1333618164062 -127.24235534667969
-1014.9891967773438 -125.25019836425781
-1013.9388427734375 -123.31761169433594
-1015.7084350585938 -122.36080169677734
-1013.9325561523438 -120.39637756347656
-1015.1988525390625 -118.4032974243164
-1013.6019897460938 -116.44294738769531
-1015.3501586914062 -115.1324462890625
-1014.8115844726562 -113.1326675415039
