-1113.19921875 -157.07308959960938
-1111.4171142578125 -155.7007293701172
-1109.52783203125 -157.7007293701172
-1107.531005859375 -155.98130798339844
-1105.678955078125 -154.0371856689453
-1103.810302734375 -156.0371856689453
-1101.8140869140625 -154.33392333984375
-1100.117431640625 -156.33392333984375
-1098.126708984375 -155.08360290527344
-1096.12744140625 -153.9013214111328
-1094.3984375 -155.9013214111328
-1092.3990478515625 -155.04185485839844
-1090.554931640625 -157.04185485839844
-1088.574462890625 -155.1815948486328
-1086.593505859375 -153.29940795898438
-1084.5938720703125 -151.33204650878906
-1082.7178955078125 -153.33204650878906
-1080.7261962890625 -151.3708038330078
-1078.8173828125 -153.3708038330078
-1076.8175048828125 -151.4340057373047
-1074.84521484375 -153.4340057373047
-1072.84521484375 -151.49159240722656
-1071.988037109375 -153.49159240722656
-1069.988525390625 -152.09730529785156
-1068.28515625 -154.09730529785156
-1066.2947998046875 -152.19139099121094
-1064.3052978515625 -154.19139099121094
-1062.577392578125 -152.27224731445312
-1060.722412109375 -154.27224731445312
-1058.7684326171875 -152.2924346923828
-1058.40380859375 -154.2924346923828
-1056.5845947265625 -152.31431579589844
-1054.6075439453125 -154.31431579589844
-1052.62890625 -152.64413452148438
-1051.968994140625 -154.64413452148438
-1049.97314453125 -152.877197265625
-1048.0164794921875 -154.877197265625
-1046.017578125 -153.09085083007812
-1044.073486328125 -155.09085083007812
-1042.07666015625 -153.09136962890625
-1042.6031494140625 -155.09136962890625
-1040.6044921875 -153.31829833984375
-1038.6630859375 -155.31829833984375
-1036.668212890625 -153.32740783691406
-1034.716064453125 -155.32740783691406
-1032.71826171875 -153.5577392578125
-1031.0980224609375 -155.55772399902344
-1029.09912109375 -153.56703186035156
-1027.42236328125 -155.56703186035156
-1025.4239501953125 -153.66744995117188
-1023.6171875 -155.66677856445312
-1021.6173095703125 -153.701904296875
-1019.6322021484375 -155.701904296875
-1017.6328125 -154.99618530273438
-1015.633544921875 -153.23866271972656
-1017.1824951171875 -155.11676025390625
-1015.183349609375 -153.80043029785156
-1017.0077514648438 -155.7879638671875
-1015.0078125 -154.7439727783203
-1015.2800903320312 -156.7243194580078
-1013.2818603515625 -154.83993530273438
-1014.8854370117188 -156.6419219970703
-1012.91748046875 -154.6689910888672
-1014.7236938476562 -156.57553100585938
-1012.7244873046875 -154.58416748046875
-1014.6507568359375 -156.5819549560547
-1012.6582641601562 -156.03851318359375
-1012.9412231445312 -158.02732849121094
-1014.7266235351562 -160.0239715576172
-1012.7275390625 -161.6270751953125
-1012.6212158203125 -163.6095428466797
-1010.6216430664062 -165.40081787109375
-1012.5726318359375 -167.38514709472656
-1010.6025390625 -169.38046264648438
-1012.5263061523438 -171.37954711914062
-1010.533935546875 -173.3712615966797
-1012.3909912109375 -175.37042236328125
-1011.1610107421875 -176.85293579101562
-1010.798095703125 -178.8209686279297
-1011.8798217773438 -180.8181610107422
-1013.7362060546875 -182.8175048828125
-1011.740478515625 -184.791259765625
-1010.0277709960938 -186.4154052734375
-1011.4757080078125 -188.4031982421875
-1013.3455200195312 -190.4005126953125
-1013.0858764648438 -192.39222717285156
-1012.2775268554688 -194.38668823242188
-1013.15380859375 -196.38661193847656
-1015.0602416992188 -198.3865966796875
-1013.1390991210938 -200.3865966796875
-1011.3103637695312 -202.37802124023438
-1010.8887329101562 -204.3427734375
-1009.9986572265625 -206.328857421875
-1011.5398559570312 -208.31614685058594
-1013.4356079101562 -210.31614685058594
-1011.4356079101562 -212.31581115722656
-1012.4127197265625 -214.31564331054688
-1010.4127197265625 -212.31634521484375
-1008.8889770507812 -214.31634521484375
-1006.8903198242188 -212.3304443359375
-1005.7052001953125 -214.3304443359375
-1003.7288818359375 -216.33041381835938
-1001.7645874023438 -214.56065368652344
-999.7920532226562 -216.56065368652344
-997.7921752929688 -214.6436004638672
-995.8064575195312 -216.6436004638672
-993.8064575195312 -214.68075561523438
-991.808349609375 -216.6807403564453
-989.8245239257812 -214.6862335205078
-987.8518676757812 -216.68617248535156
-985.8519287109375 -214.69219970703125
-983.8547973632812 -216.6921844482422
-981.8551025390625 -214.7393798828125
-979.89501953125 -216.7393341064453
-977.9131469726562 -218.73931884765625
-975.9137573242188 -216.83152770996094
-973.9240112304688 -214.8782501220703
-971.9246826171875 -216.8782501220703
-969.9265747070312 -215.68099975585938
-967.9266357421875 -213.87220764160156
-965.9306030273438 -215.87155151367188
-963.9306640625 -214.07017517089844
-961.9365234375 -216.07008361816406
-959.9365844726562 -214.94065856933594
-958.0098876953125 -216.9382781982422
-956.010009765625 -217.7201385498047
-954.0101928710938 -218.3992919921875
-952.0103759765625 -218.94146728515625
-950.0104370117188 -220.89425659179688
-948.0114135742188 -220.89825439453125
-946.0115356445312 -222.64328002929688
-944.0148315429688 -222.23269653320312
-942.1063232421875 -223.98855590820312
-940.2984619140625 -224.87474060058594
-940.7815551757812 -225.8184814453125
-939.093505859375 -227.75375366210938
-937.8587036132812 -228.87191772460938
-939.1043090820312 -228.21095275878906
-937.7987060546875 -226.69970703125
-935.8173217773438 -228.05641174316406
-935.5999145507812 -226.5556182861328
-935.0427856445312 -227.6024932861328
-935.8056640625 -225.68829345703125
