-1114.6842041015625 -157.07305908203125
-1112.6917724609375 -155.31761169433594
-1111.9765625 -157.31759643554688
-1110.0313720703125 -155.38075256347656
-1109.63720703125 -157.3805694580078
-1107.674560546875 -157.09036254882812
-1106.1212158203125 -155.16946411132812
-1104.121826171875 -153.46493530273438
-1102.89794921875 -155.4649200439453
-1100.8988037109375 -153.59681701660156
-1101.2083740234375 -155.59678649902344
-1099.210693359375 -153.63858032226562
-1100.6326904296875 -155.6385040283203
-1098.641845703125 -153.6697998046875
-1100.5810546875 -155.66976928710938
-1098.5821533203125 -153.89227294921875
-1096.7061767578125 -155.8922576904297
-1094.7076416015625 -153.9186248779297
-1092.7969970703125 -155.91860961914062
-1090.798828125 -154.1494598388672
-1088.806884765625 -152.7985382080078
-1087.07275390625 -154.79847717285156
-1085.094482421875 -154.08697509765625
-1083.10693359375 -152.57012939453125
-1081.1129150390625 -154.5701141357422
-1079.5582275390625 -152.83399963378906
-1077.5797119140625 -154.83396911621094
-1075.623046875 -153.10733032226562
-1073.6240234375 -151.34298706054688
-1071.6322021484375 -150.4310760498047
-1073.363037109375 -152.43106079101562
-1071.3662109375 -151.63450622558594
-1073.3175048828125 -153.63446044921875
-1071.8076171875 -152.17462158203125
-1069.8087158203125 -150.4888458251953
-1071.2730712890625 -152.48883056640625
-1069.2735595703125 -151.8740997314453
-1067.58447265625 -153.87399291992188
-1065.5850830078125 -151.9268341064453
-1064.253173828125 -153.9268341064453
-1064.0047607421875 -151.99441528320312
-1062.0223388671875 -153.99429321289062
-1060.0439453125 -152.20919799804688
-1058.1546630859375 -154.2091522216797
-1056.225830078125 -152.39547729492188
-1054.2801513671875 -154.3954620361328
-1052.94482421875 -152.5361785888672
-1052.45068359375 -154.5361785888672
-1050.452880859375 -152.94589233398438
-1048.653564453125 -154.9458770751953
-1046.6536865234375 -153.00637817382812
-1047.4510498046875 -155.00637817382812
-1045.496826171875 -153.09742736816406
-1043.5501708984375 -155.097412109375
-1041.5738525390625 -153.9288787841797
-1042.848876953125 -155.92886352539062
-1040.874267578125 -153.9891357421875
-1042.592041015625 -155.98902893066406
-1040.61279296875 -154.61788940429688
-1038.7054443359375 -156.6178741455078
-1036.7091064453125 -156.752197265625
-1034.71533203125 -155.26869201660156
-1032.716552734375 -153.35287475585938
-1030.7451171875 -155.35284423828125
-1028.745361328125 -153.81410217285156
-1026.9874267578125 -155.81402587890625
-1024.9896240234375 -155.14703369140625
-1023.0053100585938 -154.6747589111328
-1021.0139770507812 -153.35643005371094
-1019.2566528320312 -155.35638427734375
-1017.2567138671875 -154.19970703125
-1015.2578735351562 -153.17665100097656
-1017.0492553710938 -155.1602325439453
-1015.0572509765625 -155.53636169433594
-1013.0640258789062 -154.49917602539062
-1014.7936401367188 -156.4789581298828
-1012.7953491210938 -155.34906005859375
-1014.7050170898438 -157.2952117919922
-1012.7069702148438 -158.17689514160156
-1014.2919311523438 -160.1762237548828
-1012.2925415039062 -159.25723266601562
-1014.1761474609375 -160.94361877441406
-1012.1810913085938 -159.7893524169922
-1014.1378784179688 -161.28997802734375
-1012.1397705078125 -159.51173400878906
-1013.04736328125 -161.02294921875
-1015.0220947265625 -163.0125274658203
-1013.0277099609375 -164.6138153076172
-1011.0277099609375 -166.1876220703125
-1012.8992919921875 -168.1389617919922
-1010.9017333984375 -169.7930145263672
-1012.7984619140625 -171.78221130371094
-1010.8196411132812 -173.48390197753906
-1011.7479858398438 -175.46530151367188
-1013.1971435546875 -177.41819763183594
-1011.2733154296875 -178.4327392578125
-1012.2987060546875 -180.3990020751953
-1014.267333984375 -182.39141845703125
-1012.2691040039062 -184.15951538085938
-1012.16650390625 -184.5522003173828
-1013.2322387695312 -185.1796875
-1014.8475341796875 -186.24818420410156
-1012.848388671875 -188.20361328125
-1014.8221435546875 -190.2013702392578
-1012.8222045898438 -192.0924835205078
-1014.81640625 -193.91937255859375
-1012.8164672851562 -192.4579315185547
-1014.81103515625 -194.45445251464844
-1012.81103515625 -193.0003662109375
-1014.7830200195312 -194.9961395263672
-1012.7830810546875 -196.64804077148438
-1014.7500610351562 -198.64773559570312
-1012.750244140625 -200.60150146484375
-1014.7415161132812 -202.54913330078125
-1012.7417602539062 -204.35446166992188
-1014.383544921875 -206.34323120117188
-1012.3858032226562 -208.30691528320312
-1013.192626953125 -210.30650329589844
-1011.193115234375 -212.2989501953125
-1009.5459594726562 -214.2989044189453
-1007.5472412109375 -213.25808715820312
-1005.8312377929688 -215.2579803466797
-1003.8312377929688 -216.46717834472656
-1001.8313598632812 -217.94947814941406
-999.847900390625 -216.85989379882812
-997.8484497070312 -215.1103515625
-995.8768920898438 -217.11029052734375
-993.8775024414062 -216.08750915527344
-991.8775634765625 -214.35580444335938
-989.8777465820312 -216.3546142578125
-987.88818359375 -216.71629333496094
-985.8919067382812 -216.92010498046875
-983.8928833007812 -215.7083282470703
-981.896484375 -217.70823669433594
-979.8965454101562 -216.66937255859375
-978.0992431640625 -218.66934204101562
-976.099853515625 -218.53846740722656
-974.099853515625 -217.02639770507812
-972.0999755859375 -217.51856994628906
-970.1000366210938 -216.75643920898438
-968.1000366210938 -216.15028381347656
-966.1023559570312 -214.9690399169922
-964.136474609375 -216.90245056152344
-962.140869140625 -217.5582275390625
-960.1416015625 -217.61074829101562
-959.5416870117188 -219.0491180419922
-957.5516967773438 -219.4998321533203
-955.9968872070312 -219.81155395507812
-953.9990234375 -220.7002410888672
-952.0252075195312 -221.5879669189453
-950.033447265625 -222.90234375
-948.0405883789062 -224.47775268554688
-946.4447021484375 -226.16455078125
-944.6248168945312 -225.65330505371094
-942.7261352539062 -226.1954345703125
-941.0606689453125 -227.4490509033203
-939.8450927734375 -225.85256958007812
-937.8959350585938 -224.21620178222656
-936.3961181640625 -225.1722869873047
