-1111.3751220703125 -157.07308959960938
-1109.3758544921875 -155.1940155029297
-1107.3792724609375 -157.1940155029297
-1105.390869140625 -156.94606018066406
-1103.4169921875 -156.85914611816406
-1101.42041015625 -155.07644653320312
-1099.4554443359375 -153.1029510498047
-1097.695556640625 -155.1029510498047
-1095.6956787109375 -153.12576293945312
-1093.9385986328125 -155.12576293945312
-1092.207275390625 -157.12576293945312
-1090.2144775390625 -155.17112731933594
-1088.2513427734375 -153.18812561035156
-1086.25146484375 -151.19760131835938
-1084.2586669921875 -153.19760131835938
-1082.4385986328125 -151.38723754882812
-1082.8504638671875 -153.38723754882812
-1080.8551025390625 -151.40579223632812
-1080.3717041015625 -153.40579223632812
-1078.4149169921875 -151.83570861816406
-1076.6533203125 -153.83570861816406
-1074.654296875 -151.837890625
-1072.65625 -149.8392333984375
-1074.123779296875 -151.8392333984375
-1072.1256103515625 -149.87619018554688
-1071.7462158203125 -151.87619018554688
-1070.5765380859375 -153.87619018554688
-1068.6168212890625 -151.87966918945312
-1067.1748046875 -153.87966918945312
-1065.175537109375 -151.89828491210938
-1063.85302734375 -153.89828491210938
-1061.90283203125 -151.9161834716797
-1062.6326904296875 -153.9161834716797
-1060.6610107421875 -152.08319091796875
-1058.8297119140625 -154.0831756591797
-1056.9005126953125 -152.09060668945312
-1054.9053955078125 -154.09060668945312
-1052.923095703125 -152.10191345214844
-1050.9674072265625 -154.10191345214844
-1048.970458984375 -152.1048583984375
-1047.6251220703125 -154.1048583984375
-1045.6278076171875 -152.11814880371094
-1044.555908203125 -154.11814880371094
-1042.5584716796875 -152.14114379882812
-1042.2945556640625 -154.14114379882812
-1040.306396484375 -156.14114379882812
-1038.3179931640625 -154.1553955078125
-1036.5777587890625 -156.1553955078125
-1034.697265625 -154.16336059570312
-1032.718994140625 -156.16336059570312
-1030.7203369140625 -154.16856384277344
-1029.0816650390625 -156.16856384277344
-1027.08935546875 -154.33970642089844
-1025.0924072265625 -152.34996032714844
-1026.31591796875 -154.34994506835938
-1024.44580078125 -152.3668670654297
-1022.58349609375 -154.3668670654297
-1020.5845947265625 -152.40509033203125
-1018.8014526367188 -154.40505981445312
-1016.8135375976562 -152.43296813964844
-1014.8387451171875 -154.43296813964844
-1016.5372314453125 -156.43243408203125
-1014.53857421875 -155.22622680664062
-1016.1751098632812 -157.2220001220703
-1014.208740234375 -155.2696990966797
-1014.8137817382812 -157.2657012939453
-1012.8319702148438 -155.31356811523438
-1013.55712890625 -157.15126037597656
-1014.49755859375 -159.15113830566406
-1012.5010375976562 -157.24855041503906
-1014.2025146484375 -159.24493408203125
-1012.20263671875 -157.48611450195312
-1014.1458740234375 -159.48074340820312
-1012.1460571289062 -157.7298583984375
-1012.7415161132812 -159.7261199951172
-1014.5572509765625 -161.71971130371094
-1012.5643310546875 -163.43763732910156
-1010.5665283203125 -165.4216766357422
-1011.5306396484375 -167.42153930664062
-1013.1858520507812 -169.4215087890625
-1011.2020874023438 -171.38670349121094
-1013.1734008789062 -173.38665771484375
-1011.1736450195312 -175.3719940185547
-1009.3714599609375 -177.15858459472656
-1010.54833984375 -179.1497344970703
-1011.2039794921875 -181.14364624023438
-1012.9006958007812 -183.10052490234375
-1010.903564453125 -185.0943145751953
-1012.6119995117188 -186.99301147460938
-1011.8890991210938 -188.92434692382812
-1011.9305419921875 -190.92279052734375
-1013.8799438476562 -192.9215545654297
-1011.8825073242188 -194.9205322265625
-1013.8096923828125 -196.92050170898438
-1011.81201171875 -198.9191436767578
-1012.1506958007812 -200.88536071777344
-1010.8688354492188 -202.83468627929688
-1009.3890991210938 -204.77320861816406
-1007.8141479492188 -206.7669219970703
-1009.27685546875 -208.76638793945312
-1009.7427368164062 -210.7662811279297
-1008.3534545898438 -212.7662811279297
-1006.7020263671875 -214.76626586914062
-1004.7083129882812 -212.7724151611328
-1002.8860473632812 -214.77239990234375
-1000.9688110351562 -216.77239990234375
-998.9690551757812 -214.7942352294922
-997.2265014648438 -216.79421997070312
-995.227294921875 -214.8043212890625
-993.258056640625 -216.8043212890625
-991.2582397460938 -214.84381103515625
-989.5045166015625 -216.84381103515625
-987.5050048828125 -214.8643035888672
-985.5108642578125 -216.86427307128906
-983.5108642578125 -214.86557006835938
-981.5213012695312 -216.8650360107422
-979.53076171875 -218.86500549316406
-977.5308227539062 -216.8916015625
-975.5308837890625 -217.8185272216797
-973.5309448242188 -216.01864624023438
-971.7316284179688 -218.01864624023438
-969.7340698242188 -216.10513305664062
-967.734130859375 -216.44766235351562
-965.734375 -216.0990447998047
-963.734375 -214.38027954101562
-961.8465576171875 -216.38011169433594
-959.84814453125 -215.33702087402344
-957.8482666015625 -213.9558563232422
-956.0977783203125 -215.94692993164062
-954.0977783203125 -215.41197204589844
-952.098388671875 -216.967041015625
-950.0986328125 -218.74884033203125
-948.0986938476562 -220.35946655273438
-946.0991821289062 -222.23170471191406
-944.1026611328125 -223.93028259277344
-942.97802734375 -223.71246337890625
-941.2039184570312 -225.35720825195312
-939.2437744140625 -226.017578125
-937.7807006835938 -227.16014099121094
-936.8743896484375 -228.53961181640625
-934.995361328125 -229.5148468017578
-933.2031860351562 -230.7727508544922
-933.0101928710938 -231.3809356689453
-934.5297241210938 -230.8097686767578
-934.5399169921875 -229.9640350341797
-934.2518920898438 -228.3980255126953
-934.59716796875 -227.8119354248047
-934.2117919921875 -227.41896057128906
-932.9279174804688 -226.12757873535156
