-1111.1419677734375 -157.0728759765625
-1109.37548828125 -155.07310485839844
-1107.3968505859375 -157.0730743408203
-1105.577880859375 -155.07339477539062
-1103.5799560546875 -157.07333374023438
-1101.626708984375 -155.07479858398438
-1099.9449462890625 -153.0758514404297
-1098.00634765625 -155.0758514404297
-1096.2410888671875 -153.0759735107422
-1094.6365966796875 -155.07423400878906
-1092.6365966796875 -157.07252502441406
-1091.090087890625 -155.07289123535156
-1089.6533203125 -153.08055114746094
-1087.69677734375 -155.08029174804688
-1085.746826171875 -153.08282470703125
-1083.764404296875 -155.082763671875
-1083.139892578125 -153.0832977294922
-1081.1441650390625 -155.08204650878906
-1079.18896484375 -153.08575439453125
-1078.2769775390625 -151.09353637695312
-1076.284912109375 -153.09341430664062
-1074.589599609375 -151.09925842285156
-1072.5897216796875 -153.09915161132812
-1073.0155029296875 -151.1003875732422
-1071.585693359375 -153.10031127929688
-1072.1761474609375 -151.10816955566406
-1070.66259765625 -153.108154296875
-1069.2667236328125 -151.14181518554688
-1067.295654296875 -153.1417999267578
-1065.7479248046875 -155.14157104492188
-1066.292724609375 -153.27020263671875
-1064.3092041015625 -155.27017211914062
-1063.1519775390625 -153.27389526367188
-1061.3487548828125 -155.2738494873047
-1059.7862548828125 -153.27662658691406
-1059.766357421875 -151.28065490722656
-1057.7686767578125 -153.28060913085938
-1055.8692626953125 -151.28773498535156
-1053.9129638671875 -153.2870635986328
-1053.094482421875 -151.29530334472656
-1051.1036376953125 -153.29498291015625
-1050.5311279296875 -151.41015625
-1048.56201171875 -153.41015625
-1046.7972412109375 -151.43002319335938
-1044.8978271484375 -153.43002319335938
-1042.899169921875 -155.42999267578125
-1040.9361572265625 -153.435791015625
-1038.9520263671875 -155.43577575683594
-1037.091064453125 -153.4468231201172
-1035.104248046875 -155.4468231201172
-1036.2574462890625 -153.4513702392578
-1034.25830078125 -155.4513702392578
-1032.9783935546875 -153.4639129638672
-1031.0145263671875 -155.4639129638672
-1030.334716796875 -153.47271728515625
-1028.3349609375 -155.4727020263672
-1029.8048095703125 -153.47515869140625
-1028.0477294921875 -155.47515869140625
-1029.0335693359375 -153.4777069091797
-1027.033935546875 -155.4777069091797
-1025.21484375 -153.53005981445312
-1023.2234497070312 -155.53005981445312
-1023.01904296875 -153.57864379882812
-1021.0198364257812 -155.57864379882812
-1019.5298461914062 -153.5963897705078
-1017.5302124023438 -155.59637451171875
-1015.5767822265625 -153.6212921142578
-1015.3408203125 -155.62025451660156
-1013.7925415039062 -153.6297607421875
-1015.5739135742188 -155.6295928955078
-1016.6336059570312 -153.6879119873047
-1014.6336059570312 -155.68789672851562
-1015.063720703125 -157.339111328125
-1014.912353515625 -155.34552001953125
-1014.6922607421875 -157.3265838623047
-1013.5477294921875 -155.45208740234375
-1015.0774536132812 -157.45188903808594
-1016.445068359375 -155.6298370361328
-1015.3672485351562 -153.68858337402344
-1016.1099853515625 -155.60226440429688
-1016.0701904296875 -153.63272094726562
-1014.0702514648438 -155.6326446533203
-1015.8468627929688 -157.59765625
-1014.6473999023438 -155.65138244628906
-1014.5375366210938 -157.61036682128906
-1013.4247436523438 -155.8544921875
-1012.3333129882812 -157.82818603515625
-1013.3882446289062 -159.82456970214844
-1011.5910034179688 -158.372314453125
-1012.2841186523438 -160.3694305419922
-1014.1868286132812 -162.3681640625
-1012.3007202148438 -163.0782928466797
-1010.662109375 -165.07501220703125
-1010.0567016601562 -167.0688018798828
-1009.8900756835938 -169.06861877441406
-1011.4990234375 -171.05262756347656
-1011.8521728515625 -173.04660034179688
-1013.4765014648438 -174.99563598632812
-1011.5098876953125 -176.994140625
-1012.6971435546875 -178.95291137695312
-1010.9407958984375 -180.9508056640625
-1012.2117919921875 -182.94544982910156
-1011.8401489257812 -184.94134521484375
-1013.6027221679688 -186.6364288330078
-1012.7799072265625 -188.5751495361328
-1014.7101440429688 -190.56942749023438
-1012.7142944335938 -192.4479522705078
-1014.0888061523438 -194.4429473876953
-1012.1138916015625 -196.3976287841797
-1013.4823608398438 -198.3973388671875
-1011.4912719726562 -200.38037109375
-1013.058837890625 -202.37008666992188
-1012.0570678710938 -204.31304931640625
-1012.4984741210938 -206.1796417236328
-1010.8424072265625 -208.15469360351562
-1009.7174682617188 -210.1542205810547
-1008.3561401367188 -212.15419006347656
-1006.3986206054688 -214.15394592285156
-1004.4025268554688 -216.1537628173828
-1006.0145874023438 -214.5865936279297
-1004.0223999023438 -216.58642578125
-1003.4271850585938 -214.58851623535156
-1001.4273071289062 -216.58837890625
-1000.6456298828125 -214.5995635986328
-998.6531982421875 -216.59954833984375
-996.7227783203125 -214.6269989013672
-994.7229614257812 -216.6269073486328
-994.8099975585938 -214.65589904785156
-992.8115844726562 -216.65585327148438
-991.3342895507812 -214.69186401367188
-989.3351440429688 -216.6918487548828
-987.484619140625 -214.74757385253906
-985.4871826171875 -216.7469482421875
-985.6932983398438 -214.8082275390625
-983.6937866210938 -216.80809020996094
-981.8734741210938 -214.8267364501953
-979.8736572265625 -216.8266143798828
-977.873779296875 -218.82659912109375
-978.7205200195312 -216.94754028320312
-976.9644165039062 -214.9551544189453
-974.9644775390625 -216.95513916015625
-976.5821533203125 -215.3265838623047
-974.5847778320312 -217.32643127441406
-972.8202514648438 -216.10801696777344
-972.693603515625 -215.4574737548828
-970.6936645507812 -217.4573974609375
-969.87109375 -215.49102783203125
-967.871337890625 -217.490966796875
-968.7843017578125 -215.53167724609375
-967.7718505859375 -215.55239868164062
-966.0214233398438 -213.5776824951172
-964.021484375 -215.57440185546875
-965.0416259765625 -213.6392364501953
-963.0418701171875 -215.6382293701172
-961.8746948242188 -213.6842498779297
-959.8763427734375 -215.6790771484375
-961.3020629882812 -213.75994873046875
-959.3021240234375 -215.75576782226562
-960.075927734375 -213.89273071289062
-958.0762329101562 -215.887939453125
-957.2462158203125 -213.8931427001953
-955.2462158203125 -215.8782958984375
-956.2701416015625 -213.88995361328125
-954.2702026367188 -215.83551025390625
-954.7279663085938 -213.8715362548828
-952.7282104492188 -215.82077026367188
-954.3469848632812 -214.0021209716797
-952.3475341796875 -215.91204833984375
-950.7485961914062 -214.00152587890625
-948.7510986328125 -215.9427032470703
-949.2581176757812 -214.05563354492188
-947.2583618164062 -214.18536376953125
-945.2586669921875 -216.07814025878906
-944.4549560546875 -214.60269165039062
