-1111.1375732421875 -157.07305908203125
-1109.1654052734375 -155.30133056640625
-1107.166259765625 -157.29942321777344
-1105.3275146484375 -156.04708862304688
-1103.333251953125 -154.59791564941406
-1101.6016845703125 -156.5978546142578
-1099.602783203125 -154.95704650878906
-1097.6263427734375 -156.9569549560547
-1095.627197265625 -155.70166015625
-1093.6329345703125 -154.6580810546875
-1091.63818359375 -156.65798950195312
-1089.802734375 -154.82342529296875
-1087.8868408203125 -153.39869689941406
-1085.887939453125 -151.61422729492188
-1083.889404296875 -153.61419677734375
-1081.8902587890625 -151.9876251220703
-1079.9014892578125 -153.98756408691406
-1077.9014892578125 -154.5160369873047
-1075.90283203125 -153.4982147216797
-1073.903076171875 -152.20761108398438
-1071.9031982421875 -151.44061279296875
-1070.0269775390625 -153.4405975341797
-1068.044677734375 -152.9629364013672
-1066.098876953125 -154.9629364013672
-1064.1043701171875 -154.11329650878906
-1062.1585693359375 -154.29608154296875
-1060.193603515625 -152.8557586669922
-1058.2020263671875 -154.85572814941406
-1056.203125 -153.6891326904297
-1054.2042236328125 -155.0916748046875
-1052.2413330078125 -154.33290100097656
-1050.2471923828125 -152.96363830566406
-1048.2677001953125 -154.96360778808594
-1046.2681884765625 -153.89529418945312
-1044.268310546875 -153.5701904296875
-1042.27392578125 -155.569580078125
-1040.282958984375 -153.72019958496094
-1038.3175048828125 -155.72006225585938
-1036.317626953125 -154.68968200683594
-1034.353759765625 -156.6893310546875
-1032.362548828125 -157.88653564453125
-1030.40283203125 -156.80633544921875
-1028.4053955078125 -156.12062072753906
-1026.493896484375 -155.74774169921875
-1024.4940185546875 -154.8579559326172
-1022.4972534179688 -155.0170135498047
-1020.5114135742188 -155.08030700683594
-1018.5189819335938 -156.91261291503906
-1016.5211181640625 -158.14227294921875
-1014.6046142578125 -158.2196807861328
-1012.6060180664062 -158.2171630859375
-1014.146728515625 -160.17535400390625
-1012.1507568359375 -158.30357360839844
-1014.0549926757812 -160.2540283203125
-1012.0554809570312 -161.90499877929688
-1013.9927978515625 -163.85780334472656
-1011.9988403320312 -162.61331176757812
-1011.7205200195312 -164.56243896484375
-1010.1775512695312 -166.3981170654297
-1009.8843383789062 -168.39598083496094
-1011.843017578125 -169.3590087890625
-1011.6666870117188 -171.25355529785156
-1013.3630981445312 -173.23765563964844
-1011.364990234375 -174.52505493164062
-1013.2493286132812 -176.480224609375
-1011.2512817382812 -174.89755249023438
-1011.4983520507812 -176.6431884765625
-1013.490234375 -178.30499267578125
-1011.490234375 -178.5879364013672
-1013.4757690429688 -180.14955139160156
-1011.4806518554688 -181.65452575683594
-1013.209716796875 -183.61024475097656
-1011.2105102539062 -185.6042938232422
-1013.1064453125 -187.28509521484375
-1014.9402465820312 -188.50802612304688
-1012.942138671875 -189.43360900878906
-1014.4002685546875 -191.15618896484375
-1012.4007568359375 -193.0775146484375
-1013.0341796875 -195.07144165039062
-1012.5079345703125 -197.07142639160156
-1011.4583740234375 -199.07139587402344
-1012.9934692382812 -200.93540954589844
-1011.7140502929688 -202.8793182373047
-1011.2581176757812 -204.86534118652344
-1013.0681762695312 -206.83200073242188
-1015.0367431640625 -208.73907470703125
-1013.0367431640625 -210.2784881591797
-1011.0927124023438 -212.2776641845703
-1009.1024169921875 -214.27755737304688
-1007.1079711914062 -213.8339080810547
-1005.115478515625 -215.8338623046875
-1003.115478515625 -216.74737548828125
-1001.1317749023438 -214.7687530517578
-999.1322021484375 -216.76861572265625
-997.1378784179688 -218.26084899902344
-995.35986328125 -218.52703857421875
-993.3599243164062 -217.26930236816406
-991.3601684570312 -217.7916717529297
-989.360595703125 -218.01866149902344
-987.397216796875 -217.0631866455078
-985.400634765625 -217.6839599609375
-983.4031372070312 -218.35186767578125
-981.4038696289062 -218.1265411376953
-979.4182739257812 -219.2667694091797
-977.420166015625 -220.48989868164062
-975.4208984375 -220.03781127929688
-973.4227294921875 -218.2357177734375
-971.4251098632812 -217.70140075683594
-969.4253540039062 -218.92654418945312
-967.432373046875 -220.24972534179688
-965.4336547851562 -218.92869567871094
-963.4403686523438 -218.95547485351562
-961.4407348632812 -219.0478973388672
-959.4465942382812 -219.38612365722656
-957.7130126953125 -218.74229431152344
-955.7136840820312 -220.19058227539062
-954.124755859375 -219.5154571533203
-954.4929809570312 -219.24607849121094
-952.5577392578125 -220.5764617919922
-950.8697509765625 -220.2098846435547
-949.2296142578125 -222.1916046142578
-947.4990844726562 -224.128662109375
-946.689697265625 -225.62725830078125
-945.31689453125 -227.0970001220703
-946.162841796875 -226.42527770996094
-944.36767578125 -228.42234802246094
-943.17041015625 -227.8733367919922
-944.3386840820312 -227.30123901367188
-942.3450927734375 -227.4253692626953
-940.63671875 -228.542236328125
-938.7890014648438 -228.2738494873047
-937.169189453125 -229.81021118164062
-935.1947021484375 -229.94479370117188
-933.4020385742188 -228.36233520507812
-932.8972778320312 -226.628173828125
