-1111.1375732421875 -157.0546112060547
-1109.1414794921875 -155.15733337402344
-1107.1448974609375 -157.15640258789062
-1106.835205078125 -155.20364379882812
-1104.8447265625 -157.1906280517578
-1102.8717041015625 -155.78453063964844
-1100.9013671875 -154.34559631347656
-1098.9041748046875 -156.3413543701172
-1097.0484619140625 -155.81979370117188
-1095.0677490234375 -154.1112060546875
-1093.072998046875 -156.08956909179688
-1091.1973876953125 -154.70950317382812
-1089.2703857421875 -152.99671936035156
-1087.287109375 -154.97543334960938
-1085.327880859375 -156.22618103027344
-1083.3441162109375 -154.56808471679688
-1081.938720703125 -153.2358856201172
-1079.9493408203125 -151.6100616455078
-1077.9559326171875 -153.584716796875
-1075.969970703125 -152.70953369140625
-1074.0489501953125 -151.59808349609375
-1072.1143798828125 -153.00808715820312
-1070.1536865234375 -153.65318298339844
-1068.1851806640625 -151.80555725097656
-1066.45556640625 -153.79168701171875
-1064.465087890625 -155.78619384765625
-1064.650390625 -154.21311950683594
-1062.8790283203125 -154.77574157714844
-1061.2449951171875 -154.19456481933594
-1059.3995361328125 -154.5623321533203
-1057.4212646484375 -152.84458923339844
-1055.4581298828125 -154.8422393798828
-1053.502197265625 -153.79702758789062
-1051.5079345703125 -152.0977020263672
-1049.627685546875 -154.09605407714844
-1047.6624755859375 -152.22694396972656
-1045.6724853515625 -154.20582580566406
-1043.75537109375 -152.23953247070312
-1041.755615234375 -154.22621154785156
-1039.7568359375 -156.12130737304688
-1037.7625732421875 -154.4214630126953
-1035.804443359375 -156.41075134277344
-1033.9571533203125 -154.49990844726562
-1031.9736328125 -156.49864196777344
-1030.36376953125 -155.21885681152344
-1028.37109375 -153.70086669921875
-1026.4197998046875 -155.69424438476562
-1024.529541015625 -155.2267608642578
-1022.5384521484375 -153.99649047851562
-1020.5553588867188 -155.97723388671875
-1018.80322265625 -154.04489135742188
-1016.8114013671875 -155.98487854003906
-1014.839111328125 -154.16380310058594
-1014.6879272460938 -155.9356231689453
-1015.8170776367188 -157.2716522216797
-1013.8641357421875 -155.47723388671875
-1015.103759765625 -155.07298278808594
-1015.0516357421875 -153.90135192871094
-1016.6199340820312 -153.38607788085938
-1014.6202392578125 -155.3172149658203
-1016.246337890625 -154.78163146972656
-1014.3461303710938 -152.81451416015625
-1013.9478149414062 -154.0317840576172
-1013.7633056640625 -155.7911376953125
-1015.4274291992188 -155.7246856689453
-1013.4336547851562 -153.81292724609375
-1015.0033569335938 -154.8454132080078
-1015.2095947265625 -155.78842163085938
-1013.2136840820312 -154.25289916992188
-1012.2844848632812 -155.90353393554688
-1012.1099243164062 -154.93707275390625
-1013.9207763671875 -156.68936157226562
-1015.766357421875 -157.9270782470703
-1013.7721557617188 -156.6934814453125
-1015.7078857421875 -157.2434844970703
-1013.7196044921875 -156.17202758789062
-1013.96630859375 -157.54876708984375
-1014.3719482421875 -159.0933074951172
-1012.4868774414062 -158.3302001953125
-1012.1685791015625 -160.19293212890625
-1013.9022827148438 -159.57057189941406
-1011.9042358398438 -159.61398315429688
-1013.4714965820312 -161.13844299316406
-1011.472412109375 -159.65237426757812
-1012.3338623046875 -161.09054565429688
-1011.8218994140625 -161.96847534179688
-1013.45947265625 -163.5324249267578
-1011.4603881835938 -164.99542236328125
-1011.3088989257812 -163.9708709716797
-1010.95263671875 -164.0511932373047
-1012.5557861328125 -165.91513061523438
-1010.5715942382812 -165.43484497070312
-1010.2590942382812 -166.6905517578125
-1011.9853515625 -168.53094482421875
-1013.1524047851562 -169.14984130859375
-1011.1534423828125 -170.83860778808594
-1011.2613525390625 -172.3887176513672
-1012.2055053710938 -172.16519165039062
-1013.324462890625 -173.99195861816406
-1011.3246459960938 -175.8745880126953
-1012.3145751953125 -177.66769409179688
-1012.774169921875 -177.74636840820312
-1012.6510620117188 -176.17999267578125
-1014.34912109375 -175.40603637695312
-1012.3500366210938 -177.31851196289062
-1014.0244750976562 -178.3399200439453
-1012.0924072265625 -178.72967529296875
-1012.9650268554688 -179.97225952148438
-1010.965576171875 -181.67886352539062
-1010.1713256835938 -182.66355895996094
-1009.4266967773438 -184.34674072265625
-1010.73095703125 -185.83197021484375
-1010.3108520507812 -186.93907165527344
-1010.9506225585938 -186.1669921875
-1012.9430541992188 -186.42864990234375
-1013.4391479492188 -188.15806579589844
-1015.0330810546875 -188.67623901367188
-1013.033447265625 -190.16958618164062
-1014.842041015625 -190.8818359375
-1012.845947265625 -191.58473205566406
-1014.5479736328125 -191.97906494140625
-1012.5515747070312 -193.37945556640625
-1011.7595825195312 -193.85023498535156
-1012.6495361328125 -194.15396118164062
-1014.4989013671875 -194.55262756347656
-1012.4991455078125 -196.21287536621094
-1012.3727416992188 -198.0719451904297
-1010.8873291015625 -199.6896514892578
-1010.026123046875 -200.1213836669922
-1011.9951171875 -199.24974060058594
-1013.9151000976562 -200.26806640625
-1011.9152221679688 -202.0704345703125
-1012.5969848632812 -202.37710571289062
-1012.4757690429688 -202.88148498535156
-1013.4066162109375 -203.3693084716797
-1011.4075927734375 -205.1323699951172
-1009.5501708984375 -204.62423706054688
-1010.9208374023438 -204.34677124023438
-1010.7606201171875 -204.39332580566406
-1011.24462890625 -205.69163513183594
-1011.3449096679688 -207.26702880859375
-1009.6074829101562 -208.49600219726562
-1010.6897583007812 -210.49452209472656
-1008.8519287109375 -212.47743225097656
-1006.8562622070312 -214.4747772216797
-1004.9339599609375 -216.46795654296875
-1002.9402465820312 -214.64773559570312
-1000.9414672851562 -216.6321563720703
-1000.2138061523438 -215.017578125
-998.2150268554688 -216.78173828125
-996.22802734375 -214.97854614257812
-994.2324829101562 -216.78890991210938
-992.234619140625 -216.087158203125
-990.23828125 -214.34689331054688
-988.2420654296875 -216.29849243164062
-986.2946166992188 -214.32192993164062
-984.2947998046875 -215.6340789794922
-982.2977905273438 -217.11431884765625
-980.3204956054688 -216.23829650878906
-978.32177734375 -218.19960021972656
-976.32568359375 -216.96080017089844
-974.326171875 -215.15428161621094
-972.3281860351562 -217.13148498535156
-970.3348999023438 -215.3339385986328
-968.4151000976562 -217.19256591796875
-966.4151000976562 -215.21646118164062
-964.422119140625 -216.46035766601562
-962.422119140625 -215.05943298339844
-960.4498901367188 -216.6048583984375
-958.4627685546875 -214.61883544921875
-956.4677734375 -212.9198760986328
-954.5206909179688 -214.6251983642578
-952.5389404296875 -215.62109375
-950.5391845703125 -216.11131286621094
-948.541748046875 -215.52902221679688
-946.5430297851562 -213.700439453125
-944.5445556640625 -214.083251953125
