-1012.9867553710938 -135.3995819091797
-1014.9495239257812 -137.35702514648438
-1013.21826171875 -139.35675048828125
-1012.383056640625 -141.3567352294922
-1013.6867065429688 -143.35617065429688
-1013.91796875 -145.19822692871094
-1012.7739868164062 -147.19149780273438
-1013.0372924804688 -149.15211486816406
-1012.0032348632812 -151.14161682128906
-1010.1691284179688 -153.07261657714844
-1009.1884155273438 -155.01806640625
-1007.3906860351562 -156.981201171875
-1009.375732421875 -158.9573211669922
-1008.3759765625 -160.95335388183594
-1008.99755859375 -162.952880859375
-1007.879638671875 -164.9518280029297
-1009.5870361328125 -166.93716430664062
-1008.4349365234375 -168.9354248046875
-1007.1856689453125 -170.8816375732422
-1005.6356201171875 -172.87893676757812
-1006.6067504882812 -174.87843322753906
-1008.5310668945312 -176.8741455078125
-1007.2672729492188 -178.0485076904297
-1008.7411499023438 -180.04010009765625
-1010.7332763671875 -182.0380859375
-1012.2379760742188 -184.03453063964844
-1012.7965087890625 -185.95126342773438
-1010.8101196289062 -187.93763732910156
-1011.7071533203125 -189.91249084472656
-1012.976806640625 -191.8968505859375
-1013.056884765625 -193.89547729492188
-1015.0371704101562 -195.89393615722656
-1013.1621704101562 -197.885498046875
-1012.6245727539062 -199.88548278808594
-1012.4199829101562 -201.85238647460938
-1014.0987548828125 -203.84918212890625
-1012.1385498046875 -205.8401336669922
-1012.865234375 -207.8395233154297
-1014.82958984375 -209.8233184814453
-1012.8368530273438 -211.82330322265625
-1011.985107421875 -213.82325744628906
-1009.9860229492188 -212.55606079101562
-1008.052978515625 -214.55606079101562
-1006.0736083984375 -212.5606689453125
-1004.123291015625 -214.5606689453125
-1002.1297607421875 -216.5606689453125
-1000.1690063476562 -214.993896484375
-998.1702270507812 -216.993896484375
-996.2486572265625 -215.01812744140625
-994.7335205078125 -217.01812744140625
-992.82861328125 -215.06602478027344
-990.8295288085938 -217.06602478027344
-988.9448852539062 -215.24937438964844
-989.14697265625 -217.24937438964844
-987.1493530273438 -215.35507202148438
-985.1796264648438 -217.35507202148438
-983.21630859375 -215.48741149902344
-981.2332763671875 -217.48741149902344
-979.371337890625 -215.6465301513672
-977.3798217773438 -217.6465301513672
-975.4640502929688 -215.73233032226562
-973.4751586914062 -217.73233032226562
-971.4986572265625 -216.82669067382812
-969.943359375 -214.94522094726562
-967.9436645507812 -216.9451446533203
-965.9835205078125 -215.20315551757812
-964.42578125 -214.0313720703125
-962.4265747070312 -216.03135681152344
-960.4796142578125 -216.36947631835938
-959.5137329101562 -214.49046325683594
-957.5152587890625 -216.49046325683594
-955.6253051757812 -214.63841247558594
-953.631103515625 -216.6383819580078
-951.646240234375 -214.720947265625
-949.6464233398438 -216.72093200683594
-948.1865234375 -215.58346557617188
-947.3515625 -213.60720825195312
-948.5459594726562 -212.6160888671875
-949.0182495117188 -214.5317840576172
-947.7345581054688 -212.6551971435547
-946.2665405273438 -213.522705078125
-945.8511962890625 -212.37127685546875
-945.530517578125 -214.2601318359375
-945.7913208007812 -213.53150939941406
-944.5053100585938 -211.63766479492188
-944.08056640625 -213.60781860351562
-942.8944702148438 -213.02574157714844
-941.0244140625 -211.66714477539062
-940.9210815429688 -210.93431091308594
-939.2360229492188 -212.84280395507812
-938.003173828125 -212.7058563232422
-936.7488403320312 -212.8214569091797
-938.3594360351562 -211.29421997070312
-936.7236938476562 -209.56744384765625
-937.6328125 -211.55313110351562
-939.1415405273438 -212.60284423828125
-938.7830200195312 -214.177490234375
-938.1553955078125 -214.07403564453125
-937.6270141601562 -215.62820434570312
-938.3984375 -214.86476135253906
-936.66455078125 -215.4360809326172
-938.0758056640625 -215.04571533203125
-936.3182983398438 -215.35543823242188
-935.3773803710938 -213.5782470703125
-933.7088012695312 -213.00840759277344
-935.2286376953125 -213.9421844482422
-936.1327514648438 -213.31150817871094
-934.8876342773438 -211.3861846923828
-935.846435546875 -212.92355346679688
-935.7842407226562 -214.1100311279297
-935.2290649414062 -212.65724182128906
-937.129150390625 -213.18234252929688
-935.4630126953125 -211.69947814941406
-935.174072265625 -213.11553955078125
-934.3135375976562 -214.18634033203125
-932.5739135742188 -212.8572235107422
-931.7149047851562 -214.5220184326172
-932.5673828125 -214.31082153320312
-931.2315063476562 -215.1046142578125
-932.4679565429688 -216.47286987304688
-931.9692993164062 -218.27194213867188
-931.3914184570312 -220.158935546875
-930.3035278320312 -222.1552276611328
-930.848388671875 -224.0985870361328
-929.3792114257812 -226.01815795898438
-927.69482421875 -228.01815795898438
-925.71435546875 -226.12933349609375
-924.7521362304688 -228.12933349609375
-922.7666625976562 -226.44937133789062
-920.8280029296875 -228.44935607910156
-918.843505859375 -226.5520782470703
-917.1388549804688 -228.5520782470703
-915.1405029296875 -226.99050903320312
-913.5490112304688 -228.99049377441406
-912.541259765625 -227.56471252441406
-910.5491943359375 -225.62808227539062
-908.5975952148438 -227.62808227539062
-906.6060791015625 -225.9493408203125
-904.8580932617188 -227.94932556152344
-902.8731079101562 -226.06549072265625
-900.887939453125 -228.06549072265625
-899.0175170898438 -226.09136962890625
-897.1215209960938 -228.0913543701172
-895.1434936523438 -226.185546875
-893.1439819335938 -228.18551635742188
-891.15625 -226.26507568359375
-889.7042236328125 -224.31021118164062
-891.56982421875 -226.31019592285156
-889.577392578125 -224.93829345703125
-887.692138671875 -226.93826293945312
-885.7350463867188 -225.08306884765625
-884.1828002929688 -227.0830535888672
-882.215087890625 -225.28549194335938
-880.2595825195312 -227.28546142578125
-878.2877197265625 -225.44300842285156
-876.3094482421875 -227.4429931640625
-874.7803344726562 -225.49842834472656
-872.79736328125 -227.49842834472656
-871.8336791992188 -225.50643920898438
-869.84033203125 -227.50637817382812
-868.4789428710938 -225.73556518554688
-866.6206665039062 -227.73553466796875
-866.7545166015625 -226.01254272460938
-865.2616577148438 -228.01251220703125
-863.2786865234375 -226.3519287109375
-861.83837890625 -224.64463806152344
-859.844970703125 -226.6446075439453
-858.4661865234375 -224.6571807861328
-856.4679565429688 -226.65716552734375
-854.5197143554688 -224.8592529296875
-852.5281372070312 -226.85922241210938
-850.992919921875 -225.23011779785156
-849.13818359375 -224.99732971191406
-847.1458740234375 -223.16986083984375
-845.1620483398438 -225.1698455810547
-843.2363891601562 -223.3274688720703
-841.2394409179688 -225.32736206054688
-841.3163452148438 -223.38194274902344
-839.3173828125 -225.38194274902344
-837.8140869140625 -223.55934143066406
-835.8245849609375 -225.55929565429688
-835.3562622070312 -223.58151245117188
-833.3563842773438 -225.5814971923828
-831.667236328125 -223.6439208984375
-831.7586059570312 -225.6396942138672
-829.8025512695312 -227.6394500732422
-828.1141967773438 -225.69851684570312
-826.117919921875 -227.69851684570312
-825.6851806640625 -225.7765655517578
-823.6923217773438 -227.7763671875
-821.750732421875 -225.966796875
-820.2030639648438 -227.966796875
-820.3101196289062 -226.043701171875
-818.3734741210938 -228.04368591308594
-817.861328125 -226.91595458984375
-815.8616333007812 -228.91586303710938
-815.5651245117188 -227.1450958251953
-813.5682373046875 -229.14508056640625
-811.5955810546875 -227.24375915527344
-809.66064453125 -225.28466796875
-807.6610107421875 -227.28451538085938
-805.6610107421875 -229.28448486328125
-806.517822265625 -227.29957580566406
-804.5183715820312 -229.29949951171875
-803.23828125 -227.31654357910156
-801.239013671875 -229.31651306152344
-799.53515625 -227.36264038085938
-797.5493774414062 -229.36239624023438
-797.6597290039062 -229.1285400390625
-795.8875122070312 -227.17279052734375
-793.8875122070312 -229.1724395751953
-792.561767578125 -227.58843994140625
-790.5618286132812 -229.5883331298828
-789.3153686523438 -227.64309692382812
-787.579833984375 -226.48951721191406
-785.579833984375 -228.47926330566406
-784.142578125 -226.7881317138672
