-1014.3329467773438 -135.41555786132812
-1015.9888305664062 -137.41476440429688
-1014.3856201171875 -139.37005615234375
-1015.2476196289062 -141.3606719970703
-1014.03125 -143.35385131835938
-1013.6076049804688 -145.3336181640625
-1015.2962646484375 -147.312255859375
-1013.9290771484375 -149.30404663085938
-1015.9061279296875 -151.20559692382812
-1014.2814331054688 -153.20372009277344
-1015.4505615234375 -155.166748046875
-1013.5764770507812 -154.23167419433594
-1015.256103515625 -156.22943115234375
-1013.7042846679688 -158.14141845703125
-1015.3594970703125 -160.12757873535156
-1015.6312255859375 -161.6099853515625
-1013.9535522460938 -163.52639770507812
-1013.876953125 -165.5136260986328
-1012.673828125 -167.4873046875
-1011.5995483398438 -169.47630310058594
-1013.51416015625 -171.32754516601562
-1011.75244140625 -173.32505798339844
-1013.5023803710938 -175.2999725341797
-1011.91796875 -177.28907775878906
-1013.8170776367188 -179.2805633544922
-1011.8350830078125 -181.27346801757812
-1013.75048828125 -183.2610626220703
-1014.764404296875 -185.19741821289062
-1013.3148193359375 -186.76795959472656
-1014.8005981445312 -188.5948944091797
-1014.2650146484375 -190.58934020996094
-1013.8516235351562 -192.30184936523438
-1012.0667114257812 -194.30117797851562
-1013.434814453125 -196.3004913330078
-1011.6275024414062 -198.2937469482422
-1011.074951171875 -200.2926025390625
-1012.6888427734375 -202.07598876953125
-1014.572509765625 -204.07351684570312
-1012.706298828125 -206.06222534179688
-1013.2577514648438 -208.06045532226562
-1013.2136840820312 -210.02798461914062
-1011.69482421875 -212.01336669921875
-1010.3924560546875 -214.01324462890625
-1009.99609375 -214.26148986816406
-1008.5335693359375 -214.70689392089844
-1008.0364379882812 -214.9825897216797
-1008.3896484375 -213.8083953857422
-1006.5681762695312 -215.8001708984375
-1004.9425659179688 -214.64756774902344
-1003.6385498046875 -216.64700317382812
-1004.4454956054688 -215.226806640625
-1003.5782470703125 -214.05931091308594
-1002.1212158203125 -216.05845642089844
-1000.4929809570312 -216.54515075683594
-1001.3372192382812 -214.89454650878906
-999.403076171875 -216.8944854736328
-999.7197265625 -215.265625
-999.02685546875 -217.2611846923828
-997.6353759765625 -215.7606201171875
-998.9407348632812 -214.06057739257812
-997.1724243164062 -216.05955505371094
-995.4951782226562 -215.5240478515625
-993.5029907226562 -217.5232696533203
-995.0751953125 -215.7421875
-994.3095092773438 -214.08462524414062
-992.5313110351562 -216.0844268798828
-993.9930419921875 -214.76837158203125
-992.1010131835938 -216.7682342529297
-993.6830444335938 -215.44371032714844
-991.6915283203125 -217.4436798095703
-992.0885009765625 -215.48939514160156
-991.1973876953125 -213.7071990966797
-989.2227783203125 -215.6968536376953
-987.2935180664062 -217.69580078125
-985.5704345703125 -216.19717407226562
-983.6845092773438 -214.67706298828125
-981.8895874023438 -216.6766357421875
-979.8992919921875 -218.67654418945312
-979.86279296875 -216.93833923339844
-980.4138793945312 -215.31509399414062
-978.4348754882812 -217.31439208984375
-977.4492797851562 -216.58592224121094
-975.4781494140625 -216.09249877929688
-973.480712890625 -218.08718872070312
-973.061767578125 -216.14059448242188
-971.1752319335938 -216.79403686523438
-969.4072265625 -214.9669189453125
-967.4208984375 -216.96543884277344
-965.5157470703125 -218.595947265625
-963.6810913085938 -217.06089782714844
-961.7960205078125 -215.70266723632812
-960.0571899414062 -216.3807830810547
-958.14111328125 -216.09298706054688
-956.224853515625 -215.6219024658203
-954.688720703125 -213.6481170654297
-952.6934204101562 -215.6285858154297
-950.7110595703125 -214.12928771972656
-948.8041381835938 -216.11070251464844
-946.8109130859375 -216.58303833007812
-944.8859252929688 -218.3836669921875
-943.237548828125 -219.2611846923828
-941.9142456054688 -221.22055053710938
-940.2044067382812 -223.14349365234375
-939.5490112304688 -225.01620483398438
-938.0158081054688 -226.609619140625
-936.3690185546875 -228.60626220703125
-937.5272216796875 -227.20201110839844
-935.7434692382812 -229.19915771484375
-934.7095947265625 -230.55947875976562
-933.243896484375 -230.97412109375
-931.3421020507812 -229.07594299316406
-930.7936401367188 -228.1305694580078
-929.3855590820312 -226.39328002929688
-927.61181640625 -228.3925018310547
-925.9415283203125 -226.44866943359375
-924.4312744140625 -228.448486328125
-922.8203125 -226.5008087158203
-920.8358764648438 -228.4998321533203
-919.0318603515625 -226.56277465820312
-917.0505981445312 -228.562744140625
-916.2680053710938 -226.69424438476562
-914.332275390625 -228.69378662109375
-912.4447021484375 -226.90777587890625
-910.4480590820312 -228.90728759765625
-909.7680053710938 -226.95867919921875
-907.770751953125 -228.95545959472656
-905.9708862304688 -226.99464416503906
-903.9784545898438 -228.99234008789062
-903.3945922851562 -227.04298400878906
-901.5278930664062 -229.0423126220703
-899.7595825195312 -227.10006713867188
-897.761474609375 -229.0998992919922
-896.0431518554688 -227.1581573486328
-894.7432861328125 -225.4190216064453
-892.743408203125 -227.40943908691406
-891.2715454101562 -225.4799041748047
-889.37158203125 -223.56163024902344
-887.4219970703125 -225.5609893798828
-885.588134765625 -227.56063842773438
-883.6560668945312 -225.57200622558594
-881.6690063476562 -227.5545654296875
-879.8510131835938 -225.6216583251953
-877.858642578125 -227.61962890625
-876.3021240234375 -225.62608337402344
-874.3062744140625 -227.62548828125
-872.4500122070312 -225.70103454589844
-870.4533081054688 -227.70089721679688
-868.85009765625 -225.8268585205078
-866.8560791015625 -227.82601928710938
-864.873291015625 -225.84011840820312
-862.879638671875 -227.82403564453125
-861.0611572265625 -225.82894897460938
-859.0751342773438 -223.8657684326172
-857.0751953125 -225.86532592773438
-855.1213989257812 -224.27732849121094
-853.2586059570312 -226.27716064453125
-851.599609375 -224.29037475585938
-849.60009765625 -226.29025268554688
-847.6946411132812 -224.55934143066406
-845.69970703125 -226.55392456054688
-843.7022705078125 -224.57659912109375
-841.7044067382812 -226.57608032226562
-839.7181396484375 -224.7954559326172
-837.7260131835938 -223.15081787109375
-835.72607421875 -225.1484832763672
-833.7607421875 -224.53128051757812
-832.830322265625 -226.5288848876953
-830.8931274414062 -224.94790649414062
-829.8660278320312 -226.94473266601562
-827.8831176757812 -225.1543426513672
-825.8970947265625 -227.14608764648438
-823.9037475585938 -229.1436767578125
-821.9113159179688 -227.1531524658203
-819.911865234375 -229.1514892578125
-818.2779541015625 -227.15927124023438
-816.2897338867188 -229.158203125
-814.3399047851562 -227.4573211669922
-812.4608154296875 -225.50506591796875
-810.461669921875 -227.50396728515625
-808.4757080078125 -225.8392333984375
-806.481201171875 -227.825439453125
-804.5135498046875 -229.82444763183594
-802.6044921875 -227.93136596679688
-800.7060546875 -229.91021728515625
-798.9572143554688 -228.24330139160156
-797.76318359375 -226.59664916992188
-795.791259765625 -228.58428955078125
-797.4074096679688 -226.96231079101562
-795.4146118164062 -228.95098876953125
-793.4649658203125 -227.41392517089844
-791.4688720703125 -229.22763061523438
-789.9536743164062 -227.408447265625
-787.9544067382812 -228.51158142089844
-789.007080078125 -227.15049743652344
-787.0074462890625 -228.40463256835938
-787.1047973632812 -227.20973205566406
-788.7503662109375 -225.64291381835938
-786.7511596679688 -227.61338806152344
-787.2669677734375 -227.0037384033203
-786.392822265625 -226.35557556152344
