-1014.3369750976562 -135.4176483154297
-1015.5552368164062 -137.4176483154297
-1014.0455932617188 -139.41763305664062
-1014.3326416015625 -141.41763305664062
-1012.3367309570312 -143.41763305664062
-1014.06591796875 -145.41761779785156
-1012.2826538085938 -147.41761779785156
-1014.2410888671875 -149.41761779785156
-1012.759765625 -151.41761779785156
-1014.7014770507812 -153.41757202148438
-1015.98046875 -155.4175567626953
-1013.9840698242188 -155.17315673828125
-1014.2650756835938 -157.17298889160156
-1016.0429077148438 -159.1729736328125
-1014.0739135742188 -161.14797973632812
-1012.1720581054688 -163.14527893066406
-1014.0797119140625 -165.14527893066406
-1012.1007080078125 -167.14381408691406
-1010.3059692382812 -169.14381408691406
-1012.2191162109375 -171.14381408691406
-1012.8643798828125 -173.14381408691406
-1010.947509765625 -175.14378356933594
-1012.9154663085938 -177.1238250732422
-1010.9200439453125 -179.11817932128906
-1012.6668701171875 -181.11817932128906
-1014.5676879882812 -183.11817932128906
-1012.926513671875 -185.11817932128906
-1012.5890502929688 -187.11557006835938
-1014.0831298828125 -189.11550903320312
-1012.7657470703125 -191.1152801513672
-1012.8309326171875 -193.1152801513672
-1014.280517578125 -195.1152801513672
-1012.9052734375 -197.11520385742188
-1014.7744750976562 -199.11520385742188
-1012.8497314453125 -201.11456298828125
-1014.5078125 -203.11085510253906
-1012.5380249023438 -205.1107635498047
-1013.9414672851562 -207.1107177734375
-1011.9508666992188 -209.11068725585938
-1011.1032104492188 -211.11068725585938
-1011.7911987304688 -213.11068725585938
-1010.3086547851562 -215.11068725585938
-1008.3090209960938 -213.24716186523438
-1008.155029296875 -215.24716186523438
-1006.1564331054688 -214.54908752441406
-1006.3677978515625 -216.54908752441406
-1004.3955688476562 -218.34390258789062
-1002.43408203125 -219.96653747558594
-1000.4386596679688 -220.70770263671875
-998.9442138671875 -219.09349060058594
-996.986083984375 -220.1934814453125
-995.0059204101562 -218.9674530029297
-993.0061645507812 -217.232177734375
-991.0115966796875 -215.3013458251953
-990.2239379882812 -217.3013458251953
-988.224365234375 -215.6416473388672
-987.2111206054688 -217.6416473388672
-985.2147216796875 -215.94448852539062
-983.3941040039062 -217.94448852539062
-981.39501953125 -215.9723358154297
-979.6226196289062 -217.9723358154297
-977.6265258789062 -216.28945922851562
-975.7202758789062 -218.28945922851562
-973.7390747070312 -216.32826232910156
-971.7589721679688 -216.13565063476562
-969.76025390625 -214.14404296875
-967.93310546875 -216.14404296875
-965.9332275390625 -214.20050048828125
-963.9854125976562 -216.2001190185547
-961.9857788085938 -214.29319763183594
-960.07568359375 -216.2931365966797
-958.075927734375 -214.74771118164062
-956.21484375 -216.74769592285156
-954.2150268554688 -215.0504608154297
-952.3195190429688 -217.04969787597656
-950.3197021484375 -215.07032775878906
-948.3197631835938 -213.0812225341797
-946.3321533203125 -212.60848999023438
-944.336669921875 -211.54458618164062
-942.5166625976562 -213.54432678222656
-940.568359375 -215.23252868652344
-939.011474609375 -216.84410095214844
-937.3253784179688 -218.78387451171875
-936.72216796875 -220.72837829589844
-935.4472045898438 -222.72413635253906
-937.0718383789062 -224.70330810546875
-935.129150390625 -226.70289611816406
-933.7725830078125 -228.702880859375
-932.05517578125 -227.1978759765625
-931.107421875 -229.1978759765625
-929.8497314453125 -229.06658935546875
-927.91943359375 -227.71322631835938
-925.925048828125 -227.29595947265625
-925.5489501953125 -229.29595947265625
-923.64892578125 -227.5037078857422
-921.6502685546875 -225.59226989746094
-920.270263671875 -227.59226989746094
-918.2774047851562 -225.8275909423828
-916.3076782226562 -227.8275909423828
-914.3159790039062 -225.83526611328125
-912.9427490234375 -227.83526611328125
-910.94482421875 -225.83848571777344
-909.9512329101562 -227.83848571777344
-907.9644165039062 -225.84832763671875
-906.4483032226562 -227.8483123779297
-904.5349731445312 -225.9671173095703
-902.62646484375 -227.9671173095703
-900.649658203125 -225.98532104492188
-900.1886596679688 -227.9853057861328
-898.1890869140625 -225.98712158203125
-896.833984375 -227.98712158203125
-894.8380737304688 -225.99119567871094
-894.2122802734375 -227.99118041992188
-892.2141723632812 -226.02410888671875
-890.2197875976562 -224.18043518066406
-888.3642578125 -226.18043518066406
-886.3765258789062 -224.2111053466797
-886.6394653320312 -226.2111053466797
-885.965576171875 -228.2111053466797
-883.9715576171875 -226.2132110595703
-882.7501220703125 -228.21311950683594
-880.7513427734375 -226.22361755371094
-880.98681640625 -228.22360229492188
-878.9868774414062 -226.22520446777344
-877.4812622070312 -228.22518920898438
-875.481689453125 -226.2267303466797
-873.4873046875 -224.2308807373047
-871.5004272460938 -226.23086547851562
-869.5489501953125 -224.25515747070312
-867.7669067382812 -226.25515747070312
-865.7680053710938 -224.26174926757812
-863.920166015625 -226.26174926757812
-861.9241943359375 -224.2764892578125
-861.6685180664062 -226.2764892578125
-859.6814575195312 -224.30406188964844
-858.0363159179688 -226.30406188964844
-856.0738525390625 -224.31887817382812
-854.3900146484375 -226.31886291503906
-852.4051513671875 -224.32310485839844
-850.8373413085938 -226.322998046875
-848.8404541015625 -224.4007110595703
-847.9464111328125 -226.40069580078125
-845.9475708007812 -224.48883056640625
-844.0879516601562 -226.4884033203125
-842.0962524414062 -224.49623107910156
-842.9232177734375 -226.4961395263672
-840.9345092773438 -224.52040100097656
-839.0221557617188 -226.52037048339844
-837.0517578125 -224.52374267578125
-835.0531005859375 -222.6060791015625
-833.5056762695312 -224.6060028076172
-834.2887573242188 -226.60598754882812
-832.311279296875 -224.61459350585938
-832.0548706054688 -226.6145782470703
-830.09716796875 -224.7104949951172
-830.69189453125 -226.7104949951172
-828.6928100585938 -224.72952270507812
-828.5493774414062 -226.72950744628906
-826.5615844726562 -228.72950744628906
-824.6378784179688 -226.737548828125
-822.7097778320312 -228.73724365234375
-820.7169799804688 -226.7425537109375
-819.9764404296875 -228.74252319335938
-818.0098876953125 -226.76901245117188
-818.0164794921875 -228.7688446044922
-816.0360717773438 -226.8728790283203
-814.6671752929688 -228.87286376953125
-813.1529541015625 -226.8972930908203
-811.1961059570312 -228.89724731445312
-809.197021484375 -226.9302215576172
-807.7792358398438 -228.93020629882812
-806.1194458007812 -226.93429565429688
-804.6138305664062 -228.933837890625
-802.616455078125 -227.28555297851562
-800.6633911132812 -229.28553771972656
-798.7646484375 -227.50355529785156
-798.233642578125 -229.50352478027344
-796.2853393554688 -227.8005828857422
-794.7742309570312 -229.79917907714844
-795.3446044921875 -227.9238739013672
-793.5262451171875 -229.92347717285156
-792.7909545898438 -227.99478149414062
-790.9646606445312 -226.08145141601562
-789.0382080078125 -228.08131408691406
-787.1298217773438 -226.11370849609375
-786.2994995117188 -228.11007690429688
-784.5650024414062 -226.96902465820312
