-1013.089599609375 -135.41748046875
-1014.5501708984375 -137.41746520996094
-1015.8580322265625 -139.41741943359375
-1013.8580322265625 -139.02200317382812
-1011.93798828125 -141.02200317382812
-1010.0328369140625 -143.02200317382812
-1008.9027709960938 -145.0207977294922
-1010.4421997070312 -147.0203857421875
-1012.2702026367188 -149.01931762695312
-1011.2066040039062 -151.00645446777344
-1011.3461303710938 -153.00418090820312
-1012.4338989257812 -154.9917755126953
-1013.1492309570312 -156.59439086914062
-1013.9555053710938 -158.59262084960938
-1011.9555053710938 -156.59262084960938
-1011.6387329101562 -158.58883666992188
-1012.6151733398438 -160.58824157714844
-1012.8927612304688 -162.55072021484375
-1010.8932495117188 -160.5532684326172
-1011.6986694335938 -162.5449981689453
-1013.5722045898438 -164.54454040527344
-1011.5723266601562 -162.74063110351562
-1011.6871948242188 -164.7405548095703
-1013.1248168945312 -166.73594665527344
-1011.1256103515625 -164.7412872314453
-1011.2565307617188 -166.73989868164062
-1011.4943237304688 -168.73988342285156
-1011.91455078125 -170.73220825195312
-1010.1831665039062 -172.73062133789062
-1011.507080078125 -174.72412109375
-1009.6981811523438 -175.25152587890625
-1011.4000244140625 -174.15701293945312
-1010.2184448242188 -176.1545867919922
-1011.975341796875 -176.80047607421875
-1012.5241088867188 -178.79287719726562
-1013.2185668945312 -180.7926483154297
-1011.2185668945312 -178.8381805419922
-1011.2646484375 -180.8380584716797
-1013.0253295898438 -182.8340301513672
-1011.025390625 -180.85855102539062
-1010.6348266601562 -182.8578643798828
-1011.9566650390625 -184.85018920898438
-1013.130615234375 -182.90341186523438
-1011.131103515625 -182.47227478027344
-1011.5202026367188 -184.47216796875
-1012.405029296875 -182.49168395996094
-1012.9470825195312 -184.48760986328125
-1014.7113037109375 -182.5562744140625
-1012.7114868164062 -182.29246520996094
-1013.01025390625 -184.2920684814453
-1014.659912109375 -182.3172607421875
-1012.6599731445312 -180.61094665527344
-1012.9102783203125 -182.61044311523438
-1010.9104614257812 -180.65890502929688
-1012.7628173828125 -182.6586456298828
-1012.4012451171875 -184.65826416015625
-1014.2632446289062 -182.98046875
-1012.2635498046875 -182.1980438232422
-1011.498291015625 -184.19708251953125
-1010.1572265625 -182.22048950195312
-1012.02294921875 -184.21826171875
-1013.978759765625 -182.25286865234375
-1011.9790649414062 -180.43214416503906
-1012.4165649414062 -182.4307098388672
-1012.9580688476562 -184.42822265625
-1014.3423461914062 -183.3549346923828
-1012.3473510742188 -182.66778564453125
-1014.2996826171875 -184.6588897705078
-1012.2999267578125 -182.8133087158203
-1012.0556640625 -184.81320190429688
-1011.944091796875 -185.13397216796875
-1013.3867797851562 -185.41197204589844
-1014.9498901367188 -186.89686584472656
-1012.9503784179688 -184.9649658203125
-1014.6959228515625 -185.66372680664062
-1012.6962890625 -184.0843505859375
-1013.4049072265625 -182.18402099609375
-1011.4054565429688 -180.19725036621094
-1013.1107788085938 -182.19622802734375
-1011.1134643554688 -180.5452423095703
-1012.5255126953125 -182.54502868652344
-1013.2006225585938 -184.5445098876953
-1014.1613159179688 -183.54312133789062
-1012.16162109375 -183.11138916015625
-1013.0604858398438 -185.1107940673828
-1014.1444091796875 -183.79055786132812
-1012.14453125 -185.5508575439453
-1012.4059448242188 -186.83900451660156
-1014.2529907226562 -188.79074096679688
-1012.253173828125 -186.8112335205078
-1012.1306762695312 -188.78457641601562
-1014.107421875 -190.76600646972656
-1012.1087646484375 -188.77671813964844
-1013.8828735351562 -190.7760009765625
-1011.883056640625 -188.7775421142578
-1012.72314453125 -190.77630615234375
-1011.6283569335938 -192.77577209472656
-1013.391357421875 -194.77423095703125
-1011.802001953125 -196.77398681640625
-1012.9798583984375 -198.7739715576172
-1011.6239624023438 -200.77395629882812
-1012.0747680664062 -202.76194763183594
-1013.9356079101562 -204.757568359375
-1011.9357299804688 -202.78436279296875
-1013.5094604492188 -204.76437377929688
-1011.5096435546875 -202.7652587890625
-1012.0010375976562 -204.74261474609375
-1013.770751953125 -206.74232482910156
-1011.7708740234375 -204.80967712402344
-1011.602294921875 -206.7538299560547
-1010.8284301757812 -208.7537841796875
-1009.3219604492188 -210.7536163330078
-1007.871337890625 -212.75360107421875
-1005.93359375 -214.75355529785156
-1003.93994140625 -216.75355529785156
-1001.9466552734375 -214.75355529785156
-999.9667358398438 -216.7535400390625
-997.9671630859375 -214.7535400390625
-995.9685668945312 -216.75352478027344
-993.9838256835938 -214.7535400390625
-991.9840698242188 -216.75352478027344
-989.9868774414062 -214.75352478027344
-987.9894409179688 -216.7534942626953
-985.989501953125 -214.7534942626953
-983.98974609375 -216.75347900390625
-981.9915771484375 -214.75347900390625
-979.9943237304688 -216.7534637451172
-977.9954223632812 -218.7534637451172
-975.9967041015625 -216.7534637451172
-973.9983520507812 -214.7534637451172
-971.9987182617188 -216.7519989013672
-969.9987182617188 -214.7519989013672
-967.998779296875 -216.75180053710938
-965.9992065429688 -214.75180053710938
-963.999267578125 -216.5860137939453
-961.9998779296875 -214.5860137939453
-959.9999389648438 -216.57864379882812
-958.0001220703125 -214.57864379882812
-956.000244140625 -216.53164672851562
-954.000732421875 -214.53164672851562
-952.0016479492188 -213.74453735351562
-950.0017700195312 -212.37364196777344
-948.0018310546875 -210.4788818359375
-946.0020751953125 -212.31765747070312
-944.0691528320312 -214.3030242919922
-942.0697021484375 -214.9340362548828
-940.0700073242188 -215.7071990966797
-938.0738525390625 -216.3934326171875
-936.0768432617188 -217.9530487060547
-934.275634765625 -219.0550537109375
-932.3058471679688 -221.0531463623047
-930.4642944335938 -223.0520477294922
-929.7888793945312 -225.0520477294922
-928.4812622070312 -227.05203247070312
-926.651611328125 -229.05201721191406
-924.6786499023438 -227.05250549316406
-922.6840209960938 -229.052490234375
-920.6854248046875 -227.052490234375
-918.69677734375 -229.05181884765625
-916.6986694335938 -227.05181884765625
-914.6989135742188 -229.0516815185547
-912.6993408203125 -227.0516815185547
-910.7022705078125 -229.0489044189453
-908.7030639648438 -227.0489044189453
-906.705078125 -229.04879760742188
-904.705078125 -227.048828125
-902.7108764648438 -229.048583984375
-900.7112426757812 -227.04859924316406
-898.721923828125 -229.04843139648438
-896.7223510742188 -227.04843139648438
-894.722412109375 -225.04844665527344
-892.722412109375 -227.04385375976562
-890.7225952148438 -225.04397583007812
-888.7285766601562 -227.0439453125
-886.7297973632812 -225.04405212402344
-884.7335815429688 -227.04403686523438
-882.7337036132812 -225.04405212402344
-880.734130859375 -227.04368591308594
-878.734619140625 -225.04373168945312
-876.7415161132812 -227.04275512695312
-874.7496337890625 -225.04287719726562
-872.75341796875 -227.04251098632812
-870.75341796875 -225.04258728027344
-868.7535400390625 -227.04164123535156
-866.7540283203125 -225.04278564453125
-864.7542724609375 -227.0420684814453
-862.7543334960938 -225.04275512695312
-860.7543334960938 -227.03897094726562
-858.754638671875 -225.03945922851562
-856.754638671875 -227.02012634277344
-854.754638671875 -225.0203399658203
-852.754638671875 -223.02073669433594
-850.7546997070312 -225.01910400390625
-848.7546997070312 -223.0249786376953
-846.7574462890625 -225.02438354492188
-844.7574462890625 -223.0250701904297
-842.7578125 -225.0224609375
-840.7578125 -223.0228271484375
-838.7578125 -224.99624633789062
-836.7578125 -222.99850463867188
-834.7578125 -224.8040771484375
-832.7578735351562 -222.80679321289062
-832.5416870117188 -224.799560546875
-831.4654541015625 -226.79881286621094
-829.4655151367188 -224.80296325683594
-827.5083618164062 -226.7989501953125
-825.5089111328125 -228.79702758789062
-823.5089721679688 -226.79736328125
-821.509033203125 -228.7836456298828
-819.5090942382812 -226.78514099121094
-817.5091552734375 -228.77438354492188
-815.5092163085938 -226.7752685546875
-813.5092163085938 -228.65614318847656
-811.509521484375 -226.6570587158203
-809.509521484375 -228.4841766357422
-807.5096435546875 -226.48593139648438
-805.5096435546875 -228.4093475341797
-803.5096435546875 -230.32435607910156
-801.5097045898438 -228.409423828125
-799.5097045898438 -226.417724609375
-797.531005859375 -228.39146423339844
-795.53125 -226.39260864257812
-793.5313110351562 -228.26675415039062
-791.5324096679688 -226.2893524169922
-789.5330810546875 -226.68392944335938
-787.53369140625 -224.88247680664062
