-1014.2799072265625 -135.4165802001953
-1014.3727416992188 -137.41229248046875
-1016.3119506835938 -139.41220092773438
-1014.4564208984375 -141.25758361816406
-1012.5982055664062 -141.8624267578125
-1014.3706665039062 -143.7307586669922
-1012.37353515625 -145.4474639892578
-1012.82275390625 -147.4431610107422
-1012.5 -149.101806640625
-1014.1963500976562 -150.70391845703125
-1014.5820922851562 -152.70028686523438
-1015.8555908203125 -154.07257080078125
-1013.8667602539062 -152.07269287109375
-1014.822021484375 -154.06944274902344
-1014.640869140625 -155.99317932128906
-1014.9910278320312 -156.40628051757812
-1013.0029907226562 -154.40647888183594
-1013.6524658203125 -156.392822265625
-1013.8430786132812 -157.56948852539062
-1015.0947265625 -159.4336395263672
-1013.1087646484375 -157.4404754638672
-1015.0812377929688 -159.38584899902344
-1013.1640625 -157.38609313964844
-1011.5421752929688 -159.37677001953125
-1012.8319091796875 -161.161865234375
-1012.930908203125 -163.150634765625
-1010.9313354492188 -161.3393096923828
-1012.2753295898438 -163.32962036132812
-1014.2409057617188 -165.32830810546875
-1012.3870239257812 -163.5675048828125
-1013.7487182617188 -165.55250549316406
-1011.749267578125 -163.96524047851562
-1013.6528930664062 -165.9139404296875
-1011.6531982421875 -164.34652709960938
-1013.6204833984375 -166.34332275390625
-1011.6217041015625 -166.9726104736328
-1012.00634765625 -168.95448303222656
-1011.1399536132812 -170.8705596923828
-1013.1130981445312 -172.85121154785156
-1011.1139526367188 -174.64353942871094
-1013.0540161132812 -176.62310791015625
-1011.0545043945312 -174.62374877929688
-1011.53076171875 -176.6066436767578
-1012.7305297851562 -176.47335815429688
-1013.4692993164062 -175.43397521972656
-1011.4730224609375 -174.04977416992188
-1010.9337158203125 -173.00001525878906
-1011.4505004882812 -174.28472900390625
-1010.499267578125 -176.2156524658203
-1011.0694580078125 -176.76673889160156
-1012.4629516601562 -178.57647705078125
-1011.8211059570312 -180.47549438476562
-1012.238037109375 -182.3825225830078
-1013.8091430664062 -184.2743377685547
-1011.8112182617188 -186.20030212402344
-1012.3895874023438 -186.56838989257812
-1013.828369140625 -187.45294189453125
-1011.8307495117188 -186.70928955078125
-1012.40478515625 -188.70130920410156
-1011.8374633789062 -190.64208984375
-1012.0508422851562 -192.002685546875
-1011.5545654296875 -193.91261291503906
-1013.5108642578125 -195.86465454101562
-1011.5120239257812 -194.3259735107422
-1012.9551391601562 -196.31857299804688
-1014.7308349609375 -198.3096923828125
-1012.8758544921875 -200.2664794921875
-1010.9275512695312 -198.899169921875
-1009.8052978515625 -200.28700256347656
-1008.3217163085938 -201.57643127441406
-1008.743896484375 -203.40940856933594
-1007.8425903320312 -205.2518768310547
-1009.35546875 -207.22824096679688
-1010.296630859375 -209.2250518798828
-1011.001220703125 -211.2092742919922
-1012.3927612304688 -213.20733642578125
-1010.392822265625 -211.20736694335938
-1011.3447875976562 -213.2068328857422
-1009.87158203125 -215.20521545410156
-1007.8828735351562 -213.20530700683594
-1008.3298950195312 -215.18887329101562
-1006.3307495117188 -213.18890380859375
-1005.7886352539062 -215.188232421875
-1003.7898559570312 -213.1883087158203
-1004.0503540039062 -215.1881561279297
-1002.052490234375 -213.18861389160156
-1000.249755859375 -215.1246337890625
-998.4835205078125 -217.12081909179688
-996.4915161132812 -215.12132263183594
-994.8228759765625 -217.11282348632812
-992.8229370117188 -215.11302185058594
-990.9122924804688 -217.1129608154297
-988.9140625 -215.1168670654297
-987.4006958007812 -217.11647033691406
-985.40087890625 -215.1177520751953
-983.6448364257812 -217.11294555664062
-981.6448364257812 -215.11412048339844
-982.7683715820312 -217.1127471923828
-980.7683715820312 -215.11277770996094
-979.134033203125 -217.10804748535156
-977.1341552734375 -215.10812377929688
-975.2538452148438 -217.10792541503906
-973.2539672851562 -215.1079559326172
-971.2588500976562 -217.1071319580078
-969.2589721679688 -215.11927795410156
-967.2592163085938 -217.11888122558594
-965.2593994140625 -215.1200408935547
-963.2593994140625 -213.1201171875
-961.259521484375 -215.1080322265625
-959.2615356445312 -217.10752868652344
-957.2615966796875 -215.11634826660156
-955.2615966796875 -217.1101837158203
-953.2615966796875 -215.1149444580078
-951.2615966796875 -213.115966796875
-949.2616577148438 -214.34471130371094
-947.322509765625 -212.36328125
-945.3392333984375 -212.73419189453125
-943.3428955078125 -210.74282836914062
-941.4224243164062 -212.59629821777344
-939.4479370117188 -210.6312255859375
-937.4658203125 -211.8342742919922
-935.46923828125 -210.0951690673828
-933.4989013671875 -209.5951385498047
-931.6669311523438 -210.02740478515625
-931.5609741210938 -211.0391387939453
-930.9564208984375 -212.10342407226562
-929.24951171875 -213.40586853027344
-930.8036499023438 -214.60281372070312
-929.0484008789062 -212.69158935546875
-928.2239379882812 -214.66249084472656
-928.8515014648438 -213.35533142089844
-927.8492431640625 -212.56825256347656
-929.749755859375 -214.51980590820312
-927.7662963867188 -213.9694366455078
-929.3600463867188 -214.9229736328125
-927.7432250976562 -214.7034912109375
-926.7695922851562 -215.8935089111328
-927.63525390625 -217.3260955810547
-928.7247314453125 -219.20065307617188
-929.3015747070312 -221.15863037109375
-931.0862426757812 -223.13653564453125
-932.395263671875 -225.10702514648438
-932.7378540039062 -227.10047912597656
-930.877197265625 -229.09458923339844
-928.9116821289062 -227.15267944335938
-927.5956420898438 -229.1504364013672
-925.7238159179688 -227.15359497070312
-924.2067260742188 -229.1475830078125
-922.3224487304688 -227.14930725097656
-920.3424682617188 -229.14837646484375
-918.3438110351562 -227.1494140625
-916.5274658203125 -229.14920043945312
-914.5281372070312 -227.15394592285156
-913.2199096679688 -229.15185546875
-911.2266845703125 -227.15330505371094
-909.3013916015625 -229.1529998779297
-907.310546875 -227.15333557128906
-905.4826049804688 -229.15316772460938
-903.4845581054688 -227.1536865234375
-902.138916015625 -229.1529541015625
-900.1512451171875 -227.15322875976562
-898.1617431640625 -229.15176391601562
-896.1693115234375 -227.1519317626953
-894.1939697265625 -225.15208435058594
-892.2168579101562 -227.15176391601562
-890.226318359375 -225.18887329101562
-888.3980102539062 -227.18630981445312
-886.3994750976562 -225.1962127685547
-887.5187377929688 -227.0688934326172
-885.52197265625 -225.06982421875
-883.5399780273438 -227.0668487548828
-881.5404663085938 -225.06878662109375
-879.9017944335938 -227.06689453125
-877.9893188476562 -225.07012939453125
-877.1438598632812 -227.0681915283203
-875.1517944335938 -225.07151794433594
-873.1719970703125 -227.07003784179688
-871.173583984375 -225.08538818359375
-869.2169799804688 -227.0806884765625
-867.236083984375 -225.08412170410156
-865.2432250976562 -227.0840301513672
-863.2565307617188 -225.08506774902344
-861.3119506835938 -227.08108520507812
-859.3222045898438 -225.09169006347656
-857.3236083984375 -227.01470947265625
-855.3238525390625 -225.0160675048828
-853.3580322265625 -223.01690673828125
-851.3842163085938 -225.00433349609375
-849.5100708007812 -223.00498962402344
-847.546875 -224.97731018066406
-845.6199340820312 -222.98159790039062
-844.31689453125 -224.9796142578125
-842.4839477539062 -222.99119567871094
-840.508544921875 -224.98141479492188
-838.53515625 -222.99172973632812
-836.5430908203125 -224.95040893554688
-834.597412109375 -222.95697021484375
-833.0362548828125 -223.5283966064453
-832.779296875 -225.40118408203125
-830.7837524414062 -223.6298065185547
-829.1661376953125 -225.62281799316406
-827.202392578125 -227.61614990234375
-825.5765991210938 -225.65048217773438
-823.6217041015625 -227.64634704589844
-821.6969604492188 -225.72491455078125
-820.1123657226562 -227.71859741210938
-818.16064453125 -225.91375732421875
-816.1806030273438 -227.9085235595703
-814.927978515625 -226.3654327392578
-812.932373046875 -228.3511199951172
-812.735595703125 -226.3715057373047
-810.78173828125 -228.1345977783203
-808.919189453125 -226.1492919921875
-806.9515991210938 -228.1212921142578
-804.966064453125 -230.1153564453125
-804.0870361328125 -228.14707946777344
-802.2510986328125 -230.1363983154297
-802.0518188476562 -228.1468963623047
-803.5464477539062 -226.16778564453125
-801.5585327148438 -228.15957641601562
-801.2855224609375 -226.4405059814453
-799.5115966796875 -228.43800354003906
-797.95849609375 -226.51210021972656
-795.97412109375 -228.50698852539062
-797.7857666015625 -226.5503692626953
-796.0296020507812 -228.5454559326172
-794.0779418945312 -226.69651794433594
-792.0870361328125 -228.58975219726562
-790.8666381835938 -228.014892578125
-789.146240234375 -226.0322265625
-787.1713256835938 -227.99722290039062
-786.9388427734375 -226.00167846679688
