-1012.7652587890625 -135.41641235351562
-1013.8095703125 -137.4008331298828
-1014.5411987304688 -139.4001007080078
-1012.5446166992188 -141.37753295898438
-1014.4622802734375 -143.37701416015625
-1012.4683837890625 -145.3548126220703
-1013.589599609375 -147.3523406982422
-1013.7762451171875 -149.32525634765625
-1013.9486083984375 -150.784912109375
-1015.9115600585938 -152.6903076171875
-1013.936279296875 -154.6825714111328
-1015.29541015625 -156.55908203125
-1013.302001953125 -154.62551879882812
-1012.212890625 -156.3443145751953
-1012.5702514648438 -158.31198120117188
-1012.4635009765625 -160.28759765625
-1014.3220825195312 -162.23146057128906
-1012.3239135742188 -163.60467529296875
-1013.5526123046875 -165.5181884765625
-1011.5526733398438 -165.3984832763672
-1011.8165893554688 -167.38621520996094
-1010.629150390625 -169.38360595703125
-1009.172119140625 -171.26918029785156
-1009.7726440429688 -173.260498046875
-1011.0031127929688 -175.1996307373047
-1009.7713012695312 -174.7966766357422
-1011.0385131835938 -176.54661560058594
-1010.8392333984375 -178.41281127929688
-1012.2377319335938 -180.3901824951172
-1011.20068359375 -182.37933349609375
-1009.9750366210938 -184.1266632080078
-1010.7957153320312 -186.118896484375
-1008.9483642578125 -187.20770263671875
-1009.2662353515625 -187.83203125
-1010.36865234375 -189.82717895507812
-1012.1817626953125 -191.82562255859375
-1013.6981811523438 -193.53538513183594
-1012.2581176757812 -195.5211181640625
-1013.48974609375 -197.5070037841797
-1011.493408203125 -199.1541290283203
-1011.065185546875 -200.98951721191406
-1009.2727661132812 -202.71859741210938
-1009.0907592773438 -204.64407348632812
-1010.1306762695312 -206.62742614746094
-1009.2019653320312 -208.6182861328125
-1009.2520751953125 -210.6175994873047
-1010.536376953125 -212.6175079345703
-1009.8177490234375 -214.61643981933594
-1007.818115234375 -212.6167755126953
-1006.407470703125 -214.61671447753906
-1004.6422729492188 -216.6160888671875
-1002.6428833007812 -214.61708068847656
-1001.2105712890625 -216.6161651611328
-999.2107543945312 -214.62420654296875
-997.3950805664062 -216.62319946289062
-995.40087890625 -214.62371826171875
-994.46875 -216.6231689453125
-992.4690551757812 -214.62425231933594
-992.767333984375 -216.6226043701172
-990.7676391601562 -214.62535095214844
-989.0150756835938 -216.6240692138672
-987.015380859375 -214.6265106201172
-985.10107421875 -216.62586975097656
-983.1022338867188 -214.6263885498047
-982.0368041992188 -216.6258087158203
-980.4525146484375 -218.62123107910156
-978.452880859375 -216.6259307861328
-976.6559448242188 -218.62429809570312
-974.6566162109375 -216.62510681152344
-972.6568603515625 -214.62893676757812
-970.6834716796875 -216.3842010498047
-968.6846313476562 -214.3854522705078
-966.6873779296875 -216.288818359375
-964.6874389648438 -214.2900848388672
-962.87353515625 -216.2681884765625
-960.8738403320312 -214.271728515625
-958.882080078125 -215.19485473632812
-956.8861694335938 -216.74539184570312
-954.8861694335938 -214.7511749267578
-952.959716796875 -214.0662841796875
-950.960693359375 -215.50894165039062
-948.960693359375 -213.52459716796875
-946.960693359375 -211.70120239257812
-944.9609985351562 -213.59950256347656
-942.9609985351562 -211.800048828125
-940.9647216796875 -213.64512634277344
-938.96630859375 -212.5622100830078
-936.96630859375 -211.7556915283203
-934.9717407226562 -212.63059997558594
-932.9727783203125 -214.3791046142578
-931.0015258789062 -213.87802124023438
-929.124267578125 -215.5499267578125
-927.4287109375 -216.7161865234375
-927.305419921875 -218.24575805664062
-928.986572265625 -219.98643493652344
-927.1783447265625 -221.97500610351562
-928.7645263671875 -223.97442626953125
-927.1979370117188 -225.9727783203125
-926.5242309570312 -227.97230529785156
-924.5242309570312 -225.9813995361328
-923.3642578125 -227.97824096679688
-921.3643188476562 -225.97903442382812
-919.8755493164062 -227.97811889648438
-917.8756713867188 -225.97821044921875
-918.5263671875 -227.88015747070312
-916.527099609375 -225.8832244873047
-915.1696166992188 -227.87667846679688
-913.1697998046875 -225.8858184814453
-913.2239990234375 -227.88034057617188
-911.2252197265625 -225.88067626953125
-910.2321166992188 -227.86029052734375
-908.2325439453125 -225.86038208007812
-906.6285400390625 -227.83843994140625
-904.6286010742188 -225.83848571777344
-903.3687133789062 -227.82969665527344
-901.3689575195312 -225.8301239013672
-899.5391235351562 -227.8169708251953
-897.5402221679688 -225.81759643554688
-895.5653076171875 -227.79287719726562
-893.5657958984375 -225.7974395751953
-891.5714721679688 -227.5001678466797
-889.5714721679688 -225.5018768310547
-887.970703125 -227.486572265625
-885.970703125 -225.4923553466797
-883.9862060546875 -227.48280334472656
-881.9862670898438 -225.48414611816406
-880.13623046875 -227.4759063720703
-878.13623046875 -225.47698974609375
-876.3693237304688 -227.4735107421875
-874.3694458007812 -225.47402954101562
-872.4000854492188 -227.4718780517578
-870.4010620117188 -225.47421264648438
-868.4714965820312 -227.45913696289062
-866.4714965820312 -225.46241760253906
-864.53125 -227.41537475585938
-862.53125 -225.41592407226562
-860.5550537109375 -227.32846069335938
-858.5560302734375 -225.337646484375
-856.5560913085938 -223.3399658203125
-854.6932373046875 -225.33511352539062
-852.6932373046875 -223.33584594726562
-851.0166625976562 -225.25888061523438
-849.0166625976562 -223.2709503173828
-847.0712890625 -225.26828002929688
-845.0714721679688 -223.29513549804688
-843.1400756835938 -225.27664184570312
-841.1400756835938 -223.28506469726562
-839.1668090820312 -225.251220703125
-837.1668090820312 -223.26168823242188
-835.1754760742188 -224.62110900878906
-833.1754760742188 -222.64321899414062
-831.34326171875 -224.6341552734375
-831.9861450195312 -226.62831115722656
-829.9862060546875 -224.63116455078125
-829.4531860351562 -226.6302947998047
-827.4532470703125 -224.64784240722656
-825.5233154296875 -226.6305694580078
-823.971923828125 -228.28598022460938
-821.9719848632812 -226.28762817382812
-820.3294067382812 -228.27638244628906
-818.3297119140625 -226.2873992919922
-816.36181640625 -227.12600708007812
-814.5529174804688 -229.0172882080078
-812.5570678710938 -227.02944946289062
-810.5570678710938 -225.18955993652344
-809.359619140625 -227.15016174316406
-808.2400512695312 -228.6953125
-806.2401123046875 -227.41810607910156
-804.3303833007812 -227.88568115234375
-805.3942260742188 -229.7057647705078
-803.394287109375 -227.81622314453125
-801.4727783203125 -229.70140075683594
-799.4734497070312 -227.7060089111328
-798.3114624023438 -229.54502868652344
-796.3153686523438 -227.54881286621094
-795.7318725585938 -228.47549438476562
-793.732177734375 -226.68215942382812
-791.7996826171875 -225.52430725097656
-790.2877197265625 -226.19725036621094
-788.8139038085938 -224.40353393554688
-788.9945678710938 -223.11538696289062
-787.0494995117188 -222.48965454101562
