-1012.7671508789062 -135.39952087402344
-1014.0056762695312 -137.3966827392578
-1015.4911499023438 -139.3965606689453
-1013.4912109375 -141.339599609375
-1012.2848510742188 -143.33944702148438
-1011.5592041015625 -145.26449584960938
-1012.9196166992188 -147.26165771484375
-1013.0035400390625 -149.22286987304688
-1013.7291259765625 -151.21942138671875
-1014.099609375 -153.2181396484375
-1015.1002197265625 -155.20462036132812
-1014.8756713867188 -157.18016052246094
-1012.877197265625 -155.2091064453125
-1013.7333374023438 -157.12335205078125
-1013.444580078125 -159.0774688720703
-1015.0000610351562 -161.04649353027344
-1013.0008544921875 -159.4080047607422
-1014.6856079101562 -161.3709716796875
-1012.6864013671875 -159.71051025390625
-1013.288330078125 -161.6958465576172
-1011.2884521484375 -160.1126251220703
-1013.1400756835938 -162.06439208984375
-1011.14013671875 -163.09738159179688
-1011.5332641601562 -165.0873565673828
-1013.1420288085938 -167.01730346679688
-1011.14208984375 -168.9544677734375
-1012.0130615234375 -170.7006072998047
-1011.2035522460938 -172.6694793701172
-1012.1209716796875 -174.29095458984375
-1012.960693359375 -176.04733276367188
-1010.960693359375 -178.01986694335938
-1011.7948608398438 -180.0072021484375
-1013.0547485351562 -181.9749298095703
-1011.0549926757812 -183.9662322998047
-1012.1229248046875 -185.9602813720703
-1014.0636596679688 -186.39102172851562
-1012.063720703125 -188.3791046142578
-1011.7970581054688 -190.3469696044922
-1013.5241088867188 -192.1986541748047
-1014.2935791015625 -194.14244079589844
-1012.2935791015625 -196.1266632080078
-1010.7822875976562 -198.12258911132812
-1008.8430786132812 -200.12246704101562
-1009.2549438476562 -202.11190795898438
-1009.0858764648438 -203.8548583984375
-1009.3746337890625 -205.8062744140625
-1009.6051025390625 -207.79891967773438
-1007.6652221679688 -209.79852294921875
-1005.691650390625 -211.7978057861328
-1003.700927734375 -213.7978057861328
-1001.7021484375 -215.7977294921875
-999.7051391601562 -213.8015594482422
-997.706298828125 -215.8015594482422
-995.7277221679688 -213.8016815185547
-993.727783203125 -215.80160522460938
-991.7386474609375 -213.80172729492188
-989.7440795898438 -215.80169677734375
-987.8353271484375 -213.8017578125
-985.8364868164062 -215.8017578125
-983.836669921875 -217.80123901367188
-981.8493041992188 -215.8045654296875
-979.849365234375 -217.80455017089844
-977.86865234375 -215.80470275878906
-975.8692016601562 -217.80462646484375
-973.9227294921875 -215.8048095703125
-971.9227905273438 -217.80474853515625
-969.925537109375 -215.80494689941406
-967.9256591796875 -213.8139190673828
-965.9257202148438 -215.81387329101562
-963.92626953125 -213.8342742919922
-961.9263916015625 -215.8341064453125
-959.9270629882812 -213.84030151367188
-957.9270629882812 -215.8402862548828
-955.9271240234375 -213.88653564453125
-953.92724609375 -215.88650512695312
-951.9273681640625 -214.02410888671875
-949.9273681640625 -216.02365112304688
-947.9274291992188 -214.06370544433594
-945.928466796875 -212.243896484375
-943.9378662109375 -214.19483947753906
-942.1821899414062 -212.4237518310547
-940.3206176757812 -211.8980712890625
-938.4818725585938 -213.84483337402344
-936.5523681640625 -214.59202575683594
-936.5864868164062 -216.1880340576172
-934.8532104492188 -217.89247131347656
-933.5472412109375 -219.88426208496094
-933.0902099609375 -221.87240600585938
-932.1400146484375 -223.8679962158203
-930.3157348632812 -225.8507843017578
-928.3368530273438 -227.85073852539062
-926.3914794921875 -225.85220336914062
-924.4241943359375 -227.8520965576172
-923.1693115234375 -225.8521728515625
-921.1693115234375 -227.8521728515625
-919.2548828125 -225.8524932861328
-917.2550048828125 -227.8524932861328
-915.3515625 -225.85256958007812
-913.3516235351562 -227.8522491455078
-911.3880615234375 -225.85255432128906
-909.3881225585938 -227.8524627685547
-907.400146484375 -225.8597412109375
-905.4002685546875 -227.85972595214844
-903.4484252929688 -225.8605194091797
-901.4487915039062 -227.8604278564453
-899.8845825195312 -225.86280822753906
-897.884765625 -227.86279296875
-895.9111938476562 -225.8630828857422
-893.9112548828125 -227.86285400390625
-892.0125732421875 -225.86329650878906
-890.0172119140625 -223.8634796142578
-888.0175170898438 -225.86346435546875
-886.0193481445312 -227.86334228515625
-884.0640869140625 -225.86343383789062
-882.0643310546875 -227.86341857910156
-880.0812377929688 -225.86744689941406
-878.081298828125 -227.8673858642578
-876.3968505859375 -225.87686157226562
-874.397216796875 -227.87680053710938
-872.7627563476562 -225.87709045410156
-870.7628173828125 -227.8770294189453
-868.9387817382812 -225.8770751953125
-866.9389038085938 -227.8767852783203
-864.9569091796875 -225.8780059814453
-862.9569702148438 -227.87796020507812
-861.2752075195312 -225.87881469726562
-859.2948608398438 -223.87954711914062
-857.294921875 -225.8795166015625
-855.3267211914062 -223.8798370361328
-853.326904296875 -225.87962341308594
-851.35498046875 -223.88108825683594
-849.3552856445312 -225.8810577392578
-847.3848876953125 -223.88221740722656
-845.3849487304688 -225.88134765625
-843.3972778320312 -223.88169860839844
-841.3974609375 -225.8815460205078
-839.458984375 -223.88377380371094
-837.458984375 -225.8836669921875
-835.6654663085938 -223.8850555419922
-833.6655883789062 -225.8847198486328
-831.6945190429688 -223.88803100585938
-829.7035522460938 -225.88710021972656
-827.7109985351562 -227.885986328125
-825.8587036132812 -225.88980102539062
-823.8593139648438 -227.88973999023438
-822.528076171875 -225.89437866210938
-820.5330200195312 -227.8943634033203
-820.3593139648438 -225.89842224121094
-818.363525390625 -227.89810180664062
-817.3837890625 -225.90174865722656
-815.3856811523438 -227.9015350341797
-815.0919189453125 -225.9129638671875
-813.0934448242188 -227.91294860839844
-811.2972412109375 -225.93421936035156
-809.298095703125 -227.9333038330078
-807.7122192382812 -225.95208740234375
-805.7127685546875 -227.95054626464844
-803.7142944335938 -229.94976806640625
-805.552734375 -227.95468139648438
-803.5596313476562 -229.945068359375
-805.1952514648438 -227.94757080078125
-803.1965942382812 -229.9378662109375
-804.4328002929688 -227.94371032714844
-802.4459228515625 -229.943359375
-802.8013916015625 -227.9473419189453
-800.8115844726562 -229.94480895996094
-801.6163940429688 -227.9452362060547
-799.6845092773438 -229.94361877441406
-798.0982666015625 -227.94679260253906
-796.1279907226562 -229.9451141357422
-797.2886962890625 -227.947998046875
-795.2911987304688 -229.94625854492188
-795.5046997070312 -227.94720458984375
-793.5117797851562 -229.9451141357422
-793.3988037109375 -227.95848083496094
-791.4027709960938 -229.9580535888672
-789.8267822265625 -227.98367309570312
-789.2467041015625 -226.09881591796875
-787.251220703125 -228.09788513183594
-789.1510009765625 -226.1484375
-787.18115234375 -228.14401245117188
-789.0726318359375 -226.1526336669922
-787.10205078125 -228.14964294433594
-788.9490966796875 -226.15554809570312
-786.958984375 -228.15316772460938
-787.3591918945312 -226.1664276123047
-785.3976440429688 -228.16543579101562
