-1014.3821411132812 -135.4176483154297
-1016.25732421875 -137.4176483154297
-1014.985107421875 -139.41761779785156
-1013.0086059570312 -141.41189575195312
-1013.9105834960938 -143.41189575195312
-1015.8751220703125 -145.411865234375
-1013.9603271484375 -147.41184997558594
-1014.5932006835938 -149.41180419921875
-1012.6419677734375 -151.41180419921875
-1013.6609497070312 -153.41177368164062
-1015.623291015625 -155.41175842285156
-1013.62353515625 -155.9832000732422
-1015.3994750976562 -157.9832000732422
-1013.3994750976562 -159.6958770751953
-1011.3994750976562 -161.3806915283203
-1013.3917846679688 -163.38064575195312
-1011.3926391601562 -165.37991333007812
-1013.329345703125 -167.37991333007812
-1011.3939819335938 -169.37933349609375
-1013.2083129882812 -171.3793182373047
-1011.3241577148438 -173.37924194335938
-1010.6351928710938 -175.37924194335938
-1009.6905517578125 -177.37892150878906
-1011.6319580078125 -179.37754821777344
-1013.42919921875 -181.37754821777344
-1013.8607788085938 -183.37725830078125
-1011.943115234375 -185.37672424316406
-1010.5072021484375 -187.37454223632812
-1012.352783203125 -189.37454223632812
-1014.20068359375 -191.37449645996094
-1012.2847900390625 -193.3653106689453
-1014.0986938476562 -195.36529541015625
-1012.1141357421875 -197.3621063232422
-1013.205078125 -199.36209106445312
-1013.8875732421875 -201.36207580566406
-1011.9031372070312 -203.3308563232422
-1013.375244140625 -205.3300018310547
-1011.4171142578125 -206.00820922851562
-1012.1961059570312 -208.00814819335938
-1014.1918334960938 -210.00814819335938
-1012.386474609375 -212.00814819335938
-1010.7389526367188 -214.00814819335938
-1008.7391967773438 -212.29820251464844
-1009.650146484375 -214.29820251464844
-1007.6502075195312 -212.4049530029297
-1006.411376953125 -214.4049530029297
-1007.0458984375 -216.4049530029297
-1005.0475463867188 -214.52354431152344
-1003.3441162109375 -216.52354431152344
-1001.34423828125 -215.11373901367188
-999.7005615234375 -217.11373901367188
-997.7007446289062 -215.4365234375
-995.7146606445312 -217.43650817871094
-993.7161865234375 -215.67910766601562
-991.71630859375 -213.923828125
-992.9827270507812 -215.923828125
-990.9827880859375 -213.9964599609375
-992.5977172851562 -215.9964599609375
-990.5980224609375 -214.62399291992188
-988.8554077148438 -216.62399291992188
-986.8555297851562 -214.69320678710938
-984.9237670898438 -216.6931915283203
-982.923828125 -214.73199462890625
-983.2029418945312 -216.73199462890625
-981.2033081054688 -214.75454711914062
-979.7254028320312 -216.75442504882812
-977.8055419921875 -218.75439453125
-975.8057250976562 -216.8033447265625
-973.805908203125 -214.98956298828125
-971.950927734375 -216.9895477294922
-969.9509887695312 -215.12896728515625
-968.2427368164062 -217.1287841796875
-966.242919921875 -215.16012573242188
-964.2869262695312 -217.15931701660156
-962.2870483398438 -215.27944946289062
-960.287109375 -213.5211944580078
-958.3609619140625 -215.5211639404297
-956.3610229492188 -213.79537963867188
-954.3650512695312 -215.7942657470703
-952.3651733398438 -214.1856689453125
-950.373291015625 -216.061279296875
-948.3733520507812 -216.33282470703125
-947.3206176757812 -216.92588806152344
-945.9035034179688 -216.0592498779297
-943.9397583007812 -216.2557830810547
-944.7708740234375 -217.91986083984375
-945.2870483398438 -218.5447235107422
-945.8367309570312 -220.42942810058594
-944.5086669921875 -222.35418701171875
-945.0751953125 -224.3293914794922
-945.1654663085938 -226.3153839111328
-945.004150390625 -228.31480407714844
-943.8491821289062 -230.31466674804688
-941.9278564453125 -228.71607971191406
-939.9321899414062 -228.67132568359375
-937.9329833984375 -227.36428833007812
-936.5448608398438 -229.36428833007812
-934.8878173828125 -227.73471069335938
-933.3212890625 -229.7346954345703
-931.392822265625 -227.82461547851562
-930.908935546875 -229.82461547851562
-928.9271240234375 -227.8385009765625
-926.9280395507812 -225.9033966064453
-928.2125854492188 -227.90338134765625
-926.2193603515625 -225.91944885253906
-927.6651611328125 -227.91943359375
-925.6669921875 -226.08140563964844
-926.4186401367188 -228.08139038085938
-924.4274291992188 -226.08395385742188
-924.1231079101562 -228.0839385986328
-922.1231079101562 -226.08453369140625
-922.1461181640625 -228.0845184326172
-920.1470336914062 -226.0845947265625
-920.8689575195312 -228.08448791503906
-918.8703002929688 -226.0880126953125
-917.8486328125 -228.08798217773438
-915.8497924804688 -226.0904083251953
-916.8206176757812 -228.09039306640625
-914.822265625 -226.09120178222656
-913.5929565429688 -228.09112548828125
-911.5930786132812 -226.09194946289062
-913.0919189453125 -228.0917205810547
-911.0921630859375 -226.1011505126953
-911.343994140625 -228.10113525390625
-909.3441162109375 -226.10302734375
-910.8555297851562 -228.10302734375
-908.8582763671875 -226.103271484375
-907.5547485351562 -228.103271484375
-905.5548095703125 -226.10362243652344
-903.5667114257812 -228.1032257080078
-901.57275390625 -226.10418701171875
-900.546875 -228.10418701171875
-898.54736328125 -226.10450744628906
-899.311767578125 -228.1043701171875
-897.3118286132812 -226.1058807373047
-897.6259155273438 -228.10568237304688
-895.6264038085938 -226.1058349609375
-894.633544921875 -228.105712890625
-892.6336059570312 -226.10821533203125
-890.6336669921875 -224.108642578125
-888.9044799804688 -226.10862731933594
-886.9146728515625 -224.11044311523438
-885.8583374023438 -226.1103057861328
-884.665283203125 -228.11016845703125
-882.66552734375 -226.1110382080078
-882.7313842773438 -228.11102294921875
-880.7314453125 -226.11697387695312
-880.5807495117188 -228.11695861816406
-878.58349609375 -226.12649536132812
-879.14453125 -228.12643432617188
-877.1448364257812 -226.12681579589844
-875.3727416992188 -228.12680053710938
-873.3728637695312 -226.127197265625
-872.2474365234375 -228.1265411376953
-870.2698974609375 -226.12738037109375
-868.7893676757812 -228.1273651123047
-866.7939453125 -226.12815856933594
-864.846923828125 -228.1280975341797
-862.8470458984375 -226.1295623779297
-860.8475952148438 -224.13319396972656
-860.2237548828125 -226.1326904296875
-858.2240600585938 -224.13999938964844
-859.2996215820312 -226.1399383544922
-857.2999267578125 -224.17706298828125
-855.8448486328125 -226.1770477294922
-853.8449096679688 -224.18113708496094
-851.9894409179688 -226.1809539794922
-849.9900512695312 -224.2053680419922
-850.0570068359375 -226.20529174804688
-848.0646362304688 -224.22630310058594
-846.3181762695312 -226.22555541992188
-844.3181762695312 -224.23196411132812
-844.8958129882812 -226.231689453125
-842.8966674804688 -224.23280334472656
-843.1802368164062 -226.23272705078125
-841.1802368164062 -224.25648498535156
-841.9990234375 -226.2563934326172
-839.9991455078125 -224.25958251953125
-838.103759765625 -226.25955200195312
-836.10400390625 -224.28271484375
-834.1040649414062 -222.33499145507812
-836.0779418945312 -224.33201599121094
-834.0780029296875 -222.62359619140625
-835.86474609375 -224.6221466064453
-833.8648071289062 -222.80747985839844
-834.87060546875 -224.79171752929688
-832.871337890625 -223.1699676513672
-834.8335571289062 -225.16946411132812
-832.8344116210938 -223.1831817626953
-834.3950805664062 -225.18296813964844
-832.3950805664062 -223.5604705810547
-834.1362915039062 -225.5580291748047
-832.1367797851562 -223.67994689941406
-833.9053955078125 -225.67977905273438
-831.90576171875 -223.89450073242188
-831.5629272460938 -225.89434814453125
-833.457763671875 -227.89419555664062
-831.4580688476562 -225.89520263671875
-831.090087890625 -227.89488220214844
-829.091552734375 -225.8949432373047
-829.4091796875 -227.8948974609375
-827.4268798828125 -225.91110229492188
-828.370361328125 -227.9110565185547
-826.3709716796875 -225.91375732421875
-824.9387817382812 -227.91307067871094
-822.9389038085938 -225.9240264892578
-821.7213134765625 -227.92401123046875
-819.7313232421875 -225.9258575439453
-821.403076171875 -227.92576599121094
-819.4031982421875 -225.92767333984375
-819.0513305664062 -227.92735290527344
-817.0572509765625 -225.94639587402344
-817.9204711914062 -227.9462432861328
-815.9234619140625 -225.94955444335938
-816.6920776367188 -227.94944763183594
-814.694091796875 -225.95346069335938
-813.5865478515625 -227.95326232910156
-811.5891723632812 -225.9663848876953
-811.0092163085938 -227.96607971191406
-809.0098876953125 -225.9669647216797
-807.57275390625 -227.96664428710938
-805.5827026367188 -225.96853637695312
-804.4403686523438 -227.9683837890625
-804.9931030273438 -229.9664306640625
-803.0004272460938 -227.9795379638672
-804.385009765625 -229.97914123535156
-802.3851318359375 -227.9800262451172
-802.66845703125 -229.97999572753906
-800.672607421875 -227.98170471191406
-801.28125 -229.98167419433594
-799.4261474609375 -227.9882354736328
-800.0426635742188 -229.98822021484375
-798.0440063476562 -227.98875427246094
-799.0051879882812 -229.988525390625
-797.033935546875 -227.99267578125
-796.7979125976562 -229.9925994873047
-794.8004150390625 -227.99264526367188
-796.7646484375 -229.9920654296875
-794.7727661132812 -228.0068359375
-796.3487548828125 -230.00559997558594
-794.3862915039062 -228.01707458496094
-793.9540405273438 -230.01705932617188
-792.8278198242188 -228.0264434814453
-790.8446044921875 -226.06446838378906
-790.7529907226562 -228.0638885498047
-789.1732177734375 -226.1110382080078
-790.3623046875 -228.08999633789062
-788.3707885742188 -226.16064453125
-790.314697265625 -228.12225341796875
-788.3313598632812 -226.29322814941406
-790.2059326171875 -228.29139709472656
-788.2326049804688 -226.35096740722656
-790.0994262695312 -228.34962463378906
-788.1016845703125 -226.36524963378906
-789.8594360351562 -228.3634796142578
-787.8619995117188 -226.37208557128906
-789.6415405273438 -228.36976623535156
-787.7376098632812 -226.50009155273438
-789.0918579101562 -228.49781799316406
-787.0977172851562 -226.5695037841797
-785.1031494140625 -224.60443115234375
