-1013.9182739257812 -135.41754150390625
-1015.4921264648438 -137.41705322265625
-1013.5214233398438 -139.40609741210938
-1014.3731079101562 -141.4060821533203
-1012.5130615234375 -143.3501434326172
-1012.9182739257812 -145.29942321777344
-1014.6508178710938 -147.27462768554688
-1012.8301391601562 -149.241455078125
-1012.2667236328125 -151.23854064941406
-1012.6646728515625 -153.23463439941406
-1012.634521484375 -155.23312377929688
-1014.081298828125 -157.2085418701172
-1015.9746704101562 -159.20306396484375
-1014.1076049804688 -157.44729614257812
-1014.5783081054688 -159.44656372070312
-1012.7427368164062 -159.112060546875
-1013.9046630859375 -161.03082275390625
-1013.5944213867188 -160.0116424560547
-1011.736328125 -161.23745727539062
-1010.8829345703125 -163.236083984375
-1009.1650390625 -165.2353973388672
-1009.2098999023438 -167.23153686523438
-1008.8952026367188 -169.23143005371094
-1008.0899658203125 -171.23126220703125
-1006.92822265625 -173.23121643066406
-1008.8458862304688 -175.21083068847656
-1010.784912109375 -177.20889282226562
-1010.851806640625 -179.1776885986328
-1011.0619506835938 -181.1683807373047
-1012.72412109375 -183.15609741210938
-1013.2066040039062 -185.15147399902344
-1013.77294921875 -186.56825256347656
-1011.9751586914062 -187.99217224121094
-1012.0873413085938 -189.96498107910156
-1013.6841430664062 -191.94248962402344
-1011.7942504882812 -193.87083435058594
-1011.4127807617188 -195.86830139160156
-1009.4916381835938 -197.86802673339844
-1009.7839965820312 -199.76531982421875
-1011.5775146484375 -201.76036071777344
-1013.5718994140625 -203.701904296875
-1011.9749755859375 -202.62315368652344
-1012.91455078125 -204.57461547851562
-1014.7821655273438 -205.3655548095703
-1016.4823608398438 -205.48536682128906
-1015.1786499023438 -207.29681396484375
-1013.5263061523438 -208.94581604003906
-1011.6246337890625 -210.88262939453125
-1009.7701416015625 -212.87960815429688
-1007.7789916992188 -214.87953186035156
-1005.8222045898438 -212.90126037597656
-1003.8228759765625 -214.90054321289062
-1001.8248291015625 -216.9001007080078
-999.9070434570312 -214.91940307617188
-997.9083862304688 -216.91860961914062
-995.9215087890625 -215.0053253173828
-993.9473876953125 -217.00521850585938
-992.3683471679688 -215.02154541015625
-990.4180908203125 -217.02142333984375
-989.3362426757812 -215.21231079101562
-987.3634033203125 -217.21224975585938
-985.4627075195312 -215.34207153320312
-983.4822998046875 -217.3412628173828
-981.7105712890625 -215.40194702148438
-979.7144165039062 -217.4014129638672
-978.644287109375 -215.45399475097656
-976.654296875 -217.45384216308594
-974.7913208007812 -215.6653289794922
-972.8367309570312 -217.66525268554688
-971.4813842773438 -216.10374450683594
-969.6956176757812 -214.1857147216797
-967.697998046875 -216.18463134765625
-966.25732421875 -215.0821990966797
-964.2576904296875 -217.06105041503906
-962.2874145507812 -215.22422790527344
-961.0131225585938 -213.8240966796875
-959.0201416015625 -215.8170166015625
-957.0888061523438 -214.06625366210938
-955.0938110351562 -216.0029754638672
-953.8319702148438 -214.3123016357422
-951.8698120117188 -213.6346435546875
-949.8781127929688 -211.80450439453125
-947.9096069335938 -211.5202178955078
-945.9254760742188 -213.11424255371094
-944.5391845703125 -211.17568969726562
-942.8322143554688 -211.85357666015625
-940.87109375 -213.68487548828125
-938.9461669921875 -212.37539672851562
-940.6077880859375 -213.6124267578125
-941.459716796875 -212.0731658935547
-942.0072631835938 -210.19357299804688
-940.238525390625 -212.11940002441406
-940.9489135742188 -211.7795867919922
-942.2088623046875 -212.49420166015625
-940.2457885742188 -210.83522033691406
-939.0526123046875 -212.80726623535156
-938.8165893554688 -211.6309356689453
-937.3319702148438 -210.70030212402344
-935.5444946289062 -209.66371154785156
-933.6544189453125 -211.657958984375
-935.3812866210938 -212.0703125
-933.4505615234375 -212.3167724609375
-934.9718627929688 -212.7554168701172
-934.8565673828125 -214.4063720703125
-934.6417846679688 -212.9396514892578
-935.3506469726562 -211.4890899658203
-934.7437744140625 -210.22312927246094
-932.7637329101562 -210.6273651123047
-932.8251953125 -212.26138305664062
-931.4680786132812 -213.90362548828125
-933.008056640625 -213.77586364746094
-934.0260009765625 -213.56019592285156
-934.4974365234375 -214.30856323242188
-932.78857421875 -213.18289184570312
-934.2898559570312 -212.76019287109375
-932.8531494140625 -214.42950439453125
-933.8340454101562 -215.89012145996094
-933.4136962890625 -215.78392028808594
-933.7387084960938 -214.56687927246094
-933.5505981445312 -214.080322265625
-931.6454467773438 -213.77857971191406
-929.98583984375 -213.13929748535156
-931.79736328125 -214.9556121826172
-933.7379150390625 -214.3997344970703
-935.5231323242188 -213.6021728515625
-936.7095947265625 -212.01315307617188
-937.7703857421875 -210.7742462158203
-938.6221313476562 -209.24195861816406
-939.3486328125 -211.16429138183594
-937.42724609375 -212.78945922851562
-935.8148193359375 -212.03842163085938
-937.6104125976562 -210.12754821777344
-937.38671875 -212.12181091308594
-935.6070556640625 -212.92056274414062
-937.0591430664062 -213.611328125
-936.0460205078125 -212.37181091308594
-935.0619506835938 -210.8513946533203
-936.6231689453125 -212.57398986816406
-935.8784790039062 -211.10043334960938
-933.994384765625 -212.77529907226562
-934.8650512695312 -211.81271362304688
-934.9373168945312 -210.33572387695312
-935.6497192382812 -209.72227478027344
-934.8492431640625 -211.68734741210938
-933.3228149414062 -211.907958984375
-933.5802612304688 -212.94720458984375
-933.7562866210938 -214.6466064453125
-933.8389282226562 -215.50721740722656
-932.3162841796875 -215.87155151367188
-933.1356201171875 -217.46034240722656
-933.094970703125 -218.08103942871094
-932.29248046875 -219.7945098876953
-933.214599609375 -221.72312927246094
-932.0460205078125 -223.68052673339844
-930.1884155273438 -225.67684936523438
-928.233642578125 -227.67630004882812
-926.7576904296875 -226.73583984375
-924.7981567382812 -228.73568725585938
-922.8472290039062 -226.91864013671875
-920.8821411132812 -228.91746520996094
-919.013916015625 -228.24462890625
-917.278076171875 -226.3521728515625
-915.2936401367188 -228.35069274902344
-913.3846435546875 -226.38270568847656
-911.3901977539062 -228.3800506591797
-909.4474487304688 -227.16677856445312
-907.4482421875 -229.1657257080078
-905.54443359375 -227.1776580810547
-903.5446166992188 -229.17752075195312
-901.5851440429688 -227.21148681640625
-899.59716796875 -229.2098846435547
-897.6888427734375 -228.0811004638672
-895.6946411132812 -227.4632110595703
-893.708251953125 -225.59634399414062
-891.7084350585938 -227.5887908935547
-889.7433471679688 -225.70916748046875
-887.7534790039062 -227.70887756347656
-885.8606567382812 -226.12059020996094
-883.861083984375 -228.1201629638672
-881.8616333007812 -226.1879119873047
-879.8641357421875 -228.18569946289062
-877.8709716796875 -226.40213012695312
-875.9119873046875 -224.41854858398438
-873.9794921875 -226.4185028076172
-871.989990234375 -224.5559844970703
-870.0838623046875 -226.55569458007812
-868.1179809570312 -224.84396362304688
-866.1180419921875 -226.84353637695312
-864.4769897460938 -225.03738403320312
-862.477783203125 -227.0373077392578
-860.493408203125 -225.52340698242188
-858.507080078125 -223.6524200439453
-856.513916015625 -225.6521759033203
-854.5306396484375 -224.26791381835938
-852.5313110351562 -226.26058959960938
-850.5476684570312 -224.28860473632812
-848.5484619140625 -226.28826904296875
-846.6030883789062 -224.81175231933594
-844.6031494140625 -226.8117218017578
-842.6511840820312 -224.97311401367188
-840.7081298828125 -224.33172607421875
-838.7103271484375 -226.33152770996094
-836.9290161132812 -224.370361328125
-834.945068359375 -222.5236053466797
-833.6118774414062 -224.50137329101562
-832.642578125 -226.49290466308594
-831.3829345703125 -225.27459716796875
-829.8016967773438 -227.27452087402344
-827.9692993164062 -225.29444885253906
-826.0228271484375 -227.29440307617188
-824.0231323242188 -225.5062255859375
-822.0631103515625 -227.5061798095703
-820.1417236328125 -225.7553253173828
-818.144775390625 -227.7552032470703
-816.667724609375 -225.79852294921875
-814.6690673828125 -227.79832458496094
-812.7053833007812 -225.85145568847656
-810.7053833007812 -227.8505859375
-808.8560791015625 -226.17529296875
-806.8593139648438 -228.17465209960938
-804.8593139648438 -230.17425537109375
-804.2525024414062 -228.3710174560547
-802.252685546875 -230.37091064453125
-800.6171264648438 -229.00921630859375
-799.7870483398438 -228.6252899169922
-798.9454345703125 -228.9679412841797
-797.0906982421875 -227.43994140625
-795.0908203125 -229.437744140625
-794.0382080078125 -227.60682678222656
-792.0382080078125 -229.60308837890625
-790.1435546875 -227.72666931152344
-791.4993896484375 -226.60374450683594
-789.4994506835938 -228.58663940429688
-790.9241333007812 -226.94139099121094
-788.9319458007812 -228.94049072265625
-786.9496459960938 -227.09820556640625
-785.8291015625 -227.84739685058594
