-1014.3804931640625 -135.411376953125
-1016.0543823242188 -137.41123962402344
-1014.332275390625 -139.40957641601562
-1014.350830078125 -141.4094696044922
-1012.4217529296875 -143.4027557373047
-1013.814697265625 -145.37818908691406
-1013.9677124023438 -147.37789916992188
-1014.8500366210938 -149.37625122070312
-1012.930908203125 -151.3634490966797
-1014.7459106445312 -153.35984802246094
-1015.5733032226562 -155.2905731201172
-1013.5833129882812 -153.29470825195312
-1015.11865234375 -155.29220581054688
-1013.124267578125 -153.2926025390625
-1013.8866577148438 -155.28567504882812
-1015.1216430664062 -156.79324340820312
-1013.1448364257812 -154.80039978027344
-1013.712890625 -156.19647216796875
-1015.1126708984375 -158.08692932128906
-1013.2650756835938 -156.16070556640625
-1014.4429321289062 -158.12193298339844
-1012.4489135742188 -156.13772583007812
-1014.2988891601562 -158.11279296875
-1012.473388671875 -156.11415100097656
-1014.2396240234375 -158.08680725097656
-1012.25146484375 -156.1050262451172
-1013.9027099609375 -158.08299255371094
-1012.8390502929688 -160.08192443847656
-1013.5717163085938 -161.96865844726562
-1011.5975341796875 -160.33132934570312
-1011.2313842773438 -161.77899169921875
-1013.1477661132812 -163.7783966064453
-1011.1544799804688 -164.0955810546875
-1011.372802734375 -166.0922088623047
-1013.358642578125 -168.09217834472656
-1011.466796875 -170.0873260498047
-1012.1283569335938 -172.0858154296875
-1013.4033813476562 -174.08580017089844
-1011.4456787109375 -176.07513427734375
-1011.667236328125 -175.3280487060547
-1012.6898193359375 -173.4559326171875
-1010.6964111328125 -175.45045471191406
-1012.4263305664062 -174.58963012695312
-1013.9606323242188 -175.13121032714844
-1012.0079956054688 -177.12965393066406
-1012.0494384765625 -178.70333862304688
-1013.1376342773438 -180.7023468017578
-1011.2691650390625 -182.6670379638672
-1011.9674072265625 -184.6668243408203
-1013.9392700195312 -183.7157440185547
-1011.9476928710938 -185.71446228027344
-1013.9366455078125 -186.3376007080078
-1011.962158203125 -188.33204650878906
-1013.5458984375 -190.32936096191406
-1014.5745239257812 -192.32888793945312
-1012.7640991210938 -194.3273468017578
-1014.171142578125 -196.3273468017578
-1012.2716674804688 -198.3259735107422
-1010.6631469726562 -200.32595825195312
-1012.537353515625 -202.3233184814453
-1011.683349609375 -204.3126678466797
-1010.09326171875 -206.29946899414062
-1011.9506225585938 -208.29945373535156
-1010.54150390625 -210.2994384765625
-1009.0697021484375 -212.2994384765625
-1007.3156127929688 -214.29942321777344
-1005.3163452148438 -216.29942321777344
-1003.36083984375 -214.30340576171875
-1001.3656005859375 -216.30340576171875
-999.3721923828125 -214.3107147216797
-997.3746948242188 -216.31069946289062
-995.3756103515625 -214.31114196777344
-993.3772583007812 -216.3111114501953
-991.3975830078125 -214.31430053710938
-989.4066162109375 -216.3142852783203
-987.4072875976562 -214.31454467773438
-985.44775390625 -216.3145294189453
-983.4491577148438 -214.31597900390625
-981.52880859375 -216.3159637451172
-979.5291137695312 -218.3159637451172
-977.5294189453125 -216.3160400390625
-975.5299682617188 -218.31602478027344
-973.5364379882812 -216.31643676757812
-971.5364379882812 -214.3216094970703
-969.54541015625 -216.321533203125
-967.5455932617188 -214.33221435546875
-965.546630859375 -216.33067321777344
-963.5469360351562 -214.4910125732422
-961.5485229492188 -216.4909210205078
-959.549072265625 -214.49855041503906
-957.5587158203125 -216.4983673095703
-955.561279296875 -214.5124969482422
-953.5709228515625 -216.51242065429688
-951.5753784179688 -215.3023681640625
-949.5802001953125 -213.30813598632812
-947.5840454101562 -215.2557830810547
-945.5843505859375 -217.0337677001953
-943.585205078125 -217.80929565429688
-941.5857543945312 -219.7904510498047
-939.5870971679688 -221.7568359375
-937.5877075195312 -223.73025512695312
-935.5977172851562 -225.72592163085938
-933.6024169921875 -227.72299194335938
-931.604248046875 -229.72268676757812
-929.604736328125 -228.5231170654297
-927.612548828125 -226.54229736328125
-925.6275634765625 -228.542236328125
-923.6283569335938 -226.54530334472656
-921.6357421875 -228.54527282714844
-919.6371459960938 -226.54562377929688
-917.6589965820312 -228.54562377929688
-915.6605834960938 -226.54669189453125
-913.7283325195312 -228.54661560058594
-911.7293701171875 -226.5469207763672
-909.7303466796875 -228.5467987060547
-907.7313232421875 -226.546875
-905.759033203125 -228.54684448242188
-903.7615966796875 -226.54685974121094
-901.776123046875 -228.54676818847656
-899.7816772460938 -226.55130004882812
-897.7822875976562 -228.55050659179688
-895.7845458984375 -226.55108642578125
-893.7976684570312 -228.55104064941406
-891.7984008789062 -226.5510711669922
-889.7988891601562 -224.55137634277344
-887.8927612304688 -226.55133056640625
-885.8932495117188 -224.551513671875
-883.9007568359375 -226.55140686035156
-881.9010009765625 -224.55169677734375
-879.9338989257812 -226.55152893066406
-877.9373779296875 -224.55709838867188
-876.0078735351562 -226.55702209472656
-874.0082397460938 -224.5601806640625
-872.0164184570312 -226.5592041015625
-870.0165405273438 -224.5661163330078
-868.039794921875 -226.56524658203125
-866.0400390625 -224.5653533935547
-864.0993041992188 -226.56497192382812
-862.101806640625 -224.5817413330078
-860.1060791015625 -226.58155822753906
-858.1100463867188 -224.6325225830078
-856.1112670898438 -226.63211059570312
-854.1226806640625 -224.63307189941406
-852.127685546875 -226.633056640625
-850.1282348632812 -224.6342315673828
-848.129638671875 -226.6335906982422
-846.139404296875 -224.63623046875
-844.1412353515625 -226.63449096679688
-842.1433715820312 -224.64024353027344
-840.1463623046875 -226.64010620117188
-838.14794921875 -224.650146484375
-836.1541137695312 -222.6514434814453
-834.154541015625 -224.58224487304688
-832.4461059570312 -226.54034423828125
-830.456787109375 -224.5742645263672
-828.699462890625 -226.57373046875
-826.7266845703125 -228.57203674316406
-824.73291015625 -226.60032653808594
-822.75830078125 -228.5996856689453
-820.7772827148438 -226.6001739501953
-818.8180541992188 -228.59913635253906
-816.853515625 -226.72108459472656
-814.882568359375 -228.72079467773438
-813.1129150390625 -226.72219848632812
-811.1150512695312 -228.662353515625
-809.182373046875 -226.66998291015625
-807.227294921875 -228.46897888183594
-805.2734375 -226.48451232910156
-803.3514404296875 -228.48312377929688
-801.9309692382812 -226.493896484375
-800.7825317382812 -228.4872589111328
-799.9873657226562 -226.56622314453125
-797.9920043945312 -228.56277465820312
-797.3551635742188 -226.5688018798828
-795.3612060546875 -228.56094360351562
-794.8997802734375 -226.57913208007812
-792.9725341796875 -228.57589721679688
-794.6776733398438 -226.6168212890625
-792.697998046875 -228.61526489257812
-792.8082885742188 -226.66110229492188
-790.822998046875 -228.6560516357422
-792.4251708984375 -226.65737915039062
-790.4301147460938 -228.64930725097656
-792.0006713867188 -226.66030883789062
-790.0067138671875 -228.61622619628906
-790.9979248046875 -226.7875213623047
-789.0015869140625 -228.50526428222656
-789.7290649414062 -226.57131958007812
-787.74462890625 -228.50079345703125
-788.1842651367188 -226.5048065185547
-786.2202758789062 -228.48329162597656
-787.0936889648438 -226.48715209960938
-787.582275390625 -224.6438751220703
