-938.1237182617188 -265.3456726074219
-940.1235961914062 -267.3450622558594
-942.1235961914062 -269.3435363769531
-944.1235961914062 -271.3435363769531
-946.1235961914062 -273.338623046875
-948.12353515625 -275.3381042480469
-948.4784545898438 -277.3168029785156
-948.245361328125 -279.1731262207031
-950.1163940429688 -279.8755187988281
-949.4766845703125 -281.490478515625
-951.3743286132812 -283.42669677734375
-950.769775390625 -285.186279296875
-950.5348510742188 -287.1047058105469
-950.1160278320312 -288.71160888671875
-948.2086181640625 -290.3772888183594
-947.1397705078125 -292.354736328125
-949.1397705078125 -294.353515625
-950.1007080078125 -295.9994812011719
-951.0596313476562 -296.3556823730469
-949.2333984375 -298.2489013671875
-947.7605590820312 -300.2251892089844
-949.7604370117188 -302.22314453125
-950.5781860351562 -304.1871032714844
-951.8697509765625 -306.1602783203125
-950.4779663085938 -307.1096496582031
-950.5498046875 -309.0246887207031
-952.3125610351562 -310.92657470703125
-954.0770263671875 -312.9139404296875
-956.00048828125 -314.8791198730469
-954.0325927734375 -315.0323791503906
-954.0831909179688 -316.78680419921875
-952.3380126953125 -318.6589050292969
-952.3822021484375 -320.00836181640625
-951.0013427734375 -321.953125
-949.6586303710938 -323.2977600097656
-949.7214965820312 -324.735107421875
-951.4517822265625 -326.7325439453125
-952.73095703125 -328.2213134765625
-951.3353881835938 -330.0660400390625
-950.3731689453125 -332.0579528808594
-949.9376831054688 -333.9253845214844
-951.0997314453125 -335.7865295410156
-952.328369140625 -337.7212829589844
-953.933349609375 -339.61785888671875
-955.3062744140625 -341.55963134765625
-957.0068359375 -343.3063049316406
-955.0653076171875 -345.1635437011719
-954.4386596679688 -347.0010681152344
-953.6278686523438 -348.9468994140625
-955.581298828125 -350.867431640625
-955.4654541015625 -352.8435974121094
-955.489501953125 -354.5929260253906
-953.9777221679688 -355.7139587402344
-955.6043090820312 -357.5016174316406
-955.9764404296875 -357.1802673339844
-957.63623046875 -359.1583251953125
-956.7858276367188 -361.0999450683594
-955.0431518554688 -363.05316162109375
-954.2930297851562 -364.6484069824219
-953.3035888671875 -365.855712890625
-952.0906372070312 -367.803955078125
-952.338623046875 -369.6682434082031
-953.7817993164062 -371.4483337402344
-955.4089965820312 -372.7272644042969
-954.79638671875 -374.0172119140625
-953.4758911132812 -375.69940185546875
-955.462158203125 -376.40789794921875
-953.6438598632812 -378.32391357421875
-955.6290893554688 -379.76934814453125
-957.5994262695312 -381.71185302734375
-955.7191772460938 -382.77789306640625
-954.7703247070312 -384.73907470703125
-956.61767578125 -386.72821044921875
-955.68359375 -387.3620910644531
-954.8702392578125 -388.9419860839844
-955.1279907226562 -390.8617858886719
-955.2489624023438 -392.81201171875
-956.8834838867188 -394.4383850097656
-958.593017578125 -396.407470703125
-959.5855102539062 -394.8013916015625
-961.57080078125 -396.7601013183594
-961.022216796875 -396.5386047363281
-961.1170043945312 -394.61944580078125
-963.0802001953125 -396.59619140625
-961.4443969726562 -394.8656005859375
-963.4114990234375 -396.48236083984375
-962.885498046875 -394.5473327636719
-964.6817016601562 -396.5116271972656
-964.4113159179688 -394.6393127441406
-966.36083984375 -396.546142578125
-968.3440551757812 -394.6468505859375
-970.2952880859375 -396.6406555175781
-971.5713500976562 -394.7195739746094
-973.4881591796875 -396.7181701660156
-975.2490844726562 -394.7684326171875
-977.2448120117188 -396.76806640625
-979.1504516601562 -395.2935791015625
-981.145263671875 -397.2933349609375
-983.1174926757812 -395.3580017089844
-985.1119384765625 -397.3575744628906
-987.07666015625 -395.38348388671875
-988.9443359375 -397.3809509277344
-990.780029296875 -395.3877868652344
-992.7797241210938 -393.43829345703125
-994.7619018554688 -395.43817138671875
-996.7548828125 -393.4810485839844
-998.7066650390625 -395.4806823730469
-1000.4193725585938 -393.770263671875
-1001.56591796875 -395.7508239746094
-1003.3330688476562 -393.9077453613281
-1005.3322143554688 -395.9061279296875
-1007.3256225585938 -393.97491455078125
-1009.3218994140625 -395.96966552734375
-1009.9597778320312 -393.99029541015625
-1011.9522705078125 -395.9898376464844
-1013.8596801757812 -394.00836181640625
-1015.8543090820312 -396.00482177734375
-1017.7310180664062 -394.0880432128906
-1019.0643310546875 -396.08734130859375
-1021.0563354492188 -394.1770324707031
-1022.947265625 -396.1761779785156
-1024.4505615234375 -394.8655700683594
-1024.4737548828125 -394.0377502441406
-1026.4488525390625 -392.7530212402344
-1027.5509033203125 -394.7522277832031
-1029.480712890625 -392.8914794921875
-1029.91845703125 -394.8893127441406
-1031.832763671875 -393.736328125
-1033.8236083984375 -395.7362976074219
-1034.6546630859375 -393.75341796875
-1036.466552734375 -395.7524108886719
-1038.01220703125 -393.7666320800781
-1038.5455322265625 -395.7664794921875
-1039.03515625 -394.6787414550781
-1040.6046142578125 -396.67828369140625
-1039.8023681640625 -395.3899230957031
-1041.308349609375 -393.9621276855469
-1043.1605224609375 -395.9605407714844
-1044.8294677734375 -394.0943603515625
-1046.2547607421875 -396.0862731933594
-1045.2359619140625 -394.23236083984375
-1046.0924072265625 -396.2318115234375
-1047.394287109375 -394.98291015625
-1048.7032470703125 -395.1094970703125
-1050.49951171875 -393.86138916015625
-1052.4857177734375 -395.8609313964844
-1054.4364013671875 -394.516357421875
-1056.015625 -396.51611328125
-1057.9952392578125 -397.4493408203125
-1058.4014892578125 -396.27459716796875
-1060.3726806640625 -395.1832580566406
-1061.977294921875 -397.1473693847656
-1060.00439453125 -399.0957336425781
-1062.0025634765625 -400.9864196777344
-1063.9949951171875 -402.4889831542969
-1062.006591796875 -404.4697570800781
-1064.0054931640625 -406.45458984375
-1062.0172119140625 -406.3184814453125
-1060.017822265625 -407.29595947265625
-1062.005126953125 -409.2892761230469
-1060.0086669921875 -410.7958068847656
-1062.0081787109375 -412.77349853515625
