-938.1221923828125 -265.348876953125
-940.1121215820312 -267.34869384765625
-942.1119384765625 -269.3471374511719
-944.111328125 -271.342041015625
-946.1104125976562 -273.34149169921875
-948.109619140625 -275.3380126953125
-946.1117553710938 -277.3041687011719
-948.0868530273438 -279.30389404296875
-946.0869140625 -281.2096862792969
-948.0868530273438 -283.20941162109375
-946.0906982421875 -285.0891418457031
-948.0906372070312 -287.088134765625
-946.0919799804688 -289.0040588378906
-948.0918579101562 -291.0009460449219
-946.1820068359375 -292.9429626464844
-948.1815185546875 -294.9419860839844
-946.1924438476562 -296.93878173828125
-948.1923217773438 -298.92083740234375
-946.3193359375 -300.8700866699219
-948.3189697265625 -302.8668518066406
-946.3566284179688 -304.2577819824219
-948.3565673828125 -306.2514343261719
-946.3580932617188 -308.0895080566406
-948.356201171875 -310.0428466796875
-946.4627685546875 -312.03826904296875
-948.46142578125 -314.037109375
-946.8605346679688 -315.984130859375
-948.8601684570312 -317.8804931640625
-946.8602294921875 -319.7685852050781
-948.8596801757812 -321.7621765136719
-947.0133666992188 -323.038818359375
-949.0127563476562 -325.0356140136719
-947.0255737304688 -326.9092102050781
-949.0254516601562 -328.8883361816406
-947.0262451171875 -330.6196594238281
-949.0205688476562 -332.5962219238281
-947.523193359375 -334.2637634277344
-949.5228271484375 -335.9864196777344
-947.5608520507812 -337.1344909667969
-949.5582275390625 -339.12530517578125
-948.3243408203125 -341.1209411621094
-946.3904418945312 -343.09722900390625
-948.3886108398438 -345.0278015136719
-946.4515380859375 -346.6966552734375
-948.4506225585938 -348.6178894042969
-948.590576171875 -350.6026306152344
-947.3355102539062 -352.56610107421875
-949.2691650390625 -354.315673828125
-948.6994018554688 -356.27801513671875
-948.0606689453125 -358.17572021484375
-950.0457763671875 -360.07928466796875
-951.3184204101562 -362.0342712402344
-949.3977661132812 -363.9671630859375
-951.1004028320312 -365.9615783691406
-951.2543334960938 -367.49151611328125
-952.1494750976562 -369.4793395996094
-953.8255004882812 -371.46258544921875
-955.2297973632812 -373.37445068359375
-956.309814453125 -375.17083740234375
-958.1259765625 -376.0252990722656
-956.656494140625 -377.0382080078125
-955.9853515625 -377.9562683105469
-954.578369140625 -379.7663879394531
-956.264404296875 -381.7490234375
-957.5579223632812 -383.6551513671875
-958.5478515625 -385.3638916015625
-959.9528198242188 -387.10467529296875
-959.5722045898438 -389.0865173339844
-961.4599609375 -391.0318908691406
-963.4229125976562 -392.9141845703125
-965.4215087890625 -394.90008544921875
-967.4208984375 -396.8962097167969
-969.4185791015625 -394.8962097167969
-971.41552734375 -396.8880920410156
-973.4151611328125 -394.88818359375
-975.3984375 -396.8866271972656
-977.3980712890625 -394.8866271972656
-979.3969116210938 -396.8857727050781
-981.3953857421875 -394.8857727050781
-983.38818359375 -396.8855285644531
-985.3853149414062 -394.88555908203125
-987.3851928710938 -396.8854675292969
-989.3844604492188 -394.8857727050781
-991.38427734375 -396.8585510253906
-993.3841552734375 -394.8585510253906
-995.348876953125 -396.8572082519531
-997.3369750976562 -394.85723876953125
-999.3344116210938 -396.722412109375
-1001.3330078125 -394.7225036621094
-1003.33203125 -392.7225341796875
-1005.330322265625 -394.70458984375
-1007.3298950195312 -392.70526123046875
-1009.3296508789062 -394.7004089355469
-1011.32958984375 -392.70086669921875
-1013.3118286132812 -394.6997985839844
-1015.3117065429688 -392.6999816894531
-1017.3097534179688 -394.6985168457031
-1019.3095703125 -396.63885498046875
-1021.3082885742188 -394.6395568847656
-1023.3081665039062 -396.61688232421875
-1025.2860107421875 -394.61724853515625
-1027.2392578125 -392.6195983886719
-1029.2259521484375 -394.61700439453125
-1031.2216796875 -392.6172180175781
-1033.0230712890625 -394.6169128417969
-1034.9298095703125 -396.61566162109375
-1036.9266357421875 -394.6197204589844
-1038.9219970703125 -396.61376953125
-1040.914306640625 -394.6146545410156
-1042.843994140625 -396.6141052246094
-1044.406982421875 -394.620849609375
-1046.349365234375 -396.6185302734375
-1048.3409423828125 -394.6262512207031
-1050.238037109375 -396.61517333984375
-1051.1358642578125 -394.61590576171875
-1053.0677490234375 -396.6156921386719
-1055.0657958984375 -394.6439208984375
-1057.0635986328125 -396.6302490234375
-1058.963134765625 -394.6581115722656
-1060.9053955078125 -396.6576843261719
-1062.903564453125 -394.7333068847656
-1064.6844482421875 -396.7327575683594
-1062.6859130859375 -396.5511169433594
-1060.6865234375 -398.2257080078125
-1062.6851806640625 -397.6230163574219
-1061.004150390625 -396.2837829589844
-1062.9512939453125 -395.9630432128906
-1060.9656982421875 -396.2449035644531
-1062.965087890625 -394.8620300292969
-1060.9775390625 -393.8188171386719
-1062.2213134765625 -395.803466796875
-1060.2222900390625 -397.236083984375
-1062.2196044921875 -396.1752624511719
-1060.2470703125 -396.8896789550781
-1062.2235107421875 -396.1209411621094
-1060.2236328125 -397.7238464355469
-1062.22314453125 -396.390869140625
-1060.2314453125 -398.1078796386719
-1062.230712890625 -396.6114196777344
-1060.2413330078125 -396.77984619140625
-1062.2314453125 -395.2292785644531
-1064.0699462890625 -397.2274475097656
-1062.0738525390625 -398.03741455078125
-1060.0765380859375 -398.564697265625
-1062.058837890625 -396.6497802734375
-1060.22265625 -395.7000427246094
-1062.1416015625 -393.9703674316406
-1064.051513671875 -395.96978759765625
-1062.05615234375 -395.2684631347656
-1063.7919921875 -397.2682189941406
-1061.7939453125 -397.9833679199219
-1063.79345703125 -397.4812316894531
-1061.7939453125 -399.1319885253906
-1063.79296875 -398.5519714355469
-1061.7984619140625 -399.83203125
-1063.79833984375 -400.62945556640625
-1061.7996826171875 -402.6247253417969
-1063.7877197265625 -404.3433532714844
-1062.152587890625 -402.4178161621094
-1064.15185546875 -403.9994201660156
-1064.6099853515625 -402.0029296875
-1062.6170654296875 -403.9888916015625
-1060.7197265625 -402.2584533691406
-1062.71923828125 -403.5130920410156
-1064.7191162109375 -405.3011474609375
-1063.0169677734375 -403.58880615234375
-1063.11572265625 -401.59661865234375
-1061.1710205078125 -403.4670104980469
-1063.168701171875 -405.3316650390625
-1061.17236328125 -403.5121765136719
-1063.165771484375 -403.4086608886719
-1063.8529052734375 -401.661865234375
-1061.874267578125 -403.646728515625
-1063.8646240234375 -405.5966796875
-1061.8809814453125 -403.8134460449219
-1063.8798828125 -405.310546875
-1062.05029296875 -403.3721923828125
-1064.0499267578125 -405.1360778808594
-1062.080810546875 -403.19293212890625
-1064.08056640625 -404.9859313964844
-1062.503173828125 -403.0238037109375
-1064.501220703125 -404.2326965332031
-1062.66796875 -402.2355041503906
-1064.6654052734375 -404.2022705078125
-1062.8482666015625 -402.20550537109375
-1064.847900390625 -401.99261474609375
-1062.9141845703125 -403.9910888671875
-1061.181396484375 -402.0221252441406
-1063.1812744140625 -403.8829345703125
-1061.2156982421875 -401.9706115722656
-1063.203369140625 -403.7740173339844
-1061.3509521484375 -401.8567199707031
-1063.3494873046875 -402.49920654296875
-1061.3580322265625 -404.498046875
-1063.3387451171875 -406.3674011230469
-1061.3397216796875 -405.1502380371094
-1063.33740234375 -407.1229553222656
-1061.342529296875 -407.09466552734375
-1063.341064453125 -405.9324035644531
-1061.3416748046875 -404.2921142578125
-1063.3387451171875 -406.1263732910156
-1061.3868408203125 -404.5197448730469
-1063.37353515625 -406.24688720703125
-1061.3740234375 -405.9128112792969
-1063.2774658203125 -407.67767333984375
-1061.277587890625 -408.935302734375
-1063.2730712890625 -410.89190673828125
-1061.273193359375 -411.56884765625
-1063.263916015625 -411.4581604003906
