-938.1236572265625 -265.3495788574219
-940.1234741210938 -267.3486328125
-942.1234130859375 -269.34716796875
-944.1228637695312 -271.3463134765625
-946.122314453125 -273.3328552246094
-948.1221313476562 -275.33258056640625
-946.8187866210938 -277.257568359375
-948.8186645507812 -279.2574768066406
-950.5533447265625 -281.2260437011719
-949.3223266601562 -282.5818176269531
-950.7306518554688 -284.4337158203125
-951.7479248046875 -286.3243408203125
-952.8701782226562 -288.2041320800781
-951.5274047851562 -289.8113708496094
-952.48828125 -291.6772155761719
-953.5068359375 -293.1877136230469
-951.7880859375 -295.1669006347656
-950.4047241210938 -296.9980773925781
-948.7756958007812 -298.3890380859375
-948.8451538085938 -300.0726318359375
-948.031982421875 -302.0448913574219
-947.9248657226562 -304.0329284667969
-946.383544921875 -306.0288391113281
-948.3832397460938 -308.0284423828125
-949.2936401367188 -309.9580078125
-950.7828979492188 -311.8427429199219
-951.7761840820312 -313.8399963378906
-953.6277465820312 -315.8333435058594
-952.0658569335938 -317.0076599121094
-952.644775390625 -318.33660888671875
-951.8052978515625 -319.8448791503906
-951.6588134765625 -320.0532531738281
-952.3735961914062 -319.55474853515625
-954.1636352539062 -321.3197937011719
-952.3739013671875 -323.1385498046875
-951.1063232421875 -324.8917541503906
-950.7192993164062 -326.747802734375
-951.369873046875 -328.6475830078125
-951.0872802734375 -330.4908142089844
-950.0216064453125 -331.8803405761719
-948.6222534179688 -333.8726501464844
-950.4475708007812 -335.8250732421875
-949.854248046875 -336.71044921875
-948.4415893554688 -338.6936340332031
-949.7050170898438 -339.4141540527344
-950.389892578125 -341.1917419433594
-949.8844604492188 -343.0545349121094
-951.2861938476562 -344.86102294921875
-950.697021484375 -346.8522644042969
-951.1032104492188 -348.8334655761719
-950.5572509765625 -350.7577819824219
-950.677490234375 -352.3498229980469
-951.1072998046875 -354.1956787109375
-951.901123046875 -356.12725830078125
-950.9669189453125 -358.0599365234375
-952.5245361328125 -360.0281066894531
-953.909423828125 -361.7502746582031
-952.3419189453125 -363.7382507324219
-954.2783813476562 -364.9895935058594
-952.7232055664062 -366.6705017089844
-952.9594116210938 -368.5509948730469
-952.296630859375 -370.42230224609375
-952.0195922851562 -372.1276550292969
-952.29541015625 -373.63482666015625
-952.1749267578125 -375.5682373046875
-950.9613647460938 -377.2056579589844
-952.5617065429688 -379.05242919921875
-951.2069091796875 -380.96270751953125
-949.99658203125 -382.83319091796875
-951.74560546875 -384.4971618652344
-953.4642944335938 -386.3193664550781
-955.1455688476562 -387.5963439941406
-955.1708984375 -389.36456298828125
-953.2387084960938 -390.7144775390625
-951.7698364257812 -392.67608642578125
-953.6912231445312 -394.5682373046875
-955.6865844726562 -396.5473937988281
-954.396728515625 -397.0594177246094
-955.198486328125 -395.89300537109375
-957.112060546875 -394.1319885253906
-958.5750732421875 -396.12158203125
-959.745361328125 -395.6167907714844
-961.2142333984375 -395.5705261230469
-963.0731811523438 -393.7704772949219
-964.8590698242188 -395.768798828125
-966.7354736328125 -394.1569519042969
-968.6417236328125 -396.15576171875
-970.4497680664062 -394.7292785644531
-972.3081665039062 -396.7263488769531
-974.2899169921875 -395.5074768066406
-976.275146484375 -397.507080078125
-978.26611328125 -395.5475769042969
-980.2562255859375 -397.5474548339844
-982.2390747070312 -395.5599365234375
-984.07177734375 -397.5581970214844
-986.0669555664062 -395.5711669921875
-988.0285034179688 -397.56695556640625
-990.0115966796875 -395.6029052734375
-991.9085693359375 -393.6361083984375
-993.9055786132812 -395.6357421875
-995.8911743164062 -393.6440124511719
-997.818603515625 -395.6439208984375
-999.7918090820312 -393.6484375
-1001.4837036132812 -395.6481628417969
-1003.4784545898438 -394.1304931640625
-1005.4702758789062 -396.12969970703125
-1007.4041137695312 -394.2622375488281
-1006.9990234375 -396.2620544433594
-1008.9781494140625 -394.2701416015625
-1010.9711303710938 -396.2696228027344
-1012.9686279296875 -394.3888854980469
-1014.9650268554688 -396.3870849609375
-1016.909423828125 -394.3884582519531
-1018.7699584960938 -396.3879089355469
-1020.7693481445312 -395.86083984375
-1022.7538452148438 -397.8512878417969
-1023.3128662109375 -395.8626708984375
-1025.146728515625 -393.8985900878906
-1027.1358642578125 -392.00018310546875
-1028.94091796875 -393.99853515625
-1030.3826904296875 -395.9980163574219
-1032.3126220703125 -394.0459899902344
-1034.310302734375 -396.0391540527344
-1036.2918701171875 -394.1461181640625
-1036.756103515625 -396.1449890136719
-1038.29443359375 -395.0113525390625
-1038.576171875 -393.6612854003906
-1040.2747802734375 -395.6612243652344
-1042.1910400390625 -393.7197265625
-1044.014404296875 -395.7195739746094
-1045.9373779296875 -393.9819030761719
-1047.84912109375 -395.9818115234375
-1049.8427734375 -394.0089111328125
-1051.8409423828125 -396.0088806152344
-1053.22314453125 -396.174072265625
-1054.8287353515625 -394.6180419921875
-1056.3885498046875 -396.6169738769531
-1058.119384765625 -394.6710510253906
-1060.100341796875 -396.6708679199219
-1062.0634765625 -398.1364440917969
-1060.073486328125 -400.1129455566406
-1062.063232421875 -402.0576477050781
-1064.022705078125 -404.02197265625
-1065.498779296875 -402.0630187988281
-1063.7283935546875 -404.0623474121094
-1063.846923828125 -402.6244201660156
-1061.90380859375 -404.617431640625
-1063.90283203125 -406.5742492675781
-1061.9171142578125 -405.9759521484375
-1063.91552734375 -407.9326477050781
-1061.917236328125 -409.4189147949219
-1059.9178466796875 -411.144775390625
-1061.916748046875 -412.80810546875
