-938.1227416992188 -265.3487854003906
-940.0904541015625 -267.32513427734375
-942.0554809570312 -268.9875183105469
-944.0526123046875 -270.8006591796875
-945.9593505859375 -272.7986145019531
-947.9464721679688 -274.7704162597656
-948.7565307617188 -276.7607727050781
-947.021240234375 -278.7544860839844
-948.8472900390625 -280.73614501953125
-947.3453979492188 -282.7347412109375
-945.8239135742188 -284.6339416503906
-947.81787109375 -286.57061767578125
-947.2902221679688 -288.5669860839844
-949.0884399414062 -290.5079345703125
-948.7561645507812 -292.50433349609375
-950.0664672851562 -294.3834228515625
-949.0764770507812 -296.3628845214844
-948.1400146484375 -298.35992431640625
-946.396240234375 -300.3504638671875
-947.2234497070312 -302.29986572265625
-949.121826171875 -304.28057861328125
-949.6199951171875 -306.07305908203125
-948.87939453125 -308.05523681640625
-948.1657104492188 -310.0190734863281
-948.6759033203125 -311.6810607910156
-948.2955322265625 -313.6697692871094
-947.070556640625 -315.6603698730469
-948.9868774414062 -316.5708312988281
-949.113037109375 -317.5757751464844
-949.6654663085938 -319.55078125
-947.9420166015625 -320.3603820800781
-949.2921142578125 -322.1322937011719
-950.3431396484375 -324.1294250488281
-949.402587890625 -326.1003112792969
-948.0719604492188 -328.0935974121094
-949.9155883789062 -329.8924255371094
-950.434814453125 -331.75067138671875
-951.659912109375 -333.0854187011719
-952.7681884765625 -334.335205078125
-954.4895629882812 -336.2712097167969
-954.6578369140625 -338.248046875
-955.469970703125 -340.145263671875
-954.3588256835938 -341.84124755859375
-955.7897338867188 -343.7691650390625
-955.5984497070312 -345.5522766113281
-956.622802734375 -346.9564514160156
-957.7160034179688 -348.90478515625
-956.8331909179688 -350.8048400878906
-957.772216796875 -352.6304626464844
-956.1133422851562 -354.6054992675781
-954.8118286132812 -356.40679931640625
-953.618896484375 -356.7199401855469
-954.0200805664062 -358.3641052246094
-955.1170654296875 -359.108642578125
-956.7386474609375 -359.73651123046875
-957.0235595703125 -361.64801025390625
-958.448486328125 -362.295166015625
-957.837158203125 -364.0697326660156
-958.9629516601562 -366.01470947265625
-960.0946044921875 -367.46929931640625
-961.0222778320312 -368.4691467285156
-959.5446166992188 -369.8403625488281
-961.2963256835938 -370.4035339355469
-960.5380859375 -371.0694274902344
-960.6431884765625 -372.32281494140625
-961.99169921875 -373.7601623535156
-960.0549926757812 -374.92791748046875
-960.21484375 -376.71484375
-961.4306030273438 -378.472900390625
-959.9637451171875 -378.3399963378906
-960.1735229492188 -379.1241455078125
-958.8736572265625 -379.2929992675781
-960.740478515625 -381.2745666503906
-960.5362548828125 -383.2059631347656
-960.5725708007812 -385.01263427734375
-958.9923095703125 -386.3099365234375
-958.6097412109375 -388.04791259765625
-959.5699462890625 -389.9237976074219
-960.6175537109375 -391.44171142578125
-960.4267578125 -393.133544921875
-958.6779174804688 -394.885009765625
-960.466796875 -396.6612243652344
-962.436279296875 -394.67724609375
-961.7526245117188 -395.8976135253906
-963.0555419921875 -393.9288635253906
-962.1380615234375 -395.885498046875
-963.1109619140625 -393.8897399902344
-964.1417236328125 -395.67596435546875
-965.939453125 -393.6808776855469
-966.0357666015625 -395.3897705078125
-967.1380615234375 -396.4798583984375
-969.0638427734375 -394.47991943359375
-969.2951049804688 -395.4810485839844
-970.9638061523438 -397.42718505859375
-972.8258056640625 -395.4385070800781
-974.7406616210938 -396.9615783691406
-976.7379150390625 -394.9632263183594
-978.2261352539062 -396.95843505859375
-980.1669311523438 -394.96148681640625
-981.255859375 -396.4702453613281
-983.2435302734375 -394.4712219238281
-984.1211547851562 -396.3977966308594
-986.1148681640625 -394.40325927734375
-988.012939453125 -396.3243713378906
-989.9979858398438 -394.32513427734375
-991.9534301757812 -396.28363037109375
-993.85400390625 -394.28765869140625
-995.7074584960938 -396.2580871582031
-997.0607299804688 -394.2583312988281
-998.9202270507812 -396.20196533203125
-1000.9049072265625 -394.20263671875
-1002.6097412109375 -396.1225891113281
-1004.6085205078125 -394.12261962890625
-1005.764892578125 -396.10491943359375
-1007.7184448242188 -394.1061706542969
-1009.3165893554688 -395.8521423339844
-1011.3082885742188 -393.858154296875
-1013.1458129882812 -395.5939636230469
-1015.140380859375 -393.7326965332031
-1016.8326416015625 -395.7297058105469
-1018.7362060546875 -393.84283447265625
-1020.45703125 -395.37127685546875
-1022.4467163085938 -397.3693542480469
-1023.7930297851562 -395.3699645996094
-1025.1405029296875 -393.40789794921875
-1025.671875 -395.3599853515625
-1027.6470947265625 -393.4667663574219
-1026.7073974609375 -395.3147277832031
-1028.69921875 -393.3310546875
-1030.5621337890625 -395.2319641113281
-1032.494140625 -393.2322998046875
-1033.4285888671875 -395.2192687988281
-1035.3494873046875 -393.2215270996094
-1037.2486572265625 -395.1646423339844
-1039.219970703125 -393.17523193359375
-1040.6578369140625 -395.172607421875
-1042.64892578125 -393.31646728515625
-1044.1546630859375 -395.3041076660156
-1046.134033203125 -393.31060791015625
-1046.3701171875 -395.30792236328125
-1048.220458984375 -393.3243713378906
-1047.9727783203125 -395.3182373046875
-1049.9019775390625 -393.39019775390625
-1051.7747802734375 -395.3766784667969
-1052.3258056640625 -394.7197265625
-1053.8372802734375 -392.78045654296875
-1051.849609375 -394.7803955078125
-1052.51953125 -394.5362854003906
-1050.794921875 -396.41424560546875
-1052.7711181640625 -394.42822265625
-1050.86767578125 -396.4173278808594
-1052.4759521484375 -394.4270935058594
-1053.6617431640625 -396.4108581542969
-1055.558349609375 -394.4129638671875
-1053.9566650390625 -396.4113464355469
-1055.9486083984375 -394.4940185546875
-1054.0908203125 -396.49029541015625
-1054.7880859375 -394.9075622558594
-1056.636474609375 -393.510498046875
-1054.974853515625 -395.5098876953125
-1056.8323974609375 -393.5242919921875
-1055.601806640625 -395.5233154296875
-1057.46826171875 -393.5469665527344
-1056.1156005859375 -395.5459289550781
-1057.523681640625 -393.56378173828125
-1058.175537109375 -395.5592041015625
-1060.1502685546875 -394.4447326660156
-1058.4234619140625 -396.441650390625
-1060.3609619140625 -396.367431640625
-1062.252685546875 -397.7806701660156
-1060.3079833984375 -398.9024353027344
-1061.5469970703125 -400.3287048339844
-1063.53076171875 -402.2435302734375
-1061.53271484375 -404.15802001953125
-1063.3223876953125 -405.9904479980469
-1061.362548828125 -407.216064453125
-1063.2130126953125 -409.2087707519531
-1061.217041015625 -410.93267822265625
-1062.6937255859375 -412.65216064453125
