-938.1219482421875 -265.1778869628906
-940.1192626953125 -267.0607604980469
-942.0718994140625 -268.509521484375
-944.0614013671875 -267.7338562011719
-946.0562133789062 -269.6773376464844
-948.0528564453125 -271.2633972167969
-946.0560302734375 -273.2633972167969
-948.0313110351562 -274.82391357421875
-946.0325317382812 -276.82391357421875
-948.0321044921875 -278.8134460449219
-946.0330200195312 -280.81341552734375
-948.0214233398438 -282.42962646484375
-946.021484375 -284.4295349121094
-947.9606323242188 -286.0708923339844
-945.9627075195312 -288.0701904296875
-947.958251953125 -290.0465393066406
-945.959716796875 -292.04541015625
-947.9594116210938 -293.8843994140625
-945.9681396484375 -295.8833923339844
-947.9674072265625 -297.8125
-945.9685668945312 -299.80596923828125
-947.9404296875 -300.865234375
-945.9454956054688 -302.86474609375
-947.943603515625 -304.60333251953125
-945.9878540039062 -306.6031188964844
-947.9599609375 -307.02227783203125
-945.9822998046875 -309.02215576171875
-947.9818725585938 -310.7450866699219
-945.984375 -312.7450866699219
-947.9835205078125 -313.0052490234375
-949.9822387695312 -314.2133483886719
-948.9527587890625 -316.2132263183594
-947.2484130859375 -318.14385986328125
-949.236328125 -319.4366149902344
-947.6005249023438 -321.3439636230469
-949.5863037109375 -322.1622009277344
-948.2777709960938 -324.1602478027344
-950.079345703125 -325.6427307128906
-948.08056640625 -327.6425476074219
-950.0590209960938 -329.4888916015625
-948.3399047851562 -331.48553466796875
-950.3125 -332.36553955078125
-948.6582641601562 -334.36541748046875
-946.8411865234375 -336.3104248046875
-948.8368530273438 -337.4239501953125
-946.8820190429688 -339.40008544921875
-948.868896484375 -340.5397644042969
-946.8819580078125 -342.5392150878906
-948.8599243164062 -344.1010437011719
-947.0370483398438 -346.08251953125
-948.86572265625 -347.7958984375
-946.89892578125 -349.7952880859375
-948.8982543945312 -351.01361083984375
-947.2241821289062 -353.0028381347656
-949.2230224609375 -353.87652587890625
-948.4982299804688 -355.871826171875
-946.5332641601562 -357.8712463378906
-948.5193481445312 -359.2451477050781
-950.23388671875 -360.6253662109375
-951.8933715820312 -362.6045227050781
-950.6009521484375 -364.567138671875
-948.6591186523438 -366.5634765625
-946.8025512695312 -368.4969482421875
-948.7850341796875 -370.1625061035156
-948.2313842773438 -372.1609191894531
-948.9517211914062 -374.122802734375
-947.7125854492188 -375.9783630371094
-947.8313598632812 -377.9290466308594
-946.0206298828125 -379.7174072265625
-947.9879150390625 -378.40972900390625
-946.1470336914062 -380.0937805175781
-948.143798828125 -378.6529541015625
-947.79833984375 -380.6367492675781
-946.021728515625 -382.57330322265625
-948.0133056640625 -381.9820251464844
-946.585693359375 -383.5882263183594
-948.5747680664062 -384.1362609863281
-946.7138671875 -385.80322265625
-948.6957397460938 -384.0301818847656
-947.7012329101562 -385.1883544921875
-949.6654663085938 -383.7025451660156
-947.7308349609375 -385.5788879394531
-949.6957397460938 -384.00299072265625
-949.7340087890625 -385.353271484375
-949.36962890625 -387.330322265625
-947.8297119140625 -389.3294372558594
-949.8284912109375 -388.6921081542969
-948.0967407226562 -390.6817321777344
-946.1876831054688 -392.67510986328125
-947.3291015625 -391.3597717285156
-949.3123779296875 -390.6579895019531
-947.3861083984375 -392.6551208496094
-949.3626708984375 -390.960693359375
-947.3746337890625 -392.7387390136719
-949.2689208984375 -392.23004150390625
-947.3702392578125 -394.22943115234375
-948.9242553710938 -393.5072326660156
-949.7593383789062 -395.5018005371094
-951.7544555664062 -393.55157470703125
-949.9580688476562 -395.50640869140625
-951.833251953125 -393.6162109375
-949.850830078125 -395.61187744140625
-951.748779296875 -393.61700439453125
-951.757080078125 -395.5549011230469
-953.756591796875 -393.5628356933594
-951.9658203125 -395.55059814453125
-953.9635009765625 -393.5740966796875
-952.1897583007812 -395.5652770996094
-954.1863403320312 -393.5859680175781
-952.4291381835938 -395.57733154296875
-954.4165649414062 -393.58917236328125
-954.0868530273438 -395.4935607910156
-956.0662841796875 -393.5003662109375
-954.8681640625 -395.4840087890625
-956.8661499023438 -393.48583984375
-956.3809814453125 -395.4564514160156
-958.3750610351562 -393.4677429199219
-959.2168579101562 -395.38934326171875
-961.109130859375 -397.3822326660156
-963.0884399414062 -395.73504638671875
-965.0670166015625 -393.7378845214844
-966.02294921875 -395.73541259765625
-968.017578125 -393.7517395019531
-969.955810546875 -395.7483825683594
-971.7493896484375 -397.70709228515625
-973.74365234375 -395.711669921875
-975.6670532226562 -397.70220947265625
-977.6334838867188 -395.7261047363281
-979.5360717773438 -397.6918640136719
-981.52685546875 -395.80718994140625
-983.51171875 -397.7804870605469
-985.440185546875 -395.9187927246094
-987.4352416992188 -397.8994445800781
-989.4290161132812 -396.234130859375
-989.7876586914062 -394.2940368652344
-991.5989379882812 -396.27911376953125
-993.568603515625 -394.298095703125
-995.1592407226562 -396.2940368652344
-997.1500244140625 -394.2981872558594
-999.0421752929688 -396.29681396484375
-1001.0250244140625 -394.5899658203125
-1003.00341796875 -396.5757141113281
-1003.4323120117188 -394.6135559082031
-1005.4301147460938 -392.6676330566406
-1006.1260986328125 -394.663330078125
-1008.1115112304688 -392.6753234863281
-1009.6791381835938 -394.6749267578125
-1011.6690063476562 -392.76202392578125
-1012.4921875 -394.7591857910156
-1014.4859619140625 -392.7870178222656
-1015.3236083984375 -394.7860412597656
-1017.3231811523438 -392.8870849609375
-1019.320068359375 -394.8857727050781
-1021.3133544921875 -396.88494873046875
-1023.1445922851562 -395.22344970703125
-1024.8507080078125 -393.2418518066406
-1025.7523193359375 -395.2413024902344
-1027.747802734375 -393.5628356933594
-1029.1785888671875 -395.56280517578125
-1031.176025390625 -393.67938232421875
-1033.1668701171875 -395.67919921875
-1035.164794921875 -393.70855712890625
-1033.8211669921875 -395.7084655761719
-1035.8182373046875 -394.2507019042969
-1034.636962890625 -396.25030517578125
-1036.57373046875 -395.18365478515625
-1038.553955078125 -393.57421875
-1040.550537109375 -395.5733642578125
-1042.501220703125 -393.7171630859375
-1044.444091796875 -395.7171325683594
-1046.4041748046875 -393.80517578125
-1045.6458740234375 -395.8050842285156
-1047.6317138671875 -393.96197509765625
-1049.5380859375 -395.9619445800781
-1051.4537353515625 -394.0235900878906
-1053.11083984375 -396.023193359375
-1055.1099853515625 -394.6531066894531
-1055.527587890625 -396.653076171875
-1057.49365234375 -394.7404479980469
-1059.38623046875 -396.74041748046875
-1061.38427734375 -395.1414794921875
-1063.2470703125 -397.1412353515625
-1061.268310546875 -399.0762634277344
-1063.2642822265625 -398.0602722167969
-1061.3055419921875 -400.0549011230469
-1063.30517578125 -398.3840637207031
-1061.360107421875 -400.3828125
-1063.359619140625 -401.0361328125
-1061.35986328125 -403.0356750488281
-1063.3582763671875 -404.8355407714844
-1064.28125 -405.6836242675781
-1062.95556640625 -407.658935546875
-1061.9822998046875 -409.640380859375
-1060.0755615234375 -411.6402587890625
-1062.0748291015625 -412.92803955078125
