-936.5963134765625 -304.89239501953125
-938.4599609375 -306.8922424316406
-940.1431274414062 -308.88897705078125
-941.4998779296875 -310.88629150390625
-943.0491943359375 -312.8788757324219
-944.9931030273438 -314.7962341308594
-946.2698364257812 -316.4547424316406
-948.0031127929688 -318.4102478027344
-947.1569213867188 -320.40374755859375
-949.0533447265625 -322.3781433105469
-947.8123779296875 -324.3781433105469
-949.7488403320312 -326.3686218261719
-948.4345703125 -328.3686218261719
-946.7757568359375 -330.3686218261719
-948.5675659179688 -332.35906982421875
-948.9480590820312 -334.35906982421875
-947.4446411132812 -336.35906982421875
-949.3297729492188 -338.2774658203125
-947.8857421875 -340.2774353027344
-949.340087890625 -342.201171875
-950.2943115234375 -344.201171875
-949.693359375 -346.20111083984375
-948.5136108398438 -348.20111083984375
-947.955078125 -350.2010803222656
-949.7389526367188 -352.16552734375
-947.8143310546875 -354.1654968261719
-949.6541748046875 -355.8360595703125
-951.171142578125 -357.8360290527344
-949.6199340820312 -359.8348388671875
-949.6238403320312 -361.8347473144531
-950.2532958984375 -363.83453369140625
-951.8262329101562 -365.8344421386719
-951.9987182617188 -367.8343200683594
-952.3731079101562 -369.8343200683594
-953.76904296875 -371.8342590332031
-952.6701049804688 -373.8341979980469
-952.2029418945312 -375.8334045410156
-953.3698120117188 -377.83331298828125
-952.093505859375 -379.8331604003906
-952.344482421875 -381.8307189941406
-951.8179321289062 -383.8291931152344
-951.167236328125 -385.82904052734375
-950.4653930664062 -387.8290100097656
-950.6915893554688 -389.8289489746094
-951.5465087890625 -391.8288879394531
-952.9085693359375 -393.828857421875
-953.2049560546875 -395.82879638671875
-954.7781372070312 -397.63531494140625
-955.3901977539062 -399.5870361328125
-956.4910888671875 -401.5513916015625
-955.3677978515625 -403.5500183105469
-956.017578125 -405.54302978515625
-955.6499633789062 -407.5399169921875
-954.8236083984375 -409.5386962890625
-956.07763671875 -411.52777099609375
-954.55615234375 -413.5257873535156
-954.1318359375 -415.5232849121094
-954.9306640625 -417.5174865722656
-956.5225219726562 -419.51605224609375
-956.6021118164062 -421.5134582519531
-955.83154296875 -423.5102844238281
-957.33935546875 -425.5055847167969
-955.6953125 -427.5048522949219
-956.2799072265625 -429.48883056640625
-955.5211791992188 -431.48614501953125
-956.624755859375 -433.483154296875
-955.1209106445312 -435.45404052734375
-956.8076782226562 -437.4457092285156
-958.657958984375 -439.4371337890625
-960.5732421875 -441.43695068359375
-962.2630615234375 -443.4363708496094
-963.1531372070312 -445.4342956542969
-962.775634765625 -447.2525634765625
-962.938232421875 -449.11578369140625
-964.4308471679688 -451.09307861328125
-964.5007934570312 -453.0907897949219
-965.587890625 -455.0903015136719
-966.3770751953125 -457.0901794433594
-968.1890258789062 -459.0892028808594
-966.5079956054688 -461.0877990722656
-967.5582275390625 -463.0874328613281
-966.2489624023438 -465.0864562988281
-965.7029418945312 -467.0754089355469
-967.4390869140625 -469.06524658203125
-967.1701049804688 -471.0488586425781
-967.0673828125 -472.9712829589844
-968.8432006835938 -474.9498291015625
-969.6541748046875 -476.9497985839844
-971.637451171875 -478.9497985839844
-972.9297485351562 -480.94976806640625
-974.927978515625 -482.9495849609375
-976.9264526367188 -484.9361267089844
-978.9259643554688 -486.82781982421875
-980.9251708984375 -488.664794921875
-982.9251098632812 -490.60723876953125
-984.925048828125 -488.6073913574219
-986.9242553710938 -488.1109619140625
-988.9232177734375 -489.5046081542969
-990.9143676757812 -487.5048828125
-992.9142456054688 -488.65008544921875
-994.9140625 -487.8850402832031
-996.9140625 -489.3200378417969
-998.9133911132812 -487.3201599121094
-1000.9132690429688 -487.3362731933594
-1002.9132690429688 -487.6681213378906
-1004.9132080078125 -485.7981262207031
-1006.9132080078125 -486.0525207519531
-1008.9131469726562 -484.7684020996094
-1010.9130859375 -482.8805847167969
-1012.9130859375 -484.4754333496094
-1014.9130249023438 -483.1986389160156
-1016.9111328125 -482.0377197265625
-1018.9105224609375 -481.1033020019531
-1020.9105224609375 -479.30810546875
-1022.9100341796875 -478.59185791015625
-1024.9090576171875 -480.59002685546875
-1026.908935546875 -482.56597900390625
-1028.908935546875 -480.7561950683594
-1030.907958984375 -481.1933288574219
-1032.907958984375 -481.2131652832031
-1034.90771484375 -482.04803466796875
-1036.90771484375 -482.5405578613281
-1038.90771484375 -480.81494140625
-1040.9075927734375 -479.03131103515625
-1042.903564453125 -481.0263977050781
-1044.9034423828125 -482.98895263671875
-1046.9034423828125 -483.9952697753906
-1048.9034423828125 -482.1640625
-1050.9033203125 -480.8555603027344
-1052.9033203125 -481.6304016113281
-1054.9033203125 -481.4454650878906
-1056.9033203125 -482.3362731933594
-1058.9033203125 -480.6163635253906
-1060.9033203125 -478.6232604980469
-1062.822998046875 -480.6228942871094
-1064.822265625 -482.5588684082031
-1066.8221435546875 -483.78094482421875
-1068.8221435546875 -482.1408996582031
-1070.8221435546875 -482.0028381347656
-1072.8221435546875 -480.2937927246094
-1074.8221435546875 -482.2247314453125
-1076.8221435546875 -481.584716796875
-1078.8218994140625 -480.01507568359375
-1080.82177734375 -480.427978515625
-1082.82177734375 -480.60723876953125
-1084.82177734375 -478.70916748046875
-1086.82177734375 -476.72003173828125
-1088.8216552734375 -478.64654541015625
-1090.8216552734375 -476.7677001953125
-1092.8211669921875 -478.0364990234375
-1094.8211669921875 -476.47772216796875
-1096.8211669921875 -478.2084045410156
-1098.821044921875 -476.55938720703125
-1100.821044921875 -475.020751953125
-1102.821044921875 -473.26470947265625
-1104.821044921875 -471.26934814453125
-1106.821044921875 -469.26934814453125
-1108.821044921875 -467.26934814453125
-1107.0064697265625 -465.274169921875
-1105.764892578125 -463.3099060058594
-1107.764892578125 -461.3099060058594
-1106.84326171875 -459.3191223144531
-1108.84326171875 -457.3191223144531
-1110.7928466796875 -455.3194580078125
-1109.5289306640625 -453.5005187988281
-1107.67919921875 -451.80615234375
-1106.9656982421875 -452.5090026855469
-1108.9656982421875 -450.509033203125
-1107.8421630859375 -452.0251770019531
-1108.92236328125 -453.9165344238281
-1107.0823974609375 -451.98321533203125
-1109.0823974609375 -449.98321533203125
-1107.64990234375 -449.7374267578125
-1107.4068603515625 -448.27301025390625
-1105.44775390625 -446.5137634277344
-1107.44775390625 -444.51385498046875
-1105.943115234375 -442.5942077636719
-1107.943115234375 -440.6069030761719
-1106.5142822265625 -438.7959289550781
-1108.5142822265625 -436.7960205078125
-1110.5142822265625 -434.7960510253906
-1112.4742431640625 -432.7961730957031
-1114.47412109375 -430.7961730957031
-1115.70361328125 -432.4495544433594
-1117.3917236328125 -434.4419250488281
-1119.3914794921875 -432.4419250488281
-1121.3333740234375 -434.4402770996094
-1123.329833984375 -432.4402770996094
-1124.6793212890625 -434.4399719238281
-1126.6788330078125 -436.0481872558594
-1128.6600341796875 -434.0482482910156
-1130.6595458984375 -436.0276794433594
-1132.658447265625 -434.0276794433594
-1134.650146484375 -435.87750244140625
-1136.5623779296875 -433.8775329589844
-1138.5621337890625 -433.6051330566406
-1140.5611572265625 -433.650146484375
-1138.637451171875 -431.6574401855469
-1140.6365966796875 -430.19696044921875
-1142.6365966796875 -428.19891357421875
-1140.642578125 -429.599609375
-1142.642578125 -427.6080322265625
