-937.1620483398438 -304.8938293457031
-938.647216796875 -306.8936462402344
-940.6004028320312 -308.89239501953125
-942.5505981445312 -310.8777160644531
-943.0701904296875 -312.859130859375
-945.0479736328125 -314.8504638671875
-947.044189453125 -316.84576416015625
-948.783203125 -318.84552001953125
-946.9609985351562 -320.7407531738281
-948.9422607421875 -322.7337341308594
-947.5875244140625 -324.6187438964844
-948.8883666992188 -326.61492919921875
-947.0115356445312 -328.01727294921875
-948.8993530273438 -330.0143737792969
-946.968017578125 -331.98638916015625
-948.5226440429688 -333.98602294921875
-946.567138671875 -335.775146484375
-946.044677734375 -337.7744445800781
-948.0184326171875 -339.7731628417969
-949.8876953125 -341.77294921875
-948.0631713867188 -343.5026550292969
-947.6678466796875 -345.50103759765625
-948.964111328125 -347.5008850097656
-947.42041015625 -349.0032653808594
-948.5870971679688 -351.0029602050781
-946.8961791992188 -352.5254821777344
-948.3632202148438 -354.52301025390625
-946.8513793945312 -355.6976013183594
-948.2918701171875 -357.6944885253906
-949.93994140625 -359.6932373046875
-948.4456176757812 -361.2895812988281
-946.6929931640625 -361.7364807128906
-948.3845825195312 -363.73504638671875
-948.7730712890625 -364.6626281738281
-948.1063232421875 -365.5120849609375
-947.534423828125 -364.9980773925781
-949.3619384765625 -366.99755859375
-947.6603393554688 -367.2013854980469
-949.5270385742188 -369.1934814453125
-951.1937866210938 -370.9798889160156
-949.5 -372.2959289550781
-947.9923095703125 -373.6114807128906
-948.4220581054688 -375.15887451171875
-949.8603515625 -376.4039001464844
-950.6500854492188 -378.1158447265625
-951.8375854492188 -380.0623474121094
-951.65283203125 -381.71923828125
-950.8837280273438 -381.8490905761719
-951.3932495117188 -382.5065612792969
-950.7838745117188 -384.1199951171875
-951.6932983398438 -385.8236999511719
-953.4035034179688 -386.0142822265625
-953.7791748046875 -387.8796691894531
-952.6548461914062 -389.85955810546875
-953.5017700195312 -391.79736328125
-952.8976440429688 -393.7254943847656
-954.4114379882812 -395.6684875488281
-955.4727783203125 -395.8856201171875
-953.8187255859375 -396.08984375
-954.931396484375 -396.1654052734375
-953.9363403320312 -394.61376953125
-955.247314453125 -396.5186767578125
-956.409423828125 -396.93121337890625
-957.8021850585938 -395.5777893066406
-958.3041381835938 -394.9669494628906
-957.8695678710938 -396.9618225097656
-959.3219604492188 -398.5865478515625
-958.6468505859375 -400.4100646972656
-956.9727172851562 -400.5084228515625
-957.4005126953125 -402.2109375
-958.3670654296875 -403.0552062988281
-959.411376953125 -404.9066162109375
-958.8129272460938 -406.898681640625
-959.0596923828125 -408.6302490234375
-958.53515625 -410.4928894042969
-959.98046875 -412.2177734375
-958.7499389648438 -414.0927429199219
-958.5263671875 -416.0458068847656
-957.0859375 -417.9860534667969
-956.7286987304688 -419.9090270996094
-957.1841430664062 -421.8088684082031
-958.0795288085938 -423.7474670410156
-958.9615478515625 -425.5091552734375
-958.340087890625 -427.3863525390625
-958.8551635742188 -429.2412109375
-959.98193359375 -430.60955810546875
-958.294921875 -432.3230285644531
-960.2347412109375 -433.9831848144531
-961.37255859375 -435.97186279296875
-963.2337036132812 -437.837158203125
-961.8373413085938 -439.8264465332031
-963.45947265625 -441.41693115234375
-961.7906494140625 -443.3682861328125
-963.0867919921875 -445.35772705078125
-964.5858154296875 -446.93499755859375
-964.07275390625 -446.4674987792969
-964.203125 -447.931640625
-963.2232666015625 -449.2296142578125
-961.2625122070312 -451.0965576171875
-961.6257934570312 -452.8193359375
-960.6617431640625 -453.984619140625
-960.6290283203125 -455.95489501953125
-959.5257568359375 -457.8743896484375
-961.04833984375 -459.8564758300781
-962.313232421875 -461.52911376953125
-961.5761108398438 -463.51666259765625
-962.6807250976562 -465.1546936035156
-961.1251831054688 -467.0669860839844
-963.06591796875 -468.87158203125
-961.6751708984375 -470.64068603515625
-962.7518310546875 -471.4886474609375
-961.8367309570312 -473.0545654296875
-962.2268676757812 -474.7427062988281
-963.1959838867188 -475.7107849121094
-963.9261474609375 -477.54644775390625
-964.79052734375 -479.5348205566406
-966.6204223632812 -481.53021240234375
-966.1730346679688 -483.52996826171875
-967.0406494140625 -485.5283508300781
-968.7252197265625 -487.52642822265625
-970.5878295898438 -489.52484130859375
-972.5780029296875 -491.5246276855469
-974.3175659179688 -489.53594970703125
-976.281982421875 -491.5357666015625
-977.5048828125 -489.54266357421875
-979.4735107421875 -487.5489501953125
-981.4434814453125 -489.54840087890625
-983.330322265625 -487.5603942871094
-985.320068359375 -489.558837890625
-984.7978515625 -487.6709899902344
-986.7632446289062 -489.67059326171875
-988.2697143554688 -487.6794738769531
-990.2686157226562 -489.6783447265625
-990.2523803710938 -487.7206726074219
-992.2482299804688 -489.718505859375
-993.841064453125 -487.72900390625
-995.8280029296875 -489.72845458984375
-997.7423095703125 -487.7410583496094
-999.7376098632812 -489.7403869628906
-1001.5090942382812 -487.76123046875
-1003.3926391601562 -489.7555236816406
-1004.9775390625 -487.8990783691406
-1006.9458618164062 -489.87103271484375
-1008.8486938476562 -487.8729248046875
-1010.7289428710938 -485.8865661621094
-1012.7147216796875 -487.74114990234375
-1013.6141357421875 -485.74908447265625
-1015.596435546875 -487.74322509765625
-1017.5145263671875 -485.74725341796875
-1019.4439086914062 -483.7822570800781
-1021.438232421875 -485.7322082519531
-1023.2827758789062 -483.73419189453125
-1025.2769775390625 -485.7333068847656
-1027.238525390625 -483.7456970214844
-1029.232666015625 -485.7314758300781
-1031.2203369140625 -487.7242431640625
-1033.1854248046875 -485.74072265625
-1035.18408203125 -487.7152404785156
-1036.8890380859375 -485.715576171875
-1038.8878173828125 -483.7166442871094
-1040.88671875 -485.7055358886719
-1042.8653564453125 -483.70672607421875
-1044.8575439453125 -485.70172119140625
-1046.6759033203125 -483.7020263671875
-1048.6732177734375 -485.6227722167969
-1050.6702880859375 -487.59515380859375
-1052.2174072265625 -485.59539794921875
-1054.2164306640625 -487.5158386230469
-1055.8583984375 -485.51611328125
-1057.85791015625 -487.2826843261719
-1059.728271484375 -485.2864685058594
-1061.7191162109375 -487.2579345703125
-1063.5396728515625 -485.2586364746094
-1065.539306640625 -486.8247985839844
-1067.4986572265625 -484.82781982421875
-1069.4010009765625 -486.71759033203125
-1071.24560546875 -484.7184143066406
-1073.24267578125 -486.6189880371094
-1074.973388671875 -484.6190185546875
-1076.9659423828125 -485.5496520996094
-1078.962890625 -486.4898681640625
-1080.497802734375 -484.4902038574219
-1082.494384765625 -485.99774169921875
-1084.3697509765625 -483.9981384277344
-1085.1014404296875 -481.9985656738281
-1087.07861328125 -479.9985656738281
-1089.0201416015625 -477.99859619140625
-1091.017578125 -478.8584899902344
-1093.005615234375 -480.4454650878906
-1094.9586181640625 -478.44586181640625
-1096.9559326171875 -480.2129821777344
-1098.9429931640625 -478.21319580078125
-1100.94287109375 -477.6405029296875
-1102.9423828125 -477.6755676269531
-1104.942138671875 -475.830810546875
-1106.942138671875 -473.8406982421875
-1108.8240966796875 -471.84271240234375
-1108.1116943359375 -469.8519287109375
-1108.4942626953125 -467.85601806640625
-1110.33837890625 -465.8685302734375
-1109.1925048828125 -463.8780822753906
-1109.158203125 -461.89874267578125
-1111.06103515625 -459.910400390625
-1112.531494140625 -457.9105529785156
-1114.383056640625 -455.9107971191406
-1114.3565673828125 -453.9164123535156
-1113.8037109375 -452.1257629394531
-1114.8580322265625 -450.142578125
-1112.9068603515625 -448.14886474609375
-1112.145263671875 -446.3404235839844
-1114.056640625 -444.38299560546875
-1112.182373046875 -442.38641357421875
-1111.3922119140625 -440.40130615234375
-1112.9122314453125 -438.5100402832031
-1113.75390625 -436.5101318359375
-1115.611083984375 -434.5101318359375
-1117.332275390625 -432.5113220214844
-1119.3287353515625 -434.4267272949219
-1120.5589599609375 -432.4281921386719
-1122.5445556640625 -434.1812744140625
-1124.5421142578125 -436.0909423828125
-1126.0487060546875 -434.09423828125
-1128.0447998046875 -436.03173828125
-1129.2064208984375 -434.0325622558594
-1131.197265625 -435.8201904296875
-1131.2720947265625 -433.82086181640625
-1133.2587890625 -435.6327209472656
-1134.8033447265625 -433.6337585449219
-1136.7955322265625 -435.5966491699219
-1137.7041015625 -433.6128845214844
-1139.7003173828125 -435.5520935058594
-1140.4150390625 -433.57647705078125
-1139.2835693359375 -431.5783386230469
-1141.282958984375 -430.27716064453125
-1141.9832763671875 -428.3428039550781
-1143.23828125 -426.4128112792969
