-935.3248901367188 -304.8949890136719
-936.0241088867188 -306.894775390625
-937.7952270507812 -308.89471435546875
-939.5003051757812 -310.8946228027344
-941.4718017578125 -312.89459228515625
-943.456298828125 -314.8517761230469
-945.40185546875 -316.84307861328125
-947.3894653320312 -318.8375549316406
-949.3839721679688 -320.8044128417969
-948.1759643554688 -322.8042297363281
-950.1516723632812 -324.79351806640625
-948.3958740234375 -326.7934875488281
-950.2606811523438 -328.7596740722656
-948.3660278320312 -330.7590026855469
-950.35791015625 -332.7391357421875
-949.1638793945312 -334.739013671875
-948.662109375 -336.73895263671875
-948.3433837890625 -338.7373962402344
-946.5427856445312 -340.7362365722656
-948.3282470703125 -342.6967468261719
-948.3099975585938 -344.69671630859375
-946.9003295898438 -346.6965637207031
-948.894775390625 -348.5041809082031
-950.4087524414062 -350.50408935546875
-948.7718505859375 -352.5040283203125
-949.65576171875 -354.5039367675781
-948.4738159179688 -356.50390625
-949.4235229492188 -358.5037841796875
-950.6624755859375 -360.50177001953125
-951.1414184570312 -362.5016784667969
-949.77001953125 -364.5014953613281
-950.4352416992188 -366.5013122558594
-951.9467163085938 -368.501220703125
-950.8177490234375 -370.50115966796875
-952.5183715820312 -372.5010681152344
-954.4793701171875 -374.5006408691406
-956.385986328125 -376.5005798339844
-955.0012817382812 -378.5003967285156
-954.8355712890625 -380.5003662109375
-955.3020629882812 -382.500244140625
-954.2073364257812 -384.5002136230469
-954.2919311523438 -386.5001525878906
-954.4625854492188 -388.5001220703125
-954.9261474609375 -390.5000305175781
-956.3355712890625 -392.5
-958.0199584960938 -394.4999694824219
-957.1774291992188 -396.4999694824219
-958.2283325195312 -398.4933776855469
-958.48193359375 -400.4927978515625
-959.6344604492188 -402.4921875
-959.1502075195312 -404.49200439453125
-959.6368408203125 -406.491943359375
-958.5469360351562 -408.4919128417969
-958.263427734375 -410.49188232421875
-959.7500610351562 -412.4914855957031
-960.2159423828125 -414.4912109375
-962.0187377929688 -416.4910888671875
-961.2034912109375 -418.4910583496094
-959.3675537109375 -420.4908752441406
-960.8433227539062 -422.4900817871094
-959.748046875 -424.49005126953125
-959.1281127929688 -426.489990234375
-960.3863525390625 -428.4894714355469
-959.818115234375 -430.4891357421875
-961.3953247070312 -432.4868469238281
-960.6942749023438 -434.4862976074219
-961.3086547851562 -436.4861755371094
-961.0153198242188 -438.4861145019531
-961.847412109375 -440.4851989746094
-963.6403198242188 -442.4842224121094
-964.0894165039062 -444.48370361328125
-963.2427368164062 -446.4785461425781
-963.6561279296875 -448.37176513671875
-962.4509887695312 -450.36077880859375
-964.2307739257812 -452.3459777832031
-965.6864013671875 -454.3455810546875
-966.991455078125 -456.3452453613281
-965.40380859375 -458.3155822753906
-966.649169921875 -460.2969665527344
-966.3975219726562 -462.2781982421875
-965.5809936523438 -464.27752685546875
-964.9091796875 -466.27410888671875
-965.1973266601562 -468.2430114746094
-964.6532592773438 -470.2329406738281
-963.9417724609375 -472.21832275390625
-965.5843505859375 -474.1300048828125
-967.2164916992188 -476.12786865234375
-969.1074829101562 -478.1278076171875
-971.0989990234375 -480.1277770996094
-973.0797119140625 -482.127685546875
-975.07275390625 -484.1274108886719
-977.069580078125 -486.1265563964844
-979.0687866210938 -488.12518310546875
-981.0687255859375 -490.1242370605469
-983.06787109375 -488.1252746582031
-985.06787109375 -490.12408447265625
-987.0613403320312 -488.1246032714844
-989.0610961914062 -490.1208190917969
-991.0475463867188 -488.1254577636719
-993.0474853515625 -490.1195373535156
-995.0410766601562 -488.1200256347656
-997.0410766601562 -490.1109313964844
-999.0369873046875 -488.1116943359375
-1001.0369262695312 -490.1068115234375
-1003.0332641601562 -488.1070251464844
-1005.033203125 -490.1019592285156
-1007.0330200195312 -488.10284423828125
-1008.96533203125 -486.1041564941406
-1010.96533203125 -488.1005554199219
-1012.962158203125 -486.1013488769531
-1014.960205078125 -484.1016540527344
-1016.9601440429688 -486.0988464355469
-1018.9568481445312 -484.0993347167969
-1020.9568481445312 -486.0946350097656
-1022.9557495117188 -484.0956115722656
-1024.9556884765625 -486.09515380859375
-1026.954345703125 -484.0962219238281
-1028.954345703125 -486.0850830078125
-1030.946533203125 -484.08514404296875
-1032.946533203125 -486.08465576171875
-1034.92822265625 -484.0848083496094
-1036.92822265625 -486.08154296875
-1038.924072265625 -484.08221435546875
-1040.923583984375 -486.08154296875
-1042.920166015625 -484.0816345214844
-1044.920166015625 -486.0798034667969
-1046.91943359375 -484.0805358886719
-1048.91943359375 -486.07208251953125
-1050.91650390625 -484.0722961425781
-1052.9163818359375 -486.0695495605469
-1054.882568359375 -484.0697021484375
-1056.8824462890625 -486.0520324707031
-1058.88037109375 -484.0528259277344
-1060.88037109375 -486.051513671875
-1062.88037109375 -488.0472717285156
-1064.8740234375 -486.0475769042969
-1066.8740234375 -488.0285339355469
-1068.87353515625 -486.0286560058594
-1070.873291015625 -487.9629821777344
-1072.861083984375 -485.9634094238281
-1074.859619140625 -483.9634704589844
-1076.859375 -485.8550720214844
-1078.8592529296875 -483.8556823730469
-1080.8592529296875 -485.5609436035156
-1082.8345947265625 -483.5610656738281
-1084.83203125 -481.5611267089844
-1086.8265380859375 -479.561279296875
-1088.826416015625 -481.5174255371094
-1090.8243408203125 -479.5174865722656
-1092.82373046875 -477.5176086425781
-1094.8218994140625 -479.5110778808594
-1096.812255859375 -477.51116943359375
-1098.8116455078125 -479.45257568359375
-1100.8052978515625 -477.4530944824219
-1102.80517578125 -479.37542724609375
-1104.739013671875 -477.3756408691406
-1106.73876953125 -475.54718017578125
-1108.5989990234375 -475.02294921875
-1110.326171875 -473.917236328125
-1111.6265869140625 -472.1322021484375
-1110.3369140625 -470.33599853515625
-1110.425048828125 -468.3374328613281
-1109.842041015625 -466.3386535644531
-1110.597900390625 -464.3408203125
-1111.5487060546875 -462.3493957519531
-1109.7154541015625 -460.35308837890625
-1111.5589599609375 -458.3555603027344
-1113.40576171875 -456.3555603027344
-1114.0357666015625 -454.38897705078125
-1112.50439453125 -452.42120361328125
-1112.6072998046875 -450.42938232421875
-1113.396484375 -452.42071533203125
-1111.689208984375 -450.44635009765625
-1113.4193115234375 -452.3410949707031
-1112.4847412109375 -450.4159240722656
-1114.4066162109375 -452.4111633300781
-1112.5419921875 -450.5694274902344
-1114.34619140625 -452.562744140625
-1114.2003173828125 -450.6031494140625
-1112.4420166015625 -448.7469787597656
-1111.1976318359375 -449.8077697753906
-1113.09326171875 -450.7825012207031
-1114.9195556640625 -452.7809753417969
-1114.1025390625 -450.85540771484375
-1113.06640625 -448.8844299316406
-1111.7603759765625 -448.5499572753906
-1110.2630615234375 -447.3301086425781
-1111.0299072265625 -445.3385314941406
-1110.1444091796875 -443.3428039550781
-1111.2073974609375 -441.3626403808594
-1111.8038330078125 -439.4195251464844
-1113.499755859375 -437.4195861816406
-1115.453369140625 -435.41961669921875
-1117.43994140625 -433.419677734375
-1119.340576171875 -431.41973876953125
-1121.25927734375 -433.4146423339844
-1123.185546875 -435.4127502441406
-1125.1783447265625 -433.4139099121094
-1126.485595703125 -435.4129333496094
-1128.4825439453125 -437.40899658203125
-1130.3135986328125 -435.4090576171875
-1131.8970947265625 -433.4093017578125
-1133.6673583984375 -435.3900146484375
-1135.6517333984375 -433.39031982421875
-1137.6495361328125 -435.38604736328125
-1139.2724609375 -433.3872985839844
-1141.217529296875 -435.3122253417969
-1140.0753173828125 -433.392822265625
-1141.6181640625 -431.39788818359375
-1140.9642333984375 -429.46893310546875
-1141.2550048828125 -428.63232421875
-1139.99560546875 -427.5756530761719
-1141.946044921875 -425.98516845703125
