-936.8858032226562 -304.89410400390625
-936.8367309570312 -306.8938903808594
-938.3222045898438 -308.89385986328125
-939.4332885742188 -310.8938293457031
-941.2551879882812 -312.8937683105469
-943.2011108398438 -314.7958679199219
-945.1048583984375 -316.7347412109375
-946.8170776367188 -318.6330261230469
-948.5180053710938 -320.60589599609375
-946.5466918945312 -322.6058044433594
-948.4808959960938 -324.60321044921875
-946.600341796875 -326.60296630859375
-948.1322021484375 -328.59295654296875
-950.0761108398438 -330.5821838378906
-948.1029663085938 -332.5804138183594
-950.0331420898438 -334.5599365234375
-948.2470703125 -336.5595703125
-946.4844970703125 -338.5592346191406
-948.38818359375 -340.53265380859375
-946.5645751953125 -342.5322570800781
-948.3060913085938 -344.5062255859375
-948.43359375 -346.506103515625
-946.4403076171875 -348.5057678222656
-948.4229125976562 -350.4689636230469
-947.326171875 -352.4684143066406
-949.3121337890625 -354.39111328125
-948.468505859375 -356.39019775390625
-947.9052734375 -358.3899841308594
-949.8387451171875 -360.13946533203125
-949.0060424804688 -362.13763427734375
-949.990966796875 -364.13568115234375
-948.29541015625 -366.1354064941406
-948.0339965820312 -368.1344909667969
-948.482666015625 -370.1340637207031
-950.1024169921875 -372.1328125
-950.4642333984375 -374.13006591796875
-951.875732421875 -376.1285400390625
-953.48876953125 -378.1279602050781
-955.0475463867188 -380.12738037109375
-954.8379516601562 -382.12713623046875
-956.5269775390625 -384.1269226074219
-956.818603515625 -386.12518310546875
-956.036376953125 -388.1243896484375
-957.8073120117188 -390.1241455078125
-956.769775390625 -392.12408447265625
-956.58642578125 -394.1239013671875
-957.778076171875 -396.1239013671875
-957.937255859375 -397.9418029785156
-959.5048828125 -399.9311218261719
-960.0027465820312 -401.9266052246094
-960.1067504882812 -403.9243469238281
-958.825439453125 -405.9228515625
-959.3367919921875 -407.9219970703125
-960.145263671875 -409.9216613769531
-958.2091674804688 -411.9185485839844
-959.6972045898438 -413.91796875
-959.5437622070312 -415.9176025390625
-958.199951171875 -417.9172668457031
-959.4248046875 -419.9161376953125
-958.3056030273438 -421.91583251953125
-960.1622924804688 -423.9037170410156
-961.533203125 -425.9018249511719
-962.7615966796875 -427.9004211425781
-964.4439697265625 -429.8998718261719
-962.7083129882812 -431.8979797363281
-963.0643310546875 -433.89739990234375
-964.2567138671875 -435.89599609375
-963.4786987304688 -437.8955993652344
-962.3361206054688 -439.894287109375
-964.2081298828125 -441.8936462402344
-965.550537109375 -443.89349365234375
-964.4404296875 -445.89276123046875
-962.5817260742188 -446.66162109375
-963.6884765625 -448.14044189453125
-963.2423706054688 -449.7377014160156
-962.0324096679688 -451.72845458984375
-963.52734375 -453.72625732421875
-964.3057250976562 -455.7257080078125
-965.2205200195312 -457.7236328125
-965.8278198242188 -459.71771240234375
-967.7435913085938 -461.6797180175781
-966.2930908203125 -463.6717224121094
-964.9995727539062 -465.6641540527344
-964.9325561523438 -467.65655517578125
-966.460205078125 -469.65264892578125
-966.34716796875 -471.64837646484375
-966.6495971679688 -473.64080810546875
-967.8762817382812 -475.6390380859375
-969.5540771484375 -477.63897705078125
-971.5169677734375 -479.638671875
-973.515625 -481.63861083984375
-975.5123291015625 -483.63848876953125
-977.51220703125 -485.6373291015625
-979.51220703125 -487.636962890625
-981.5104370117188 -489.6348571777344
-983.5060424804688 -487.6376647949219
-985.5021362304688 -489.63739013671875
-987.494873046875 -487.63812255859375
-989.4947509765625 -489.6366271972656
-991.4849243164062 -487.6371154785156
-993.48486328125 -489.6353454589844
-995.4805297851562 -487.6368713378906
-997.4802856445312 -489.63165283203125
-999.477783203125 -487.6319274902344
-1001.4776611328125 -489.63055419921875
-1003.4083862304688 -487.63165283203125
-1005.4083862304688 -489.6312255859375
-1007.3919067382812 -487.6317443847656
-1009.391845703125 -489.6290588378906
-1011.3876342773438 -487.62921142578125
-1013.38623046875 -485.62994384765625
-1015.3861694335938 -487.6279296875
-1017.3818359375 -485.6286926269531
-1019.3803100585938 -483.6291809082031
-1021.3803100585938 -485.6128234863281
-1023.3792724609375 -483.6141052246094
-1025.379150390625 -485.6133117675781
-1027.377197265625 -483.61431884765625
-1029.3770751953125 -485.6125183105469
-1031.376953125 -487.6102600097656
-1033.2398681640625 -485.61090087890625
-1035.2398681640625 -487.6059875488281
-1037.238525390625 -485.6060485839844
-1039.2381591796875 -483.60662841796875
-1041.2381591796875 -485.6050720214844
-1043.237548828125 -483.60589599609375
-1045.237548828125 -485.60443115234375
-1047.237548828125 -487.5909423828125
-1049.2353515625 -485.5910339355469
-1051.2353515625 -487.5846862792969
-1053.230712890625 -485.58477783203125
-1055.230712890625 -487.54998779296875
-1057.229248046875 -485.55035400390625
-1059.229248046875 -487.4688720703125
-1061.227783203125 -485.46917724609375
-1063.227783203125 -487.4456481933594
-1065.2030029296875 -485.44622802734375
-1067.202880859375 -487.4156799316406
-1069.189697265625 -485.41571044921875
-1071.1890869140625 -487.3775634765625
-1073.188720703125 -485.3778381347656
-1075.188720703125 -487.37274169921875
-1077.1883544921875 -485.3728332519531
-1079.1883544921875 -487.3311767578125
-1081.1790771484375 -485.3312072753906
-1083.1766357421875 -483.3312683105469
-1085.168212890625 -481.331298828125
-1087.1634521484375 -479.33135986328125
-1089.163330078125 -481.2063903808594
-1091.1622314453125 -479.2064208984375
-1093.1617431640625 -477.2064514160156
-1095.1617431640625 -479.1962585449219
-1097.0477294921875 -477.1963195800781
-1099.047607421875 -479.1903991699219
-1101.045654296875 -477.190673828125
-1103.0455322265625 -478.8870849609375
-1105.0374755859375 -476.8871154785156
-1107.0374755859375 -474.94244384765625
-1109.0078125 -472.9691467285156
-1110.8927001953125 -470.9756164550781
-1111.2919921875 -468.9782409667969
-1109.9307861328125 -466.9873046875
-1111.83154296875 -464.9876403808594
-1110.2464599609375 -462.9945983886719
-1112.0660400390625 -460.9973449707031
-1113.855712890625 -458.9978942871094
-1115.2474365234375 -456.9978942871094
-1113.9747314453125 -456.1151428222656
-1112.951904296875 -454.1341857910156
-1112.989990234375 -452.1517333984375
-1111.859619140625 -450.16046142578125
-1113.733154296875 -451.9730224609375
-1115.101318359375 -450.0118103027344
-1113.19775390625 -448.0791320800781
-1112.3155517578125 -446.603759765625
-1111.1396484375 -444.6116027832031
-1111.70703125 -442.6183166503906
-1113.2236328125 -440.6413269042969
-1112.8369140625 -438.6451416015625
-1114.765380859375 -436.6460266113281
-1116.7611083984375 -434.6460266113281
-1118.745361328125 -432.6460876464844
-1120.68115234375 -434.64501953125
-1122.6544189453125 -432.64508056640625
-1124.6494140625 -434.6383972167969
-1126.598876953125 -436.62896728515625
-1128.5968017578125 -434.6290588378906
-1130.593994140625 -436.6261291503906
-1132.3468017578125 -434.62646484375
-1134.328857421875 -432.6266784667969
-1136.328369140625 -434.6249084472656
-1138.0875244140625 -432.625244140625
-1140.0650634765625 -434.55218505859375
-1141.96435546875 -432.5550842285156
-1142.103271484375 -430.62158203125
-1140.943603515625 -429.300048828125
-1142.19091796875 -427.3594055175781
