-951.7462768554688 -364.9592590332031
-952.3833618164062 -362.9818115234375
-952.2588500976562 -360.99481201171875
-950.8121948242188 -359.1283264160156
-948.9998779296875 -357.1292724609375
-949.0116577148438 -355.1422424316406
-950.441650390625 -353.1526794433594
-950.7813720703125 -351.2183837890625
-950.9776611328125 -349.2856140136719
-949.0235595703125 -347.4434814453125
-949.4713745117188 -345.49102783203125
-948.2237548828125 -343.4953308105469
-950.2236938476562 -341.4953308105469
-950.758544921875 -339.5395202636719
-952.6376953125 -337.9344787597656
-952.80859375 -336.01220703125
-951.7978515625 -334.36553955078125
-953.4940795898438 -332.3671569824219
-953.99169921875 -330.3861999511719
-952.6068725585938 -328.4207458496094
-951.2842407226562 -326.4278259277344
-951.5422973632812 -324.4587707519531
-949.59130859375 -322.53839111328125
-947.7130126953125 -320.54010009765625
-949.7130126953125 -318.5421447753906
-948.3969116210938 -316.54315185546875
-950.3968505859375 -314.5433349609375
-951.6096801757812 -312.5443420410156
-952.2572021484375 -310.54473876953125
-952.595458984375 -308.9126281738281
-954.3674926757812 -307.3799133300781
-955.8485717773438 -305.3883056640625
-957.2410278320312 -303.3973083496094
-959.034912109375 -301.4199523925781
-958.2547607421875 -299.4205017089844
-957.1321411132812 -297.480712890625
-958.366455078125 -295.4852294921875
-960.2950439453125 -293.4904479980469
-958.7452392578125 -291.49249267578125
-958.5704345703125 -289.80401611328125
-958.6158447265625 -287.8167419433594
-958.905029296875 -285.82855224609375
-959.5172729492188 -283.9042663574219
-958.96728515625 -281.92071533203125
-958.145263671875 -279.92608642578125
-958.88525390625 -277.93438720703125
-957.9949340820312 -276.07806396484375
-957.1226196289062 -274.0796203613281
-955.90185546875 -272.1088562011719
-957.7988891601562 -270.55120849609375
-959.1340942382812 -268.612548828125
-961.0131225585938 -266.9294738769531
-962.6427612304688 -264.9358215332031
-964.575927734375 -263.0141296386719
-966.1849975585938 -261.10308837890625
-964.26025390625 -259.13494873046875
-963.843505859375 -257.3498840332031
-964.39697265625 -256.15728759765625
-962.418701171875 -254.21673583984375
-964.2450561523438 -252.32334899902344
-962.4147338867188 -250.34034729003906
-963.5315551757812 -248.46998596191406
-963.95751953125 -246.7104949951172
-964.7305297851562 -245.3242645263672
-964.01904296875 -243.97816467285156
-963.091552734375 -242.0511016845703
-963.0035400390625 -240.30230712890625
-963.9218139648438 -238.55389404296875
-963.4265747070312 -237.061767578125
-961.9255981445312 -235.09783935546875
-959.9903564453125 -233.1796417236328
-960.9998779296875 -231.21502685546875
-962.8323974609375 -231.26768493652344
-961.3859252929688 -229.79856872558594
-963.2283935546875 -227.80528259277344
-964.3516235351562 -225.87197875976562
-966.2156372070312 -224.24217224121094
-968.21142578125 -222.2489776611328
-970.1981201171875 -220.2834014892578
-972.1949462890625 -218.28677368164062
-974.1658935546875 -216.3089599609375
-976.1632080078125 -214.3207244873047
-978.1405029296875 -214.5538330078125
-979.565185546875 -216.2240753173828
-981.5399780273438 -216.3709716796875
-983.4089965820312 -218.1313018798828
-985.407958984375 -216.1341094970703
-987.3889770507812 -217.1809539794922
-989.3416137695312 -215.1846923828125
-991.3110961914062 -215.45358276367188
-993.2990112304688 -216.90438842773438
-995.29736328125 -214.9047088623047
-997.2726440429688 -215.04273986816406
-999.2244873046875 -216.40919494628906
-1001.2216186523438 -214.41148376464844
-1003.0601196289062 -215.8062744140625
-1004.98388671875 -213.80926513671875
-1006.9423828125 -212.57386779785156
-1008.8023681640625 -211.60299682617188
-1010.6583862304688 -213.3279571533203
-1012.6464233398438 -211.68472290039062
-1014.6431884765625 -210.80474853515625
-1013.6853637695312 -212.05413818359375
-1011.7254638671875 -212.1313934326172
-1013.7235107421875 -212.31045532226562
-1012.88623046875 -211.52423095703125
-1014.8831787109375 -210.45167541503906
-1013.0322875976562 -208.59730529785156
-1015.0320434570312 -206.6405029296875
-1013.386962890625 -204.7804412841797
-1012.7403564453125 -202.91954040527344
-1014.7403564453125 -201.12774658203125
-1012.8008422851562 -199.35032653808594
-1014.7921142578125 -197.50274658203125
-1012.9974975585938 -197.2376708984375
-1014.98828125 -195.65386962890625
-1015.189208984375 -197.24539184570312
-1013.2062377929688 -198.9998016357422
-1015.2052001953125 -197.0660858154297
-1016.1021728515625 -195.25770568847656
