-950.1778564453125 -365.7919921875
-948.3217163085938 -364.10089111328125
-946.32177734375 -362.98980712890625
-948.3196411132812 -360.98980712890625
-947.8048095703125 -359.11236572265625
-949.7942504882812 -357.1125183105469
-947.9241333007812 -355.46435546875
-949.924072265625 -353.46435546875
-947.9356079101562 -351.61822509765625
-949.9313354492188 -349.61822509765625
-950.109375 -347.72369384765625
-948.2351684570312 -346.6622619628906
-950.2344360351562 -344.6622619628906
-950.0665893554688 -343.345947265625
-948.2916259765625 -341.45361328125
-946.3334350585938 -339.5207824707031
-948.3331909179688 -337.5207824707031
-946.3782348632812 -335.5860900878906
-948.3775634765625 -333.5860900878906
-946.9005126953125 -331.61572265625
-948.8994140625 -329.61578369140625
-947.5596313476562 -327.7986755371094
-949.5584716796875 -325.7986755371094
-947.5844116210938 -323.8251647949219
-949.5844116210938 -321.8252258300781
-950.052978515625 -320.0152587890625
-950.7599487304688 -320.5708923339844
-950.9519653320312 -318.6260681152344
-949.2977294921875 -316.6912536621094
-947.4029541015625 -314.7255859375
-949.3045043945312 -312.7257385253906
-947.5878295898438 -310.757080078125
-949.5775756835938 -308.757080078125
-948.6846923828125 -307.9345397949219
-946.8611450195312 -306.0468444824219
-948.8610229492188 -304.0468444824219
-949.4671020507812 -302.08624267578125
-948.9203491210938 -300.1364440917969
-947.77001953125 -298.16241455078125
-949.7337036132812 -296.16241455078125
-947.9039916992188 -294.20831298828125
-946.4468383789062 -292.21649169921875
-948.4263916015625 -290.21649169921875
-946.5173950195312 -288.21966552734375
-948.4995727539062 -286.21966552734375
-947.9087524414062 -284.28057861328125
-945.9383544921875 -282.43182373046875
-947.938232421875 -280.43182373046875
-948.3619384765625 -278.4383850097656
-947.2576293945312 -276.4468688964844
-948.8561401367188 -274.5142822265625
-947.794677734375 -272.52386474609375
-947.4739379882812 -270.6744079589844
-946.9598388671875 -268.7988586425781
-948.9437255859375 -266.7991027832031
-950.5288696289062 -264.80157470703125
-952.4962768554688 -262.8085632324219
-954.0011596679688 -260.810302734375
-955.6666870117188 -258.8203125
-953.7156982421875 -257.5184326171875
-951.9989624023438 -255.5346221923828
-952.4417724609375 -253.5375213623047
-950.7201538085938 -251.58743286132812
-952.6036376953125 -249.6331024169922
-951.93701171875 -247.7149200439453
-953.8665771484375 -245.93914794921875
-955.255126953125 -244.1204833984375
-953.4044189453125 -242.16204833984375
-954.8878173828125 -240.22061157226562
-954.603515625 -238.29156494140625
-956.3238525390625 -236.35125732421875
-955.4435424804688 -234.40968322753906
-956.3531494140625 -232.43759155273438
-957.3056640625 -230.52748107910156
-956.6309814453125 -228.544189453125
-958.41015625 -226.58859252929688
-956.9423217773438 -224.59535217285156
-958.8471069335938 -222.60275268554688
-960.6385498046875 -220.61050415039062
-962.6383666992188 -218.6130828857422
-962.2685546875 -216.64651489257812
-963.9483032226562 -214.65151977539062
-965.9483032226562 -216.63063049316406
-967.7841186523438 -214.634765625
-969.730224609375 -216.5795135498047
-969.5990600585938 -214.618408203125
-971.5975952148438 -216.4659881591797
-973.543212890625 -214.49844360351562
-975.54248046875 -215.74716186523438
-977.5386962890625 -217.58395385742188
-979.53076171875 -215.62869262695312
-981.526123046875 -216.8517608642578
-983.521240234375 -217.2943572998047
-985.4901733398438 -215.3410186767578
-987.4852294921875 -216.83412170410156
-989.4598388671875 -214.9471893310547
-991.457275390625 -214.60191345214844
-993.44970703125 -215.61904907226562
-995.402099609375 -214.14178466796875
-997.4007568359375 -215.54974365234375
-999.4000244140625 -215.93670654296875
-1001.0982666015625 -213.9635009765625
-1003.0576782226562 -215.77069091796875
-1004.4579467773438 -213.8082275390625
-1006.2962646484375 -214.04888916015625
-1008.2906494140625 -213.46327209472656
-1010.2891845703125 -211.71701049804688
-1012.2774658203125 -209.8021240234375
-1014.2764892578125 -207.80979919433594
-1012.3651123046875 -206.06729125976562
-1014.3521118164062 -204.07049560546875
-1013.77734375 -202.190185546875
-1011.7822875976562 -201.29417419433594
-1013.7817993164062 -199.29542541503906
-1012.1050415039062 -197.3962860107422
-1014.1049194335938 -195.4268035888672
-1012.2164916992188 -195.9193115234375
-1014.2161865234375 -193.92958068847656
