-950.1744995117188 -365.10113525390625
-948.7593383789062 -363.1428527832031
-946.7930908203125 -361.1684265136719
-948.7930297851562 -359.17584228515625
-946.8577270507812 -357.2189636230469
-948.857666015625 -355.22930908203125
-946.96484375 -353.4792785644531
-948.9647216796875 -351.4800109863281
-947.1859741210938 -349.6220703125
-949.18505859375 -347.62640380859375
-947.2269287109375 -346.00897216796875
-949.2268676757812 -344.010009765625
-947.3427734375 -342.0398864746094
-949.3427124023438 -340.0406188964844
-947.7286376953125 -338.3570251464844
-949.7285766601562 -336.35711669921875
-947.736328125 -334.41778564453125
-949.736328125 -332.4185485839844
-948.2147827148438 -331.0693054199219
-950.2147827148438 -329.06951904296875
-948.2547607421875 -327.2257385253906
-950.2547607421875 -325.22607421875
-948.452392578125 -324.0203857421875
-946.6970825195312 -322.07257080078125
-948.697021484375 -320.07269287109375
-947.0982055664062 -318.13250732421875
-949.09814453125 -316.1325378417969
-948.96044921875 -314.1564636230469
-948.8679809570312 -313.4106140136719
-947.2662353515625 -313.8295593261719
-949.2661743164062 -311.82965087890625
-947.3096313476562 -310.39501953125
-949.3095703125 -308.40997314453125
-947.9009399414062 -306.8590087890625
-946.0718994140625 -304.9895324707031
-948.0718383789062 -302.9931640625
-946.1310424804688 -301.1392517089844
-948.1307373046875 -299.13934326171875
-947.2289428710938 -297.1686706542969
-949.2285766601562 -295.16900634765625
-947.6779174804688 -293.2738952636719
-949.6778564453125 -291.27392578125
-948.1234741210938 -289.67279052734375
-946.2639770507812 -287.6917724609375
-948.2635498046875 -285.69195556640625
-946.6163940429688 -283.74725341796875
-948.6162109375 -281.74853515625
-947.8905029296875 -279.8872985839844
-946.5389404296875 -279.6704406738281
-948.5388793945312 -277.6723327636719
-946.8465576171875 -275.7655029296875
-948.8465576171875 -273.76568603515625
-947.0175170898438 -271.8182067871094
-949.0175170898438 -269.818359375
-947.7598266601562 -267.8877868652344
-946.8016357421875 -266.281005859375
-948.8016357421875 -264.2814025878906
-946.8201293945312 -262.45245361328125
-948.8198852539062 -260.4525451660156
-946.994384765625 -258.45562744140625
-948.9943237304688 -256.45562744140625
-947.9403076171875 -254.50709533691406
-949.162353515625 -252.5472412109375
-948.07568359375 -250.73501586914062
-946.399658203125 -249.47256469726562
-948.3995971679688 -247.47433471679688
-947.06591796875 -245.73941040039062
-949.0658569335938 -243.73973083496094
-950.3712158203125 -242.2687225341797
-949.8574829101562 -240.3193359375
-948.6072998046875 -238.3495635986328
-946.89404296875 -236.42308044433594
-948.89404296875 -234.423095703125
-949.1129760742188 -232.79888916015625
-947.2186889648438 -230.98785400390625
-945.4223022460938 -230.0774383544922
-947.4221801757812 -228.07748413085938
-947.1427001953125 -226.15719604492188
-945.8706665039062 -224.2259521484375
-947.8705444335938 -222.33816528320312
-949.8704833984375 -220.36582946777344
-947.9258422851562 -218.38040161132812
-949.9257202148438 -216.47300720214844
-950.6929321289062 -214.55178833007812
-952.2943115234375 -215.7983856201172
-950.9815063476562 -213.90814208984375
-950.7984619140625 -214.55015563964844
-952.62158203125 -212.67269897460938
-954.4450073242188 -211.1072998046875
-955.8270263671875 -212.60153198242188
-957.6566772460938 -211.9110565185547
-959.4655151367188 -212.16221618652344
-961.1824951171875 -213.01809692382812
-963.1763305664062 -212.5236053466797
-965.1410522460938 -214.16595458984375
-967.1316528320312 -213.47218322753906
-968.8147583007812 -215.26881408691406
-969.6507568359375 -216.51712036132812
-971.6050415039062 -214.5171356201172
-973.5269165039062 -213.13938903808594
-974.9480590820312 -214.65663146972656
-976.9376831054688 -216.59616088867188
-978.7114868164062 -214.59617614746094
-980.6636962890625 -216.33937072753906
-982.6553955078125 -218.14686584472656
-984.24072265625 -216.1468963623047
-986.2384643554688 -217.95834350585938
-987.9513549804688 -215.95843505859375
-989.9421997070312 -213.95858764648438
-991.764404296875 -215.92076110839844
-993.6768798828125 -213.92076110839844
-995.619873046875 -215.5647735595703
-997.606201171875 -217.45376586914062
-999.6034545898438 -215.45379638671875
-1001.5433349609375 -217.1596221923828
-1002.7227172851562 -215.159912109375
-1004.7222900390625 -214.67816162109375
-1006.3411254882812 -215.29098510742188
-1007.6116333007812 -213.29161071777344
-1009.5866088867188 -215.0872039794922
-1011.1336669921875 -213.0873260498047
-1013.1013793945312 -213.87216186523438
-1014.9962768554688 -211.87217712402344
-1015.4946899414062 -210.59835815429688
-1014.8745727539062 -210.7659149169922
-1013.20458984375 -209.6250457763672
-1011.5695190429688 -207.99290466308594
-1013.5685424804688 -206.07435607910156
-1011.9078369140625 -204.24066162109375
-1013.9058837890625 -202.6788787841797
-1012.0973510742188 -200.79449462890625
-1014.0925903320312 -198.8359832763672
-1012.5131225585938 -197.40237426757812
-1014.51220703125 -196.7854766845703
-1015.2020874023438 -197.5120849609375
-1013.462158203125 -196.03021240234375
-1013.309814453125 -195.28530883789062
-1015.309326171875 -193.95510864257812
