-950.2736206054688 -364.9198303222656
-948.8823852539062 -362.9198303222656
-947.7855224609375 -360.9198303222656
-949.7584228515625 -358.9198913574219
-948.6463012695312 -356.9198913574219
-946.9259033203125 -354.9199523925781
-948.92578125 -352.92022705078125
-947.02734375 -350.92022705078125
-949.0018920898438 -348.9202880859375
-948.5069580078125 -346.9202880859375
-948.80419921875 -344.9203186035156
-947.1631469726562 -342.9203186035156
-949.1530151367188 -340.92071533203125
-947.23681640625 -338.9207458496094
-949.231689453125 -336.9212341308594
-947.2611694335938 -334.9212951660156
-949.2350463867188 -332.92169189453125
-947.3103637695312 -330.92169189453125
-949.3076782226562 -328.9219055175781
-949.9967651367188 -326.9219665527344
-948.0281982421875 -324.92205810546875
-950.02587890625 -322.9234619140625
-949.2181396484375 -320.9234619140625
-947.9014892578125 -318.9234924316406
-949.7131958007812 -316.9241638183594
-949.205810546875 -314.9241638183594
-949.12841796875 -312.9241638183594
-948.0806274414062 -310.9242248535156
-947.3079833984375 -308.9242248535156
-949.3057250976562 -306.925048828125
-947.8621826171875 -304.9250793457031
-949.132080078125 -302.92510986328125
-947.3593139648438 -300.92510986328125
-948.1431884765625 -298.9268798828125
-948.2086181640625 -296.9269104003906
-949.4031372070312 -294.9269104003906
-949.0950317382812 -292.92694091796875
-950.0397338867188 -290.9276123046875
-948.3953247070312 -288.9276123046875
-948.4421997070312 -286.927734375
-949.64794921875 -284.9278259277344
-950.8025512695312 -282.92816162109375
-949.2674560546875 -280.9281921386719
-947.4356689453125 -278.9301452636719
-948.7372436523438 -276.93017578125
-949.8096923828125 -274.9302673339844
-948.9132690429688 -272.93109130859375
-949.3018798828125 -270.931396484375
-950.1170043945312 -268.9314880371094
-951.8784790039062 -266.93157958984375
-951.9744873046875 -264.9317321777344
-953.7355346679688 -262.9320373535156
-955.6707763671875 -260.9320983886719
-956.0611572265625 -258.93212890625
-957.3987426757812 -256.9378662109375
-957.3563842773438 -254.9423828125
-955.6039428710938 -252.94253540039062
-957.05224609375 -250.94427490234375
-958.7391357421875 -248.94459533691406
-957.4036254882812 -246.94508361816406
-955.872314453125 -244.96018981933594
-957.087890625 -242.96041870117188
-956.6624145507812 -240.96820068359375
-958.0155639648438 -238.97015380859375
-959.0745849609375 -236.9767608642578
-960.2757568359375 -234.99105834960938
-958.7367553710938 -233.01417541503906
-959.8955688476562 -231.1207733154297
-958.7123413085938 -229.148193359375
-959.8330688476562 -227.15179443359375
-960.9561767578125 -225.15493774414062
-962.88134765625 -223.16104125976562
-964.7608032226562 -221.1805419921875
-966.736083984375 -219.18238830566406
-968.7257080078125 -217.44163513183594
-970.720458984375 -215.44769287109375
-972.6911010742188 -216.09132385253906
-973.9801025390625 -214.0930938720703
-974.9569091796875 -215.91268920898438
-976.8666381835938 -216.79306030273438
-978.8635864257812 -214.9102325439453
-980.6246948242188 -215.6692352294922
-982.44677734375 -216.32650756835938
-984.2433471679688 -216.1668701171875
-986.1217041015625 -216.5803680419922
-988.11279296875 -214.5813446044922
-989.8693237304688 -213.61416625976562
-991.7586059570312 -215.53802490234375
-993.7494506835938 -213.5465850830078
-995.3461303710938 -214.8866729736328
-995.2913208007812 -215.04791259765625
-997.1907348632812 -215.46331787109375
-999.1458129882812 -215.58816528320312
-1000.923583984375 -215.042724609375
-1002.3328857421875 -213.3566131591797
-1004.1101684570312 -214.8733367919922
-1005.9720458984375 -215.300048828125
-1007.9595947265625 -213.3057098388672
-1008.902099609375 -214.801513671875
-1010.827392578125 -212.80223083496094
-1012.55078125 -213.14349365234375
-1014.481689453125 -211.14559936523438
-1012.5704345703125 -209.359375
-1014.5586547851562 -207.3621063232422
-1012.5618896484375 -205.51768493652344
-1014.5255126953125 -203.522216796875
-1012.5314331054688 -201.55128479003906
-1014.4078979492188 -199.74307250976562
-1012.4547119140625 -197.86495971679688
-1014.3148193359375 -196.92132568359375
-1012.5318603515625 -196.3220672607422
-1014.4948120117188 -194.4835662841797
-1012.4957885742188 -192.54443359375
-1014.4847412109375 -190.7898406982422
