-950.4303588867188 -364.9198303222656
-948.55029296875 -362.9198303222656
-946.8967895507812 -360.9198303222656
-948.896484375 -358.920654296875
-947.01220703125 -356.920654296875
-949.0066528320312 -354.9208068847656
-947.2697143554688 -352.92083740234375
-949.2673950195312 -350.92193603515625
-948.5938110351562 -348.9219665527344
-946.7140502929688 -346.9219665527344
-948.7097778320312 -344.93035888671875
-947.3895874023438 -342.930419921875
-949.3682861328125 -340.9312744140625
-950.4551391601562 -338.9312744140625
-949.194580078125 -336.9312744140625
-947.830322265625 -334.9312744140625
-949.828369140625 -332.9346618652344
-948.0653686523438 -330.9346618652344
-950.0626220703125 -328.9362487792969
-950.1646118164062 -326.936279296875
-949.9950561523438 -324.936279296875
-951.5274658203125 -322.9363098144531
-950.7454223632812 -320.9363098144531
-950.1753540039062 -318.9363098144531
-950.4501953125 -316.9363098144531
-951.9044799804688 -314.9363098144531
-952.529296875 -312.9363098144531
-952.4534301757812 -310.93658447265625
-951.1954956054688 -308.9373474121094
-952.2929077148438 -306.93743896484375
-952.9550170898438 -304.93743896484375
-954.1512451171875 -302.9375
-954.1734008789062 -300.9375305175781
-952.9571533203125 -298.93756103515625
-952.1270141601562 -296.9376525878906
-952.2487182617188 -294.93768310546875
-953.6884155273438 -292.93768310546875
-952.4511108398438 -290.937744140625
-954.2644653320312 -288.9378662109375
-953.3492431640625 -286.9378967285156
-952.7828979492188 -284.93798828125
-954.4955444335938 -282.9381408691406
-953.0748901367188 -280.9381408691406
-954.3565063476562 -278.938232421875
-953.6063842773438 -276.9383239746094
-955.2723388671875 -274.9383850097656
-955.7825927734375 -272.9389343261719
-954.1478881835938 -270.9389343261719
-954.6678466796875 -268.9399108886719
-953.7989501953125 -266.9413757324219
-955.436279296875 -264.9424133300781
-954.3521728515625 -262.9425048828125
-955.803955078125 -260.94268798828125
-957.723876953125 -258.9442443847656
-959.0465087890625 -256.9451599121094
-958.4010620117188 -254.94842529296875
-959.527099609375 -252.95004272460938
-959.5665283203125 -250.95037841796875
-961.239990234375 -248.95083618164062
-962.0910034179688 -246.95407104492188
-960.3941650390625 -245.18077087402344
-961.1885986328125 -243.1904754638672
-960.9750366210938 -241.1995086669922
-960.6151733398438 -239.2006072998047
-959.7620239257812 -237.2725372314453
-959.360107421875 -235.28219604492188
-960.5930786132812 -233.28602600097656
-962.03564453125 -231.29750061035156
-963.558837890625 -229.31028747558594
-961.8412475585938 -227.3258056640625
-963.366455078125 -225.34449768066406
-964.7400512695312 -223.34654235839844
-966.697998046875 -221.34738159179688
-968.6622924804688 -219.3501739501953
-970.651611328125 -217.3531951904297
-972.629638671875 -215.36090087890625
-974.5032348632812 -216.64205932617188
-976.4861450195312 -214.66567993164062
-978.45703125 -216.15599060058594
-980.427490234375 -218.0662078857422
-982.4163818359375 -216.1179656982422
-984.3593139648438 -214.3702392578125
-985.315185546875 -214.75059509277344
-987.2157592773438 -216.5489501953125
-989.0556640625 -214.55783081054688
-990.6575927734375 -214.01307678222656
-991.8099975585938 -214.8123321533203
-993.7037353515625 -214.2210235595703
-994.798095703125 -215.56643676757812
-996.7688598632812 -215.4062957763672
-998.21826171875 -213.8863067626953
-1000.0633544921875 -215.63963317871094
-999.0118408203125 -215.1654052734375
-1000.3335571289062 -213.8694305419922
-1002.1558227539062 -215.72232055664062
-1004.052978515625 -213.74078369140625
-1004.6388549804688 -215.0465545654297
-1006.4637451171875 -213.0503387451172
-1005.8693237304688 -214.94442749023438
-1007.8253784179688 -212.94956970214844
-1009.7925415039062 -213.5159149169922
-1011.7680053710938 -212.02992248535156
-1013.7271728515625 -210.15960693359375
-1011.7427978515625 -208.25254821777344
-1013.7366943359375 -206.2601776123047
-1011.7374267578125 -204.29922485351562
-1013.649169921875 -202.30288696289062
-1011.7517700195312 -200.38905334472656
-1013.7449340820312 -198.4961700439453
-1011.77294921875 -198.2479248046875
-1013.6328735351562 -196.61770629882812
-1011.6806030273438 -196.1719970703125
-1013.669189453125 -194.61305236816406
-1011.696044921875 -192.64695739746094
-1013.6947631835938 -191.44285583496094
