-950.1305541992188 -365.28399658203125
-948.1322631835938 -363.33740234375
-946.1483154296875 -361.4915466308594
-948.1482543945312 -359.4915466308594
-950.1482543945312 -357.4915771484375
-948.1485595703125 -355.5858459472656
-950.1484985351562 -353.5858459472656
-948.148681640625 -351.67706298828125
-950.1480712890625 -349.67706298828125
-948.1555786132812 -348.2993469238281
-950.1555786132812 -346.2993469238281
-948.1561279296875 -344.6844177246094
-950.1561279296875 -342.6844177246094
-948.1561889648438 -340.7662048339844
-950.1561279296875 -338.7662048339844
-948.1573486328125 -338.6285705566406
-950.1572875976562 -336.6285705566406
-948.1581420898438 -334.6563720703125
-950.1581420898438 -332.6563720703125
-948.1581420898438 -330.67645263671875
-950.1580200195312 -328.67645263671875
-948.1751708984375 -328.37799072265625
-950.1747436523438 -326.37799072265625
-948.1776733398438 -325.06390380859375
-950.1776123046875 -323.06390380859375
-948.1922607421875 -321.5970764160156
-950.1922607421875 -319.5970764160156
-948.1946411132812 -317.72174072265625
-950.1943359375 -315.72174072265625
-948.1956787109375 -313.77215576171875
-950.1956176757812 -311.77215576171875
-948.2352905273438 -311.2619323730469
-946.2861328125 -309.84405517578125
-948.2855834960938 -307.84405517578125
-946.3294677734375 -306.5453186035156
-948.3286743164062 -304.5453186035156
-946.329833984375 -302.73681640625
-948.3291015625 -300.73681640625
-946.3665161132812 -299.1802062988281
-948.3663330078125 -297.1802062988281
-946.368896484375 -295.2207946777344
-948.3673095703125 -293.2207946777344
-946.3840942382812 -292.0398254394531
-948.3812255859375 -290.03985595703125
-946.4539184570312 -288.4654846191406
-948.4530639648438 -286.46551513671875
-946.7297973632812 -284.5152893066406
-948.7291259765625 -282.51531982421875
-946.7810668945312 -282.5364074707031
-948.7809448242188 -280.5364074707031
-946.8171997070312 -280.6632995605469
-948.8101806640625 -278.6632995605469
-946.9918212890625 -277.65496826171875
-948.9847412109375 -275.65496826171875
-948.4179077148438 -273.7294616699219
-946.4200439453125 -271.93145751953125
-948.419677734375 -269.93145751953125
-946.4813232421875 -268.1376953125
-948.4812622070312 -266.13775634765625
-946.846435546875 -264.2506408691406
-948.8458251953125 -262.2506408691406
-947.757568359375 -260.28765869140625
-945.812255859375 -260.39349365234375
-947.5179443359375 -258.3935241699219
-945.5272827148438 -256.73114013671875
-947.521728515625 -254.7311553955078
-945.9956665039062 -253.4227294921875
-947.99365234375 -251.42276000976562
-949.0533447265625 -249.57069396972656
-950.4791870117188 -250.41043090820312
-948.5171508789062 -249.03616333007812
-948.7921752929688 -249.3937530517578
-947.4091796875 -249.5614471435547
-949.3923950195312 -247.56149291992188
-947.8919067382812 -246.9475860595703
-948.5919799804688 -247.2784881591797
-946.6585693359375 -246.51759338378906
-948.6063842773438 -244.5176239013672
-947.0281372070312 -245.61715698242188
-949.0269775390625 -243.61717224121094
-947.0972290039062 -241.8713836669922
-949.0953979492188 -239.8714141845703
-948.2136840820312 -239.75048828125
-948.8606567382812 -238.06613159179688
-950.316650390625 -236.47415161132812
-948.5343627929688 -234.9762420654297
-948.4804077148438 -234.51622009277344
-950.3826904296875 -232.63059997558594
-950.9496459960938 -232.3772430419922
-952.2169799804688 -232.44439697265625
-950.3087768554688 -231.14517211914062
-948.6868896484375 -229.3412628173828
-946.894287109375 -227.53890991210938
-948.645751953125 -225.84567260742188
-950.5709228515625 -223.9214324951172
-951.9674682617188 -221.9670867919922
-952.7548217773438 -219.97731018066406
-954.724853515625 -217.9816131591797
-956.675537109375 -215.98240661621094
-958.650634765625 -213.9832763671875
-960.6495361328125 -215.95272827148438
-962.5183715820312 -213.9530487060547
-964.51806640625 -215.90023803710938
-966.5130615234375 -213.90179443359375
-965.8347778320312 -215.84634399414062
-967.4427490234375 -213.846923828125
-969.009765625 -215.70272827148438
-970.6613159179688 -213.70333862304688
-972.6471557617188 -214.53851318359375
-974.5303955078125 -214.2119598388672
-976.45849609375 -212.97120666503906
-978.4491577148438 -214.5644989013672
-980.4348754882812 -216.15211486816406
-982.4288330078125 -217.5903778076172
-984.4231567382812 -215.59095764160156
-986.417724609375 -216.5421600341797
-988.2506713867188 -214.55715942382812
-990.2499389648438 -213.56983947753906
-992.2326049804688 -213.95553588867188
-993.5590209960938 -215.38314819335938
-995.3082275390625 -216.94989013671875
-995.6634521484375 -214.95526123046875
-997.654052734375 -214.2501678466797
-999.6195678710938 -215.88800048828125
-1000.8710327148438 -213.88853454589844
-1002.8692626953125 -215.6931915283203
-1004.6344604492188 -213.69338989257812
-1005.1655883789062 -214.5095977783203
-1007.08203125 -214.82998657226562
-1009.0496215820312 -212.83567810058594
-1011.037109375 -211.49302673339844
-1013.0154418945312 -209.94479370117188
-1015.0126953125 -208.00059509277344
-1013.0347900390625 -209.1015625
-1015.034423828125 -207.10585021972656
-1013.0479736328125 -205.14251708984375
-1015.0477294921875 -203.1444854736328
-1013.0917358398438 -201.6997833251953
-1015.0785522460938 -199.70016479492188
-1013.0860595703125 -197.92001342773438
-1015.0846557617188 -195.94644165039062
-1013.1287231445312 -196.2027130126953
-1015.1285400390625 -194.21629333496094
