-1039.9312744140625 -156.13079833984375
-1037.944580078125 -154.43307495117188
-1036.1517333984375 -156.43203735351562
-1034.159423828125 -155.15509033203125
-1032.1766357421875 -155.4564666748047
-1030.9051513671875 -154.92022705078125
-1028.9759521484375 -153.36143493652344
-1027.904541015625 -155.33926391601562
-1025.90673828125 -153.67764282226562
-1024.492919921875 -155.66114807128906
-1022.5108642578125 -155.9932861328125
-1020.5130004882812 -155.3824005126953
-1018.67822265625 -154.03660583496094
-1016.8624267578125 -156.03091430664062
-1014.8644409179688 -156.49319458007812
-1012.8814086914062 -158.06719970703125
-1011.7391357421875 -160.00636291503906
-1012.4970092773438 -161.9629669189453
-1013.2706298828125 -163.9495086669922
-1011.2879638671875 -165.93008422851562
-1012.4054565429688 -167.91087341308594
-1010.5416870117188 -169.76873779296875
-1010.8294677734375 -171.74655151367188
-1011.09375 -173.72325134277344
-1012.5603637695312 -175.71177673339844
-1013.3367919921875 -177.66958618164062
-1011.3556518554688 -179.47235107421875
-1011.9342651367188 -181.4475860595703
-1013.4331665039062 -183.16026306152344
-1011.4375610351562 -185.12306213378906
-1012.9979248046875 -186.81427001953125
-1012.4599609375 -188.58465576171875
-1013.8991088867188 -190.55665588378906
-1012.0606689453125 -192.32383728027344
-1013.4657592773438 -194.31422424316406
-1015.3532104492188 -196.30221557617188
-1013.6090087890625 -198.28443908691406
-1011.6155395507812 -200.28236389160156
-1013.5944213867188 -202.269287109375
-1011.6846313476562 -204.2618865966797
-1013.5864868164062 -206.18798828125
-1011.7219848632812 -208.14877319335938
-1013.1077880859375 -210.12705993652344
-1014.2767333984375 -212.1243438720703
-1012.2865600585938 -214.1226806640625
-1010.9026489257812 -212.64747619628906
-1011.8936767578125 -214.63967895507812
-1010.054931640625 -213.6077423095703
-1008.5189819335938 -215.51174926757812
-1006.5510864257812 -214.16632080078125
-1004.5699462890625 -216.16046142578125
-1002.660400390625 -216.980224609375
-1000.6734008789062 -215.17320251464844
-1000.6015014648438 -217.1720428466797
-999.485595703125 -217.10057067871094
-998.30615234375 -216.487060546875
-997.2102661132812 -215.93687438964844
-998.4630126953125 -214.27923583984375
-997.4271850585938 -216.27767944335938
-996.2300415039062 -215.91493225097656
-997.8651123046875 -215.40499877929688
-995.9126586914062 -217.3236846923828
-995.0162353515625 -215.46713256835938
-993.16015625 -217.4637908935547
-991.6158447265625 -216.76600646972656
-989.9940795898438 -215.20936584472656
-988.3043823242188 -217.20281982421875
-986.7478637695312 -217.61631774902344
-984.7593994140625 -216.7804718017578
-983.045166015625 -218.24476623535156
-981.1376953125 -217.30718994140625
-979.3233032226562 -215.3911895751953
-978.7139282226562 -217.36724853515625
-979.7314453125 -219.03414916992188
-981.1152954101562 -220.753173828125
-979.2467651367188 -219.20326232910156
-978.6862182617188 -218.4740447998047
-977.6444091796875 -219.782470703125
-979.2428588867188 -218.02737426757812
-979.1087036132812 -218.6089324951172
-980.0701904296875 -217.37832641601562
-979.0469360351562 -218.3258514404297
-977.2735595703125 -217.3556365966797
-976.4840087890625 -219.2568817138672
-975.7662353515625 -217.6485137939453
-974.783203125 -218.69308471679688
-972.8505249023438 -217.75643920898438
-970.86181640625 -216.91925048828125
-969.5538940429688 -215.7928924560547
-968.0620727539062 -217.55133056640625
-967.9721069335938 -219.18458557128906
-966.0556030273438 -220.78636169433594
-964.0792236328125 -222.69766235351562
-963.10009765625 -224.64080810546875
-962.4552001953125 -226.60850524902344
-960.6387939453125 -228.60317993164062
-960.3472900390625 -230.5919647216797
-958.9669799804688 -232.58920288085938
-957.0853881835938 -234.5676727294922
-955.1026611328125 -236.5653076171875
-953.1920776367188 -238.54708862304688
-951.441162109375 -240.4730224609375
-950.0870971679688 -242.472900390625
-948.173828125 -244.47242736816406
-946.3699951171875 -246.47149658203125
-948.2963256835938 -248.4615936279297
-949.5487670898438 -250.45704650878906
-947.9927978515625 -252.44630432128906
-946.0021362304688 -254.40536499023438
-945.15771484375 -256.4006652832031
-943.5103759765625 -258.3418884277344
-944.9683837890625 -260.3369445800781
-944.804443359375 -262.2794494628906
-944.6420288085938 -264.2701110839844
-944.3377075195312 -266.2660827636719
-942.7120971679688 -268.260498046875
-943.9838256835938 -269.92626953125
-944.3341064453125 -271.7667541503906
-942.380859375 -273.74188232421875
-940.4443969726562 -275.73687744140625
-940.8360595703125 -277.71148681640625
-942.2080688476562 -279.70013427734375
-943.795654296875 -281.68280029296875
-944.7350463867188 -283.64154052734375
-946.6666870117188 -285.5743408203125
-946.672607421875 -287.5702209472656
-945.5582275390625 -289.54718017578125
-943.675048828125 -291.52667236328125
-944.1417846679688 -293.48211669921875
-945.86865234375 -295.3616027832031
-945.1409301757812 -296.8314208984375
-945.3209228515625 -298.2001647949219
-943.4434204101562 -300.16290283203125
-943.3438110351562 -301.94061279296875
-942.13330078125 -303.8907165527344
-944.0465087890625 -305.7247619628906
-945.9512329101562 -307.6189880371094
-946.3428344726562 -309.5709228515625
-945.9965209960938 -311.4914245605469
-945.8217163085938 -311.83819580078125
-947.5778198242188 -313.83258056640625
-945.6309814453125 -315.556884765625
-945.1588745117188 -317.0827941894531
-946.2754516601562 -318.9786376953125
-947.965576171875 -320.7748718261719
-946.7754516601562 -322.75714111328125
-947.4345703125 -324.5235595703125
-947.0684814453125 -326.42095947265625
-946.0059814453125 -325.16265869140625
-946.8682250976562 -326.9794921875
-944.9403076171875 -328.8825988769531
-946.7974243164062 -330.3841857910156
-945.3801879882812 -331.68548583984375
-944.1486206054688 -333.4120788574219
-945.0853271484375 -334.880859375
-947.059326171875 -336.7549743652344
-945.7396240234375 -338.0629577636719
-946.2589721679688 -339.9269714355469
-947.8339233398438 -340.85870361328125
-945.94970703125 -341.75506591796875
-945.2874145507812 -343.05230712890625
-945.0198364257812 -344.1529846191406
-943.7340087890625 -345.1451110839844
-941.978515625 -345.0039367675781
-940.0454711914062 -346.55859375
-940.2030029296875 -347.4682922363281
-940.3391723632812 -349.43359375
-941.7888793945312 -351.29217529296875
-941.9301147460938 -353.25103759765625
-940.686767578125 -354.5658264160156
-942.16015625 -355.9037170410156
-940.3089599609375 -356.6445617675781
-938.97216796875 -358.353515625
-940.2474975585938 -359.8281555175781
-940.1536865234375 -358.34283447265625
-942.141845703125 -360.1310729980469
-940.76513671875 -359.749755859375
-941.653564453125 -361.4056091308594
-941.5247192382812 -363.1382751464844
-943.339111328125 -365.0176696777344
-945.1790161132812 -366.3163146972656
-944.0745239257812 -367.6500244140625
-943.6265258789062 -369.2295227050781
-941.96826171875 -370.9454345703125
-943.790771484375 -371.940185546875
-944.2315673828125 -371.1200866699219
-942.373291015625 -372.8729248046875
-944.2395629882812 -373.7032165527344
-945.9710083007812 -375.3249206542969
-947.0734252929688 -377.0541687011719
-948.283447265625 -378.11376953125
-949.9755249023438 -376.9631042480469
-951.3248901367188 -377.6896667480469
-949.92236328125 -375.835205078125
-950.8191528320312 -373.9518127441406
-951.7055053710938 -375.4869079589844
-953.00927734375 -375.73406982421875
-953.38525390625 -376.8231201171875
-954.198486328125 -378.1675720214844
-953.8988037109375 -379.1146545410156
-955.1861572265625 -378.05438232421875
-955.2750244140625 -379.8229675292969
-956.8421020507812 -379.0656433105469
-955.1343383789062 -380.6099548339844
-956.8297729492188 -379.2775573730469
-956.8142700195312 -379.14154052734375
-955.9256591796875 -378.0873718261719
-955.9476318359375 -379.05548095703125
-957.0146484375 -377.4037780761719
-958.815673828125 -375.9126892089844
-957.5542602539062 -377.3315124511719
-957.9865112304688 -376.62677001953125
-957.0044555664062 -377.40936279296875
-955.8054809570312 -375.601318359375
-957.3745727539062 -374.9258728027344
-956.3771362304688 -376.1862487792969
-954.5159912109375 -377.5087890625
-955.750244140625 -378.8103942871094
-957.5037231445312 -379.2663879394531
-959.035888671875 -381.1241455078125
-958.7683715820312 -382.5794982910156
-958.1891479492188 -383.8049621582031
-959.8286743164062 -385.00091552734375
-959.4140625 -384.6925964355469
-960.8209228515625 -384.1249084472656
-960.4705810546875 -383.26953125
-961.3513793945312 -381.9066162109375
-962.2332153320312 -382.5003356933594
-964.0895385742188 -383.7827453613281
-962.5502319335938 -382.39520263671875
-960.8849487304688 -384.1462707519531
-962.2774658203125 -384.6273193359375
-962.8717651367188 -385.6624450683594
-961.2061767578125 -386.9324645996094
-960.4432373046875 -388.51397705078125
-958.7599487304688 -389.9645080566406
-960.4931030273438 -388.2751770019531
-962.330810546875 -389.529052734375
-963.4601440429688 -391.3257141113281
-964.1505126953125 -393.0559997558594
-965.858642578125 -393.55767822265625
-967.673095703125 -395.2333068847656
