-1039.5771484375 -156.1309051513672
-1037.599853515625 -156.0690155029297
-1035.6539306640625 -155.02696228027344
-1033.8182373046875 -153.53982543945312
-1031.8187255859375 -155.36929321289062
-1032.0030517578125 -153.42344665527344
-1030.0069580078125 -155.41513061523438
-1028.057861328125 -155.62782287597656
-1026.1556396484375 -154.29974365234375
-1024.3980712890625 -154.82960510253906
-1022.406494140625 -153.51556396484375
-1020.4082641601562 -155.48971557617188
-1018.4177856445312 -155.25543212890625
-1016.7085571289062 -153.90469360351562
-1014.7132568359375 -152.1224365234375
-1016.049560546875 -154.118408203125
-1014.0523071289062 -153.0832977294922
-1013.6117553710938 -155.04368591308594
-1014.74267578125 -156.5648956298828
-1012.7429809570312 -155.8120574951172
-1013.666259765625 -157.78756713867188
-1011.9133911132812 -159.46420288085938
-1013.6983032226562 -161.4517822265625
-1011.6996459960938 -162.94497680664062
-1012.7765502929688 -164.92025756835938
-1010.7796630859375 -165.82821655273438
-1010.5523071289062 -167.81004333496094
-1012.5330200195312 -169.79603576660156
-1010.5335083007812 -171.6296844482422
-1012.2244262695312 -173.37368774414062
-1013.4852905273438 -175.20277404785156
-1011.4905395507812 -176.01219177246094
-1012.23291015625 -177.8874969482422
-1012.7603149414062 -179.86248779296875
-1011.6882934570312 -181.32566833496094
-1013.3619995117188 -182.9479522705078
-1011.3815307617188 -184.79837036132812
-1012.0816650390625 -183.6302490234375
-1013.81640625 -185.48646545410156
-1011.8255615234375 -187.4188690185547
-1013.7684326171875 -189.12118530273438
-1011.7685546875 -190.6614532470703
-1013.2008056640625 -192.58993530273438
-1011.4063720703125 -194.5654754638672
-1012.1578979492188 -196.5592803955078
-1010.6900634765625 -198.54188537597656
-1012.3360595703125 -200.52415466308594
-1011.1387939453125 -201.37852478027344
-1012.7555541992188 -203.2860565185547
-1014.4401245117188 -205.21389770507812
-1012.4903564453125 -205.29214477539062
-1010.9510498046875 -207.2632598876953
-1012.5855712890625 -209.08773803710938
-1012.9740600585938 -210.88035583496094
-1013.8341064453125 -212.8682098388672
-1012.2539672851562 -211.285400390625
-1012.1053466796875 -213.28106689453125
-1010.119384765625 -212.62542724609375
-1011.037353515625 -214.26332092285156
-1009.0382690429688 -212.36557006835938
-1007.0647583007812 -214.3573455810547
-1005.0828247070312 -216.33407592773438
-1003.0966186523438 -216.11314392089844
-1001.2877807617188 -215.77081298828125
-999.2899780273438 -217.7416229248047
-997.5756225585938 -218.96572875976562
-995.586181640625 -217.29257202148438
-993.6044921875 -215.35508728027344
-991.6060791015625 -217.30398559570312
-990.1905517578125 -216.12008666992188
-988.2025146484375 -215.06121826171875
-986.2144165039062 -216.98828125
-984.2157592773438 -215.4051055908203
-982.2176513671875 -217.39707946777344
-980.2713623046875 -216.15687561035156
-978.55517578125 -218.1363067626953
-978.7473754882812 -219.13084411621094
-977.5125732421875 -217.8926544189453
-976.441650390625 -216.01687622070312
-974.4426879882812 -218.01234436035156
-972.4522705078125 -216.75477600097656
-970.6481323242188 -215.5577392578125
-968.653076171875 -217.5574493408203
-966.73681640625 -218.08255004882812
-964.73876953125 -216.56033325195312
-962.7500610351562 -217.77671813964844
-960.7568359375 -218.02333068847656
-958.7589721679688 -216.03587341308594
-956.7757568359375 -216.34124755859375
-954.784912109375 -218.143798828125
-952.7932739257812 -217.28431701660156
-950.793701171875 -216.85629272460938
-948.7946166992188 -217.84439086914062
-947.810546875 -219.83975219726562
-947.976318359375 -221.7818603515625
-946.39990234375 -223.7764434814453
-944.4637451171875 -225.76441955566406
-943.1766967773438 -227.7599334716797
-941.5947265625 -229.73489379882812
-942.9126586914062 -231.33856201171875
-944.1488037109375 -232.54037475585938
-944.24658203125 -234.47926330566406
-942.3966064453125 -236.33456420898438
-941.2303466796875 -237.99925231933594
-943.1646728515625 -239.08425903320312
-944.0685424804688 -241.05584716796875
-943.0001220703125 -243.01918029785156
-941.46728515625 -244.8640899658203
-942.9710693359375 -246.84803771972656
-944.9334106445312 -248.6656951904297
-946.732177734375 -250.6134490966797
-945.0945434570312 -252.61241149902344
-944.8443603515625 -253.69610595703125
-946.5405883789062 -255.61463928222656
-947.0253295898438 -257.5834655761719
-948.7288818359375 -259.5492248535156
-946.7805786132812 -261.5307922363281
-948.7366943359375 -263.4029846191406
-946.7412109375 -264.7723388671875
-948.4183349609375 -266.6737060546875
-946.48828125 -268.6692199707031
-946.5847778320312 -270.65533447265625
-947.657958984375 -272.50518798828125
-945.6650390625 -274.4408874511719
-946.958984375 -275.5377502441406
-948.2927856445312 -277.4844970703125
-946.2944946289062 -279.474853515625
-947.0381469726562 -281.46575927734375
-948.6738891601562 -283.4301452636719
-946.799072265625 -285.39251708984375
-946.7877197265625 -287.3834533691406
-945.5787353515625 -289.37652587890625
-944.3671875 -291.02069091796875
-945.3943481445312 -292.8796081542969
-946.1830444335938 -294.84246826171875
-948.0840454101562 -296.2655334472656
-946.2347412109375 -298.1927795410156
-948.2138061523438 -298.6445007324219
-946.2352905273438 -300.6127624511719
-947.8349609375 -302.5956115722656
-947.768798828125 -304.58685302734375
-949.2973022460938 -306.31390380859375
-947.30712890625 -308.27593994140625
-948.8407592773438 -310.2470703125
-950.3163452148438 -312.2422180175781
-948.4940185546875 -314.2319641113281
-950.3750610351562 -316.23150634765625
-948.3766479492188 -317.790283203125
-950.2322998046875 -319.14984130859375
-949.2764892578125 -320.947509765625
-947.373046875 -320.9881591796875
-949.29833984375 -322.8348388671875
-947.9464111328125 -322.839599609375
-949.837646484375 -324.7292785644531
-947.8561401367188 -326.6942443847656
-949.7918701171875 -328.6347351074219
-947.829345703125 -330.013427734375
-949.8043212890625 -331.9974670410156
-947.8389282226562 -333.9783630371094
-949.3275756835938 -335.9627990722656
-947.7623901367188 -337.9495849609375
-949.3815307617188 -339.750732421875
-949.1423950195312 -341.4585876464844
-947.173583984375 -343.4383544921875
-948.9769897460938 -344.37890625
-947.1338500976562 -345.70941162109375
-946.0747680664062 -347.156982421875
-947.582275390625 -348.8003234863281
-948.9873657226562 -349.870361328125
-947.3219604492188 -351.8666076660156
-949.1328735351562 -353.49871826171875
-947.6852416992188 -355.3221435546875
-949.6526489257812 -356.92071533203125
-949.12109375 -358.9085998535156
-947.121826171875 -360.3481140136719
-949.0913696289062 -362.19598388671875
-948.3635864257812 -363.1283264160156
-946.4608154296875 -363.99371337890625
-948.3396606445312 -365.9429016113281
-946.98486328125 -367.74273681640625
-947.8947143554688 -369.7150573730469
-949.499267578125 -371.6294860839844
-947.8090209960938 -372.1422119140625
-945.9959106445312 -373.2961730957031
-947.1668701171875 -375.24652099609375
-949.1592407226562 -377.16357421875
-948.57275390625 -377.8329162597656
-946.6168212890625 -379.6766052246094
-948.5855102539062 -381.0294494628906
-946.6250610351562 -382.6125183105469
-948.6008911132812 -384.3471984863281
-948.0518798828125 -383.1448974609375
-947.8818359375 -381.9819641113281
-946.0413818359375 -382.5159606933594
-948.0103759765625 -383.6528015136719
-949.46484375 -384.9249267578125
-947.7835693359375 -386.7937316894531
-949.0225830078125 -388.0526123046875
-949.2750854492188 -389.13641357421875
-949.8245849609375 -390.5239562988281
-951.5213623046875 -391.72125244140625
-950.0421142578125 -393.11749267578125
-948.0530395507812 -394.4538269042969
-949.8137817382812 -396.2787780761719
-951.7205810546875 -398.27813720703125
-952.5308227539062 -400.0261535644531
-953.8218383789062 -402.0227966308594
-955.6337280273438 -404.0224304199219
-957.5916748046875 -406.02227783203125
