-1039.669677734375 -156.13153076171875
-1037.6710205078125 -154.59683227539062
-1035.6754150390625 -156.5968017578125
-1033.6768798828125 -154.89767456054688
-1031.6768798828125 -152.93179321289062
-1029.714599609375 -154.93179321289062
-1027.757080078125 -152.9358367919922
-1025.7667236328125 -154.93582153320312
-1023.7821655273438 -153.26365661621094
-1021.7864990234375 -155.26364135742188
-1019.7864990234375 -156.53030395507812
-1017.78662109375 -154.83778381347656
-1015.7868041992188 -155.41555786132812
-1013.786865234375 -156.6134490966797
-1015.7604370117188 -158.613037109375
-1013.7604370117188 -160.60916137695312
-1011.7604370117188 -162.60865783691406
-1012.9921264648438 -164.6085968017578
-1010.9928588867188 -166.60858154296875
-1011.7610473632812 -168.60853576660156
-1013.7278442382812 -170.5986328125
-1011.7279052734375 -172.59861755371094
-1013.7242431640625 -174.5764923095703
-1011.7244262695312 -176.5764923095703
-1013.487060546875 -178.55477905273438
-1011.4871215820312 -180.55419921875
-1012.7489624023438 -182.5398406982422
-1014.703125 -184.53677368164062
-1012.703125 -186.5366668701172
-1014.6649169921875 -188.5019073486328
-1012.6649169921875 -190.50184631347656
-1012.8538818359375 -192.49581909179688
-1014.019775390625 -194.48594665527344
-1012.0198364257812 -196.48593139648438
-1011.040771484375 -198.48587036132812
-1012.9924926757812 -200.41184997558594
-1014.93115234375 -202.37539672851562
-1012.9313354492188 -204.3634490966797
-1014.7069091796875 -206.34884643554688
-1012.7069091796875 -208.3478546142578
-1012.4566650390625 -210.34776306152344
-1012.4489135742188 -212.3460693359375
-1012.0189819335938 -214.34597778320312
-1010.0193481445312 -212.38499450683594
-1008.021240234375 -214.38487243652344
-1006.0274047851562 -216.38136291503906
-1004.0280151367188 -214.4436798095703
-1002.0384521484375 -216.443603515625
-1000.041015625 -215.51902770996094
-998.0480346679688 -217.51878356933594
-996.0516357421875 -215.52439880371094
-994.16796875 -217.5242919921875
-992.1702880859375 -215.5262451171875
-990.1724243164062 -213.59823608398438
-988.1846313476562 -215.5980987548828
-986.1945190429688 -217.59765625
-984.1947021484375 -215.78375244140625
-982.1972045898438 -217.783203125
-980.1989135742188 -216.07778930664062
-978.19921875 -218.0756072998047
-976.2080688476562 -216.07688903808594
-974.2088012695312 -218.07630920410156
-972.2112426757812 -216.1048583984375
-970.2113037109375 -214.26112365722656
-968.216064453125 -216.2611083984375
-966.2299194335938 -215.9565887451172
-964.2555541992188 -217.8220977783203
-962.2559814453125 -219.34620666503906
-960.2727661132812 -221.2165985107422
-958.30517578125 -223.20042419433594
-957.6144409179688 -225.18093872070312
-955.7452392578125 -227.18057250976562
-953.833984375 -229.17039489746094
-952.087646484375 -231.17015075683594
-950.277587890625 -233.1700897216797
-948.7005004882812 -235.16941833496094
-946.92236328125 -237.16871643066406
-948.9221801757812 -239.14390563964844
-947.265869140625 -241.1436767578125
-945.5156860351562 -243.1435546875
-947.4722290039062 -245.1424102783203
-945.6475219726562 -247.1415252685547
-947.6474609375 -249.13299560546875
-946.1311645507812 -251.13287353515625
-948.1301879882812 -253.13111877441406
-946.2442626953125 -255.1306915283203
-948.2427368164062 -257.1242980957031
-947.7050170898438 -259.1239929199219
-946.81689453125 -261.1239013671875
-948.8165893554688 -263.11431884765625
-947.6937866210938 -265.1142883300781
-946.5455932617188 -267.1142272949219
-948.54541015625 -269.1070251464844
-948.330078125 -271.1064758300781
-949.3385620117188 -273.1059875488281
-948.0574340820312 -275.1058654785156
-946.2974853515625 -277.1057434082031
-948.2969360351562 -279.1048583984375
-948.6512451171875 -281.1045837402344
-948.5869140625 -283.10455322265625
-949.6340942382812 -285.1045227050781
-948.7105102539062 -287.1043701171875
-947.2476806640625 -289.1042785644531
-949.2471313476562 -291.0954895019531
-948.4318237304688 -293.095458984375
-949.9312133789062 -295.0954284667969
-948.4584350585938 -297.09527587890625
-949.096923828125 -299.09527587890625
-949.6441650390625 -301.0952453613281
-950.2655639648438 -303.0951843261719
-951.2481689453125 -305.0951843261719
-950.6495361328125 -307.09515380859375
-951.684326171875 -309.0950622558594
-952.8875732421875 -311.09503173828125
-954.2748413085938 -313.0950012207031
-955.0952758789062 -315.0950012207031
-954.5616455078125 -317.094970703125
-952.81982421875 -319.09490966796875
-954.162109375 -321.0948181152344
-952.7876586914062 -323.0948181152344
-953.7608032226562 -325.09466552734375
-953.0119018554688 -327.09466552734375
-954.0792846679688 -329.09454345703125
-952.4935302734375 -331.0945129394531
-953.7483520507812 -333.094482421875
-953.635498046875 -335.094482421875
-954.5802001953125 -337.0944519042969
-954.8080444335938 -339.0944519042969
-952.881591796875 -341.0943603515625
-953.2420043945312 -343.09423828125
-954.4241943359375 -345.09423828125
-953.6051635742188 -347.09423828125
-951.864990234375 -349.09423828125
-952.9210815429688 -351.09423828125
-954.2131958007812 -353.0941467285156
-953.291748046875 -355.0941162109375
-954.7742919921875 -357.0941162109375
-956.5637817382812 -359.0938720703125
-954.8075561523438 -361.0938720703125
-956.2739868164062 -363.0938415527344
-958.0640258789062 -365.0938415527344
-959.5867309570312 -367.09381103515625
-959.1060180664062 -369.0937805175781
-957.7960815429688 -371.0937805175781
-959.6107788085938 -373.0937194824219
-961.1227416992188 -375.09368896484375
-961.5303955078125 -377.0926818847656
-959.8988647460938 -379.0926818847656
-959.5143432617188 -381.09246826171875
-958.9811401367188 -383.0924072265625
-960.8941040039062 -385.09051513671875
-959.0082397460938 -387.09027099609375
-959.701171875 -389.0899963378906
-958.9107666015625 -391.08978271484375
-960.2149658203125 -393.089599609375
-960.5049438476562 -395.0893859863281
-962.3789672851562 -397.0860900878906
-962.9105834960938 -399.0830993652344
