-1042.0947265625 -156.13133239746094
-1040.0947265625 -154.86831665039062
-1038.09765625 -153.41839599609375
-1036.113037109375 -155.4182891845703
-1034.1602783203125 -153.4349365234375
-1032.560791015625 -155.4348602294922
-1031.6585693359375 -156.00460815429688
-1029.8106689453125 -155.64488220214844
-1027.82421875 -156.67494201660156
-1025.824951171875 -155.55642700195312
-1023.8740844726562 -154.3043670654297
-1021.8751220703125 -152.80746459960938
-1019.9163818359375 -154.80551147460938
-1017.9187622070312 -153.6597137451172
-1015.9215087890625 -155.6570587158203
-1013.9215698242188 -153.6853485107422
-1015.912109375 -155.68338012695312
-1013.9132080078125 -153.94586181640625
-1015.9112548828125 -155.9451904296875
-1013.9112548828125 -154.05072021484375
-1015.8663940429688 -156.04483032226562
-1013.8663940429688 -154.17132568359375
-1015.7867431640625 -156.16993713378906
-1013.7868041992188 -155.31622314453125
-1015.6432495117188 -157.3077392578125
-1013.643310546875 -156.05821228027344
-1015.2339477539062 -158.04647827148438
-1013.2339477539062 -158.51988220214844
-1015.1485595703125 -160.5117950439453
-1013.1485595703125 -160.17970275878906
-1015.02978515625 -162.1763458251953
-1013.0299682617188 -163.40487670898438
-1011.0302124023438 -165.302490234375
-1013.0079956054688 -167.2995147705078
-1011.0088500976562 -168.82106018066406
-1012.3466186523438 -170.8202667236328
-1010.3467407226562 -172.12489318847656
-1011.8170776367188 -174.1239776611328
-1013.19140625 -176.12161254882812
-1011.1917114257812 -178.06307983398438
-1011.3583984375 -180.0607147216797
-1013.0997924804688 -182.05706787109375
-1011.0999145507812 -183.88905334472656
-1013.073486328125 -185.8885040283203
-1015.05322265625 -187.8842315673828
-1013.0532836914062 -189.1316375732422
-1011.61376953125 -191.13095092773438
-1010.0868530273438 -193.12930297851562
-1008.4971923828125 -195.12899780273438
-1009.56640625 -197.1284942626953
-1010.4879760742188 -199.1283416748047
-1009.6263427734375 -201.1243896484375
-1009.0582275390625 -203.12391662597656
-1009.8276977539062 -205.11244201660156
-1011.2030029296875 -207.10696411132812
-1013.1856079101562 -209.10635375976562
-1011.1985473632812 -211.09848022460938
-1013.0965576171875 -213.09812927246094
-1011.0990600585938 -212.0455322265625
-1010.030517578125 -214.0454864501953
-1009.1029663085938 -212.25833129882812
-1009.21533203125 -214.25656127929688
-1007.30908203125 -213.96922302246094
-1008.396728515625 -215.96876525878906
-1006.4121704101562 -214.01483154296875
-1004.78564453125 -216.01434326171875
-1002.7880859375 -215.76983642578125
-1000.7899780273438 -214.4586639404297
-998.9463500976562 -216.45828247070312
-996.9694213867188 -215.36941528320312
-996.2352905273438 -217.3677978515625
-994.3590087890625 -215.72459411621094
-993.1698608398438 -216.12734985351562
-991.6290893554688 -214.56692504882812
-989.8626098632812 -216.56661987304688
-988.8351440429688 -215.929931640625
-986.8407592773438 -214.4353485107422
-987.181396484375 -216.4285888671875
-985.2450561523438 -216.35275268554688
-983.2471313476562 -215.10789489746094
-981.4353637695312 -217.10768127441406
-979.4844360351562 -218.0332489013672
-977.6111450195312 -218.87356567382812
-977.4005126953125 -217.19271850585938
-975.644775390625 -217.72105407714844
-975.0015869140625 -218.33212280273438
-973.1817016601562 -218.15928649902344
-971.2813720703125 -218.1834259033203
-969.3006591796875 -219.08543395996094
-967.3009033203125 -218.85691833496094
-965.3019409179688 -219.27256774902344
-963.3053588867188 -219.7888946533203
-961.3793334960938 -218.26658630371094
-959.43017578125 -219.3963165283203
-957.4513549804688 -220.6785888671875
-955.5106811523438 -221.83203125
-953.5385131835938 -222.69651794433594
-952.5575561523438 -224.43246459960938
-951.45263671875 -225.88284301757812
-949.7654418945312 -227.7642364501953
-948.7783203125 -229.52076721191406
-946.9144897460938 -228.201904296875
-945.172607421875 -229.61367797851562
-947.1577758789062 -231.60984802246094
-945.8990478515625 -233.52650451660156
-947.8887939453125 -235.52403259277344
-946.2265014648438 -237.0124053955078
-948.2164916992188 -238.99998474121094
-946.8709716796875 -240.10679626464844
-948.7423706054688 -242.10047912597656
-947.2893676757812 -242.94947814941406
-945.3373413085938 -244.49234008789062
-947.3280639648438 -246.4913787841797
-948.4585571289062 -248.37823486328125
-949.4266967773438 -250.31411743164062
-949.2764892578125 -251.66197204589844
-947.6007080078125 -253.44305419921875
-948.4520263671875 -255.2998504638672
-950.1648559570312 -256.57647705078125
-949.3968505859375 -258.3397521972656
-947.7045288085938 -260.2676696777344
-946.5728759765625 -262.16046142578125
-948.5260620117188 -264.15789794921875
-947.647216796875 -266.03216552734375
-947.0155639648438 -267.2818298339844
-948.9624633789062 -269.26336669921875
-948.5162353515625 -271.19287109375
-946.5848999023438 -272.28216552734375
-948.5779418945312 -274.2698974609375
-946.7846069335938 -276.10650634765625
-948.7688598632812 -278.08538818359375
-946.985107421875 -280.042236328125
-948.9802856445312 -282.0301513671875
-947.5804443359375 -283.9039001464844
-948.7095947265625 -285.68585205078125
-948.48828125 -287.5231628417969
-949.9425659179688 -289.35302734375
-950.0707397460938 -290.85687255859375
-948.2692260742188 -292.8052062988281
-947.2069091796875 -293.9293212890625
-948.9932861328125 -295.9038391113281
-949.8915405273438 -296.1280212402344
-950.8255615234375 -298.063232421875
-952.716796875 -299.769287109375
-951.2395629882812 -301.3118896484375
-951.24365234375 -302.03485107421875
-949.3414306640625 -303.85589599609375
-948.54931640625 -305.6105651855469
-946.8635864257812 -307.2349548339844
-948.479736328125 -309.2198486328125
-948.8455200195312 -311.1678161621094
-949.8414916992188 -313.0926208496094
-950.7236328125 -315.06396484375
-952.0108032226562 -317.00970458984375
-950.2999267578125 -318.9541931152344
-949.9166259765625 -320.91668701171875
-947.996826171875 -321.8530578613281
-948.7944946289062 -323.84344482421875
-948.9082641601562 -325.80352783203125
-948.8345336914062 -327.5841979980469
-948.9508666992188 -329.56640625
-948.0723266601562 -331.50323486328125
-949.1023559570312 -333.5014953613281
-948.748046875 -335.01416015625
-950.6956176757812 -336.80609130859375
-952.1350708007812 -338.72430419921875
-951.5381469726562 -339.7969665527344
-951.9651489257812 -341.1081237792969
-952.8192749023438 -342.080078125
-951.8324584960938 -343.9198303222656
-950.9681396484375 -345.90045166015625
-950.07568359375 -347.692626953125
-948.7900390625 -349.21173095703125
-948.145751953125 -350.802490234375
-947.4664306640625 -352.7980651855469
-947.8222045898438 -354.77081298828125
-945.9790649414062 -356.7362060546875
-947.5929565429688 -358.72491455078125
-948.0257568359375 -360.71807861328125
-946.0377807617188 -362.6902770996094
-944.4488525390625 -364.6835632324219
-942.6981201171875 -366.6755065917969
-940.9641723632812 -368.58917236328125
-941.2084350585938 -370.55712890625
-941.599609375 -372.4629211425781
-940.6875 -374.4377746582031
-939.3604125976562 -376.4097900390625
-937.9259033203125 -378.383544921875
-937.5064697265625 -380.0359802246094
-939.3897094726562 -381.93212890625
-941.0452880859375 -383.8310546875
-942.8952026367188 -385.8229675292969
-942.7102661132812 -387.7813720703125
-943.3140258789062 -389.42376708984375
-942.2655029296875 -391.4068298339844
-941.4432983398438 -393.3851623535156
-941.8199462890625 -395.2978820800781
-940.8727416992188 -397.2210693359375
-938.8856811523438 -398.9434509277344
-940.5970458984375 -400.8781433105469
-940.9334106445312 -402.40093994140625
-941.8867797851562 -404.3901062011719
-942.3590087890625 -406.33428955078125
-943.3789672851562 -407.3369140625
-942.3494873046875 -409.31585693359375
-941.3160400390625 -411.2675476074219
-942.0808715820312 -412.1380920410156
-942.5460815429688 -413.8729553222656
-944.3722534179688 -415.76190185546875
-946.2254638671875 -417.081298828125
-947.28564453125 -418.4442138671875
-945.7870483398438 -419.94708251953125
-945.0214233398438 -421.8182067871094
-946.288818359375 -423.27783203125
-945.6112670898438 -424.6778259277344
-943.711181640625 -426.1542663574219
-941.82275390625 -427.761962890625
-941.0374755859375 -429.42413330078125
-942.4321899414062 -428.9250793457031
-942.2954711914062 -430.6166687011719
-941.1012573242188 -431.5379638671875
-942.5219116210938 -433.1322937011719
-943.7291259765625 -434.77154541015625
-942.0095825195312 -436.59173583984375
-943.17138671875 -438.4374084472656
-943.7161254882812 -440.429443359375
-941.9218139648438 -442.3211669921875
-940.9163818359375 -444.0752258300781
-942.6434936523438 -445.8816223144531
-942.5466918945312 -447.58392333984375
-943.4237670898438 -449.5421142578125
-943.7796020507812 -451.43951416015625
-944.8801879882812 -453.4081726074219
-946.7147216796875 -454.4981994628906
-948.4685668945312 -452.6388244628906
-950.1259765625 -450.7244873046875
-952.1033325195312 -448.7627258300781
-953.5958251953125 -446.7772216796875
-955.5554809570312 -444.7917175292969
-957.0323486328125 -442.9153137207031
-957.44775390625 -442.51611328125
-958.24365234375 -440.64501953125
-959.0970458984375 -439.0255432128906
-959.8192749023438 -439.0180358886719
-960.1739501953125 -437.28875732421875
