-1041.3463134765625 -156.11558532714844
-1039.3668212890625 -155.94918823242188
-1038.706298828125 -155.47216796875
-1036.8565673828125 -157.0703887939453
-1034.95849609375 -156.5297088623047
-1033.142578125 -154.84512329101562
-1032.8323974609375 -156.84034729003906
-1030.838623046875 -156.97000122070312
-1030.6455078125 -155.1036376953125
-1029.07470703125 -156.2924346923828
-1027.159912109375 -154.8345489501953
-1025.2174072265625 -154.3126678466797
-1023.258056640625 -155.94290161132812
-1021.3138427734375 -156.624755859375
-1019.40478515625 -156.9265594482422
-1017.7271118164062 -158.40457153320312
-1015.8502807617188 -159.6812744140625
-1013.857421875 -159.9762420654297
-1011.8577880859375 -161.4143829345703
-1013.804443359375 -162.45416259765625
-1011.8382568359375 -164.42822265625
-1013.8225708007812 -164.97178649902344
-1011.8258056640625 -166.93992614746094
-1013.807373046875 -168.91285705566406
-1011.8087768554688 -170.9056854248047
-1013.7717895507812 -172.67242431640625
-1011.776611328125 -174.65184020996094
-1013.77392578125 -173.9909210205078
-1011.7770385742188 -175.97885131835938
-1013.6616821289062 -176.5233612060547
-1011.6640625 -178.47833251953125
-1013.6456298828125 -177.83627319335938
-1011.6581420898438 -179.74537658691406
-1013.6532592773438 -180.4760284423828
-1011.6561279296875 -182.43283081054688
-1013.6448364257812 -184.124755859375
-1011.6476440429688 -186.07391357421875
-1013.6406860351562 -186.86981201171875
-1015.6267700195312 -187.38475036621094
-1013.6268310546875 -189.3656463623047
-1011.6277465820312 -191.32125854492188
-1013.5352783203125 -191.74960327148438
-1015.52880859375 -191.11143493652344
-1013.5297241210938 -193.1093292236328
-1015.0239868164062 -192.33323669433594
-1013.0250854492188 -194.32749938964844
-1014.2386474609375 -194.86805725097656
-1012.2389526367188 -196.74960327148438
-1013.9175415039062 -198.15499877929688
-1011.9256591796875 -200.1422576904297
-1013.8995361328125 -200.01531982421875
-1011.8997192382812 -202.00050354003906
-1013.85400390625 -203.3479461669922
-1011.8540649414062 -205.33480834960938
-1013.8528442382812 -203.73046875
-1011.8536376953125 -205.72442626953125
-1013.7312622070312 -206.40548706054688
-1011.7315673828125 -208.33526611328125
-1013.7030639648438 -208.46353149414062
-1011.703125 -210.42897033691406
-1012.7220458984375 -212.20436096191406
-1012.9654541015625 -213.07766723632812
-1011.927490234375 -213.52011108398438
-1009.9832763671875 -213.99855041503906
-1008.3479614257812 -215.72227478027344
-1006.3511962890625 -214.15501403808594
-1004.75390625 -216.09103393554688
-1003.1429443359375 -216.33152770996094
-1001.1580200195312 -218.14605712890625
-999.5383911132812 -216.38186645507812
-997.9371948242188 -216.15814208984375
-995.982177734375 -215.10023498535156
-994.9951782226562 -216.68820190429688
-994.2278442382812 -216.78819274902344
-995.3706665039062 -217.18740844726562
-993.4362182617188 -218.88006591796875
-991.6669311523438 -217.4869384765625
-989.7116088867188 -217.4061279296875
-988.6937866210938 -216.45626831054688
-986.7096557617188 -217.13717651367188
-984.7328491210938 -217.2536163330078
-983.0159301757812 -218.97097778320312
-981.1513671875 -220.53477478027344
-979.15380859375 -222.44589233398438
-980.2772827148438 -220.4644317626953
-980.5974731445312 -219.35183715820312
-978.6093139648438 -219.10409545898438
-977.2415161132812 -218.30758666992188
-975.9508666992188 -220.19357299804688
-974.08251953125 -220.492919921875
-972.0868530273438 -221.5546417236328
-970.0870361328125 -220.2386932373047
-968.0899047851562 -219.6239776611328
-966.0925903320312 -221.53387451171875
-964.0930786132812 -221.062744140625
-962.103271484375 -223.05844116210938
-960.1343994140625 -224.68174743652344
-958.17431640625 -226.61524963378906
-956.2417602539062 -228.52589416503906
-954.2474365234375 -230.46849060058594
-952.2562866210938 -232.3667755126953
-950.2581787109375 -234.35667419433594
-948.3134155273438 -236.35179138183594
-946.320068359375 -238.31883239746094
-948.3193969726562 -237.13729858398438
-946.3201293945312 -239.10838317871094
-948.3189086914062 -240.69508361816406
-946.3261108398438 -242.6876678466797
-948.3258056640625 -244.44686889648438
-946.3294677734375 -246.44300842285156
-948.3286743164062 -247.85093688964844
-946.3604736328125 -249.83505249023438
-948.35986328125 -251.79405212402344
-946.4144287109375 -253.78948974609375
-948.3987426757812 -255.7148895263672
-946.50146484375 -257.6999816894531
-948.5009765625 -259.48455810546875
-946.576904296875 -261.4628601074219
-948.5616455078125 -263.2558898925781
-946.56982421875 -265.2363586425781
-948.5689697265625 -266.94580078125
-946.5699462890625 -268.9453430175781
-948.55908203125 -270.82659912109375
-946.5942993164062 -272.81884765625
-948.5895385742188 -274.76141357421875
-946.5950317382812 -276.7545166015625
-948.5836181640625 -278.7347717285156
-946.612060546875 -280.7288818359375
-948.5955810546875 -282.72308349609375
-946.6619873046875 -284.6764221191406
-948.661865234375 -286.6640930175781
-946.6712646484375 -288.6574401855469
-948.6654663085938 -290.34625244140625
-946.7705078125 -292.3449401855469
-948.7435913085938 -294.2841491699219
-946.7467651367188 -296.2791442871094
-948.7261352539062 -298.2669677734375
-946.737060546875 -300.2608337402344
-948.7322387695312 -302.2120056152344
-946.7564086914062 -304.2038269042969
-948.6384887695312 -306.0915222167969
-946.6443481445312 -308.09124755859375
-948.6177978515625 -310.0645751953125
-946.7118530273438 -312.06298828125
-948.7057495117188 -314.0482482910156
-947.8538818359375 -316.0458984375
-949.5620727539062 -317.9749450683594
-947.5811157226562 -319.96343994140625
-949.5802612304688 -321.79498291015625
-947.63818359375 -323.7662048339844
-949.6116943359375 -325.7491760253906
-950.5786743164062 -327.7353820800781
-948.7327270507812 -329.6770324707031
-947.3397827148438 -331.6715393066406
-949.315673828125 -333.42840576171875
-947.6549682617188 -335.4254150390625
-949.3555908203125 -337.3910827636719
-947.5296630859375 -339.37957763671875
-948.0653076171875 -341.15338134765625
-948.2901000976562 -343.01556396484375
-946.5252685546875 -344.9944763183594
-948.4937133789062 -346.02911376953125
-947.652099609375 -347.91900634765625
-947.557861328125 -349.41705322265625
-949.3701782226562 -351.3332214355469
-948.351318359375 -353.2067565917969
-946.7293701171875 -355.2045593261719
-948.3604736328125 -356.23638916015625
-948.0630493164062 -358.2332763671875
-948.4160766601562 -360.1244812011719
-946.6449584960938 -361.91387939453125
-946.5540161132812 -363.8643493652344
-945.3284912109375 -365.3313903808594
-946.4857788085938 -365.72271728515625
-948.0176391601562 -367.5873718261719
-947.0845947265625 -369.22821044921875
-947.2071533203125 -371.1478576660156
-947.9310913085938 -373.1213073730469
-946.9103393554688 -374.99615478515625
-948.4047241210938 -376.9319152832031
-948.0328979492188 -378.5836486816406
-949.9595947265625 -380.53326416015625
-948.921142578125 -382.5127868652344
-947.34765625 -384.3127136230469
-945.99365234375 -386.2594909667969
-947.3533325195312 -388.25830078125
-946.3009643554688 -390.2524108886719
-945.830810546875 -392.14031982421875
-947.7913208007812 -394.13238525390625
-948.6160888671875 -396.10589599609375
-947.8572998046875 -398.0724182128906
-949.3993530273438 -400.0265808105469
-950.4395141601562 -402.02001953125
-952.4151611328125 -403.9975280761719
-952.0936889648438 -405.6549072265625
-952.6301879882812 -407.65008544921875
-954.5675659179688 -409.6303405761719
-955.314697265625 -411.607177734375
