-1036.985107421875 -76.09008026123047
-1037.2899169921875 -78.08892059326172
-1035.3240966796875 -79.89855194091797
-1037.3231201171875 -81.89189147949219
-1035.962158203125 -83.71946716308594
-1037.9605712890625 -85.71858215332031
-1036.1329345703125 -87.70986938476562
-1038.1329345703125 -89.70551300048828
-1037.2437744140625 -91.66683959960938
-1035.3714599609375 -93.66610717773438
-1035.685791015625 -95.65985107421875
-1037.473388671875 -97.64775848388672
-1035.8480224609375 -99.64279174804688
-1034.9244384765625 -101.64270782470703
-1036.92431640625 -103.64102935791016
-1038.418212890625 -105.64091491699219
-1039.004150390625 -107.64067840576172
-1040.413818359375 -107.08735656738281
-1042.3585205078125 -109.08706665039062
-1043.4344482421875 -107.78323364257812
-1044.3890380859375 -109.7828369140625
-1043.9600830078125 -109.42012786865234
-1043.31201171875 -108.85099029541016
-1043.865478515625 -110.09385681152344
-1044.927734375 -108.11402893066406
-1046.8160400390625 -110.11280822753906
-1047.884033203125 -110.59222412109375
-1049.618408203125 -111.28225708007812
-1051.6171875 -113.2144546508789
-1053.175048828125 -111.2968978881836
-1054.8599853515625 -112.55314636230469
-1055.726318359375 -111.74800109863281
-1057.4088134765625 -111.28472900390625
-1059.200439453125 -110.09185028076172
-1061.1849365234375 -112.08084869384766
-1061.862060546875 -111.87772369384766
-1060.4962158203125 -109.9030532836914
-1062.35546875 -111.89483642578125
-1064.1357421875 -110.54547119140625
-1066.031982421875 -108.95299530029297
-1068.016845703125 -110.908447265625
-1069.8922119140625 -112.51412200927734
-1071.7833251953125 -111.8624496459961
-1073.7015380859375 -112.36393737792969
-1071.7269287109375 -114.21846771240234
-1073.7255859375 -115.87162017822266
-1075.7255859375 -117.86590576171875
-1073.7425537109375 -119.86448669433594
-1075.7425537109375 -121.86405944824219
-1074.74951171875 -123.85796356201172
-1072.753662109375 -125.83751678466797
-1074.753662109375 -127.80288696289062
-1072.766357421875 -129.80247497558594
-1074.766357421875 -131.8019256591797
-1072.9364013671875 -133.78729248046875
-1074.9364013671875 -135.78250122070312
-1072.94580078125 -137.7810516357422
-1074.9456787109375 -139.77297973632812
-1072.9520263671875 -141.76220703125
-1074.9517822265625 -143.75975036621094
-1072.980712890625 -145.7587890625
-1074.978271484375 -147.75877380371094
-1076.6756591796875 -149.75808715820312
-1076.3270263671875 -151.75746154785156
-1078.306884765625 -153.74876403808594
-1080.1370849609375 -154.55409240722656
-1081.9422607421875 -153.0432891845703
-1083.9368896484375 -155.03839111328125
-1085.8551025390625 -153.14015197753906
-1087.8121337890625 -155.1370849609375
-1089.7213134765625 -153.64974975585938
-1091.5218505859375 -154.5741729736328
-1093.43798828125 -156.5708770751953
-1092.0135498046875 -157.38848876953125
-1094.0118408203125 -158.69407653808594
-1092.0216064453125 -160.1191864013672
-1094.021484375 -161.89022827148438
-1092.0240478515625 -163.88851928710938
-1094.0240478515625 -165.88316345214844
-1093.0709228515625 -167.8792724609375
-1091.0936279296875 -169.8782501220703
-1093.085205078125 -171.87802124023438
-1091.2520751953125 -173.8654022216797
-1093.25048828125 -175.34739685058594
-1094.812744140625 -177.34730529785156
-1095.424560546875 -179.3472137451172
-1095.9676513671875 -181.34564208984375
-1095.26171875 -183.33944702148438
-1096.681884765625 -185.33888244628906
-1098.6534423828125 -187.3385772705078
-1100.6258544921875 -185.73497009277344
-1102.624755859375 -187.73435974121094
-1104.5849609375 -187.44447326660156
-1104.8243408203125 -185.914794921875
-1106.7972412109375 -187.9146270751953
-1108.736083984375 -186.53123474121094
-1109.777587890625 -184.56304931640625
-1111.7666015625 -186.56271362304688
-1113.7518310546875 -184.56539916992188
-1115.7506103515625 -186.5647430419922
-1117.6031494140625 -184.61065673828125
-1119.53759765625 -186.6032257080078
-1121.5018310546875 -184.66323852539062
-1123.494140625 -186.66014099121094
-1125.4320068359375 -184.66390991210938
-1127.413330078125 -186.65289306640625
-1129.07275390625 -184.67117309570312
-1131.040771484375 -186.65777587890625
-1132.9560546875 -184.69537353515625
-1134.6085205078125 -186.684326171875
-1133.8271484375 -185.23495483398438
-1135.824462890625 -187.23452758789062
-1137.7841796875 -185.3423309326172
-1139.7396240234375 -187.3414764404297
-1141.73779296875 -185.41246032714844
-1143.7354736328125 -187.33575439453125
-1145.735107421875 -189.17996215820312
-1143.7401123046875 -191.16835021972656
-1145.73974609375 -193.13314819335938
-1143.7611083984375 -195.10504150390625
-1145.760986328125 -196.97384643554688
-1143.7652587890625 -198.9662628173828
-1145.76513671875 -200.79779052734375
-1143.767333984375 -202.79368591308594
-1145.7669677734375 -204.77850341796875
-1143.7708740234375 -206.58456420898438
-1145.7655029296875 -208.32276916503906
-1143.7982177734375 -210.31594848632812
-1145.7978515625 -212.1896514892578
-1147.7962646484375 -213.90460205078125
-1147.3662109375 -215.90419006347656
-1147.1318359375 -217.44876098632812
-1145.4810791015625 -218.9785614013672
-1147.4688720703125 -220.9517822265625
-1145.473876953125 -221.5472412109375
-1147.4737548828125 -223.52903747558594
-1145.4739990234375 -225.4932861328125
-1143.474609375 -227.44747924804688
-1145.474365234375 -228.9539794921875
-1143.48291015625 -230.92710876464844
-1145.48193359375 -232.34158325195312
-1143.483154296875 -234.3224334716797
-1145.482421875 -236.09190368652344
-1146.534912109375 -234.51776123046875
-1144.5372314453125 -236.51429748535156
-1146.32861328125 -234.63490295410156
-1144.3399658203125 -236.62799072265625
-1144.2596435546875 -235.66900634765625
-1144.7818603515625 -233.78067016601562
-1146.781494140625 -235.74302673339844
-1144.7818603515625 -237.73304748535156
-1146.7247314453125 -236.63807678222656
-1148.470947265625 -235.33547973632812
-1146.490478515625 -237.3285675048828
-1148.38232421875 -236.09286499023438
-1146.3846435546875 -237.7919158935547
-1148.378662109375 -236.10194396972656
-1146.3795166015625 -238.06202697753906
-1148.3585205078125 -237.4890594482422
-1146.35888671875 -239.2733612060547
-1148.3577880859375 -237.9597625732422
-1146.358642578125 -239.95144653320312
-1148.337890625 -241.7493133544922
-1146.3380126953125 -243.58843994140625
-1148.30810546875 -245.55393981933594
-1146.3087158203125 -247.53892517089844
-1148.2230224609375 -249.26866149902344
-1146.2554931640625 -251.2620849609375
-1144.273193359375 -251.65911865234375
-1146.2728271484375 -253.35458374023438
-1144.285400390625 -254.4950714111328
-1146.275634765625 -254.64186096191406
-1144.2818603515625 -256.42620849609375
-1145.7935791015625 -257.37847900390625
-1147.6109619140625 -255.470458984375
-1145.612548828125 -257.3996887207031
-1147.219482421875 -255.9207763671875
-1145.219970703125 -257.8086853027344
-1147.1041259765625 -257.1068115234375
-1145.1082763671875 -258.5025939941406
-1146.8868408203125 -257.2581787109375
-1144.887451171875 -259.0411682128906
-1146.678955078125 -257.07257080078125
-1144.7208251953125 -259.0186462402344
-1145.2276611328125 -258.09716796875
-1147.10595703125 -256.13690185546875
-1145.11376953125 -257.7719421386719
-1146.8603515625 -258.21624755859375
-1147.8565673828125 -257.3104248046875
-1145.857177734375 -259.02099609375
-1146.703369140625 -257.1364440917969
-1144.796142578125 -257.653076171875
-1143.8778076171875 -257.3302001953125
-1145.604736328125 -255.5542449951172
-1143.738525390625 -256.7767639160156
-1145.7371826171875 -256.5137939453125
-1147.1619873046875 -255.3009033203125
-1145.1708984375 -257.1914367675781
-1146.0361328125 -258.83837890625
-1147.969970703125 -258.7796936035156
