-1036.985107421875 -76.10052490234375
-1037.4337158203125 -78.10052490234375
-1035.4530029296875 -80.10042572021484
-1037.452880859375 -82.09996032714844
-1035.45654296875 -84.09994506835938
-1037.456298828125 -86.09994506835938
-1035.56005859375 -88.09992980957031
-1037.5389404296875 -90.09992980957031
-1036.2183837890625 -92.09992980957031
-1034.2335205078125 -94.09992218017578
-1036.2335205078125 -96.09984588623047
-1035.11083984375 -98.09984588623047
-1037.1107177734375 -100.0998306274414
-1037.7105712890625 -102.09980010986328
-1039.434814453125 -104.09980010986328
-1038.4722900390625 -106.09980010986328
-1039.9173583984375 -108.09980010986328
-1041.0272216796875 -106.90950775146484
-1042.014892578125 -108.90949249267578
-1042.78466796875 -107.90635681152344
-1044.435546875 -109.9063491821289
-1042.7252197265625 -108.43375396728516
-1043.0699462890625 -107.60476684570312
-1044.7635498046875 -109.60475158691406
-1043.68310546875 -107.90962219238281
-1045.362060546875 -109.90961456298828
-1046.569091796875 -109.6781234741211
-1048.5557861328125 -108.54102325439453
-1050.434326171875 -110.541015625
-1051.67578125 -110.7037124633789
-1052.4395751953125 -111.53023529052734
-1052.8331298828125 -109.79930114746094
-1054.53759765625 -111.79924774169922
-1055.0880126953125 -111.08977508544922
-1055.5078125 -110.95886993408203
-1057.248046875 -109.19190216064453
-1059.227783203125 -111.19190216064453
-1057.7210693359375 -111.24359893798828
-1057.529296875 -112.69988250732422
-1057.79931640625 -111.34889221191406
-1056.28564453125 -109.90166473388672
-1058.2587890625 -111.90162658691406
-1057.3426513671875 -110.36394500732422
-1057.120361328125 -108.94744110107422
-1059.1029052734375 -110.9473876953125
-1058.6068115234375 -109.80108642578125
-1060.4139404296875 -111.80107116699219
-1059.9215087890625 -110.81317901611328
-1060.46923828125 -109.1751937866211
-1062.16064453125 -111.17508697509766
-1062.241943359375 -112.6858901977539
-1060.65673828125 -111.0263671875
-1062.251220703125 -109.35828399658203
-1064.1484375 -111.35823822021484
-1064.1260986328125 -111.79248809814453
-1065.744873046875 -110.01121520996094
-1066.8038330078125 -112.01099395751953
-1066.84912109375 -111.41651916503906
-1066.5238037109375 -112.00391387939453
-1067.90380859375 -111.05268859863281
-1069.8414306640625 -109.4612045288086
-1071.8148193359375 -111.46118927001953
-1073.771484375 -112.96497344970703
-1071.9122314453125 -114.95757293701172
-1073.8563232421875 -116.76618957519531
-1075.8563232421875 -118.76576232910156
-1073.89013671875 -120.76575469970703
-1075.889892578125 -122.76534271240234
-1073.89306640625 -124.7651596069336
-1075.8896484375 -126.76515197753906
-1073.8944091796875 -128.76498413085938
-1075.8887939453125 -130.76487731933594
-1073.919677734375 -132.7648468017578
-1075.9188232421875 -134.76483154296875
-1073.9276123046875 -136.76475524902344
-1075.926025390625 -138.76463317871094
-1073.9429931640625 -140.76458740234375
-1075.9425048828125 -142.76455688476562
-1074.1904296875 -144.76425170898438
-1073.8570556640625 -146.7642059326172
-1073.5814208984375 -148.7642059326172
-1072.1856689453125 -150.7642059326172
-1074.1844482421875 -152.76419067382812
-1076.140625 -150.98126220703125
-1076.7423095703125 -152.98126220703125
-1078.572265625 -151.2050018310547
-1080.4866943359375 -153.2050018310547
-1081.5457763671875 -152.4128875732422
-1083.5418701171875 -154.41285705566406
-1084.948486328125 -152.50973510742188
-1086.94482421875 -154.5096893310547
-1088.720703125 -152.77267456054688
-1090.6844482421875 -154.77261352539062
-1092.3077392578125 -152.88954162597656
-1094.2493896484375 -154.88954162597656
-1096.220703125 -156.88954162597656
-1094.89501953125 -155.59486389160156
-1095.9354248046875 -155.6741485595703
-1096.055908203125 -154.44422912597656
-1098.00634765625 -156.44422912597656
-1097.968017578125 -154.50308227539062
-1099.9619140625 -156.50308227539062
-1101.31982421875 -157.5216522216797
-1101.798095703125 -155.56777954101562
-1100.185791015625 -153.74261474609375
-1102.184326171875 -155.74261474609375
-1100.53759765625 -153.93951416015625
-1100.4302978515625 -155.9394989013672
-1098.677001953125 -154.09095764160156
-1100.0887451171875 -156.09091186523438
-1100.8739013671875 -154.12777709960938
-1102.8663330078125 -156.12777709960938
-1104.6851806640625 -154.34939575195312
-1106.66845703125 -156.34939575195312
-1108.40283203125 -154.4634552001953
-1110.2857666015625 -156.46343994140625
-1110.8594970703125 -155.50865173339844
-1112.8375244140625 -157.50865173339844
-1114.0029296875 -155.62579345703125
-1115.9898681640625 -157.62579345703125
-1117.03369140625 -156.6644744873047
-1115.809326171875 -155.3945770263672
-1117.8013916015625 -157.39456176757812
-1116.2191162109375 -155.7749481201172
-1118.1890869140625 -157.7749481201172
-1118.890625 -155.9669189453125
-1119.472900390625 -155.79428100585938
-1121.44287109375 -157.79428100585938
-1119.9771728515625 -156.59654235839844
-1120.604248046875 -154.75198364257812
-1122.515869140625 -156.75198364257812
-1122.805908203125 -156.028564453125
-1124.4295654296875 -157.44488525390625
-1125.470703125 -157.82235717773438
-1125.9923095703125 -157.64833068847656
-1124.557373046875 -155.8331298828125
-1126.5487060546875 -157.8331298828125
-1128.4027099609375 -156.98699951171875
-1128.8038330078125 -155.60618591308594
-1130.6754150390625 -157.60618591308594
-1129.506591796875 -159.01788330078125
-1130.8321533203125 -157.91908264160156
-1129.0859375 -156.54283142089844
-1127.77294921875 -155.8934326171875
-1128.9000244140625 -157.8934326171875
-1129.6405029296875 -157.49061584472656
-1129.363525390625 -156.211669921875
-1130.9886474609375 -158.211669921875
-1129.480224609375 -156.41793823242188
-1130.566162109375 -154.85096740722656
-1132.4947509765625 -156.85096740722656
-1133.6624755859375 -154.875732421875
-1135.621826171875 -156.87571716308594
-1133.86376953125 -155.82777404785156
-1135.82763671875 -157.82774353027344
-1135.4603271484375 -155.98663330078125
-1137.4415283203125 -157.98663330078125
-1138.8199462890625 -157.27256774902344
-1140.6629638671875 -155.885986328125
-1142.5216064453125 -157.885986328125
-1144.518798828125 -158.42298889160156
-1145.27197265625 -160.42298889160156
-1143.38671875 -162.4229278564453
-1145.38671875 -164.41896057128906
-1144.35400390625 -166.41896057128906
-1146.3536376953125 -168.41888427734375
-1144.470703125 -170.418701171875
-1146.4703369140625 -172.41867065429688
-1144.5042724609375 -174.41860961914062
-1146.504150390625 -176.4170379638672
-1144.5384521484375 -178.41700744628906
-1146.538330078125 -180.41624450683594
-1145.3660888671875 -182.41624450683594
-1147.3660888671875 -184.4162139892578
-1145.8087158203125 -186.40570068359375
-1144.135498046875 -188.4053497314453
-1146.1351318359375 -190.40492248535156
-1144.303466796875 -192.4049072265625
-1146.3033447265625 -194.40444946289062
-1145.5064697265625 -196.4040985107422
-1143.678466796875 -198.40408325195312
-1145.6783447265625 -200.40335083007812
-1143.6939697265625 -202.40333557128906
-1145.69384765625 -204.4013671875
-1143.8577880859375 -206.40121459960938
-1145.8575439453125 -208.40110778808594
-1145.5609130859375 -210.4010772705078
-1147.5604248046875 -212.40087890625
-1146.6806640625 -214.40087890625
-1148.0521240234375 -216.40087890625
-1146.1094970703125 -216.90322875976562
-1145.3787841796875 -218.88270568847656
-1147.3778076171875 -220.88088989257812
-1145.5543212890625 -222.86300659179688
-1144.0189208984375 -224.86228942871094
-1146.0189208984375 -226.86170959472656
-1144.025390625 -228.8606719970703
-1146.0252685546875 -230.8497772216797
-1144.0355224609375 -232.849609375
-1146.0355224609375 -234.8419647216797
-1144.2100830078125 -236.818115234375
-1145.3087158203125 -236.7972412109375
-1147.212890625 -235.0383758544922
-1145.4454345703125 -237.0331573486328
-1147.4425048828125 -237.6477508544922
-1145.52783203125 -239.64633178710938
-1147.3402099609375 -241.61312866210938
-1149.339599609375 -243.60540771484375
-1147.3441162109375 -245.52020263671875
-1149.2996826171875 -247.5198974609375
-1147.6439208984375 -249.51980590820312
-1145.8016357421875 -251.51968383789062
-1147.8013916015625 -253.34780883789062
-1145.8046875 -255.29656982421875
-1143.8477783203125 -257.2706298828125
-1145.225830078125 -256.7583312988281
-1147.1751708984375 -256.8917541503906
-1145.21435546875 -258.77587890625
-1146.9227294921875 -256.9855041503906
-1144.9794921875 -257.791015625
-1146.96142578125 -255.8902130126953
-1145.5966796875 -257.7677001953125
-1147.5875244140625 -258.0348205566406
-1145.5924072265625 -259.87042236328125
