-1036.985107421875 -76.10001373291016
-1034.998291015625 -78.0682144165039
-1036.997314453125 -80.02876281738281
-1035.001220703125 -81.58655548095703
-1037.0010986328125 -83.58193969726562
-1035.0010986328125 -85.53560638427734
-1036.998779296875 -87.530517578125
-1034.9996337890625 -89.14137268066406
-1036.8184814453125 -91.14087677001953
-1034.8187255859375 -93.02185821533203
-1032.8193359375 -94.68024444580078
-1034.8177490234375 -96.67949676513672
-1036.8175048828125 -98.6789779663086
-1034.8177490234375 -100.5485610961914
-1036.8177490234375 -102.54853820800781
-1034.8187255859375 -104.35665130615234
-1036.818603515625 -106.3565902709961
-1038.513916015625 -107.8914794921875
-1040.503173828125 -109.2589111328125
-1042.4915771484375 -109.25395965576172
-1044.3843994140625 -110.56861877441406
-1046.2060546875 -111.87615966796875
-1048.1951904296875 -111.05475616455078
-1050.1766357421875 -113.04566192626953
-1052.174072265625 -115.02267456054688
-1053.8033447265625 -115.76371002197266
-1055.7667236328125 -114.05691528320312
-1057.7564697265625 -114.6241455078125
-1059.7281494140625 -114.78209686279297
-1061.33544921875 -113.0283203125
-1063.255126953125 -114.56610107421875
-1065.121826171875 -114.49801635742188
-1066.921142578125 -116.05550384521484
-1068.772705078125 -116.2513198852539
-1070.61572265625 -117.6231918334961
-1072.6148681640625 -118.87825775146484
-1074.6148681640625 -120.829833984375
-1076.61474609375 -122.82526397705078
-1074.6165771484375 -122.65680694580078
-1076.6160888671875 -124.65341186523438
-1074.659912109375 -125.92180633544922
-1076.6597900390625 -127.92000579833984
-1074.670166015625 -127.4541244506836
-1076.670166015625 -129.43496704101562
-1074.671142578125 -128.97320556640625
-1076.670166015625 -130.9424591064453
-1074.6761474609375 -132.28814697265625
-1076.6761474609375 -134.2870635986328
-1074.67626953125 -135.80490112304688
-1076.6761474609375 -137.80078125
-1074.6766357421875 -138.7610321044922
-1076.6766357421875 -140.76058959960938
-1074.6767578125 -139.34060668945312
-1076.6766357421875 -141.3372802734375
-1074.6778564453125 -141.99392700195312
-1072.6781005859375 -142.71859741210938
-1074.677978515625 -144.7080535888672
-1072.6781005859375 -146.1773223876953
-1073.33935546875 -148.17105102539062
-1075.318359375 -150.1708984375
-1073.326171875 -152.16717529296875
-1073.3585205078125 -153.9674530029297
-1073.525390625 -155.86822509765625
-1072.111572265625 -156.9125213623047
-1074.048583984375 -156.73583984375
-1076.037109375 -158.21766662597656
-1078.0313720703125 -156.58346557617188
-1079.992919921875 -157.5274200439453
-1081.941162109375 -158.30416870117188
-1083.89990234375 -158.47564697265625
-1085.88037109375 -156.7060546875
-1087.4600830078125 -156.39346313476562
-1088.7822265625 -155.2334442138672
-1089.462158203125 -156.3773956298828
-1091.44580078125 -155.80860900878906
-1092.203857421875 -157.7696075439453
-1093.8310546875 -159.6306610107422
-1093.241455078125 -160.6791534423828
-1091.2440185546875 -159.99563598632812
-1093.2440185546875 -161.03330993652344
-1091.25146484375 -159.39747619628906
-1093.2427978515625 -161.04617309570312
-1091.734130859375 -160.58343505859375
-1093.7340087890625 -161.59356689453125
-1091.735107421875 -159.98641967773438
-1093.7349853515625 -161.82862854003906
-1091.803466796875 -161.81210327148438
-1093.8033447265625 -163.78713989257812
-1095.2906494140625 -162.46942138671875
-1093.4234619140625 -161.75753784179688
-1091.507080078125 -162.74635314941406
-1093.5064697265625 -164.70559692382812
-1092.9990234375 -166.00942993164062
-1091.125732421875 -164.6529541015625
-1093.1256103515625 -166.593017578125
-1091.296630859375 -167.3562469482422
-1093.296630859375 -168.8313751220703
-1091.314208984375 -168.1818084716797
-1093.3138427734375 -170.08421325683594
-1091.662841796875 -171.88912963867188
-1093.662841796875 -173.581787109375
-1091.704833984375 -173.8255157470703
-1093.7042236328125 -173.78115844726562
-1092.88427734375 -173.68118286132812
-1090.9803466796875 -174.0478973388672
-1092.980224609375 -175.91455078125
-1091.4171142578125 -177.06813049316406
-1093.4171142578125 -178.84031677246094
-1091.4256591796875 -177.7472381591797
-1093.4256591796875 -179.73422241210938
-1091.45068359375 -181.40716552734375
-1093.4375 -183.4040069580078
-1091.5186767578125 -185.3422393798828
-1093.51171875 -187.3377685546875
-1095.5113525390625 -186.67898559570312
-1096.6646728515625 -188.41845703125
-1098.6634521484375 -186.99810791015625
-1100.6522216796875 -186.61639404296875
-1102.6466064453125 -186.64657592773438
-1104.642333984375 -185.31878662109375
-1103.9896240234375 -187.30174255371094
-1105.952880859375 -185.86935424804688
-1104.4903564453125 -187.86181640625
-1106.4827880859375 -189.21783447265625
-1108.48046875 -187.84011840820312
-1110.4515380859375 -187.7435760498047
-1112.4049072265625 -186.5575714111328
-1114.3961181640625 -184.62843322753906
-1115.3768310546875 -186.62002563476562
-1117.0887451171875 -186.592041015625
-1118.83447265625 -186.7804718017578
-1120.7821044921875 -186.8646697998047
-1122.0338134765625 -186.9511260986328
-1124.027099609375 -187.13525390625
-1126.0081787109375 -187.5149383544922
-1127.9420166015625 -186.51417541503906
-1129.764404296875 -185.35693359375
-1129.3953857421875 -187.35462951660156
-1130.7886962890625 -186.26504516601562
-1132.615234375 -186.80374145507812
-1134.549560546875 -186.0514678955078
-1136.5413818359375 -185.2660675048828
-1134.5872802734375 -187.0619659423828
-1136.5333251953125 -185.2481231689453
-1134.74853515625 -187.2021026611328
-1136.741455078125 -186.20169067382812
-1138.6136474609375 -188.0115203857422
-1140.61328125 -188.9108123779297
-1142.5968017578125 -190.8590850830078
-1144.5965576171875 -192.85740661621094
-1146.5924072265625 -194.8564453125
-1144.5958251953125 -196.4833526611328
-1146.5626220703125 -198.47857666015625
-1144.562744140625 -200.4084014892578
-1146.551513671875 -202.4078369140625
-1144.5516357421875 -204.38760375976562
-1146.5223388671875 -206.38722229003906
-1144.5225830078125 -208.26919555664062
-1146.498291015625 -210.26889038085938
-1144.4984130859375 -212.2235107421875
-1146.4100341796875 -214.22348022460938
-1144.4102783203125 -216.21939086914062
-1143.3316650390625 -218.21922302246094
-1145.2938232421875 -220.2174072265625
-1147.2900390625 -222.2167205810547
-1145.6373291015625 -224.0918426513672
-1143.6378173828125 -226.0535125732422
-1145.6363525390625 -228.0534210205078
-1143.63818359375 -229.9708709716797
-1145.6368408203125 -231.96908569335938
-1143.6376953125 -233.96133422851562
-1145.6373291015625 -235.96124267578125
-1147.542236328125 -237.9434051513672
-1145.54248046875 -239.80018615722656
-1147.542236328125 -241.72802734375
-1149.5419921875 -243.72659301757812
-1147.56396484375 -243.6080322265625
-1149.5638427734375 -245.6079864501953
-1148.1685791015625 -247.3967742919922
-1146.183837890625 -249.38995361328125
-1145.32568359375 -251.3896942138672
-1147.291748046875 -253.38966369628906
-1145.2950439453125 -255.23968505859375
-1146.971923828125 -257.23968505859375
-1144.9720458984375 -259.2132568359375
-1146.96435546875 -261.08135986328125
