-1036.9625244140625 -76.09967803955078
-1035.2191162109375 -78.09889221191406
-1037.2120361328125 -80.0964584350586
-1035.21728515625 -81.55335235595703
-1037.191162109375 -83.53722381591797
-1035.239990234375 -85.39471435546875
-1037.1998291015625 -87.38672637939453
-1035.7432861328125 -89.3863296508789
-1033.7947998046875 -91.3838119506836
-1035.787353515625 -93.38270568847656
-1033.8961181640625 -95.38228607177734
-1035.8961181640625 -97.37666320800781
-1034.85205078125 -99.37580108642578
-1036.8507080078125 -101.35770416259766
-1034.9129638671875 -103.35733795166016
-1036.909912109375 -105.30641174316406
-1036.652099609375 -107.30537414550781
-1037.6734619140625 -107.2431411743164
-1038.9798583984375 -106.09191131591797
-1037.8843994140625 -108.0895767211914
-1037.316162109375 -106.28070831298828
-1037.2003173828125 -108.27984619140625
-1038.09716796875 -106.46346282958984
-1038.015380859375 -108.46158599853516
-1039.53466796875 -107.29582214355469
-1039.948486328125 -109.28260040283203
-1040.720947265625 -107.48397827148438
-1042.419189453125 -109.4822006225586
-1041.2708740234375 -108.11768341064453
-1043.018310546875 -106.79315948486328
-1044.4117431640625 -108.7677001953125
-1044.614501953125 -106.79620361328125
-1046.2083740234375 -108.79428100585938
-1045.5657958984375 -106.90922546386719
-1047.5040283203125 -108.90150451660156
-1048.9793701171875 -107.26403045654297
-1050.9737548828125 -109.22108459472656
-1051.493408203125 -111.20169830322266
-1051.4395751953125 -109.41631317138672
-1053.2752685546875 -111.40245819091797
-1051.8192138671875 -109.69911193847656
-1053.576904296875 -111.69755554199219
-1054.7178955078125 -109.80725860595703
-1056.6917724609375 -111.77851867675781
-1057.3143310546875 -109.80667877197266
-1059.28466796875 -111.8016586303711
-1057.7799072265625 -110.27336120605469
-1058.630615234375 -108.82906341552734
-1060.61328125 -110.82672119140625
-1061.2425537109375 -109.0029525756836
-1063.2379150390625 -110.99583435058594
-1063.302734375 -109.05839538574219
-1065.1800537109375 -111.05313873291016
-1065.816162109375 -109.13496398925781
-1067.52685546875 -111.13417053222656
-1066.1270751953125 -110.7628173828125
-1067.783203125 -110.48593139648438
-1069.7626953125 -112.47838592529297
-1071.1893310546875 -110.6588363647461
-1073.136474609375 -112.65581512451172
-1074.9085693359375 -114.09140014648438
-1073.123291015625 -115.9493408203125
-1075.122802734375 -116.70816040039062
-1073.1412353515625 -117.64983367919922
-1075.14013671875 -117.78214263916016
-1073.19384765625 -119.77941131591797
-1075.1934814453125 -121.14202117919922
-1073.19580078125 -123.13377380371094
-1075.194580078125 -124.82549285888672
-1073.268310546875 -126.61164093017578
-1075.26708984375 -128.4743194580078
-1073.289794921875 -130.46087646484375
-1075.289306640625 -132.39682006835938
-1073.3109130859375 -134.38458251953125
-1075.2984619140625 -136.191650390625
-1073.742919921875 -138.17861938476562
-1075.7425537109375 -136.3461151123047
-1073.754638671875 -138.34291076660156
-1075.7545166015625 -140.06028747558594
-1074.1171875 -141.9858856201172
-1076.1171875 -143.24049377441406
-1074.1380615234375 -145.1871337890625
-1072.149658203125 -147.17462158203125
-1074.1488037109375 -149.1296844482422
-1072.7921142578125 -151.1096954345703
-1074.7921142578125 -153.0054168701172
-1073.8392333984375 -153.0474090576172
-1074.87646484375 -151.19776916503906
-1074.6536865234375 -153.0065460205078
-1076.260009765625 -154.60984802246094
-1077.2476806640625 -153.78924560546875
-1076.0087890625 -154.22677612304688
-1075.4364013671875 -152.3354034423828
-1077.4014892578125 -152.66737365722656
-1079.3232421875 -151.3269805908203
-1081.2774658203125 -153.3243408203125
-1083.2569580078125 -151.35923767089844
-1085.2413330078125 -153.14268493652344
-1087.2386474609375 -155.11245727539062
-1086.2689208984375 -153.1558380126953
-1088.2301025390625 -155.12332153320312
-1088.75927734375 -153.7838592529297
-1090.7025146484375 -151.87818908691406
-1089.9229736328125 -153.875
-1091.6798095703125 -151.90054321289062
-1090.319091796875 -153.8874969482422
-1092.315185546875 -152.0908660888672
-1093.15087890625 -154.0751495361328
-1093.485107421875 -156.05311584472656
-1092.945068359375 -154.41294860839844
-1092.9949951171875 -156.40011596679688
-1091.2940673828125 -154.63644409179688
-1092.6380615234375 -152.93251037597656
-1093.0946044921875 -154.75494384765625
-1094.977294921875 -156.3797149658203
-1096.2276611328125 -154.40245056152344
-1098.1556396484375 -156.36207580566406
-1099.705322265625 -154.36866760253906
-1101.6929931640625 -156.3636932373047
-1102.68994140625 -154.62571716308594
-1104.6861572265625 -156.62083435058594
-1103.9755859375 -154.63853454589844
-1105.8896484375 -156.62896728515625
-1107.718994140625 -154.7646026611328
-1109.7083740234375 -156.7566375732422
-1111.3863525390625 -156.19329833984375
-1112.7445068359375 -154.9091033935547
-1114.7393798828125 -156.89967346191406
-1116.0528564453125 -155.23980712890625
-1117.9609375 -157.2386016845703
-1116.4156494140625 -156.40011596679688
-1118.2086181640625 -154.6481170654297
-1120.1629638671875 -156.6123504638672
-1121.689697265625 -156.87257385253906
-1123.6221923828125 -157.14212036132812
-1124.7677001953125 -155.6057586669922
-1126.2506103515625 -157.58627319335938
-1127.8201904296875 -155.6227569580078
-1127.742919921875 -157.60536193847656
-1126.635498046875 -156.6430206298828
-1127.490234375 -154.82276916503906
-1128.95849609375 -156.81163024902344
-1129.6357421875 -157.941162109375
-1128.7452392578125 -157.5664520263672
-1129.081787109375 -156.32492065429688
-1128.425048828125 -158.32472229003906
-1129.309326171875 -158.23028564453125
-1129.2542724609375 -158.36001586914062
-1127.989013671875 -156.49630737304688
-1129.0220947265625 -157.76820373535156
-1130.8360595703125 -158.39883422851562
-1128.9886474609375 -158.08892822265625
-1130.121337890625 -156.1110076904297
-1131.99169921875 -158.10791015625
-1133.026611328125 -156.64991760253906
-1134.0164794921875 -158.6451416015625
-1135.196044921875 -157.34512329101562
-1135.01123046875 -156.8423614501953
-1136.639404296875 -156.49432373046875
-1138.3980712890625 -158.48989868164062
-1138.326904296875 -158.3961639404297
-1139.8743896484375 -157.58982849121094
-1139.9488525390625 -156.13645935058594
-1141.54736328125 -158.13528442382812
-1143.48291015625 -159.61192321777344
-1145.482666015625 -160.68429565429688
-1143.4910888671875 -162.6762237548828
-1145.489501953125 -164.6392059326172
-1143.51513671875 -166.55654907226562
-1145.51513671875 -168.49461364746094
-1143.5382080078125 -170.4325408935547
-1145.5364990234375 -172.42938232421875
-1143.538818359375 -174.34063720703125
-1145.53857421875 -176.22402954101562
-1143.540771484375 -178.2095947265625
-1145.54052734375 -179.69522094726562
-1143.5574951171875 -181.6592254638672
-1145.557373046875 -183.63746643066406
-1147.55712890625 -185.63365173339844
-1145.5919189453125 -187.1053466796875
-1143.7442626953125 -185.2367401123047
-1145.73486328125 -187.2304229736328
-1143.849609375 -186.97227478027344
-1145.846923828125 -188.89404296875
-1143.8848876953125 -190.8028564453125
-1145.884033203125 -192.7744598388672
-1143.89111328125 -194.74581909179688
-1145.890869140625 -195.2504425048828
-1143.9295654296875 -197.23818969726562
-1145.927734375 -199.2362823486328
-1144.0616455078125 -201.2267608642578
-1146.0614013671875 -203.20498657226562
-1144.1221923828125 -205.18589782714844
-1146.1217041015625 -207.17530822753906
-1144.133544921875 -208.95321655273438
-1146.1328125 -210.85476684570312
-1144.2061767578125 -212.8478240966797
-1146.2059326171875 -214.83291625976562
-1144.603271484375 -216.34490966796875
-1146.5015869140625 -218.24569702148438
-1145.8509521484375 -218.01690673828125
-1147.8472900390625 -219.97450256347656
-1145.9686279296875 -221.05340576171875
-1143.9830322265625 -222.97763061523438
-1145.9783935546875 -224.96022033691406
-1144.0382080078125 -226.73736572265625
-1146.0362548828125 -228.73074340820312
-1144.0484619140625 -230.64390563964844
-1146.0421142578125 -232.2599334716797
-1144.0740966796875 -234.16571044921875
-1146.0738525390625 -235.97042846679688
-1147.2423095703125 -237.76661682128906
-1149.215087890625 -239.50950622558594
-1147.2437744140625 -241.08889770507812
-1149.2252197265625 -242.4647674560547
-1147.247802734375 -242.67959594726562
-1149.239501953125 -244.6360321044922
-1147.3253173828125 -246.38754272460938
-1145.371826171875 -248.2918701171875
-1146.421875 -250.26953125
-1144.4752197265625 -252.25999450683594
-1146.435791015625 -254.23187255859375
-1144.44189453125 -255.74559020996094
-1146.367919921875 -257.2668762207031
-1147.6693115234375 -258.48101806640625
-1145.7275390625 -260.15576171875
