-1036.9854736328125 -76.09696197509766
-1035.74462890625 -78.09547424316406
-1037.74462890625 -80.03137969970703
-1035.805419921875 -80.10354614257812
-1037.8052978515625 -82.10030364990234
-1037.3428955078125 -83.88392639160156
-1036.6658935546875 -85.74812316894531
-1034.6793212890625 -87.69629669189453
-1036.6793212890625 -89.66175842285156
-1034.760986328125 -91.33138275146484
-1036.7608642578125 -93.32614135742188
-1037.8563232421875 -95.27532958984375
-1038.990478515625 -97.26651763916016
-1037.216552734375 -99.16934204101562
-1035.255859375 -101.1655502319336
-1033.7613525390625 -103.12364196777344
-1035.7613525390625 -105.1162109375
-1034.0958251953125 -107.04621124267578
-1036.0950927734375 -105.3344497680664
-1036.01025390625 -107.33411407470703
-1038.00732421875 -106.9150619506836
-1039.9697265625 -106.52733612060547
-1038.166015625 -108.52543640136719
-1040.1243896484375 -108.21932983398438
-1042.0023193359375 -107.36955261230469
-1043.219970703125 -109.3688735961914
-1045.20703125 -107.49468994140625
-1046.80810546875 -109.49419403076172
-1048.789306640625 -108.87554168701172
-1050.7769775390625 -110.87384796142578
-1052.764404296875 -109.37271881103516
-1054.7628173828125 -111.37264251708984
-1056.7613525390625 -111.42220306396484
-1058.705322265625 -111.51105499267578
-1060.668212890625 -109.76741027832031
-1062.6441650390625 -111.76737976074219
-1064.41357421875 -110.1493911743164
-1066.3717041015625 -112.1487045288086
-1068.2840576171875 -112.50647735595703
-1070.28369140625 -112.21028137207031
-1072.2835693359375 -110.89237976074219
-1074.151611328125 -112.89232635498047
-1072.1517333984375 -113.21510314941406
-1074.151123046875 -112.14395141601562
-1072.1519775390625 -111.75617218017578
-1074.1517333984375 -111.7614517211914
-1072.1529541015625 -113.41184997558594
-1074.1529541015625 -115.25605010986328
-1072.1529541015625 -117.21379089355469
-1074.1529541015625 -119.13310241699219
-1076.1529541015625 -121.12234497070312
-1075.0252685546875 -123.0020751953125
-1073.125732421875 -124.99706268310547
-1075.125732421875 -126.94065856933594
-1073.1907958984375 -128.9371795654297
-1075.1907958984375 -130.7654571533203
-1073.2392578125 -132.76124572753906
-1075.2392578125 -134.74514770507812
-1073.2667236328125 -136.7425994873047
-1075.2667236328125 -138.48739624023438
-1073.8984375 -140.45895385742188
-1075.8984375 -142.4522247314453
-1075.1607666015625 -144.25660705566406
-1076.5230712890625 -146.2433624267578
-1077.7431640625 -148.24285888671875
-1078.6036376953125 -150.24278259277344
-1080.3878173828125 -152.2412872314453
-1082.2322998046875 -154.24124145507812
-1083.964111328125 -153.16246032714844
-1085.9071044921875 -151.683837890625
-1087.90625 -153.6837615966797
-1089.8984375 -154.61798095703125
-1091.8936767578125 -152.85301208496094
-1093.8079833984375 -154.8526611328125
-1095.806396484375 -156.85256958007812
-1097.7425537109375 -156.06814575195312
-1099.7298583984375 -156.41941833496094
-1101.72900390625 -154.68101501464844
-1103.719970703125 -156.68092346191406
-1105.7186279296875 -155.6913299560547
-1107.70947265625 -155.6563262939453
-1109.709228515625 -155.1565399169922
-1111.5389404296875 -157.15647888183594
-1113.3118896484375 -156.0598907470703
-1115.1868896484375 -156.49417114257812
-1116.9617919921875 -155.45213317871094
-1118.7244873046875 -157.45208740234375
-1120.689208984375 -157.75624084472656
-1122.3203125 -157.20742797851562
-1124.302490234375 -158.8485870361328
-1126.189208984375 -158.257568359375
-1127.7901611328125 -156.7470703125
-1129.7593994140625 -157.44183349609375
-1130.9608154296875 -158.95538330078125
-1132.732177734375 -157.09832763671875
-1133.7220458984375 -158.89024353027344
-1135.057861328125 -157.0780029296875
-1137.044189453125 -156.89108276367188
-1136.0926513671875 -158.08609008789062
-1138.0284423828125 -159.31163024902344
-1140.0147705078125 -159.461669921875
-1142.0145263671875 -160.3778076171875
-1144.0115966796875 -162.3419647216797
-1146.01123046875 -164.3137664794922
-1144.61181640625 -166.31243896484375
-1146.6112060546875 -168.25880432128906
-1144.611328125 -170.17483520507812
-1146.611083984375 -172.16714477539062
-1144.613037109375 -174.12588500976562
-1146.6123046875 -176.04879760742188
-1144.64794921875 -178.0255584716797
-1146.647216796875 -179.96864318847656
-1144.725341796875 -181.96633911132812
-1146.7252197265625 -183.96348571777344
-1144.7269287109375 -185.6184844970703
-1146.692138671875 -187.6171112060547
-1144.6990966796875 -189.54808044433594
-1142.795166015625 -191.54171752929688
-1144.7950439453125 -193.5382843017578
-1142.798095703125 -195.52308654785156
-1144.798095703125 -197.4717559814453
-1146.79638671875 -199.45852661132812
-1146.606201171875 -201.45108032226562
-1144.6082763671875 -203.44216918945312
-1146.608154296875 -205.38076782226562
-1144.70751953125 -207.37557983398438
-1146.70361328125 -209.3382110595703
-1144.7247314453125 -211.3357391357422
-1146.7237548828125 -213.32919311523438
-1147.5762939453125 -215.32542419433594
-1147.546142578125 -216.12686157226562
-1147.30126953125 -218.10690307617188
-1146.678466796875 -220.02886962890625
-1146.044921875 -219.3757781982422
-1144.9044189453125 -218.78485107421875
-1146.904296875 -220.41207885742188
-1145.0091552734375 -222.03475952148438
-1147.009033203125 -222.26300048828125
-1145.1768798828125 -223.79139709472656
-1147.1761474609375 -225.7878875732422
-1145.583251953125 -227.78651428222656
-1143.6256103515625 -229.78359985351562
-1145.624755859375 -231.7706756591797
-1144.2255859375 -233.5868682861328
-1146.2242431640625 -235.316650390625
-1148.2076416015625 -234.36578369140625
-1146.3377685546875 -236.35491943359375
-1148.335205078125 -234.47164916992188
-1146.435302734375 -236.4697265625
-1148.4100341796875 -237.04776000976562
-1146.52685546875 -238.9806365966797
-1148.5262451171875 -238.99237060546875
-1146.68603515625 -240.95677185058594
-1148.68505859375 -242.94081115722656
-1146.739013671875 -244.91653442382812
-1148.734375 -246.91627502441406
-1147.6767578125 -248.9150848388672
-1146.6785888671875 -250.91409301757812
-1147.961181640625 -252.7554931640625
-1147.8052978515625 -254.6198272705078
-1146.24658203125 -256.5406188964844
-1144.4259033203125 -258.4732360839844
-1146.4136962890625 -259.412353515625
