-1036.9853515625 -76.05342864990234
-1037.4273681640625 -78.00122833251953
-1035.4722900390625 -76.55170440673828
-1037.47216796875 -76.28714752197266
-1037.33984375 -78.27702331542969
-1035.6138916015625 -77.07662200927734
-1037.60546875 -75.19843292236328
-1037.037353515625 -77.11061096191406
-1035.1881103515625 -76.15743255615234
-1037.16162109375 -74.4129867553711
-1035.9158935546875 -76.2174072265625
-1037.4808349609375 -77.88289642333984
-1035.6275634765625 -77.8471908569336
-1037.62744140625 -79.13162231445312
-1035.67724609375 -79.22418212890625
-1037.67724609375 -80.84812927246094
-1035.8994140625 -81.0038070678711
-1037.8994140625 -82.7000961303711
-1035.9432373046875 -83.53473663330078
-1037.943115234375 -85.51947021484375
-1036.6634521484375 -87.2856216430664
-1035.212646484375 -88.85902404785156
-1037.212646484375 -90.85525512695312
-1035.2327880859375 -92.83609771728516
-1034.9388427734375 -94.25275421142578
-1033.7098388671875 -96.08233642578125
-1035.7098388671875 -98.07687377929688
-1033.7440185546875 -99.9061050415039
-1035.743896484375 -101.83116912841797
-1033.7877197265625 -103.8276138305664
-1035.7877197265625 -105.69799041748047
-1037.6932373046875 -107.6969985961914
-1038.7508544921875 -106.91354370117188
-1040.548583984375 -108.90046691894531
-1042.4366455078125 -107.03364562988281
-1043.97607421875 -109.02960205078125
-1045.876220703125 -108.10379791259766
-1047.8724365234375 -110.09983825683594
-1049.725830078125 -108.95032501220703
-1051.7257080078125 -110.94904327392578
-1053.2403564453125 -109.57323455810547
-1055.1744384765625 -111.56592559814453
-1055.872314453125 -109.8333740234375
-1057.8267822265625 -111.78660583496094
-1059.3756103515625 -112.49131774902344
-1060.375244140625 -110.61967468261719
-1060.6524658203125 -110.4759750366211
-1062.003173828125 -108.85889434814453
-1063.975341796875 -110.85367584228516
-1065.8848876953125 -108.9859390258789
-1067.686279296875 -110.97734069824219
-1069.3397216796875 -109.19001770019531
-1071.269287109375 -111.17610931396484
-1073.0458984375 -109.36353302001953
-1074.9798583984375 -111.36212158203125
-1073.0426025390625 -110.04780578613281
-1074.9510498046875 -111.99227905273438
-1072.9896240234375 -110.43096923828125
-1074.9832763671875 -112.4274673461914
-1073.37255859375 -110.97066497802734
-1075.3487548828125 -112.96234130859375
-1073.517822265625 -112.23497772216797
-1075.514404296875 -113.74591064453125
-1073.5211181640625 -113.55134582519531
-1075.513427734375 -115.22659301757812
-1073.5147705078125 -115.3328628540039
-1075.5145263671875 -117.27029418945312
-1073.5283203125 -119.14250946044922
-1075.5283203125 -121.13191223144531
-1073.624755859375 -122.63024139404297
-1075.624755859375 -124.58460235595703
-1073.6693115234375 -126.54995727539062
-1075.6693115234375 -128.50881958007812
-1073.674072265625 -130.372314453125
-1075.674072265625 -132.22219848632812
-1073.684326171875 -134.12477111816406
-1075.684326171875 -136.10989379882812
-1073.9306640625 -137.99249267578125
-1075.9306640625 -139.9774932861328
-1073.960205078125 -141.943603515625
-1075.9599609375 -143.9384765625
-1073.9893798828125 -145.932373046875
-1073.025146484375 -147.92877197265625
-1074.98974609375 -149.9286346435547
-1076.2738037109375 -151.9254150390625
-1078.154296875 -153.92112731933594
-1079.9923095703125 -154.6444091796875
-1081.865478515625 -154.25042724609375
-1083.8104248046875 -154.44488525390625
-1085.7882080078125 -154.52902221679688
-1087.6629638671875 -154.7498779296875
-1088.9267578125 -152.92430114746094
-1090.27294921875 -154.92372131347656
-1091.802734375 -154.0726318359375
-1091.29248046875 -155.9976348876953
-1093.285400390625 -157.47422790527344
-1091.40625 -156.50950622558594
-1093.34716796875 -154.59716796875
-1094.6776123046875 -156.59481811523438
-1092.94580078125 -154.8754119873047
-1094.2244873046875 -156.8749237060547
-1092.2615966796875 -155.14010620117188
-1094.2266845703125 -156.75306701660156
-1093.2369384765625 -155.1951446533203
-1092.2391357421875 -156.47195434570312
-1094.22607421875 -158.10902404785156
-1093.390380859375 -156.29623413085938
-1092.1151123046875 -154.6361846923828
-1093.390869140625 -156.6334228515625
-1092.0865478515625 -155.78118896484375
-1094.0777587890625 -155.59042358398438
-1095.077880859375 -153.8700714111328
-1096.9178466796875 -155.86117553710938
-1098.797119140625 -154.0850372314453
-1098.3253173828125 -156.08456420898438
-1100.2080078125 -155.33364868164062
-1102.0047607421875 -153.68222045898438
-1102.9307861328125 -155.6813507080078
-1104.7486572265625 -154.96798706054688
-1106.5028076171875 -156.96705627441406
-1108.489990234375 -155.01348876953125
-1110.410400390625 -157.01170349121094
-1111.73974609375 -155.18870544433594
-1113.675048828125 -157.18797302246094
-1115.641845703125 -157.94248962402344
-1117.5836181640625 -156.18661499023438
-1118.3995361328125 -155.57110595703125
-1120.282470703125 -157.56759643554688
-1121.665771484375 -156.29885864257812
-1122.7010498046875 -156.17892456054688
-1124.039306640625 -156.2583770751953
-1123.773193359375 -154.86737060546875
-1125.574462890625 -156.8620147705078
-1124.641845703125 -155.6895294189453
-1125.584228515625 -157.6893310546875
-1125.57177734375 -156.22926330566406
-1126.4505615234375 -154.4134521484375
-1127.9329833984375 -156.41329956054688
-1128.9993896484375 -155.97666931152344
-1127.5994873046875 -157.975830078125
-1128.127685546875 -156.04331970214844
-1127.3060302734375 -158.03970336914062
-1128.025146484375 -156.1981201171875
-1129.0687255859375 -155.5183868408203
-1129.300537109375 -157.5167694091797
-1130.6644287109375 -155.69808959960938
-1129.7801513671875 -157.6978759765625
-1130.272216796875 -158.19810485839844
-1131.9801025390625 -156.29534912109375
-1132.4134521484375 -158.28472900390625
-1132.2425537109375 -156.53439331054688
-1132.7830810546875 -158.53411865234375
-1131.9512939453125 -156.6322784423828
-1130.3052978515625 -158.6301727294922
-1130.4219970703125 -156.769287109375
-1130.4312744140625 -155.8860321044922
-1131.2103271484375 -157.87474060058594
-1132.5611572265625 -156.0973358154297
-1133.742431640625 -158.09475708007812
-1134.31494140625 -156.67230224609375
-1136.159912109375 -158.6719207763672
-1136.791015625 -157.0679931640625
-1138.568359375 -157.6747283935547
-1140.3839111328125 -156.93716430664062
-1142.3109130859375 -158.93312072753906
-1144.270751953125 -160.49813842773438
-1142.2724609375 -162.4606475830078
-1144.2724609375 -164.38986206054688
-1146.272216796875 -166.3760223388672
-1145.305419921875 -168.3440399169922
-1143.356689453125 -170.27565002441406
-1145.3564453125 -172.23138427734375
-1143.358154296875 -174.22926330566406
-1145.358154296875 -176.21282958984375
-1143.3607177734375 -177.81109619140625
-1145.3604736328125 -179.69659423828125
-1143.4234619140625 -181.6887664794922
-1145.4228515625 -183.64743041992188
-1147.4222412109375 -185.6473846435547
-1145.4324951171875 -187.23036193847656
-1143.90673828125 -189.1239013671875
-1145.9052734375 -191.12350463867188
-1143.9061279296875 -192.90768432617188
-1145.8980712890625 -194.90699768066406
-1144.548828125 -196.4984893798828
-1146.515380859375 -198.4951171875
-1144.5567626953125 -200.45721435546875
-1146.5526123046875 -202.45706176757812
-1144.7515869140625 -204.3877410888672
-1146.7099609375 -206.387451171875
-1144.7354736328125 -208.3616943359375
-1146.713134765625 -210.36158752441406
-1145.60693359375 -212.344482421875
-1147.257568359375 -214.3444366455078
-1145.2650146484375 -216.34420776367188
-1143.5628662109375 -218.30020141601562
-1143.3087158203125 -220.2952423095703
-1145.2137451171875 -222.26657104492188
-1146.887451171875 -224.26605224609375
-1144.912353515625 -223.42430114746094
-1146.44921875 -225.42327880859375
-1144.453125 -226.86204528808594
-1146.4422607421875 -228.86158752441406
-1144.8348388671875 -230.85850524902344
-1146.7913818359375 -232.8577880859375
-1144.8221435546875 -234.83213806152344
-1146.252197265625 -233.20558166503906
-1144.2598876953125 -235.18386840820312
-1145.9554443359375 -234.522216796875
-1143.95703125 -236.5165557861328
-1144.9630126953125 -235.38223266601562
-1146.0191650390625 -234.56724548339844
-1144.046142578125 -236.5357208251953
-1144.4471435546875 -235.3236846923828
-1145.009521484375 -234.33848571777344
-1143.6400146484375 -233.74546813964844
-1145.404052734375 -235.73251342773438
-1144.7587890625 -236.80670166015625
-1145.750732421875 -236.76687622070312
-1146.7091064453125 -238.2802734375
-1148.703369140625 -240.03228759765625
-1146.7049560546875 -241.90936279296875
-1148.7032470703125 -243.89109802246094
-1146.70458984375 -244.42819213867188
-1147.701171875 -246.42356872558594
-1145.7119140625 -248.37400817871094
-1145.7998046875 -250.3739776611328
-1147.15283203125 -252.3730010986328
-1145.42138671875 -253.9667205810547
-1143.5582275390625 -255.96548461914062
-1145.089599609375 -257.96337890625
-1145.6029052734375 -259.4935607910156
-1147.452392578125 -261.2751159667969
