-953.1341552734375 -276.6472473144531
-951.2505493164062 -278.5955810546875
-949.2931518554688 -280.5568542480469
-947.3219604492188 -282.5457458496094
-945.7842407226562 -284.53973388671875
-947.7825317382812 -286.5316162109375
-945.7911376953125 -288.52288818359375
-947.7901611328125 -290.4442138671875
-946.6814575195312 -292.4256896972656
-948.680908203125 -294.4136047363281
-946.7117919921875 -296.4103698730469
-948.7078857421875 -298.402587890625
-946.811767578125 -300.3865051269531
-948.8106689453125 -302.3721618652344
-946.97705078125 -304.3299255371094
-948.9755249023438 -306.30859375
-947.131591796875 -308.2658386230469
-949.1295776367188 -310.2427673339844
-947.9734497070312 -312.1869812011719
-945.99853515625 -314.16778564453125
-947.9953002929688 -316.0915222167969
-949.9934692382812 -317.85919189453125
-948.4917602539062 -319.83795166015625
-946.4982299804688 -321.8220520019531
-948.4895629882812 -323.80194091796875
-946.600341796875 -325.4295654296875
-948.5983276367188 -327.4259033203125
-946.5986328125 -329.3255310058594
-948.5919799804688 -331.3229064941406
-946.6201171875 -333.2242431640625
-948.619384765625 -335.2225036621094
-947.1690063476562 -336.9361877441406
-949.1679077148438 -338.9105529785156
-947.4097290039062 -340.753662109375
-949.4035034179688 -342.63623046875
-947.4832153320312 -344.6243896484375
-949.4828491210938 -346.5873718261719
-947.5411987304688 -348.5083923339844
-949.540771484375 -350.3123474121094
-947.5980224609375 -352.28277587890625
-949.5979614257812 -354.0263977050781
-947.719482421875 -355.9497985839844
-949.7153930664062 -357.8763732910156
-947.8258666992188 -359.70391845703125
-949.8126220703125 -361.6869201660156
-947.8629150390625 -363.57037353515625
-949.8616943359375 -365.11773681640625
-947.8863525390625 -366.7680969238281
-949.861572265625 -368.63153076171875
-948.3018188476562 -370.4964599609375
-946.3324584960938 -372.4181823730469
-948.3319091796875 -374.4090576171875
-946.5167846679688 -375.9602966308594
-948.5145263671875 -377.79510498046875
-946.5676879882812 -378.43890380859375
-948.567626953125 -380.4073791503906
-948.9888305664062 -382.3711242675781
-946.9921264648438 -383.9690246582031
-948.9920043945312 -385.8380432128906
-947.4599609375 -387.5782775878906
-948.967041015625 -389.518798828125
-949.6826171875 -391.4218444824219
-947.6961669921875 -393.3578796386719
-949.68994140625 -395.1827392578125
-947.9694213867188 -395.932861328125
-946.1192016601562 -396.1766357421875
-948.095947265625 -398.0782470703125
-946.38427734375 -398.6390686035156
-948.3822021484375 -399.2388916015625
-947.0079956054688 -400.9190673828125
-949.0077514648438 -402.79931640625
-947.7808227539062 -404.6643981933594
-947.2258911132812 -406.4429931640625
-948.9425659179688 -407.40087890625
-948.0368041992188 -409.3382873535156
-950.0355224609375 -410.63055419921875
-948.146728515625 -412.6130676269531
-950.1447143554688 -411.8245849609375
-948.923095703125 -413.6310119628906
-950.8952026367188 -413.9126892089844
-951.7208862304688 -415.6866760253906
-949.844482421875 -416.6571044921875
-951.816162109375 -417.9842224121094
-950.305419921875 -419.9118957519531
-948.620849609375 -421.71527099609375
-950.6182861328125 -421.6067810058594
-949.3567504882812 -423.393310546875
-951.3539428710938 -424.7690124511719
-950.0147705078125 -426.69000244140625
-950.6958618164062 -428.13580322265625
-949.31396484375 -429.6846008300781
-951.3132934570312 -431.35565185546875
-949.7839965820312 -433.290771484375
-951.5087280273438 -435.270751953125
-952.1226806640625 -437.18572998046875
-951.3043823242188 -438.71484375
-950.96044921875 -440.61688232421875
-952.0880737304688 -442.46990966796875
-950.509033203125 -444.4526062011719
-949.693359375 -445.57720947265625
-951.5148315429688 -445.9601745605469
-951.6721801757812 -447.7616882324219
-950.0250854492188 -449.553466796875
-951.4319458007812 -451.1705017089844
-949.9631958007812 -451.2620849609375
-951.8951416015625 -453.09857177734375
-951.9715576171875 -454.6227722167969
-950.4080810546875 -456.051025390625
-950.8921508789062 -458.0329895019531
-952.8766479492188 -460.0240173339844
-954.3878173828125 -460.6070556640625
-954.817138671875 -461.0552673339844
-955.2902221679688 -462.97393798828125
-957.0274658203125 -461.75067138671875
-956.7161865234375 -462.4994201660156
-955.527099609375 -462.5533447265625
-953.902099609375 -464.3415222167969
-955.7594604492188 -466.1507873535156
-957.7094116210938 -465.78411865234375
-959.0093383789062 -467.19683837890625
-960.6298217773438 -467.0361022949219
-959.0000610351562 -469.0011291503906
-957.3078002929688 -469.0975036621094
-959.149658203125 -470.8731689453125
-957.4908447265625 -472.11602783203125
-956.2464599609375 -473.6531677246094
-957.7450561523438 -473.4994201660156
-956.9443969726562 -475.3485107421875
-956.9525146484375 -476.1700439453125
-958.8970336914062 -478.1302795410156
-960.8928833007812 -479.9123229980469
-962.8905639648438 -481.901123046875
-964.8901977539062 -483.9004211425781
-966.8892822265625 -485.8991394042969
-968.8892822265625 -487.89227294921875
-970.88916015625 -489.89019775390625
-972.88916015625 -491.8861999511719
-974.8869018554688 -489.88690185546875
-976.8850708007812 -487.8905334472656
-978.8850708007812 -489.88946533203125
-980.692626953125 -487.8905944824219
-982.6922607421875 -489.8871765136719
-984.6866455078125 -487.89019775390625
-986.6859741210938 -489.8807373046875
-988.6827392578125 -487.9101867675781
-990.681396484375 -489.90936279296875
-992.598388671875 -487.910400390625
-994.5980834960938 -489.9073791503906
-996.5949096679688 -487.908447265625
-998.5899047851562 -489.8917541503906
-1000.58935546875 -487.8930969238281
-1002.5885009765625 -489.8839111328125
-1004.5853881835938 -487.8890686035156
-1006.5838623046875 -489.8477478027344
-1007.2989501953125 -487.878662109375
-1009.2979125976562 -489.8772277832031
-1011.2857055664062 -487.8857116699219
-1013.2474975585938 -485.8870544433594
-1015.2474365234375 -487.88629150390625
-1016.9183959960938 -485.8874816894531
-1018.9144287109375 -483.8912353515625
-1020.9131469726562 -485.86798095703125
-1022.9063110351562 -483.869873046875
-1024.9039306640625 -485.8694763183594
-1026.9033203125 -483.90948486328125
-1028.9029541015625 -485.9087219238281
-1028.532958984375 -483.90924072265625
-1030.5048828125 -485.9072265625
-1032.5040283203125 -483.9107666015625
-1034.5028076171875 -485.89410400390625
-1036.3458251953125 -484.1157531738281
-1038.339599609375 -486.10833740234375
-1038.7232666015625 -484.1822509765625
-1040.7222900390625 -486.1449279785156
-1042.299072265625 -484.5615234375
-1044.29248046875 -486.5610046386719
-1046.2679443359375 -484.57940673828125
-1048.2591552734375 -486.5745849609375
-1049.2584228515625 -485.0917053222656
-1051.0860595703125 -487.0904235839844
-1052.9969482421875 -485.1845703125
-1054.7982177734375 -487.1845397949219
-1055.6002197265625 -485.56402587890625
-1056.9893798828125 -487.56207275390625
-1058.5986328125 -485.5920104980469
-1056.6512451171875 -487.59130859375
-1058.6259765625 -486.14166259765625
-1056.97412109375 -488.14166259765625
-1058.8338623046875 -486.1551208496094
-1059.4039306640625 -488.1549072265625
-1061.3917236328125 -486.18719482421875
-1060.990966796875 -488.18719482421875
-1061.213134765625 -486.61126708984375
-1060.882568359375 -488.6112365722656
-1062.447265625 -488.06195068359375
-1062.950927734375 -490.0618896484375
-1064.7169189453125 -489.5178527832031
-1065.5931396484375 -490.5688171386719
