-952.9597778320312 -276.6487731933594
-951.7572021484375 -278.6487731933594
-949.7999267578125 -280.64874267578125
-947.8236694335938 -282.6487121582031
-945.825927734375 -284.6487121582031
-947.8258666992188 -286.6482849121094
-945.8270874023438 -288.6482238769531
-947.8269653320312 -290.6477355957031
-945.829833984375 -292.6477355957031
-947.8297729492188 -294.6475830078125
-949.8297119140625 -296.6474914550781
-947.833984375 -298.6471252441406
-949.832763671875 -300.6465148925781
-947.8532104492188 -302.646484375
-949.803955078125 -304.64617919921875
-947.8262329101562 -306.64617919921875
-945.928466796875 -308.6461181640625
-947.9278564453125 -310.6457824707031
-945.9375 -312.6457824707031
-947.9365234375 -314.6413879394531
-949.9364624023438 -316.639404296875
-948.0098876953125 -318.63848876953125
-950.0098876953125 -320.6364440917969
-948.0169677734375 -322.6336975097656
-950.0169067382812 -324.6325378417969
-948.0269165039062 -326.63238525390625
-950.0267944335938 -328.6302795410156
-948.092529296875 -330.6294250488281
-950.06982421875 -332.627197265625
-948.0744018554688 -334.6270446777344
-950.071533203125 -336.624267578125
-948.12548828125 -338.6240539550781
-950.1116943359375 -340.58984375
-948.25341796875 -342.58966064453125
-946.3067626953125 -344.589599609375
-948.2960205078125 -346.5894775390625
-946.3087158203125 -348.5887145996094
-948.3073120117188 -350.5697021484375
-946.3908081054688 -352.5695495605469
-948.3908081054688 -354.5650634765625
-946.412841796875 -356.56500244140625
-948.4125366210938 -358.56463623046875
-946.4175415039062 -360.5621032714844
-948.4173583984375 -362.55462646484375
-946.705810546875 -364.5543212890625
-948.7015380859375 -366.5501708984375
-946.7035522460938 -368.5499572753906
-948.682861328125 -370.5383605957031
-947.2432250976562 -372.53759765625
-949.2430419921875 -374.5334777832031
-947.281005859375 -376.5321960449219
-949.2809448242188 -378.5202941894531
-947.3470458984375 -380.5202331542969
-949.343505859375 -382.3569641113281
-947.3470458984375 -384.35693359375
-949.3463745117188 -386.3438415527344
-947.3592529296875 -388.3437805175781
-949.3551635742188 -390.3424377441406
-947.5306396484375 -392.34234619140625
-949.4982299804688 -394.3407897949219
-947.5055541992188 -396.3406982421875
-949.4906616210938 -398.3261413574219
-949.525634765625 -400.3174743652344
-947.5739135742188 -402.3158264160156
-945.6363525390625 -404.3082580566406
-947.6314086914062 -405.3269348144531
-949.6309204101562 -405.95245361328125
-947.6475219726562 -407.9514465332031
-949.6471557617188 -409.906982421875
-947.882568359375 -411.9067077636719
-949.882080078125 -413.347412109375
-948.1231689453125 -415.3433532714844
-950.1221313476562 -416.4376220703125
-950.3784790039062 -418.4362487792969
-948.4427490234375 -420.4347229003906
-950.4412231445312 -422.318603515625
-948.6083984375 -424.30963134765625
-950.58984375 -426.07061767578125
-948.674560546875 -428.0703430175781
-950.673095703125 -429.83282470703125
-951.1882934570312 -431.8309020996094
-949.4849243164062 -433.8302001953125
-947.9743041992188 -435.8294372558594
-949.9584350585938 -437.8279113769531
-948.231201171875 -439.8180236816406
-946.2509155273438 -441.81768798828125
-948.249267578125 -443.712890625
-947.7544555664062 -445.4484558105469
-947.7015380859375 -447.4227600097656
-946.0369262695312 -449.4184875488281
-948.0367431640625 -450.75689697265625
-946.5593872070312 -452.7498474121094
-944.7924194335938 -454.74951171875
-946.7915649414062 -455.3970642089844
-945.0750122070312 -457.39544677734375
-947.051513671875 -457.9652404785156
-945.192138671875 -459.964111328125
-947.1829833984375 -461.4905700683594
-949.1732788085938 -460.1201477050781
-948.5477905273438 -462.1200866699219
-946.6895751953125 -464.11297607421875
-948.6881103515625 -463.1190185546875
-946.8406982421875 -465.11669921875
-948.5531616210938 -465.9737243652344
-946.5881958007812 -467.9275207519531
-948.5740966796875 -466.81207275390625
-950.1515502929688 -468.8096618652344
-948.2534790039062 -470.7746276855469
-946.4365234375 -472.77239990234375
-948.4364624023438 -471.67578125
-947.7510375976562 -473.6719055175781
-946.7918701171875 -475.669677734375
-948.6325073242188 -476.0770568847656
-949.3743286132812 -478.075927734375
-947.56640625 -480.07403564453125
-945.6976318359375 -482.0738220214844
-947.6380615234375 -483.0146484375
-945.92626953125 -485.0145568847656
-947.922607421875 -486.0265197753906
-949.43017578125 -488.02642822265625
-951.017578125 -490.0263977050781
-949.060546875 -492.02618408203125
-951.0604858398438 -490.0299072265625
-952.5272827148438 -492.02984619140625
-954.5048217773438 -494.0298156738281
-956.4984130859375 -492.03076171875
-955.472412109375 -494.03076171875
-957.4622802734375 -492.0320739746094
-959.4015502929688 -494.0320739746094
-961.3973388671875 -492.0320739746094
-963.3868408203125 -490.0321960449219
-963.1842651367188 -492.03216552734375
-965.18408203125 -490.0323181152344
-964.0578002929688 -492.0322570800781
-966.0565795898438 -490.0325927734375
-967.3939819335938 -492.0325012207031
-969.3933715820312 -490.03326416015625
-970.9990234375 -492.0318603515625
-972.9977416992188 -490.0321044921875
-974.9933471679688 -488.0322265625
-976.987548828125 -490.03179931640625
-978.9871215820312 -488.03778076171875
-980.8400268554688 -490.0229797363281
-982.8350219726562 -488.0229797363281
-984.8204956054688 -490.0225524902344
-986.8202514648438 -488.02264404296875
-988.5667114257812 -490.0223693847656
-990.5648803710938 -488.0225830078125
-992.3092041015625 -490.0223388671875
-994.3088989257812 -488.0223388671875
-996.14501953125 -490.0212097167969
-998.1426391601562 -488.021240234375
-999.5303955078125 -490.02032470703125
-1001.5274658203125 -488.0203857421875
-1003.0022583007812 -490.0152587890625
-1005.0022583007812 -488.0152587890625
-1006.7695922851562 -489.99871826171875
-1008.7485961914062 -487.9989318847656
-1010.7433471679688 -485.9992370605469
-1011.0606689453125 -487.9920349121094
-1013.0476684570312 -485.99212646484375
-1015.047119140625 -483.9922790527344
-1015.7089233398438 -485.9917907714844
-1017.708251953125 -483.9918212890625
-1016.1049194335938 -485.97357177734375
-1018.104248046875 -483.9736633300781
-1019.9691772460938 -485.9706115722656
-1021.951171875 -483.9706115722656
-1021.1773071289062 -485.97052001953125
-1023.1660766601562 -483.9705505371094
-1022.8994750976562 -485.97003173828125
-1024.8992919921875 -483.9701843261719
-1023.97607421875 -485.9671936035156
-1025.9720458984375 -483.9671936035156
-1027.4525146484375 -485.94171142578125
-1029.4517822265625 -483.9418640136719
-1030.0791015625 -485.94091796875
-1032.0689697265625 -483.94091796875
-1033.72314453125 -485.9375305175781
-1035.7227783203125 -483.9382629394531
-1037.2506103515625 -485.9356994628906
-1039.247314453125 -483.9357604980469
-1038.7901611328125 -485.93536376953125
-1040.7867431640625 -483.93536376953125
-1040.1851806640625 -485.9350280761719
-1042.177734375 -483.9350280761719
-1040.42626953125 -485.9346618652344
-1042.400390625 -483.93475341796875
-1041.87353515625 -485.9308166503906
-1043.872802734375 -483.93084716796875
-1042.8555908203125 -485.92578125
-1044.8189697265625 -483.9258117675781
-1045.5433349609375 -485.9251403808594
-1047.5416259765625 -483.9258728027344
-1048.368896484375 -485.9202575683594
-1050.35302734375 -483.9202575683594
-1051.0771484375 -485.912109375
-1052.9989013671875 -483.912109375
-1054.40625 -485.90972900390625
-1056.40478515625 -483.9097595214844
-1056.1005859375 -485.8066711425781
-1057.839599609375 -487.8023986816406
-1059.77734375 -485.8037414550781
-1061.5867919921875 -487.7936706542969
-1063.5809326171875 -485.7939147949219
-1063.76416015625 -487.7931823730469
-1064.9339599609375 -489.78985595703125
-1066.9306640625 -487.796142578125
-1068.0465087890625 -489.7957763671875
