-953.2496337890625 -275.43646240234375
-951.25048828125 -277.3597412109375
-949.2611083984375 -278.3277587890625
-947.2661743164062 -280.2991638183594
-946.4075927734375 -281.32000732421875
-948.4037475585938 -282.5103454589844
-947.3486938476562 -283.94342041015625
-945.3590698242188 -285.8999328613281
-947.3412475585938 -287.2618408203125
-946.6597290039062 -289.22271728515625
-948.6596069335938 -290.224609375
-946.6728515625 -291.00494384765625
-948.6690673828125 -292.9571228027344
-948.5719604492188 -294.7134704589844
-948.91845703125 -296.3207702636719
-947.0167846679688 -297.48431396484375
-949.01513671875 -299.4681701660156
-948.5728759765625 -300.72625732421875
-946.8628540039062 -302.4917907714844
-948.8099975585938 -304.3148193359375
-946.859619140625 -306.2140808105469
-948.8568725585938 -307.91064453125
-950.7487182617188 -309.8893127441406
-951.8143920898438 -311.8879699707031
-953.2107543945312 -313.883056640625
-955.0656127929688 -315.8789978027344
-953.068603515625 -315.5814514160156
-951.4465942382812 -313.76373291015625
-951.8245239257812 -315.7635498046875
-949.8356323242188 -315.4266052246094
-948.6334228515625 -317.1542053222656
-947.7440185546875 -316.8551330566406
-949.743896484375 -317.868896484375
-947.7462158203125 -318.20721435546875
-949.74609375 -319.7926330566406
-949.5283813476562 -320.3591003417969
-947.57177734375 -321.7535705566406
-949.5714111328125 -323.4718017578125
-947.5767211914062 -325.11383056640625
-949.3900756835938 -327.09503173828125
-948.1211547851562 -328.6899108886719
-950.0753784179688 -330.6390686035156
-948.7494506835938 -332.5771484375
-949.4525756835938 -334.5000915527344
-949.580078125 -336.1812438964844
-947.9219970703125 -337.946533203125
-949.8953857421875 -339.81005859375
-949.0899047851562 -341.33831787109375
-947.162841796875 -342.6583557128906
-949.0819091796875 -344.63629150390625
-947.6775512695312 -346.24774169921875
-949.677490234375 -348.0220031738281
-948.2440185546875 -349.9106750488281
-950.2440185546875 -351.78857421875
-951.3455200195312 -353.5810546875
-953.2753295898438 -355.30987548828125
-951.5673217773438 -356.9573669433594
-950.82958984375 -358.940673828125
-949.2601928710938 -360.4305725097656
-947.3855590820312 -361.3677978515625
-949.373046875 -363.3105163574219
-947.6901245117188 -365.0707702636719
-949.6135864257812 -366.9664611816406
-948.1084594726562 -368.8962097167969
-949.7775268554688 -370.8491516113281
-951.7081298828125 -372.6662292480469
-949.849853515625 -373.2450256347656
-947.8706665039062 -374.7304992675781
-945.9087524414062 -376.71087646484375
-947.897216796875 -378.41943359375
-949.8291625976562 -380.3778076171875
-949.2164306640625 -381.899169921875
-948.6448974609375 -383.8446960449219
-946.8145141601562 -385.5782775878906
-948.8056030273438 -386.95013427734375
-948.32763671875 -388.7833251953125
-949.7542724609375 -390.06378173828125
-948.8225708007812 -392.0276794433594
-949.984619140625 -393.9413146972656
-951.9083862304688 -395.81805419921875
-950.0589599609375 -393.8677062988281
-952.0194702148438 -395.8664245605469
-950.974609375 -395.1754455566406
-951.3110961914062 -397.1723937988281
-952.6364135742188 -395.3586120605469
-954.6016845703125 -396.3131408691406
-954.504150390625 -397.7862243652344
-952.7298583984375 -399.3522033691406
-953.1376342773438 -399.15264892578125
-951.3054809570312 -401.0467224121094
-949.3458251953125 -402.9891662597656
-949.3704223632812 -404.3685607910156
-947.6741943359375 -406.30218505859375
-949.6726684570312 -407.89874267578125
-948.7297973632812 -408.9992370605469
-950.6676025390625 -409.60223388671875
-952.30712890625 -410.2775573730469
-953.5197143554688 -412.2459411621094
-954.3660888671875 -414.16748046875
-956.3436279296875 -414.3428955078125
-958.1398315429688 -416.2762451171875
-956.9590454101562 -418.10107421875
-958.7725830078125 -420.0615539550781
-960.3482055664062 -421.7567443847656
-959.50341796875 -423.6315612792969
-958.5189208984375 -425.4238586425781
-960.3991088867188 -427.368408203125
-962.09033203125 -429.19061279296875
-960.8989868164062 -429.80816650390625
-959.5648803710938 -431.476806640625
-960.9765625 -433.3850402832031
-962.35009765625 -435.35028076171875
-960.4215087890625 -437.1492004394531
-960.5170288085938 -438.7763671875
-959.1029052734375 -440.2056884765625
-960.7366333007812 -442.0867919921875
-960.4896850585938 -444.0503845214844
-961.6665649414062 -445.35980224609375
-963.5924682617188 -447.1907653808594
-961.7105102539062 -448.5040588378906
-962.7566528320312 -450.19561767578125
-962.0271606445312 -451.9546203613281
-961.8958129882812 -453.8507080078125
-960.5587768554688 -455.8359375
-962.2081909179688 -457.8180847167969
-963.0849609375 -459.6722412109375
-963.4793701171875 -461.6189270019531
-965.4349975585938 -463.6112060546875
-967.3841552734375 -463.49676513671875
-968.93212890625 -465.4504089355469
-968.8858642578125 -466.0016174316406
-966.891845703125 -464.8783874511719
-966.6935424804688 -466.7743225097656
-964.9451904296875 -468.5743103027344
-964.4821166992188 -469.91339111328125
-964.1361083984375 -471.63714599609375
-964.354248046875 -473.3580017089844
-963.9052734375 -475.1466979980469
-964.6802978515625 -475.06671142578125
-965.94873046875 -476.93902587890625
-966.3327026367188 -478.93792724609375
-968.3182373046875 -480.935546875
-968.4053344726562 -482.9349365234375
-970.4030151367188 -484.93267822265625
-972.3883666992188 -486.932373046875
-974.3609619140625 -488.9310302734375
-976.3598022460938 -490.9306335449219
-978.359375 -489.4881591796875
-980.35546875 -489.0924987792969
-982.3551025390625 -491.0918884277344
-984.3482055664062 -489.1474609375
-986.345947265625 -491.1473388671875
-988.3441772460938 -489.6328125
-990.3440551757812 -487.8158874511719
-992.3435668945312 -489.81512451171875
-994.34033203125 -487.9104919433594
-996.268310546875 -489.9104919433594
-998.2592163085938 -487.9709167480469
-1000.2449340820312 -489.970458984375
-1002.2445068359375 -488.0479431152344
-1004.2443237304688 -490.04681396484375
-1006.2438354492188 -488.07708740234375
-1008.2438354492188 -490.0763244628906
-1010.2115478515625 -488.103759765625
-1012.188720703125 -486.1143493652344
-1014.1861572265625 -484.361572265625
-1016.1856689453125 -486.3613586425781
-1018.1840209960938 -484.4125061035156
-1020.1840209960938 -486.4069519042969
-1022.173583984375 -484.4789733886719
-1024.1734619140625 -486.4788513183594
-1026.1705322265625 -484.48822021484375
-1028.1702880859375 -486.4881896972656
-1030.1690673828125 -484.5544738769531
-1032.1688232421875 -486.554443359375
-1034.1636962890625 -484.6777648925781
-1036.1622314453125 -486.67626953125
-1038.161865234375 -484.7751770019531
-1040.161865234375 -486.7640380859375
-1042.16162109375 -486.07989501953125
-1044.1605224609375 -484.0968017578125
-1046.1485595703125 -486.09637451171875
-1048.1485595703125 -484.1775817871094
-1050.1484375 -486.177490234375
-1052.1484375 -484.26708984375
-1054.138427734375 -486.26708984375
-1056.1383056640625 -484.2987365722656
-1058.1326904296875 -486.29791259765625
-1060.1326904296875 -485.0450439453125
-1062.13232421875 -487.0426940917969
-1064.1297607421875 -489.04248046875
-1066.1297607421875 -490.17889404296875
