-954.7679443359375 -276.64837646484375
-952.9063720703125 -278.6426696777344
-952.7088012695312 -280.6299743652344
-950.9519653320312 -282.6287536621094
-949.1282958984375 -284.6253356933594
-947.9492797851562 -286.6249694824219
-946.2020874023438 -288.6239929199219
-948.2020263671875 -290.62030029296875
-946.2772216796875 -292.617919921875
-948.2766723632812 -294.5311584472656
-947.0701904296875 -296.5245056152344
-949.070068359375 -298.5216064453125
-950.6094970703125 -300.5169372558594
-949.2708129882812 -302.51318359375
-947.9868774414062 -304.5070495605469
-948.5856323242188 -306.4988098144531
-947.7503662109375 -308.4958801269531
-949.7503051757812 -310.4941101074219
-947.8656005859375 -312.47711181640625
-946.294189453125 -314.4766540527344
-948.2926635742188 -316.4555969238281
-950.292236328125 -318.446044921875
-951.3421020507812 -320.43975830078125
-950.9806518554688 -322.4232482910156
-949.0528564453125 -324.3598937988281
-947.5211181640625 -326.3435974121094
-949.520751953125 -328.3315734863281
-947.6494140625 -330.30230712890625
-949.6480102539062 -332.2973327636719
-947.9769897460938 -334.275634765625
-949.976318359375 -336.2577819824219
-949.8059692382812 -338.25396728515625
-948.6777954101562 -340.1639404296875
-948.0393676757812 -342.1618957519531
-950.038818359375 -344.0989990234375
-950.2899780273438 -346.0848693847656
-950.9854125976562 -348.0706787109375
-951.2257080078125 -350.0589294433594
-950.3905639648438 -352.0533142089844
-951.8623657226562 -353.98809814453125
-950.7191772460938 -355.9308166503906
-949.107666015625 -357.9210205078125
-947.7314453125 -359.8944396972656
-949.7312622070312 -361.8804016113281
-948.4550170898438 -363.8578796386719
-948.8261108398438 -365.8374328613281
-947.1436767578125 -367.797607421875
-949.1420288085938 -369.7800598144531
-949.0247192382812 -371.7584228515625
-948.4591674804688 -373.7008361816406
-948.7681274414062 -375.6852722167969
-946.9738159179688 -377.6720886230469
-948.973388671875 -379.67041015625
-947.7413330078125 -381.560302734375
-949.7412719726562 -383.5182800292969
-948.8907470703125 -385.4795837402344
-948.968017578125 -387.4537353515625
-947.3477783203125 -389.44427490234375
-949.34716796875 -391.436279296875
-948.6951904296875 -393.2186279296875
-946.8064575195312 -395.0924987792969
-948.806396484375 -397.08477783203125
-948.2113037109375 -398.41925048828125
-948.8348388671875 -400.4040222167969
-947.4659423828125 -402.3430480957031
-948.0050048828125 -404.30450439453125
-946.349609375 -406.2227478027344
-948.3490600585938 -408.131591796875
-950.34765625 -410.10748291015625
-950.2999267578125 -412.0
-952.0806884765625 -413.9438171386719
-952.2378540039062 -415.8081970214844
-951.2454223632812 -417.2248840332031
-950.173828125 -418.68109130859375
-951.7568969726562 -420.2680969238281
-953.507080078125 -420.3636474609375
-954.2376708984375 -422.22100830078125
-955.7979125976562 -424.197509765625
-956.8360595703125 -425.90216064453125
-957.10107421875 -427.24481201171875
-958.5361328125 -428.0984802246094
-959.58349609375 -429.81488037109375
-961.0210571289062 -431.5185241699219
-962.53466796875 -432.9898681640625
-961.355224609375 -434.94097900390625
-963.1409912109375 -436.7548522949219
-964.2742919921875 -438.5008239746094
-962.516357421875 -439.4809875488281
-961.5220947265625 -439.611572265625
-962.7697143554688 -440.95123291015625
-963.5278930664062 -442.890380859375
-964.822998046875 -443.9724426269531
-966.5944213867188 -445.2254943847656
-967.6023559570312 -446.8584899902344
-966.7391967773438 -445.08734130859375
-968.21142578125 -446.7406311035156
-969.5391845703125 -445.0693359375
-967.7185668945312 -446.1727600097656
-965.9047241210938 -447.44580078125
-965.0062255859375 -448.2020263671875
-965.9517211914062 -447.5019226074219
-964.4653930664062 -446.00860595703125
-965.4807739257812 -444.8917236328125
-964.8462524414062 -446.5533752441406
-965.783203125 -445.2389831542969
-965.166015625 -446.3186950683594
-966.4362182617188 -444.8480224609375
-964.7628173828125 -446.77978515625
-966.0319213867188 -448.56488037109375
-965.8892211914062 -449.6872253417969
-964.912109375 -451.1485290527344
-963.3958740234375 -451.35430908203125
-963.1553955078125 -453.0216064453125
-962.41845703125 -454.2832336425781
-963.186279296875 -455.9297180175781
-962.872802734375 -455.8914489746094
-964.47314453125 -456.41845703125
-966.319091796875 -458.19354248046875
-968.252197265625 -459.76318359375
-967.7847900390625 -459.61529541015625
-966.2969360351562 -459.3874206542969
-966.2688598632812 -459.29595947265625
-967.1404418945312 -460.9623718261719
-966.061279296875 -461.5978088378906
-965.8219604492188 -463.09637451171875
-966.8652954101562 -464.86419677734375
-967.16748046875 -466.1018371582031
-966.5729370117188 -467.861572265625
-968.0325927734375 -467.6816711425781
-966.2525024414062 -466.7193603515625
-968.2222900390625 -468.6234130859375
-967.6110229492188 -469.34014892578125
-969.3425903320312 -471.0921325683594
-967.5515747070312 -472.7835693359375
-967.7532348632812 -474.5359802246094
-969.2982177734375 -476.27947998046875
-971.2052612304688 -478.0865783691406
-973.1284790039062 -479.3699951171875
-975.0437622070312 -480.990478515625
-977.0405883789062 -482.8962097167969
-979.0296630859375 -484.3101501464844
-981.0198974609375 -486.0609436035156
-983.013427734375 -487.2052001953125
-984.96142578125 -486.0530090332031
-986.928955078125 -484.62542724609375
-988.912353515625 -486.0859069824219
-990.8823852539062 -486.48101806640625
-992.8411254882812 -485.96649169921875
-994.7091674804688 -485.7170104980469
-996.7079467773438 -487.5999450683594
-998.7074584960938 -486.2784118652344
-1000.6834716796875 -485.908203125
-1002.6470336914062 -485.759521484375
-1004.6090087890625 -487.31341552734375
-1006.5800170898438 -488.1578063964844
-1008.572509765625 -488.7164611816406
-1010.5577392578125 -486.8816223144531
-1012.47412109375 -485.0382080078125
-1014.4650268554688 -485.9396667480469
-1016.2634887695312 -484.09844970703125
-1018.2619018554688 -482.6103515625
-1020.2345581054688 -484.48626708984375
-1022.21728515625 -486.097900390625
-1024.019775390625 -484.3920593261719
-1026.0111083984375 -483.6275634765625
-1027.965087890625 -483.57861328125
-1029.9237060546875 -483.2096252441406
-1031.785888671875 -484.72265625
-1033.5889892578125 -486.0879211425781
-1035.2186279296875 -484.2778015136719
-1037.140380859375 -485.1889343261719
-1037.926025390625 -484.35650634765625
-1039.87060546875 -484.9363708496094
-1041.84619140625 -484.4169921875
-1043.8248291015625 -485.0879821777344
-1045.816650390625 -484.842529296875
-1047.8115234375 -486.030029296875
-1048.68896484375 -484.435791015625
-1050.6783447265625 -482.98638916015625
-1052.664794921875 -484.2684631347656
-1054.627197265625 -485.5699768066406
-1056.610107421875 -486.614501953125
-1055.830322265625 -486.3250427246094
-1056.735107421875 -486.92425537109375
-1056.01513671875 -485.4708251953125
-1058.0103759765625 -486.5746154785156
-1059.3798828125 -487.08807373046875
-1057.81982421875 -488.4339599609375
-1058.4852294921875 -488.5626220703125
-1058.4566650390625 -487.80242919921875
-1060.322021484375 -489.219970703125
-1058.5760498046875 -490.62628173828125
-1058.3656005859375 -489.346435546875
-1058.966064453125 -488.3215637207031
-1057.6544189453125 -487.1383972167969
-1057.72412109375 -487.2069091796875
-1059.243896484375 -488.3560485839844
-1057.3955078125 -487.7178649902344
-1058.6031494140625 -487.6827392578125
-1059.5474853515625 -488.78265380859375
-1060.37744140625 -490.4498291015625
-1059.56884765625 -489.5645751953125
-1061.347412109375 -488.121826171875
-1060.26904296875 -487.1860656738281
-1059.7528076171875 -487.0254821777344
-1059.855712890625 -487.2484436035156
-1060.8582763671875 -487.7987976074219
-1061.6436767578125 -489.21343994140625
-1062.7410888671875 -488.842041015625
-1063.9456787109375 -489.6568603515625
-1065.483642578125 -488.57177734375
-1067.47021484375 -489.3370666503906
