-952.95458984375 -276.6488037109375
-950.9546508789062 -278.6487731933594
-948.9546508789062 -280.6487731933594
-946.9547119140625 -282.6487731933594
-948.9525756835938 -284.6486511230469
-946.95263671875 -286.6486511230469
-948.95166015625 -288.6484375
-946.95166015625 -290.6484375
-948.95166015625 -292.6470031738281
-946.9517211914062 -294.64697265625
-948.9503173828125 -296.64691162109375
-946.9503173828125 -298.64691162109375
-948.9463500976562 -300.6466064453125
-946.9463500976562 -302.6466064453125
-948.9446411132812 -304.6460266113281
-946.9447021484375 -306.6460266113281
-948.9444580078125 -308.64581298828125
-946.9447021484375 -310.64581298828125
-948.9374389648438 -312.64556884765625
-946.937744140625 -314.6455383300781
-948.9368286132812 -316.6445617675781
-946.9368286132812 -318.64447021484375
-948.9254760742188 -320.6360168457031
-946.9254760742188 -322.63592529296875
-948.9230346679688 -324.6169128417969
-946.9230346679688 -326.6168518066406
-948.9210205078125 -328.6124267578125
-946.9210205078125 -330.6124267578125
-948.9200439453125 -332.6114807128906
-946.9202270507812 -334.6114501953125
-948.919189453125 -336.60797119140625
-946.919189453125 -338.6076354980469
-948.9147338867188 -340.60296630859375
-946.9147338867188 -342.6029357910156
-948.9130859375 -344.5942687988281
-946.9130859375 -346.5941162109375
-948.90771484375 -348.583740234375
-946.90771484375 -350.5824279785156
-948.90673828125 -352.42901611328125
-946.908203125 -354.42889404296875
-948.9020385742188 -356.4271240234375
-946.9020385742188 -358.4270324707031
-948.9019165039062 -360.4231262207031
-946.9019165039062 -362.4214172363281
-948.8998413085938 -364.35516357421875
-946.8998413085938 -366.3548278808594
-948.8992309570312 -368.2909240722656
-946.8992919921875 -370.2908935546875
-948.8988647460938 -372.27880859375
-946.8989868164062 -374.27850341796875
-948.8983764648438 -376.2711486816406
-946.8985595703125 -378.270751953125
-948.8569946289062 -380.2571105957031
-946.8569946289062 -382.2543029785156
-948.8504638671875 -384.0835266113281
-946.853271484375 -386.08294677734375
-948.8444213867188 -387.97723388671875
-946.850341796875 -389.97607421875
-948.8497924804688 -391.97076416015625
-946.8499145507812 -393.9702453613281
-948.8460083007812 -395.886962890625
-946.8605346679688 -397.8836975097656
-948.859130859375 -399.7120666503906
-946.8593139648438 -401.6614685058594
-948.8589477539062 -401.9269714355469
-946.859375 -403.92578125
-948.8582763671875 -405.63507080078125
-946.8583374023438 -407.6299743652344
-948.85791015625 -408.77197265625
-946.8786010742188 -410.7608337402344
-948.8323974609375 -409.7005615234375
-950.826904296875 -409.4781799316406
-948.8275756835938 -411.4757385253906
-950.8170776367188 -412.8699951171875
-948.8170776367188 -414.8593444824219
-950.8101196289062 -415.607666015625
-948.8103637695312 -417.5962829589844
-950.8076782226562 -417.4548034667969
-948.8077392578125 -419.45220947265625
-950.7785034179688 -421.32940673828125
-948.7821044921875 -423.32843017578125
-950.7153930664062 -425.19927978515625
-948.720947265625 -427.181640625
-950.714111328125 -428.0179748535156
-948.7164916992188 -430.0159606933594
-950.71337890625 -431.99432373046875
-948.7179565429688 -433.9712829589844
-950.7127075195312 -435.8922119140625
-948.7549438476562 -437.8692932128906
-946.7583618164062 -439.8521728515625
-948.753662109375 -441.09417724609375
-946.8008422851562 -443.0482482910156
-948.8004760742188 -444.9416198730469
-948.4503784179688 -446.55035400390625
-946.4957275390625 -448.26434326171875
-944.7627563476562 -450.1875
-946.7477416992188 -451.9082946777344
-944.83544921875 -453.9056091308594
-946.758544921875 -453.4464416503906
-944.8123779296875 -455.42877197265625
-946.8076171875 -454.9428405761719
-945.8285522460938 -456.9315185546875
-947.8272094726562 -456.52630615234375
-945.9863891601562 -458.52545166015625
-947.9839477539062 -459.02984619140625
-946.4085083007812 -461.0087890625
-948.3888549804688 -460.05560302734375
-948.333984375 -462.05389404296875
-947.5222778320312 -464.01873779296875
-945.7758178710938 -466.0177917480469
-947.771728515625 -464.8302307128906
-945.7857666015625 -466.8205871582031
-947.7843627929688 -466.8227233886719
-946.3064575195312 -468.750732421875
-948.2723999023438 -468.0756530761719
-946.8865966796875 -470.0615234375
-948.8805541992188 -470.4898376464844
-946.9641723632812 -472.47857666015625
-948.9481811523438 -471.81280517578125
-947.0121459960938 -473.8078918457031
-949.0001831054688 -475.2834777832031
-948.5908813476562 -477.2823791503906
-946.6367797851562 -479.230712890625
-948.5972290039062 -478.7684326171875
-947.4212646484375 -480.76611328125
-946.7933959960938 -482.7605895996094
-948.524169921875 -483.0374450683594
-950.0382080078125 -485.03643798828125
-952.0183715820312 -487.03387451171875
-953.9993896484375 -489.0311584472656
-955.9989624023438 -491.02593994140625
-957.997802734375 -493.00567626953125
-959.992431640625 -491.0132751464844
-961.9917602539062 -493.01171875
-963.9373779296875 -491.0118713378906
-965.9317016601562 -493.00811767578125
-967.92724609375 -491.010498046875
-969.9039306640625 -489.01165771484375
-971.8837280273438 -491.00701904296875
-973.8624267578125 -489.038818359375
-975.86083984375 -491.03729248046875
-977.8060913085938 -489.0383605957031
-979.79541015625 -491.02044677734375
-981.794677734375 -489.0210876464844
-983.7819213867188 -491.00604248046875
-985.7678833007812 -489.00732421875
-987.6958618164062 -490.98760986328125
-989.6941528320312 -488.9891052246094
-991.6898193359375 -490.9871826171875
-993.6859741210938 -488.98797607421875
-995.685302734375 -490.9867248535156
-997.6846313476562 -488.9867858886719
-999.6678466796875 -490.94183349609375
-1001.6661987304688 -488.9429016113281
-1003.6558837890625 -486.94293212890625
-1005.65380859375 -488.8777770996094
-1007.5696411132812 -486.8778991699219
-1009.5681762695312 -488.85845947265625
-1011.561767578125 -486.85858154296875
-1013.502197265625 -484.85919189453125
-1015.5018310546875 -486.8183288574219
-1017.5001831054688 -484.8185119628906
-1019.4846801757812 -486.8056335449219
-1021.4794921875 -484.80621337890625
-1023.4755859375 -482.8062744140625
-1025.403076171875 -484.8055114746094
-1027.25537109375 -486.7668151855469
-1028.6533203125 -484.766845703125
-1030.6402587890625 -486.7655334472656
-1032.1170654296875 -484.7655944824219
-1034.09619140625 -486.7491760253906
-1036.0758056640625 -484.75006103515625
-1038.0733642578125 -486.736083984375
-1040.0194091796875 -484.73626708984375
-1042.0126953125 -486.73382568359375
-1044.01025390625 -484.7338562011719
-1045.9984130859375 -486.7270812988281
-1047.841064453125 -484.7272033691406
-1049.8289794921875 -486.7252502441406
-1051.48828125 -484.7326965332031
-1053.37939453125 -486.73223876953125
-1055.3482666015625 -484.7323303222656
-1057.3460693359375 -486.73199462890625
-1059.324951171875 -484.73248291015625
-1061.2353515625 -486.7322082519531
-1063.2288818359375 -488.7283935546875
-1065.2281494140625 -486.728759765625
-1067.22119140625 -488.7283020019531
