-953.5029907226562 -276.6482849121094
-951.7661743164062 -278.6473388671875
-949.8778686523438 -280.6466369628906
-948.2631225585938 -282.64642333984375
-947.4625244140625 -284.646240234375
-948.3409423828125 -286.6416320800781
-946.4111938476562 -288.6414794921875
-948.4111938476562 -290.64080810546875
-947.0239868164062 -292.6394958496094
-949.0239868164062 -294.6037292480469
-949.094482421875 -296.59967041015625
-947.4083251953125 -298.598388671875
-949.4083251953125 -300.59796142578125
-949.78564453125 -302.59454345703125
-947.8878173828125 -304.59393310546875
-946.326416015625 -306.5924072265625
-948.326416015625 -308.5912780761719
-948.3726196289062 -310.5911560058594
-947.6044921875 -312.5909118652344
-949.6044921875 -314.5843505859375
-948.6992797851562 -316.5837707519531
-949.2166748046875 -318.5655517578125
-947.3943481445312 -320.5635070800781
-949.3943481445312 -322.5513610839844
-948.1068725585938 -324.54974365234375
-950.1068725585938 -326.5493469238281
-948.4212036132812 -328.5486145019531
-948.080322265625 -330.5030517578125
-950.080322265625 -332.5021667480469
-949.0804443359375 -334.49688720703125
-947.1666259765625 -336.4925537109375
-949.1666259765625 -338.4843444824219
-948.5578002929688 -340.484130859375
-946.6532592773438 -342.4642028808594
-948.6532592773438 -344.4523620605469
-947.1680297851562 -346.4470520019531
-949.1680297851562 -348.44610595703125
-947.1956176757812 -350.4453125
-949.1956176757812 -352.3595886230469
-947.6843872070312 -354.3479919433594
-949.6843872070312 -356.34698486328125
-947.7852783203125 -358.3427429199219
-949.7852783203125 -360.33648681640625
-948.1795654296875 -362.3305358886719
-946.858642578125 -364.3277587890625
-948.858642578125 -366.158447265625
-946.9240112304688 -368.15478515625
-948.9240112304688 -370.1425476074219
-949.6424560546875 -372.14068603515625
-949.6443481445312 -374.1239013671875
-948.2049560546875 -376.1177062988281
-946.938720703125 -378.1116027832031
-948.938720703125 -380.11041259765625
-947.5181274414062 -382.10888671875
-949.5181274414062 -384.0318298339844
-947.810546875 -386.0276794433594
-947.4671020507812 -387.9975280761719
-949.4671020507812 -389.5724792480469
-947.6621704101562 -391.5685729980469
-949.662109375 -393.539794921875
-949.85205078125 -395.53753662109375
-951.3255004882812 -397.5358581542969
-951.7808837890625 -399.3282165527344
-951.01123046875 -401.3011474609375
-951.840087890625 -403.15924072265625
-950.11279296875 -404.8466491699219
-950.208740234375 -406.80712890625
-948.7012939453125 -408.80572509765625
-950.7012939453125 -410.49346923828125
-949.7738037109375 -410.347900390625
-948.3576049804688 -412.31689453125
-950.3576049804688 -413.4739990234375
-949.467041015625 -415.45233154296875
-951.467041015625 -416.1570739746094
-950.2655029296875 -418.1435241699219
-952.1724243164062 -420.087646484375
-951.7338256835938 -419.3580017089844
-953.1182861328125 -421.1141052246094
-951.1630249023438 -422.22113037109375
-949.3037109375 -424.19415283203125
-951.3037109375 -425.45855712890625
-951.816162109375 -427.311767578125
-950.6072998046875 -428.7196044921875
-952.119873046875 -430.6911315917969
-952.3941040039062 -431.29962158203125
-951.9021606445312 -433.2383117675781
-951.4031982421875 -435.1519470214844
-951.61181640625 -436.79364013671875
-951.6728515625 -438.24237060546875
-952.9654541015625 -440.2198791503906
-951.376953125 -441.7420349121094
-951.3234252929688 -443.676513671875
-953.0150756835938 -441.7584228515625
-953.9067993164062 -443.72607421875
-955.6490478515625 -444.26708984375
-955.9338989257812 -443.41693115234375
-957.8624267578125 -444.00726318359375
-959.7109985351562 -444.7492980957031
-960.0380249023438 -443.8675537109375
-961.6969604492188 -445.8509826660156
-960.8836669921875 -443.87786865234375
-958.9730834960938 -445.7322998046875
-960.812744140625 -447.5420837402344
-960.2481689453125 -446.2845153808594
-960.4469604492188 -446.6427307128906
-958.7953491210938 -447.7724914550781
-956.971923828125 -446.9195556640625
-955.8482055664062 -448.35870361328125
-954.8126831054688 -450.0103759765625
-956.3924560546875 -451.91278076171875
-958.3162231445312 -453.85125732421875
-956.8232421875 -455.8321228027344
-958.5191650390625 -457.6851806640625
-960.4330444335938 -459.6669006347656
-960.0703125 -461.6078796386719
-959.3436279296875 -463.0211486816406
-957.5471801757812 -464.7425231933594
-955.6856079101562 -466.3955078125
-954.3438720703125 -468.01519775390625
-953.9957885742188 -469.3408508300781
-953.8211669921875 -468.605712890625
-952.0929565429688 -470.0712585449219
-950.1714477539062 -468.9239807128906
-951.0159912109375 -467.1824645996094
-952.7392578125 -468.7533264160156
-951.7621459960938 -469.35247802734375
-953.4822387695312 -470.381591796875
-955.1466064453125 -471.7091369628906
-957.0341796875 -472.2821960449219
-958.3007202148438 -470.845458984375
-956.4785766601562 -470.6750793457031
-958.0223999023438 -471.72027587890625
-956.209716796875 -469.8300476074219
-954.9304809570312 -470.2464904785156
-956.0635375976562 -470.43048095703125
-954.2515258789062 -469.3822021484375
-954.310302734375 -470.77294921875
-954.293212890625 -469.26141357421875
-953.9536743164062 -468.61444091796875
-951.9646606445312 -469.32012939453125
-953.5216064453125 -469.6498718261719
-954.9353637695312 -470.208984375
-954.3887939453125 -471.2923583984375
-955.8319702148438 -472.6766052246094
-955.462646484375 -471.49078369140625
-955.982421875 -473.38446044921875
-954.9890747070312 -473.8642578125
-953.1510009765625 -474.78515625
-953.6512451171875 -476.038818359375
-954.7472534179688 -476.2064514160156
-953.842529296875 -478.0321960449219
-953.0774536132812 -479.9494934082031
-952.6954345703125 -481.9087829589844
-954.5231323242188 -483.6087951660156
-956.319091796875 -485.49554443359375
-958.3159790039062 -487.477294921875
-959.9620361328125 -489.26019287109375
-961.8741455078125 -491.2572937011719
-963.852783203125 -493.252197265625
-965.852783203125 -491.2525939941406
-967.852783203125 -489.2785339355469
-969.8400268554688 -491.1647033691406
-971.8400268554688 -489.1650695800781
-973.8394775390625 -491.1463623046875
-975.8394775390625 -489.14642333984375
-977.69775390625 -491.1441955566406
-979.6976928710938 -489.1459045410156
-981.6906127929688 -491.12493896484375
-983.6906127929688 -489.1263122558594
-985.6897583007812 -491.0640563964844
-987.6897583007812 -489.0692443847656
-989.6878051757812 -490.66326904296875
-991.6878051757812 -488.6648864746094
-993.6875610351562 -490.6555480957031
-995.6875610351562 -488.6559143066406
-997.6870727539062 -490.6525573730469
-999.6870727539062 -488.6528625488281
-1001.6864624023438 -490.554443359375
-1003.6864624023438 -488.5544738769531
-1005.6857299804688 -490.1506042480469
-1007.6857299804688 -488.150634765625
-1009.6857299804688 -486.1538391113281
-1011.685546875 -488.1438903808594
-1013.685546875 -486.14599609375
-1015.685546875 -484.1461181640625
-1017.6854858398438 -485.85675048828125
-1019.6854858398438 -483.8567810058594
-1021.6854858398438 -485.815185546875
-1023.6854858398438 -483.8152160644531
-1025.6475830078125 -485.80194091796875
-1027.6475830078125 -483.802001953125
-1029.64599609375 -485.7742614746094
-1031.64599609375 -483.77490234375
-1033.644775390625 -485.755615234375
-1035.644775390625 -483.7557067871094
-1037.6446533203125 -485.7290344238281
-1039.6446533203125 -483.7306213378906
-1041.27880859375 -485.7293701171875
-1043.27880859375 -483.7300109863281
-1045.2757568359375 -485.7286071777344
-1047.25439453125 -487.65386962890625
-1049.25439453125 -485.6539001464844
-1051.25439453125 -487.62744140625
-1053.25439453125 -485.6636657714844
-1055.2542724609375 -487.4744567871094
-1057.2542724609375 -485.4781799316406
-1059.2490234375 -487.47113037109375
-1061.2490234375 -485.4712219238281
-1062.9144287109375 -487.41607666015625
-1064.84228515625 -489.3953857421875
-1066.84228515625 -487.3955383300781
-1068.8399658203125 -489.39361572265625
