-953.0086669921875 -276.6487121582031
-951.0106811523438 -278.648681640625
-949.016845703125 -280.648681640625
-947.0182495117188 -282.6486511230469
-948.9899291992188 -284.6478576660156
-946.9998779296875 -286.6471862792969
-948.9969482421875 -288.6468811035156
-946.9973754882812 -290.6465759277344
-948.7359008789062 -292.6465759277344
-946.7371215820312 -294.6465759277344
-948.4558715820312 -296.6464538574219
-946.4620971679688 -298.6464538574219
-948.4605712890625 -300.64642333984375
-946.4620971679688 -302.6463928222656
-948.3880004882812 -304.6457214355469
-946.3881225585938 -306.6456604003906
-948.3765869140625 -308.6456298828125
-946.38232421875 -310.64544677734375
-948.3818969726562 -312.64495849609375
-946.6785278320312 -314.6434020996094
-948.67431640625 -316.6433410644531
-946.7079467773438 -318.6430969238281
-948.6836547851562 -320.6241149902344
-946.7855834960938 -322.6238098144531
-948.6707763671875 -324.6236572265625
-946.6744384765625 -326.6233215332031
-948.6739501953125 -328.6232604980469
-946.674560546875 -330.62322998046875
-948.66650390625 -332.62322998046875
-946.70947265625 -334.6231994628906
-948.7009887695312 -336.6230773925781
-946.7081909179688 -338.623046875
-948.6613159179688 -340.6229553222656
-946.6881713867188 -342.6229553222656
-948.683349609375 -344.6228332519531
-946.6875610351562 -346.6224060058594
-948.6875 -348.6220397949219
-947.3539428710938 -350.6205749511719
-949.3419799804688 -352.61944580078125
-947.3499755859375 -354.6178894042969
-949.3491821289062 -356.6058654785156
-947.361328125 -358.6050720214844
-949.3584594726562 -360.6033935546875
-947.360595703125 -362.5748291015625
-949.3605346679688 -364.5737609863281
-947.4872436523438 -366.57373046875
-949.4786987304688 -368.5722961425781
-948.0864868164062 -370.5720520019531
-949.1969604492188 -372.0579528808594
-947.1986083984375 -374.0556945800781
-949.1982421875 -376.0444030761719
-947.2024536132812 -378.0442199707031
-949.1935424804688 -380.0417175292969
-948.0751342773438 -382.0226745605469
-946.0817260742188 -384.0221862792969
-948.0374145507812 -386.0182800292969
-946.0908203125 -388.01495361328125
-948.0904541015625 -390.01263427734375
-946.147705078125 -392.0119934082031
-948.1326904296875 -394.0057678222656
-946.9087524414062 -396.0049743652344
-948.9054565429688 -397.7766418457031
-946.9345703125 -399.7754211425781
-948.7059326171875 -401.7374267578125
-946.785400390625 -403.71990966796875
-948.6040649414062 -405.5638122558594
-946.6070556640625 -407.5564880371094
-948.3085327148438 -409.5435791015625
-950.28662109375 -411.4791564941406
-948.3795166015625 -413.4750061035156
-950.2902221679688 -415.4748840332031
-951.0122680664062 -417.45721435546875
-949.7002563476562 -419.4547119140625
-951.69921875 -421.4538269042969
-950.4655151367188 -423.40106201171875
-948.8460083007812 -425.36383056640625
-950.8098754882812 -427.34600830078125
-949.0363159179688 -429.2709045410156
-951.0341186523438 -431.0181579589844
-949.1124877929688 -433.0096740722656
-947.1394653320312 -434.8649597167969
-949.1340942382812 -436.4953308105469
-947.368896484375 -438.4925842285156
-949.3687744140625 -440.3772277832031
-950.5718994140625 -442.3630676269531
-951.150390625 -444.275146484375
-949.181884765625 -446.26513671875
-950.6260375976562 -447.5821838378906
-950.9773559570312 -449.5730895996094
-950.1300048828125 -451.5398254394531
-949.2943725585938 -452.84100341796875
-949.7930908203125 -454.1456298828125
-947.9786376953125 -456.14385986328125
-946.1813354492188 -458.02740478515625
-948.0951538085938 -459.1483459472656
-948.2423706054688 -461.12188720703125
-946.390625 -463.12115478515625
-946.4906005859375 -464.27105712890625
-948.15380859375 -464.01263427734375
-946.1878662109375 -465.74102783203125
-948.1409912109375 -467.7255859375
-946.1412353515625 -469.72320556640625
-947.9786987304688 -471.19281005859375
-948.4185180664062 -472.6840515136719
-946.5543212890625 -473.9482116699219
-948.5133056640625 -475.777587890625
-946.53271484375 -477.2474670410156
-948.5198974609375 -477.7919616699219
-947.1546020507812 -479.68011474609375
-945.235595703125 -480.57891845703125
-947.2243041992188 -482.43072509765625
-945.2887573242188 -484.37249755859375
-947.2833251953125 -486.2768859863281
-949.2702026367188 -488.2397155761719
-951.2073974609375 -486.79296875
-952.845947265625 -485.3245849609375
-952.4096069335938 -484.2106628417969
-952.42041015625 -484.9963684082031
-953.673828125 -485.1393737792969
-955.6283569335938 -483.7271728515625
-956.2158203125 -483.2306823730469
-955.9539794921875 -484.7832946777344
-957.8250732421875 -484.8725280761719
-959.1856079101562 -483.0047912597656
-960.9249267578125 -481.5415954589844
-960.5001220703125 -482.621826171875
-960.5278930664062 -482.6678161621094
-962.199462890625 -484.33355712890625
-964.1973876953125 -485.98870849609375
-965.7803955078125 -487.6285400390625
-967.691162109375 -489.0075988769531
-969.6911010742188 -490.20159912109375
-971.6801147460938 -492.0113830566406
-969.8243408203125 -490.6505432128906
-970.7069091796875 -490.4654846191406
-969.306884765625 -488.72979736328125
-971.3052978515625 -489.8259582519531
-973.3013916015625 -490.83154296875
-974.084228515625 -489.21343994140625
-976.0715942382812 -488.1802978515625
-978.071044921875 -489.2782897949219
-980.0670166015625 -488.7592468261719
-982.0669555664062 -489.39666748046875
-984.0669555664062 -490.861083984375
-985.9918212890625 -488.87530517578125
-987.8234252929688 -488.1151123046875
-989.8216552734375 -489.77166748046875
-990.4930419921875 -487.798095703125
-992.4473876953125 -489.257080078125
-994.4466552734375 -490.8987121582031
-995.3788452148438 -489.25634765625
-997.377685546875 -490.99078369140625
-997.718994140625 -489.70343017578125
-998.8070678710938 -488.36199951171875
-1000.8062133789062 -487.4225158691406
-1002.802734375 -487.0671081542969
-1004.7901611328125 -488.0216979980469
-1006.7861328125 -486.64776611328125
-1008.7710571289062 -488.1593933105469
-1007.00390625 -489.131103515625
-1005.1700439453125 -487.9747619628906
-1007.1680908203125 -486.2342529296875
-1009.1261596679688 -487.96429443359375
-1008.3557739257812 -488.4052734375
-1006.792236328125 -486.5617370605469
-1008.763916015625 -484.8500061035156
-1010.7598266601562 -486.3340759277344
-1012.7583618164062 -487.4013366699219
-1014.5128173828125 -488.717041015625
-1013.3076782226562 -486.9788513183594
-1011.6581420898438 -485.7298889160156
-1013.6572265625 -483.8694152832031
-1015.6517333984375 -485.2721862792969
-1017.64697265625 -486.9476623535156
-1017.675048828125 -485.2103576660156
-1019.5894165039062 -485.6904296875
-1021.122314453125 -483.72943115234375
-1023.1176147460938 -482.7877502441406
-1024.81982421875 -483.8089599609375
-1025.1312255859375 -483.98272705078125
-1026.66748046875 -484.4092102050781
-1027.6715087890625 -484.7752380371094
-1028.1005859375 -484.79150390625
-1030.0689697265625 -486.337646484375
-1031.7030029296875 -484.8873596191406
-1033.671875 -486.8085632324219
-1031.7225341796875 -486.191650390625
-1032.4207763671875 -484.711669921875
-1034.4150390625 -485.2950134277344
-1035.7801513671875 -486.46484375
-1034.570068359375 -484.9773254394531
-1036.1961669921875 -484.0394592285156
-1037.7607421875 -485.9283752441406
-1038.421142578125 -485.40704345703125
-1038.0924072265625 -483.5352783203125
-1040.0562744140625 -484.0041198730469
-1041.56396484375 -484.4827880859375
-1040.9222412109375 -486.42578125
-1042.4150390625 -484.8222961425781
-1043.46533203125 -486.7193908691406
-1044.12060546875 -484.7937316894531
-1045.283447265625 -485.3966369628906
-1046.89306640625 -486.9078369140625
-1048.31396484375 -485.94622802734375
-1048.2037353515625 -484.9017639160156
-1050.203369140625 -485.11798095703125
-1052.0462646484375 -487.0477600097656
-1052.7742919921875 -486.59210205078125
-1054.1468505859375 -487.1332702636719
-1056.0926513671875 -485.1488342285156
-1057.9066162109375 -486.8445129394531
-1056.8104248046875 -485.48590087890625
-1058.61376953125 -485.7898254394531
-1058.639404296875 -487.51910400390625
-1060.16015625 -486.78118896484375
-1060.422607421875 -488.0747985839844
-1059.7318115234375 -488.40625
-1061.3529052734375 -486.4137268066406
-1063.279541015625 -488.1966857910156
-1064.5364990234375 -489.0422058105469
-1065.7877197265625 -490.4199523925781
