-867.4519653320312 -58.919036865234375
-868.0 -60.91758346557617
-869.9544677734375 -58.91776657104492
-870.8511352539062 -60.909019470214844
-872.844970703125 -58.909175872802734
-874.5794677734375 -60.90713882446289
-876.173583984375 -58.90849685668945
-875.1699829101562 -60.908119201660156
-877.139892578125 -58.90842819213867
-877.6952514648438 -60.90412902832031
-879.59619140625 -58.904170989990234
-881.1167602539062 -60.90313720703125
-883.0438842773438 -58.903236389160156
-883.7760620117188 -60.902706146240234
-885.7614135742188 -58.90348434448242
-887.2329711914062 -60.88750457763672
-885.5093994140625 -58.890140533447266
-886.5556640625 -60.87973403930664
-888.38623046875 -58.880123138427734
-889.3565063476562 -60.878440856933594
-889.97265625 -58.87869644165039
-890.7622680664062 -60.87736892700195
-892.7381591796875 -58.880802154541016
-894.2713623046875 -60.88028335571289
-896.2261352539062 -58.88068389892578
-897.4224243164062 -60.87812805175781
-899.3384399414062 -58.87869644165039
-900.42431640625 -60.87751388549805
-902.38916015625 -58.879112243652344
-904.3825073242188 -60.87895965576172
-906.3697509765625 -58.879154205322266
-908.3644409179688 -56.88700866699219
-910.3617553710938 -58.884246826171875
-912.3417358398438 -56.887351989746094
-914.338134765625 -54.88921356201172
-916.2924194335938 -52.89712905883789
-918.2854614257812 -50.94621276855469
-916.5365600585938 -52.726627349853516
-918.52587890625 -50.853572845458984
-916.5382080078125 -52.705318450927734
-918.5068359375 -50.72949981689453
-916.5345458984375 -52.559326171875
-918.5345458984375 -54.545806884765625
-920.531982421875 -52.5909538269043
-920.5753784179688 -54.390777587890625
-918.7992553710938 -56.2868537902832
-920.7957153320312 -54.29620361328125
-921.9366455078125 -56.28199005126953
-923.931640625 -54.290409088134766
-922.4678344726562 -56.28404235839844
-923.7373046875 -58.279151916503906
-925.7360229492188 -56.281070709228516
-924.7222290039062 -58.280635833740234
-926.7201538085938 -56.333431243896484
-926.2391967773438 -58.3323860168457
-926.8148193359375 -60.33165740966797
-928.814697265625 -58.417110443115234
-928.4651489257812 -60.4141960144043
-930.1681518554688 -62.41398620605469
-932.1681518554688 -64.05401611328125
-934.1681518554688 -65.88338470458984
-936.1681518554688 -67.5252456665039
-938.1681518554688 -69.24031829833984
-940.1681518554688 -71.2314682006836
-942.1680908203125 -73.21049499511719
-944.1680908203125 -75.12505340576172
-946.1678466796875 -77.10823059082031
-948.167724609375 -79.09356689453125
-946.2632446289062 -81.04097747802734
-948.2632446289062 -83.02345275878906
-947.1981201171875 -84.8380355834961
-946.5962524414062 -86.63580322265625
-948.59619140625 -88.63249969482422
-947.3920288085938 -90.56108856201172
-947.2400512695312 -92.39561462402344
-945.92822265625 -93.72172546386719
-947.92822265625 -95.7095718383789
-946.5286865234375 -97.27677154541016
-948.528564453125 -99.24464416503906
-949.2656860351562 -100.95646667480469
-947.6652221679688 -102.40752410888672
-946.621826171875 -103.35030364990234
-947.2854614257812 -104.62371063232422
-946.29736328125 -106.49104309082031
-946.3179321289062 -108.02352905273438
-944.9833984375 -109.2265625
-946.9833374023438 -111.16971588134766
-945.4617919921875 -113.09265899658203
-947.4617919921875 -115.08378601074219
-946.3590698242188 -116.99500274658203
-944.993408203125 -118.64669799804688
-946.9932861328125 -120.60223388671875
-946.5379638671875 -122.4529800415039
-946.9125366210938 -124.42147064208984
-945.3167114257812 -126.41419219970703
-947.3167114257812 -128.4076690673828
-945.8504638671875 -130.40084838867188
-947.8504028320312 -132.38995361328125
-946.6377563476562 -134.3187255859375
-945.554443359375 -136.15093994140625
-947.552734375 -138.14535522460938
-946.8846435546875 -139.91041564941406
-946.58203125 -141.8587646484375
-945.2651977539062 -143.75474548339844
-947.2637939453125 -145.74993896484375
-946.1263427734375 -147.26576232910156
-948.1249389648438 -149.2640380859375
-946.1500244140625 -150.75172424316406
-948.1488647460938 -152.6953582763672
-946.4376220703125 -151.37721252441406
-948.4375 -153.37254333496094
-946.85205078125 -153.9731903076172
-945.2582397460938 -155.3273468017578
-947.2572021484375 -157.3141632080078
-945.93603515625 -159.29054260253906
-947.935546875 -161.25669860839844
-945.992431640625 -163.15542602539062
-947.9905395507812 -165.15211486816406
-946.81201171875 -167.07305908203125
-944.9304809570312 -169.0476531982422
-946.9277954101562 -171.0387420654297
-945.0551147460938 -172.7153778076172
-947.0532836914062 -174.69581604003906
-945.413330078125 -176.62045288085938
-947.4104614257812 -178.5902099609375
-945.4808349609375 -180.32127380371094
-947.4747314453125 -182.09873962402344
-945.6226806640625 -184.09165954589844
-947.6202392578125 -185.52447509765625
-946.3019409179688 -187.3037872314453
-948.3015747070312 -189.2352294921875
-947.3715209960938 -191.10475158691406
-945.4740600585938 -191.7274169921875
-947.473876953125 -193.12924194335938
-949.4674072265625 -195.0415802001953
-947.5326538085938 -195.94131469726562
-949.5283203125 -197.61253356933594
-951.1517333984375 -198.92269897460938
-949.8101806640625 -200.69638061523438
-948.7099609375 -202.46080017089844
-947.8287353515625 -204.2227020263672
-949.8010864257812 -206.19610595703125
-951.5804443359375 -208.1919708251953
-952.7916259765625 -210.0699920654297
-954.0530395507812 -212.0488739013672
-956.0125732421875 -214.0453643798828
-957.98779296875 -216.02627563476562
-959.8750610351562 -214.57388305664062
-961.8297729492188 -216.56666564941406
-963.6282958984375 -215.00799560546875
-965.6141967773438 -217.0009765625
-967.5670166015625 -215.27537536621094
-969.48486328125 -217.2505645751953
-971.2916259765625 -215.35293579101562
-972.1412353515625 -217.3329620361328
-973.4993286132812 -215.3765106201172
-975.49658203125 -217.28721618652344
-977.47412109375 -215.30374145507812
-979.3345947265625 -217.2706298828125
-980.2070922851562 -215.37936401367188
-982.2062377929688 -217.36651611328125
-984.20556640625 -215.4996337890625
-986.2042846679688 -217.22633361816406
-987.4227905273438 -215.24961853027344
-989.4220581054688 -217.2445068359375
-991.4194946289062 -215.24871826171875
-993.4178466796875 -217.22752380371094
-995.30029296875 -215.23147583007812
-997.273193359375 -217.21592712402344
-999.24169921875 -215.23287963867188
-1001.2198486328125 -217.21131896972656
-1003.1246948242188 -215.29644775390625
-1005.1067504882812 -213.3456268310547
-1007.0335083007812 -215.34278869628906
-1008.9710693359375 -213.35043334960938
-1010.8974609375 -215.32745361328125
-1012.7291870117188 -213.37171936035156
-1014.68896484375 -211.42987060546875
-1016.4608764648438 -213.39630126953125
-1018.084228515625 -215.39096069335938
-1020.0740966796875 -213.4173583984375
-1020.6695556640625 -215.38534545898438
-1022.6542358398438 -213.4835662841797
-1024.3358154296875 -215.42422485351562
-1025.835205078125 -213.5236358642578
-1027.5703125 -215.5215301513672
-1029.04638671875 -217.51983642578125
-1031.0050048828125 -215.53944396972656
-1032.73193359375 -213.5686798095703
-1034.2437744140625 -215.4363250732422
-1036.1640625 -213.4531707763672
-1037.942626953125 -215.45257568359375
-1038.50537109375 -217.45010375976562
-1040.45361328125 -215.51629638671875
-1041.9105224609375 -217.50767517089844
-1043.9052734375 -215.51869201660156
-1045.8021240234375 -217.51751708984375
-1047.6746826171875 -219.51194763183594
-1049.667236328125 -221.19406127929688
-1047.6885986328125 -222.0250244140625
-1049.686279296875 -221.94114685058594
-1047.7786865234375 -222.2727813720703
-1049.77734375 -223.76560974121094
-1047.8072509765625 -225.28134155273438
-1049.801025390625 -225.0242156982422
-1048.1737060546875 -223.86956787109375
-1050.16552734375 -225.45095825195312
-1048.20849609375 -226.23336791992188
-1050.2069091796875 -227.13674926757812
-1048.2208251953125 -228.79461669921875
-1050.21142578125 -230.0924530029297
-1048.220458984375 -231.8461151123047
-1050.21728515625 -233.58132934570312
-1048.2640380859375 -234.46290588378906
-1050.2503662109375 -236.10020446777344
-1048.25341796875 -236.17111206054688
-1050.2366943359375 -238.1532440185547
-1048.6607666015625 -239.61065673828125
-1046.716796875 -238.7324981689453
-1048.713623046875 -240.40106201171875
-1046.7493896484375 -241.88511657714844
