-865.5289306640625 -59.11268615722656
-867.2377319335938 -61.09039306640625
-868.7949829101562 -59.20730972290039
-870.76806640625 -61.15452194213867
-872.6641845703125 -59.45040512084961
-874.0956420898438 -61.41761016845703
-875.84765625 -59.60559844970703
-877.8335571289062 -61.53535079956055
-878.2081298828125 -59.63419723510742
-880.2044067382812 -61.596797943115234
-881.4298706054688 -60.97795486450195
-883.0914916992188 -59.12403869628906
-884.9974975585938 -61.026668548583984
-886.9813232421875 -59.354942321777344
-888.8712768554688 -61.18149948120117
-887.4630737304688 -59.36750411987305
-889.41796875 -61.34389877319336
-888.4628295898438 -59.40460968017578
-890.1574096679688 -61.396602630615234
-890.5604248046875 -61.414798736572266
-888.75244140625 -59.926475524902344
-887.545166015625 -57.9520149230957
-889.5285034179688 -59.91460037231445
-888.4104614257812 -58.77220916748047
-890.4022216796875 -60.56295394897461
-891.6365356445312 -59.292938232421875
-893.6117553710938 -61.0166015625
-895.41064453125 -59.08086013793945
-897.2969360351562 -61.0717887878418
-898.2820434570312 -59.21535110473633
-899.7442016601562 -61.19744873046875
-901.68896484375 -59.201934814453125
-903.65869140625 -60.889015197753906
-905.2307739257812 -58.89885330200195
-906.956787109375 -57.067623138427734
-908.9473876953125 -58.79751968383789
-910.3787231445312 -56.93940734863281
-911.6040649414062 -56.48113250732422
-913.5997314453125 -55.17337417602539
-915.5491333007812 -55.754024505615234
-917.5335083007812 -54.542091369628906
-919.50830078125 -53.16266632080078
-920.2201538085938 -55.06212615966797
-922.2164306640625 -56.2119255065918
-921.4927978515625 -58.18734359741211
-923.4861450195312 -56.403533935546875
-924.9287109375 -58.3897590637207
-926.8932495117188 -56.47486877441406
-927.1788330078125 -58.44422912597656
-929.1541137695312 -60.4437370300293
-929.8382568359375 -62.43626403808594
-931.8382568359375 -62.59069061279297
-933.818115234375 -64.58978271484375
-935.8177490234375 -66.41329956054688
-937.8177490234375 -67.2704086303711
-939.813232421875 -69.26588439941406
-941.8079833984375 -71.26544189453125
-943.8078002929688 -73.26520538330078
-945.8008422851562 -75.2651596069336
-947.7986450195312 -77.26476287841797
-949.6687622070312 -79.20557403564453
-951.1331176757812 -81.1697769165039
-952.9591674804688 -83.145263671875
-952.287109375 -85.1379165649414
-953.2396240234375 -87.13278198242188
-951.7208251953125 -89.12828063964844
-952.4506225585938 -91.0770034790039
-952.7826538085938 -92.9124755859375
-952.851806640625 -94.87309265136719
-953.9146118164062 -96.77255249023438
-952.9482421875 -98.71764373779297
-951.5645141601562 -100.70154571533203
-953.07421875 -102.6932373046875
-951.6387329101562 -104.35677337646484
-953.2664184570312 -106.33787536621094
-954.4400024414062 -108.26543426513672
-953.1687622070312 -110.13520050048828
-951.527099609375 -112.01812744140625
-951.0679321289062 -113.94416046142578
-950.4721069335938 -115.7694091796875
-950.7618408203125 -117.63355255126953
-950.8626098632812 -119.61033630371094
-949.0274047851562 -121.5670394897461
-947.3933715820312 -123.55194091796875
-946.7681274414062 -125.5018081665039
-946.439453125 -127.4767837524414
-945.709716796875 -129.2633056640625
-947.6959838867188 -131.2025604248047
-948.1187133789062 -133.19949340820312
-947.7850341796875 -135.18466186523438
-948.4006958007812 -137.1516876220703
-947.8063354492188 -138.96563720703125
-946.0982666015625 -140.78526306152344
-948.0980224609375 -142.3024139404297
-947.4803466796875 -144.28257751464844
-948.4141235351562 -146.27847290039062
-946.6336669921875 -148.272705078125
-945.3941650390625 -150.24627685546875
-947.3939208984375 -151.82901000976562
-947.8546142578125 -153.8177490234375
-947.5625 -155.81320190429688
-946.288330078125 -157.74436950683594
-948.2880859375 -159.55288696289062
-946.8825073242188 -161.5137939453125
-945.483154296875 -163.36041259765625
-947.4827880859375 -164.94410705566406
-947.1258544921875 -166.9252166748047
-946.16845703125 -168.8842010498047
-948.1682739257812 -170.50332641601562
-946.8074340820312 -172.2000274658203
-947.864013671875 -174.19956970214844
-946.7157592773438 -176.13714599609375
-946.4957275390625 -178.01077270507812
-948.4954223632812 -179.6089630126953
-946.7866821289062 -181.60336303710938
-947.8836669921875 -183.58132934570312
-948.8557739257812 -185.57675170898438
-947.0801391601562 -187.53915405273438
-949.07958984375 -188.6029510498047
-948.7765502929688 -190.45037841796875
-949.0796508789062 -192.26075744628906
-950.0379028320312 -194.2124786376953
-950.9321899414062 -196.17733764648438
-952.6721801757812 -198.1160430908203
-954.5823364257812 -200.0153350830078
-953.1487426757812 -201.96365356445312
-955.1011352539062 -203.47157287597656
-956.5065307617188 -205.4516143798828
-957.8519897460938 -207.369384765625
-959.7738647460938 -209.36422729492188
-961.6820678710938 -211.3268280029297
-963.677978515625 -213.31622314453125
-965.6712036132812 -215.2842254638672
-966.09423828125 -215.764892578125
-967.8253173828125 -217.68374633789062
-969.1009521484375 -217.32691955566406
-970.5593872070312 -218.09591674804688
-970.037109375 -219.19285583496094
-971.58251953125 -218.43202209472656
-973.2405395507812 -217.1291961669922
-975.1913452148438 -216.41497802734375
-977.1248168945312 -217.59841918945312
-979.119140625 -218.02951049804688
-981.1170654296875 -218.57566833496094
-982.9783325195312 -218.93942260742188
-984.869140625 -217.40260314941406
-986.8128051757812 -218.09852600097656
-988.7704467773438 -217.3867645263672
-990.743896484375 -219.0985565185547
-992.615234375 -217.6545867919922
-994.3890380859375 -218.78109741210938
-996.365478515625 -218.61248779296875
-998.2255859375 -217.87335205078125
-1000.2210083007812 -218.4652099609375
-1002.213134765625 -218.0938720703125
-1002.5765991210938 -218.22882080078125
-1001.4689331054688 -218.84732055664062
-1003.4619140625 -220.5949249267578
-1001.642578125 -220.71214294433594
-1003.6027221679688 -218.93646240234375
-1004.7277221679688 -218.00155639648438
-1006.4334106445312 -216.89967346191406
-1008.375244140625 -215.88241577148438
-1010.3569946289062 -214.3548126220703
-1012.3190307617188 -212.65786743164062
-1014.3190307617188 -214.56271362304688
-1016.2384643554688 -212.93612670898438
-1018.2025756835938 -214.93313598632812
-1018.3229370117188 -213.1336669921875
-1019.4047241210938 -215.100341796875
-1021.2479248046875 -214.0489501953125
-1022.9012451171875 -215.87881469726562
-1024.769287109375 -214.05764770507812
-1026.29541015625 -216.0357208251953
-1028.2030029296875 -214.12338256835938
-1030.10009765625 -215.9937286376953
-1032.03857421875 -215.055908203125
-1033.890869140625 -217.02951049804688
-1035.79833984375 -215.37362670898438
-1037.77001953125 -216.12356567382812
-1039.71533203125 -214.24545288085938
-1040.0799560546875 -216.20828247070312
-1042.018310546875 -218.2052764892578
-1043.833984375 -216.5985870361328
-1044.660888671875 -218.5970916748047
-1046.644775390625 -218.35728454589844
-1047.3875732421875 -220.34808349609375
-1049.387451171875 -220.95115661621094
-1047.3988037109375 -222.33409118652344
-1049.3980712890625 -223.9387969970703
-1047.4002685546875 -225.9112091064453
-1049.39794921875 -227.3421630859375
-1047.40087890625 -229.04998779296875
-1049.3963623046875 -230.70120239257812
-1051.2921142578125 -231.8726043701172
-1049.2979736328125 -233.67510986328125
-1051.2913818359375 -235.5188751220703
-1049.294189453125 -237.49266052246094
-1047.3060302734375 -239.14251708984375
-1049.291748046875 -240.78445434570312
-1047.319580078125 -242.53492736816406
