-867.49267578125 -60.198001861572266
-869.490478515625 -58.65779495239258
-871.4514770507812 -60.65767288208008
-873.451416015625 -59.933380126953125
-875.3741455078125 -61.9332389831543
-877.3585815429688 -60.44071578979492
-879.3538208007812 -61.31475067138672
-881.3416137695312 -59.38539123535156
-882.6598510742188 -61.382991790771484
-884.6500854492188 -61.97702407836914
-886.5367431640625 -61.65751266479492
-888.3463134765625 -60.493682861328125
-890.323486328125 -58.55084228515625
-889.7735595703125 -60.526065826416016
-891.657958984375 -58.57430648803711
-890.9872436523438 -60.57403564453125
-892.6290893554688 -58.61152267456055
-891.1931762695312 -60.608863830566406
-892.5399780273438 -60.36980056762695
-894.4112548828125 -60.76308822631836
-896.4107666015625 -59.01563262939453
-896.2727661132812 -61.010379791259766
-898.2658081054688 -61.851261138916016
-900.1654052734375 -61.71293640136719
-901.9989013671875 -60.92449188232422
-903.3851318359375 -60.86427307128906
-905.3519897460938 -59.40652084350586
-907.2686157226562 -58.04374313354492
-907.3777465820312 -56.11786651611328
-909.0872192382812 -58.10777282714844
-911.07177734375 -58.59770584106445
-912.96875 -58.21560287475586
-914.934326171875 -58.629844665527344
-916.8909301757812 -57.30706024169922
-918.8861083984375 -55.517826080322266
-920.748046875 -53.87554931640625
-918.8724365234375 -55.867767333984375
-920.8682250976562 -57.55112075805664
-922.75 -58.77799987792969
-924.6485595703125 -58.92353439331055
-926.6478881835938 -58.42315673828125
-924.749267578125 -60.419376373291016
-926.7484130859375 -62.02266311645508
-928.74755859375 -61.01165008544922
-930.7474365234375 -62.12791442871094
-931.0991821289062 -64.11351013183594
-933.0990600585938 -66.08768463134766
-935.0989379882812 -68.07550048828125
-937.0983276367188 -70.06828308105469
-939.097412109375 -72.06817626953125
-941.0972290039062 -74.06575775146484
-943.09716796875 -76.0656967163086
-945.0970458984375 -78.06549835205078
-947.0969848632812 -80.0634536743164
-945.0971069335938 -81.90135955810547
-947.0971069335938 -83.90064239501953
-945.0985717773438 -85.88447570800781
-947.0985717773438 -87.88390350341797
-945.0986938476562 -89.88228607177734
-947.0986328125 -91.88167572021484
-945.0986938476562 -93.8758316040039
-947.0986328125 -95.87480163574219
-945.0992431640625 -97.86988067626953
-947.09912109375 -99.8677749633789
-945.0997314453125 -101.84540557861328
-947.099609375 -103.8453598022461
-945.101318359375 -105.83633422851562
-947.101318359375 -107.83102416992188
-945.1021728515625 -109.81526947021484
-947.1019287109375 -111.81478118896484
-945.1033935546875 -113.81202697753906
-947.1032104492188 -115.8113784790039
-945.1112670898438 -117.7284164428711
-947.1104125976562 -119.72518157958984
-945.1109008789062 -121.72103118896484
-947.1065673828125 -123.72018432617188
-945.2208862304688 -125.64545440673828
-947.2207641601562 -127.64515686035156
-945.221923828125 -129.6345977783203
-947.2217407226562 -131.63327026367188
-945.2221069335938 -133.6302947998047
-947.2217407226562 -135.62940979003906
-945.2218627929688 -137.3981475830078
-947.2217407226562 -139.39474487304688
-945.2218017578125 -141.3670196533203
-947.2217407226562 -143.36044311523438
-945.222900390625 -145.2133331298828
-947.222900390625 -147.2076873779297
-945.2254638671875 -149.1701202392578
-947.2250366210938 -151.16757202148438
-945.2295532226562 -153.16586303710938
-947.2288208007812 -155.1593780517578
-945.2305908203125 -157.13465881347656
-947.2303466796875 -159.0798797607422
-945.2308349609375 -161.0628662109375
-947.2305297851562 -163.02928161621094
-945.2315673828125 -165.0203399658203
-947.2315673828125 -166.9822235107422
-945.2379760742188 -168.9089813232422
-947.2378540039062 -170.88058471679688
-945.2388305664062 -172.79396057128906
-947.238525390625 -174.58306884765625
-945.2566528320312 -176.5581817626953
-947.25634765625 -178.55740356445312
-945.2586059570312 -180.07859802246094
-947.2576904296875 -182.0621337890625
-945.30859375 -184.06170654296875
-947.30859375 -186.0259552001953
-945.4368896484375 -187.86965942382812
-947.4354858398438 -189.82644653320312
-945.46240234375 -191.64358520507812
-947.4623413085938 -193.23342895507812
-949.4623413085938 -194.97518920898438
-947.4674072265625 -196.90318298339844
-949.4673461914062 -198.6447296142578
-947.5299682617188 -200.64259338378906
-949.5291137695312 -201.87156677246094
-947.5311889648438 -203.85006713867188
-949.531005859375 -205.7073516845703
-947.5947265625 -207.7056884765625
-949.5944213867188 -209.6900634765625
-947.595703125 -211.68724060058594
-949.59375 -213.5932159423828
-950.2471313476562 -215.59315490722656
-951.6096801757812 -213.86111450195312
-952.1992797851562 -215.8604736328125
-952.0467529296875 -214.58837890625
-950.1712036132812 -216.58836364746094
-949.9373168945312 -216.1453094482422
-951.5889892578125 -217.4153289794922
-953.3156127929688 -216.13368225097656
-955.1801147460938 -214.33984375
-956.275390625 -216.33880615234375
-958.167236328125 -217.02239990234375
-959.8422241210938 -218.18130493164062
-961.8260498046875 -216.72592163085938
-963.6704711914062 -215.80743408203125
-965.6654663085938 -217.12548828125
-967.4522094726562 -217.18182373046875
-969.3982543945312 -215.91876220703125
-971.3856811523438 -216.3976593017578
-973.3744506835938 -215.14625549316406
-971.9176025390625 -217.14614868164062
-973.91552734375 -215.3742218017578
-973.9412841796875 -217.37384033203125
-975.9058837890625 -215.77822875976562
-974.720458984375 -217.77806091308594
-976.6761474609375 -216.29904174804688
-975.2086181640625 -218.29879760742188
-977.2061767578125 -216.3831329345703
-978.037841796875 -218.38304138183594
-980.0343627929688 -217.91262817382812
-982.0330200195312 -216.1287384033203
-981.1450805664062 -218.12852478027344
-983.14501953125 -216.3736572265625
-983.9203491210938 -218.3736114501953
-985.6524047851562 -216.86322021484375
-987.5208129882812 -217.29209899902344
-989.4898681640625 -215.9026336669922
-991.4772338867188 -214.8140411376953
-993.0059814453125 -216.81356811523438
-995.0059204101562 -217.90663146972656
-996.98828125 -219.6826934814453
-998.982421875 -217.79476928710938
-1000.963623046875 -215.93800354003906
-1002.9605712890625 -214.25460815429688
-1001.7579345703125 -216.2545928955078
-1003.7500610351562 -216.6143798828125
-1005.7035522460938 -215.22769165039062
-1007.6802978515625 -216.67503356933594
-1009.6603393554688 -214.7384490966797
-1011.6520385742188 -212.84829711914062
-1013.5382690429688 -214.8480224609375
-1015.5311279296875 -212.9437255859375
-1013.560302734375 -214.943603515625
-1015.55859375 -213.4296112060547
-1015.4851684570312 -215.42958068847656
-1017.4789428710938 -214.54798889160156
-1019.3864135742188 -212.758056640625
-1018.0280151367188 -214.7574005126953
-1020.0234985351562 -214.58181762695312
-1018.654541015625 -216.58168029785156
-1020.5439453125 -215.0644989013672
-1022.5411376953125 -213.45730590820312
-1022.7662353515625 -215.45594787597656
-1024.7474365234375 -216.28140258789062
-1026.7138671875 -214.42506408691406
-1027.8687744140625 -216.42501831054688
-1029.8548583984375 -214.4624786376953
-1028.1429443359375 -216.46229553222656
-1030.0640869140625 -214.84259033203125
-1028.2945556640625 -216.84164428710938
-1030.256591796875 -215.1230010986328
-1029.026611328125 -217.12294006347656
-1030.723876953125 -215.46945190429688
-1032.6468505859375 -215.7142333984375
-1034.6329345703125 -213.83087158203125
-1036.435302734375 -215.82972717285156
-1038.4278564453125 -214.19972229003906
-1036.4891357421875 -216.19882202148438
-1038.4873046875 -214.3164520263672
-1039.6893310546875 -216.31146240234375
-1041.685302734375 -214.60025024414062
-1039.923095703125 -216.5966339111328
-1041.8697509765625 -215.19471740722656
-1041.7066650390625 -217.19456481933594
-1043.7059326171875 -216.10940551757812
-1042.14501953125 -218.10836791992188
-1044.14453125 -217.23097229003906
-1042.9329833984375 -219.23019409179688
-1044.9176025390625 -217.6241455078125
-1043.287353515625 -219.6236572265625
-1045.28515625 -217.6643829345703
-1044.5980224609375 -219.66429138183594
-1046.59326171875 -217.73294067382812
-1044.97216796875 -219.73281860351562
-1046.9718017578125 -218.99295043945312
-1048.9715576171875 -219.22833251953125
-1048.0228271484375 -221.2283172607422
-1050.0223388671875 -221.71914672851562
-1048.204833984375 -223.62591552734375
-1050.203369140625 -223.65029907226562
-1048.255615234375 -225.456298828125
-1050.25439453125 -227.0721435546875
-1048.280029296875 -228.8241424560547
-1050.2769775390625 -229.5258026123047
-1048.278076171875 -231.39781188964844
-1050.27294921875 -232.39547729492188
-1048.2945556640625 -234.31683349609375
-1050.2799072265625 -236.30531311035156
-1048.2861328125 -238.28419494628906
-1050.27099609375 -240.2013397216797
-1048.28466796875 -241.06423950195312
-1046.3299560546875 -242.89598083496094
