-867.46533203125 -58.99169921875
-869.4509887695312 -60.99029541015625
-871.3980102539062 -61.55429458618164
-873.3972778320312 -62.60820388793945
-875.1427612304688 -61.003238677978516
-876.2105102539062 -60.21088409423828
-878.1595458984375 -62.20689010620117
-880.1453857421875 -60.6910400390625
-882.1104736328125 -58.78799057006836
-884.1087036132812 -60.73838424682617
-885.9957885742188 -58.96500015258789
-886.5502319335938 -60.963218688964844
-888.5349731445312 -59.03299331665039
-889.9569702148438 -61.031837463378906
-891.94189453125 -62.378631591796875
-893.9366455078125 -60.6030158996582
-895.9312133789062 -59.33934020996094
-897.723388671875 -61.33725357055664
-899.5634765625 -59.37066650390625
-901.5179443359375 -61.37046432495117
-902.9991455078125 -61.94641876220703
-903.4705810546875 -60.035606384277344
-905.3497314453125 -58.36905288696289
-907.2489013671875 -60.36628723144531
-909.231201171875 -59.377891540527344
-911.17578125 -58.447601318359375
-913.1416015625 -56.53807830810547
-915.128173828125 -56.96238708496094
-917.0596313476562 -55.00883102416992
-919.0499267578125 -53.219512939453125
-917.12646484375 -55.1973762512207
-919.0794677734375 -53.59685134887695
-917.4030151367188 -55.5880126953125
-919.3865356445312 -53.76383590698242
-920.2457885742188 -55.75861740112305
-921.984130859375 -54.908233642578125
-920.1722412109375 -56.87278747558594
-921.93701171875 -55.73515319824219
-922.5626831054688 -57.717002868652344
-924.54296875 -56.873191833496094
-923.5646362304688 -58.86287307739258
-925.4521484375 -56.960472106933594
-926.5823974609375 -58.955902099609375
-927.4168701171875 -60.95409393310547
-929.4004516601562 -60.0644416809082
-931.39208984375 -62.012176513671875
-933.3034057617188 -63.7358512878418
-935.2825317382812 -65.39071655273438
-937.2743530273438 -67.38970184326172
-939.2160034179688 -69.25012969970703
-941.2139282226562 -71.23197174072266
-943.213623046875 -73.22801971435547
-945.2069702148438 -75.2143325805664
-947.2063598632812 -77.1960678100586
-948.5399780273438 -79.18026733398438
-949.6868286132812 -81.16513061523438
-947.848876953125 -83.08924865722656
-949.431396484375 -84.49597930908203
-949.2952270507812 -86.43748474121094
-949.5144653320312 -87.98995208740234
-948.5817260742188 -89.97049713134766
-947.59521484375 -91.96504211425781
-949.23046875 -93.95883178710938
-948.1393432617188 -95.9459228515625
-946.510986328125 -97.88318634033203
-948.50732421875 -99.85432434082031
-947.9415893554688 -101.85049438476562
-948.86181640625 -103.80949401855469
-947.1571655273438 -105.80461120605469
-948.5064086914062 -107.78136444091797
-946.9219970703125 -109.7432632446289
-945.212890625 -111.70542907714844
-947.2080688476562 -113.58708953857422
-947.8154296875 -115.58590698242188
-946.268310546875 -117.57160949707031
-946.109130859375 -119.55834197998047
-944.6080322265625 -121.55518341064453
-946.607666015625 -123.5447006225586
-947.9327392578125 -125.42244720458984
-946.6672973632812 -127.4069595336914
-947.0313110351562 -129.34255981445312
-946.94873046875 -131.32862854003906
-947.7442626953125 -133.32473754882812
-948.5294799804688 -135.20303344726562
-950.447998046875 -137.20103454589844
-951.3279418945312 -139.14573669433594
-950.3751831054688 -141.109619140625
-948.8023681640625 -143.09523010253906
-947.1640014648438 -145.06727600097656
-948.9481201171875 -147.0032501220703
-950.1563720703125 -149.00070190429688
-949.49609375 -150.94078063964844
-948.7808227539062 -152.70932006835938
-950.3823852539062 -154.5646209716797
-949.0420532226562 -156.50413513183594
-950.2177124023438 -158.47695922851562
-949.6585693359375 -160.26187133789062
-951.4000854492188 -162.2258758544922
-952.6011962890625 -164.14735412597656
-954.3075561523438 -165.99058532714844
-953.5068359375 -166.6549835205078
-953.822998046875 -168.60098266601562
-955.7136840820312 -170.53070068359375
-957.5905151367188 -172.2651824951172
-956.5889892578125 -173.74478149414062
-955.1246948242188 -175.09674072265625
-953.3187255859375 -176.98513793945312
-952.1797485351562 -178.22607421875
-952.8656616210938 -179.90733337402344
-952.426025390625 -181.78379821777344
-954.3689575195312 -183.43374633789062
-956.00146484375 -184.97198486328125
-955.915771484375 -186.96263122558594
-955.6556396484375 -186.92709350585938
-955.8749389648438 -188.32919311523438
-956.4060668945312 -190.2086639404297
-956.28271484375 -192.1466064453125
-958.1946411132812 -192.98646545410156
-959.41015625 -193.31765747070312
-959.5592041015625 -193.42266845703125
-960.99560546875 -195.42088317871094
-960.8687133789062 -197.24197387695312
-960.35595703125 -198.9484100341797
-961.63330078125 -200.93121337890625
-962.1098022460938 -202.767822265625
-960.3602905273438 -202.73655700683594
-962.3033447265625 -204.7059326171875
-964.1453247070312 -206.6840057373047
-965.9271240234375 -208.63804626464844
-967.8472290039062 -210.6179962158203
-969.6956176757812 -212.61703491210938
-970.8203125 -214.5813446044922
-972.8146362304688 -216.5668182373047
-974.8043823242188 -214.5911407470703
-976.8031616210938 -216.5659942626953
-978.79931640625 -214.57534790039062
-980.7476196289062 -216.5745849609375
-982.2738647460938 -218.56991577148438
-984.2647094726562 -216.59812927246094
-986.1865844726562 -214.63345336914062
-988.149169921875 -216.6326904296875
-990.1463623046875 -214.64288330078125
-992.0886840820312 -216.63844299316406
-994.0786743164062 -215.085205078125
-996.0772094726562 -217.08462524414062
-998.070556640625 -215.0909881591797
-999.89794921875 -217.0902862548828
-1001.8928833007812 -215.3869171142578
-1003.71044921875 -217.38316345214844
-1005.49169921875 -215.47088623046875
-1007.411865234375 -213.5320281982422
-1009.4004516601562 -215.52947998046875
-1011.397705078125 -213.53810119628906
-1013.3832397460938 -211.5581512451172
-1014.4008178710938 -213.54849243164062
-1012.88134765625 -211.67933654785156
-1014.8694458007812 -213.6750946044922
-1016.7321166992188 -211.75021362304688
-1017.9268798828125 -213.74063110351562
-1019.8478393554688 -215.74058532714844
-1021.6282348632812 -213.74806213378906
-1020.4972534179688 -215.74765014648438
-1022.4378662109375 -213.7885284423828
-1024.1279296875 -215.787841796875
-1023.8140869140625 -213.86099243164062
-1024.39501953125 -215.85870361328125
-1025.561767578125 -213.8729705810547
-1027.189208984375 -215.87249755859375
-1029.16455078125 -213.89488220214844
-1031.0343017578125 -215.89474487304688
-1032.315673828125 -213.9473876953125
-1034.07470703125 -215.9449462890625
-1036.0587158203125 -214.1460723876953
-1037.9576416015625 -216.1457061767578
-1037.3372802734375 -214.2683868408203
-1037.2236328125 -216.26507568359375
-1039.153076171875 -214.3663787841797
-1040.9324951171875 -216.36404418945312
-1042.24755859375 -218.36212158203125
-1044.2457275390625 -216.37185668945312
-1045.6142578125 -218.37001037597656
-1047.5760498046875 -217.53456115722656
-1045.912353515625 -219.5345001220703
-1047.613037109375 -217.96580505371094
-1046.0797119140625 -219.9656524658203
-1047.52294921875 -219.57229614257812
-1049.486083984375 -220.33082580566406
-1047.5655517578125 -221.9345245361328
-1048.843017578125 -222.0264892578125
-1046.844482421875 -224.0041046142578
-1048.8404541015625 -225.91282653808594
-1050.1007080078125 -224.81126403808594
-1048.1419677734375 -226.62550354003906
-1050.129638671875 -228.51214599609375
-1048.236328125 -230.03921508789062
-1050.217529296875 -231.6534881591797
-1048.2587890625 -232.7190704345703
-1050.1412353515625 -234.5653533935547
-1048.9486083984375 -236.46934509277344
-1050.8101806640625 -238.44552612304688
-1048.848388671875 -239.28997802734375
-1047.8580322265625 -241.04721069335938
-1049.526123046875 -243.03660583496094
-1048.546630859375 -244.93035888671875
