-865.7645874023438 -60.25377655029297
-866.9052734375 -58.681190490722656
-868.8997192382812 -60.67815399169922
-870.892822265625 -58.87493896484375
-872.88671875 -60.84038543701172
-874.8861083984375 -59.93547439575195
-876.7935791015625 -61.91278076171875
-878.2661743164062 -59.95674514770508
-880.1998901367188 -61.95591735839844
-881.8209838867188 -60.094520568847656
-883.67822265625 -62.05997085571289
-885.4246215820312 -60.095489501953125
-887.4092407226562 -62.08454132080078
-886.781982421875 -62.394622802734375
-888.6480102539062 -60.706626892089844
-888.1848754882812 -58.82123565673828
-890.1068725585938 -60.80619430541992
-889.699462890625 -58.88445281982422
-891.6947021484375 -60.86903381347656
-893.0975952148438 -58.956295013427734
-895.0833740234375 -60.91239929199219
-896.7650146484375 -59.083641052246094
-898.461669921875 -61.08073043823242
-899.9721069335938 -59.672393798828125
-901.447998046875 -58.724002838134766
-903.387939453125 -60.72288131713867
-904.93505859375 -59.13640213012695
-905.85498046875 -58.198463439941406
-907.7451171875 -60.182472229003906
-907.712890625 -58.54475402832031
-909.1495361328125 -56.64155197143555
-911.094970703125 -58.593746185302734
-912.244384765625 -56.6966438293457
-912.3544311523438 -55.32509231567383
-914.3334350585938 -57.28872299194336
-916.1477661132812 -56.8070182800293
-916.9498291015625 -55.130958557128906
-917.997314453125 -56.22481918334961
-919.5936279296875 -54.33656311035156
-918.974609375 -54.1921272277832
-919.6929931640625 -53.787044525146484
-918.5738525390625 -55.783897399902344
-919.6209716796875 -55.7550163269043
-920.9159545898438 -55.153865814208984
-922.243408203125 -57.15146255493164
-921.8649291992188 -57.11088562011719
-923.7449951171875 -56.814701080322266
-925.5841064453125 -58.81441116333008
-926.9623413085938 -58.41383361816406
-928.9115600585938 -60.36150360107422
-930.8550415039062 -62.35697937011719
-932.4864501953125 -64.35508728027344
-934.4861450195312 -66.01914978027344
-936.4833984375 -67.83454895019531
-938.482421875 -69.72245788574219
-940.4794311523438 -71.59004211425781
-942.4758911132812 -72.7481460571289
-944.4682006835938 -74.6436538696289
-946.4669799804688 -75.88469696044922
-948.45458984375 -77.85530090332031
-946.4592895507812 -79.85287475585938
-948.4030151367188 -81.82293701171875
-946.46337890625 -83.80572509765625
-948.46240234375 -85.41944122314453
-946.482421875 -87.40555572509766
-948.4773559570312 -88.30140686035156
-946.499755859375 -90.26085662841797
-948.4922485351562 -92.11975860595703
-946.6661987304688 -94.04864501953125
-948.6652221679688 -95.80255889892578
-946.7244262695312 -97.79082489013672
-948.71484375 -99.18622589111328
-946.738525390625 -101.17817687988281
-944.7424926757812 -103.14813232421875
-946.7417602539062 -104.39942169189453
-944.7666625976562 -106.38629913330078
-946.765380859375 -108.3572006225586
-944.7689819335938 -110.35411834716797
-946.7669067382812 -112.34068298339844
-944.795166015625 -114.33610534667969
-946.794677734375 -116.06852722167969
-944.9136352539062 -117.97935485839844
-946.912353515625 -119.85297393798828
-945.6541137695312 -121.83667755126953
-947.6538696289062 -123.80437469482422
-945.739013671875 -125.80378723144531
-947.73876953125 -127.70849609375
-946.0017700195312 -129.5692596435547
-948.0016479492188 -131.37860107421875
-946.2288818359375 -133.3385772705078
-948.2210693359375 -135.15528869628906
-946.3883056640625 -137.14419555664062
-945.3138427734375 -139.1297607421875
-947.3129272460938 -141.0460205078125
-945.3585205078125 -143.02606201171875
-947.3585205078125 -144.95159912109375
-945.447265625 -146.865478515625
-947.4466552734375 -148.8326873779297
-947.61669921875 -150.824462890625
-947.555419921875 -152.80300903320312
-945.7838134765625 -154.75035095214844
-947.7837524414062 -156.21730041503906
-946.3490600585938 -158.20956420898438
-948.3489379882812 -160.086669921875
-946.4116821289062 -162.0771484375
-948.4116821289062 -163.88514709472656
-946.9693603515625 -165.87010192871094
-945.4462890625 -167.78005981445312
-947.4459838867188 -169.47296142578125
-946.29638671875 -171.4638671875
-948.29638671875 -173.2241973876953
-946.6802368164062 -175.1466064453125
-946.386962890625 -176.8553924560547
-948.3868408203125 -177.60333251953125
-946.7869262695312 -179.3722686767578
-947.5327758789062 -181.19935607910156
-947.6488037109375 -182.82005310058594
-948.2698364257812 -184.77926635742188
-948.787841796875 -186.71282958984375
-947.1600952148438 -188.56919860839844
-947.2927856445312 -190.56333923339844
-947.7179565429688 -192.44168090820312
-948.8772583007812 -194.37570190429688
-949.656494140625 -196.1935577392578
-950.9180908203125 -198.13385009765625
-950.122802734375 -199.9751434326172
-950.13818359375 -201.88514709472656
-950.1466064453125 -203.7799072265625
-952.0162353515625 -205.71707153320312
-954.002197265625 -207.7128143310547
-955.9984130859375 -209.70301818847656
-957.9947509765625 -211.69781494140625
-959.99462890625 -213.69775390625
-961.99462890625 -215.69769287109375
-963.9335327148438 -214.24267578125
-965.9317626953125 -216.24246215820312
-967.8441772460938 -214.34732055664062
-969.8438110351562 -216.34715270996094
-971.24755859375 -214.856201171875
-973.2473754882812 -216.85614013671875
-975.033447265625 -214.86973571777344
-977.0330810546875 -216.86968994140625
-978.9819946289062 -215.04660034179688
-980.9813842773438 -217.0464630126953
-982.603515625 -215.1642608642578
-984.6002807617188 -217.1627655029297
-986.2174072265625 -215.37576293945312
-988.2097778320312 -217.373046875
-990.1329956054688 -215.46734619140625
-992.132568359375 -217.46664428710938
-993.5020751953125 -215.63616943359375
-994.5400390625 -213.6775665283203
-996.5390014648438 -215.6775360107422
-998.538818359375 -217.67555236816406
-1000.27587890625 -216.062255859375
-1001.56640625 -215.97854614257812
-1000.0386352539062 -214.02224731445312
-1002.0291748046875 -216.01979064941406
-1000.861572265625 -214.37791442871094
-1002.8464965820312 -216.37643432617188
-1003.2252197265625 -214.72946166992188
-1005.2205200195312 -216.72891235351562
-1006.2418823242188 -215.7313995361328
-1007.6380004882812 -214.10897827148438
-1009.5184936523438 -216.10552978515625
-1011.3150024414062 -214.2899627685547
-1013.0910034179688 -212.49061584472656
-1015.0907592773438 -214.48907470703125
-1016.0313720703125 -212.9394989013672
-1018.0296630859375 -214.9391632080078
-1016.5032958984375 -213.26930236816406
-1018.5003662109375 -215.26893615722656
-1019.5386962890625 -213.3840789794922
-1021.5088500976562 -215.38226318359375
-1023.3699340820312 -213.98062133789062
-1025.3065185546875 -215.98023986816406
-1026.0863037109375 -215.52252197265625
-1026.1121826171875 -213.661865234375
-1027.828857421875 -215.6593475341797
-1028.1226806640625 -214.90676879882812
-1030.0032958984375 -216.90061950683594
-1031.300048828125 -215.0303955078125
-1033.279052734375 -217.0291290283203
-1031.6051025390625 -215.11651611328125
-1033.59130859375 -217.1086883544922
-1033.7191162109375 -215.1497344970703
-1035.7166748046875 -217.14634704589844
-1035.7657470703125 -215.28187561035156
-1037.7537841796875 -217.27584838867188
-1038.3514404296875 -215.6383819580078
-1040.344482421875 -217.63623046875
-1041.5455322265625 -216.86029052734375
-1043.3240966796875 -215.31455993652344
-1045.27685546875 -217.30621337890625
-1047.2613525390625 -219.3025665283203
-1049.2308349609375 -219.1465301513672
-1051.173095703125 -221.1461944580078
-1049.1868896484375 -222.97682189941406
-1047.2127685546875 -224.949462890625
-1049.1768798828125 -226.60128784179688
-1051.02978515625 -228.47503662109375
-1049.04052734375 -229.73056030273438
-1051.0357666015625 -231.72384643554688
-1049.0374755859375 -232.90225219726562
-1050.9962158203125 -234.74081420898438
-1049.0042724609375 -235.44175720214844
-1050.9183349609375 -237.4396209716797
-1048.92236328125 -237.53741455078125
-1046.924072265625 -236.74349975585938
-1048.7315673828125 -238.6133270263672
-1046.838134765625 -240.3048095703125
-1048.7740478515625 -242.2601318359375
-1046.8011474609375 -240.39768981933594
-1048.7979736328125 -242.39491271972656
-1046.8006591796875 -242.1823272705078
