-850.559814453125 -225.8055419921875
-852.55859375 -223.81021118164062
-854.5584106445312 -225.8101043701172
-856.528076171875 -223.85336303710938
-858.5258178710938 -225.85333251953125
-860.423095703125 -223.8728485107422
-862.3662109375 -225.87274169921875
-864.3529663085938 -223.9099578857422
-866.3386840820312 -225.90992736816406
-868.33251953125 -227.90953063964844
-869.8345336914062 -226.27723693847656
-871.822021484375 -224.28004455566406
-873.8193359375 -226.27984619140625
-875.7056884765625 -224.34352111816406
-877.7040405273438 -226.34307861328125
-879.6918334960938 -224.34725952148438
-881.6881713867188 -226.34634399414062
-883.6881103515625 -228.33518981933594
-885.6820068359375 -226.87155151367188
-887.6182250976562 -224.94325256347656
-889.6181640625 -226.9430694580078
-891.5806884765625 -224.94503784179688
-893.580078125 -226.94496154785156
-895.5736083984375 -224.9655303955078
-897.5698852539062 -226.96514892578125
-899.5689086914062 -228.96421813964844
-901.5494384765625 -227.10406494140625
-903.5446166992188 -229.0977020263672
-903.2886962890625 -227.10537719726562
-905.288330078125 -229.1040802001953
-907.2374877929688 -227.69529724121094
-909.2142944335938 -225.71292114257812
-911.2127075195312 -227.70938110351562
-913.2113037109375 -226.53248596191406
-915.2097778320312 -228.53074645996094
-917.2052612304688 -226.6483154296875
-919.2010498046875 -228.6476287841797
-920.891845703125 -226.73272705078125
-922.8911743164062 -228.72923278808594
-924.88720703125 -226.98919677734375
-926.8851318359375 -228.987060546875
-928.8753662109375 -228.11721801757812
-930.872802734375 -229.3912811279297
-932.8638916015625 -231.2243194580078
-934.85693359375 -229.4597625732422
-936.8560180664062 -230.82139587402344
-938.6583862304688 -232.69464111328125
-940.6531982421875 -234.6677703857422
-942.6373291015625 -236.4092254638672
-944.6340942382812 -237.9636993408203
-946.6095581054688 -239.94915771484375
-947.77099609375 -241.58131408691406
-947.3954467773438 -242.49606323242188
-948.6618041992188 -243.5627899169922
-946.9718017578125 -245.52210998535156
-948.9657592773438 -247.5067596435547
-950.9055786132812 -249.50050354003906
-952.3218383789062 -251.4905242919922
-952.6368408203125 -253.4654083251953
-953.5413208007812 -255.01473999023438
-951.7811889648438 -256.7640380859375
-950.228759765625 -258.7505798339844
-952.2161865234375 -260.7048645019531
-953.6048583984375 -262.6466979980469
-954.2860717773438 -264.5763244628906
-953.8857421875 -266.3493347167969
-955.6677856445312 -268.0457763671875
-954.6724243164062 -269.99200439453125
-954.9832763671875 -271.9126892089844
-954.6246948242188 -273.69342041015625
-954.8585205078125 -275.6786804199219
-956.4420166015625 -277.5691833496094
-957.1707153320312 -278.39312744140625
-956.017578125 -279.9228210449219
-956.8671264648438 -281.91522216796875
-957.3510131835938 -283.39068603515625
-958.15576171875 -285.184814453125
-958.9276733398438 -285.79107666015625
-960.3639526367188 -287.17950439453125
-961.0067138671875 -286.849853515625
-961.0820922851562 -288.36663818359375
-962.8827514648438 -290.3502502441406
-963.0222778320312 -291.493896484375
-963.7498779296875 -293.0833435058594
-962.8203125 -294.9873962402344
-961.0667114257812 -296.7815856933594
-962.1074829101562 -298.7453308105469
-960.458740234375 -300.7384338378906
-962.3925170898438 -302.3970031738281
-960.5227661132812 -303.6683349609375
-961.4097900390625 -305.6474609375
-962.589599609375 -307.63934326171875
-963.7552490234375 -309.63604736328125
-965.2294311523438 -311.63232421875
-967.1094970703125 -313.62237548828125
-969.0982666015625 -315.5532531738281
-971.0809326171875 -313.5606689453125
-973.08056640625 -315.5476989746094
-975.0768432617188 -313.5479431152344
-977.0620727539062 -315.44500732421875
-979.0609741210938 -313.4549865722656
-981.0609741210938 -315.45379638671875
-983.01953125 -313.4730529785156
-985.0186157226562 -315.4580993652344
-987.0185546875 -313.4608459472656
-989.0177001953125 -315.44500732421875
-991.016845703125 -313.45037841796875
-993.0159912109375 -315.4396057128906
-995.0142211914062 -313.69757080078125
-997.0010375976562 -311.71002197265625
-999.0009765625 -313.70989990234375
-999.7478637695312 -311.7576904296875
-1001.7420654296875 -313.7392578125
-1003.7266845703125 -312.0091247558594
-1005.7250366210938 -310.04278564453125
-1007.6973876953125 -312.04217529296875
-1009.627197265625 -314.03106689453125
-1011.4609375 -312.11163330078125
-1013.4187622070312 -314.1098327636719
-1015.3804931640625 -316.10693359375
-1017.3732299804688 -318.0975036621094
-1015.64990234375 -319.3797912597656
-1017.53955078125 -320.52142333984375
-1016.1364135742188 -322.510986328125
-1018.0899658203125 -324.39666748046875
-1016.4026489257812 -325.5179443359375
-1018.3916625976562 -327.5066833496094
-1016.5240478515625 -329.4046936035156
-1018.5170288085938 -331.23126220703125
-1017.9727783203125 -333.1941223144531
-1016.8075561523438 -334.6007385253906
-1016.2789916992188 -335.89007568359375
-1017.9108276367188 -337.7253723144531
-1016.0021362304688 -339.4850158691406
-1017.6333618164062 -339.59429931640625
-1016.05419921875 -341.0469970703125
-1017.929931640625 -342.92205810546875
-1017.24462890625 -341.284423828125
-1015.9498291015625 -339.3411560058594
-1017.9043579101562 -341.2563171386719
-1016.89599609375 -339.5783996582031
-1016.7233276367188 -341.5488586425781
-1015.9719848632812 -340.88555908203125
-1017.9517211914062 -342.7308044433594
-1018.721923828125 -344.26007080078125
-1017.2274169921875 -346.0251770019531
-1018.6886596679688 -347.584716796875
-1020.4954833984375 -348.0793762207031
-1018.972900390625 -349.0994567871094
-1017.7786865234375 -350.8130187988281
-1016.7000732421875 -350.7686462402344
-1015.6206665039062 -352.50469970703125
-1017.5994873046875 -350.5478820800781
-1015.6099243164062 -352.47357177734375
-1017.562255859375 -350.49896240234375
-1016.7774047851562 -352.2650451660156
-1018.5263671875 -350.29730224609375
-1016.7948608398438 -350.9543151855469
-1016.4021606445312 -351.49853515625
-1016.3180541992188 -353.2245788574219
-1018.2802734375 -351.22552490234375
-1016.3806762695312 -352.98370361328125
-1018.377197265625 -351.1490173339844
-1018.823486328125 -352.8585510253906
-1017.4862670898438 -353.80767822265625
-1019.4808349609375 -351.80889892578125
-1020.0286254882812 -353.3457946777344
-1018.0796508789062 -355.33837890625
-1020.0025024414062 -353.34185791015625
-1018.1459350585938 -355.3239440917969
-1020.130615234375 -353.3464050292969
-1020.2229614257812 -355.1555480957031
-1019.192138671875 -356.8235168457031
-1021.1559448242188 -354.8477783203125
-1019.1668090820312 -355.7512512207031
-1021.1403198242188 -354.00885009765625
-1019.4165649414062 -355.8785705566406
-1021.41357421875 -353.89227294921875
-1019.61767578125 -355.86639404296875
-1021.6137084960938 -353.8706970214844
-1020.6040649414062 -355.5178527832031
-1019.4371948242188 -356.7322692871094
-1021.4365234375 -354.73779296875
-1020.5283203125 -356.69842529296875
-1022.3215942382812 -354.7154846191406
-1020.8031616210938 -356.6926574707031
-1019.2438354492188 -358.27496337890625
-1021.241455078125 -356.2841796875
-1019.42578125 -358.1754455566406
-1020.9368896484375 -356.1931457519531
-1018.9629516601562 -358.0550842285156
-1020.6416015625 -356.0789489746094
-1018.6533813476562 -358.00347900390625
-1020.6238403320312 -356.0050354003906
-1020.5425415039062 -357.9817199707031
-1022.482666015625 -355.98529052734375
-1021.1275634765625 -357.8057556152344
-1023.1004638671875 -355.81048583984375
-1021.20556640625 -356.7236633300781
-1019.5056762695312 -358.642333984375
-1021.4510498046875 -356.6441650390625
-1019.567138671875 -358.49322509765625
-1021.5258178710938 -356.49798583984375
-1019.5542602539062 -357.855224609375
-1021.5526123046875 -355.88238525390625
-1019.9341430664062 -357.2031555175781
-1021.9240112304688 -355.20404052734375
-1020.335693359375 -357.00634765625
-1022.2583618164062 -355.01593017578125
-1020.9102783203125 -356.6713562011719
-1021.2901000976562 -358.28466796875
-1023.0155639648438 -356.5740661621094
-1022.1741943359375 -358.5660400390625
-1021.6354370117188 -360.0849304199219
-1023.61181640625 -358.149658203125
-1024.1728515625 -360.09490966796875
-1022.3880004882812 -362.0537414550781
-1024.3726806640625 -362.13818359375
