-849.35205078125 -225.8050079345703
-851.3515014648438 -224.5071563720703
-853.2189331054688 -226.50404357910156
-855.21142578125 -226.62417602539062
-857.2100830078125 -225.1160125732422
-859.2083129882812 -224.9326934814453
-861.1427612304688 -226.9326171875
-863.1373901367188 -226.49024963378906
-865.1361694335938 -226.1746826171875
-867.1159057617188 -225.7850799560547
-868.2272338867188 -227.7845916748047
-870.220458984375 -228.72671508789062
-872.2185668945312 -227.1603546142578
-874.2072143554688 -228.2481689453125
-876.205078125 -226.81793212890625
-878.203125 -225.54669189453125
-879.3831787109375 -227.54556274414062
-881.3811645507812 -228.3597412109375
-883.38037109375 -226.9754180908203
-885.343017578125 -225.35447692871094
-887.210693359375 -227.34463500976562
-889.1624755859375 -226.57872009277344
-891.1607055664062 -228.3143310546875
-893.119873046875 -229.13279724121094
-895.119140625 -229.96542358398438
-897.1083984375 -231.19012451171875
-899.1067504882812 -230.80322265625
-901.0791015625 -229.60470581054688
-903.0784301757812 -230.3487091064453
-905.072509765625 -230.52952575683594
-906.9339599609375 -230.66709899902344
-908.9266357421875 -229.22767639160156
-910.9019165039062 -227.51068115234375
-911.7042846679688 -229.29559326171875
-913.5288696289062 -227.52764892578125
-915.498046875 -225.93589782714844
-917.33984375 -227.9351348876953
-919.3359985351562 -226.77655029296875
-920.3451538085938 -228.7753448486328
-922.3246459960938 -228.981201171875
-924.3009643554688 -227.41250610351562
-924.2164916992188 -229.40444946289062
-926.2158813476562 -230.15237426757812
-928.2125244140625 -230.66204833984375
-930.2117919921875 -232.56222534179688
-932.2112426757812 -234.55584716796875
-934.2105102539062 -234.0484161376953
-936.2103881835938 -236.03997802734375
-938.2103271484375 -238.03857421875
-940.2102661132812 -240.0169677734375
-942.2101440429688 -242.01446533203125
-944.2101440429688 -244.001708984375
-946.2095947265625 -245.9957733154297
-948.2081298828125 -247.9946746826172
-946.2088623046875 -249.99008178710938
-948.2069702148438 -251.9886016845703
-946.2073974609375 -253.97088623046875
-948.2072143554688 -255.96971130371094
-946.2074584960938 -257.9691467285156
-948.2073974609375 -259.96759033203125
-946.2144165039062 -261.9210510253906
-948.21435546875 -263.8855895996094
-946.2515869140625 -265.85614013671875
-948.2512817382812 -267.8462219238281
-946.2516479492188 -269.8402099609375
-948.2514038085938 -271.793701171875
-946.2530517578125 -273.76214599609375
-948.2491455078125 -275.7608337402344
-946.2508544921875 -277.7561340332031
-948.2508544921875 -279.7512512207031
-946.2513427734375 -281.73016357421875
-948.251220703125 -283.7265930175781
-946.2515258789062 -285.72540283203125
-948.25146484375 -287.7074279785156
-946.25927734375 -289.5510559082031
-948.25927734375 -291.54510498046875
-946.2722778320312 -293.5440673828125
-948.2716064453125 -295.5396423339844
-946.2815551757812 -297.4867858886719
-948.2814331054688 -299.4846496582031
-946.3402709960938 -301.4814147949219
-948.340087890625 -303.48004150390625
-946.3575439453125 -305.4708557128906
-948.3569946289062 -307.4581298828125
-946.3794555664062 -309.4535827636719
-948.3786010742188 -311.2895202636719
-946.44921875 -313.2846984863281
-948.44921875 -315.275634765625
-950.44921875 -317.2178649902344
-949.1810302734375 -318.74835205078125
-949.1967163085938 -320.58135986328125
-948.2762451171875 -322.3978271484375
-950.2762451171875 -324.3683166503906
-948.3621826171875 -326.2377624511719
-950.3621826171875 -327.0980529785156
-948.86865234375 -329.0845947265625
-947.5422973632812 -331.0346984863281
-949.5421752929688 -333.0016784667969
-947.6244506835938 -334.9731750488281
-949.6243896484375 -336.9640197753906
-947.6626586914062 -338.9519348144531
-949.6626586914062 -338.09954833984375
-950.1978759765625 -339.8081359863281
-949.0250244140625 -340.6001281738281
-947.5449829101562 -342.5738220214844
-949.5448608398438 -344.5626525878906
-950.3788452148438 -346.1834411621094
-949.6859741210938 -348.179931640625
-949.5680541992188 -350.1730651855469
-947.6925659179688 -352.1271057128906
-949.6923828125 -354.0348815917969
-947.712890625 -355.9864807128906
-949.7125854492188 -357.81982421875
-951.1588134765625 -359.3271789550781
-952.2827758789062 -361.2854309082031
-951.7328491210938 -362.53326416015625
-949.8953857421875 -364.5212707519531
-949.6836547851562 -366.18109130859375
-947.9716796875 -365.0927734375
-949.9672241210938 -366.78167724609375
-948.35009765625 -368.7528076171875
-946.737060546875 -367.7505187988281
-948.7319946289062 -369.7201232910156
-948.0751953125 -370.927490234375
-946.8770141601562 -372.7926025390625
-948.8632202148438 -374.13470458984375
-947.1741943359375 -376.01007080078125
-949.174072265625 -377.93359375
-947.5369262695312 -376.6514892578125
-945.6722412109375 -375.81573486328125
-947.669677734375 -375.16082763671875
-945.8701171875 -375.2873229980469
-947.8701171875 -375.54583740234375
-947.5291748046875 -377.2362976074219
-947.3906860351562 -378.0198059082031
-949.3901977539062 -377.63446044921875
-947.5474853515625 -376.5574035644531
-946.8140258789062 -378.15106201171875
-948.8135986328125 -379.4933166503906
-946.8690795898438 -378.8775634765625
-948.8690185546875 -380.5525817871094
-946.9088134765625 -380.3990478515625
-948.90673828125 -382.31939697265625
-949.919677734375 -384.1790771484375
-948.1267700195312 -382.61676025390625
-946.2879638671875 -384.3675537109375
-948.2868041992188 -384.7242431640625
-946.6668701171875 -386.4674377441406
-948.6355590820312 -386.1567077636719
-948.3014526367188 -386.241943359375
-946.3411254882812 -387.9814453125
-948.3120727539062 -388.7071533203125
-946.5419921875 -390.5099792480469
-948.5414428710938 -391.94805908203125
-946.9898071289062 -393.9170837402344
-948.98876953125 -395.7912902832031
-950.047119140625 -396.9937438964844
-950.765380859375 -395.4286193847656
-952.7520751953125 -394.4153137207031
-952.3168334960938 -396.41162109375
-954.2608032226562 -396.8269958496094
-956.1629028320312 -396.6002197265625
-958.1552124023438 -394.8275146484375
-958.7678833007812 -396.77398681640625
-960.4530639648438 -396.0212707519531
-962.4131469726562 -394.266357421875
-963.4749145507812 -396.26544189453125
-965.3567504882812 -394.3888244628906
-966.6572875976562 -396.38055419921875
-968.6346435546875 -394.4220886230469
-970.1876220703125 -396.4084777832031
-972.1867065429688 -394.7356262207031
-974.0941772460938 -396.73114013671875
-976.0939331054688 -395.7737121582031
-978.0816650390625 -397.77056884765625
-980.0806884765625 -398.2578430175781
-982.0803833007812 -396.79193115234375
-984.0795288085938 -395.20989990234375
-985.7750854492188 -397.1319274902344
-987.7479248046875 -395.2110900878906
-989.7122192382812 -397.2109069824219
-991.7066040039062 -398.9034118652344
-993.702392578125 -397.027587890625
-995.6964721679688 -395.1455993652344
-997.6963500976562 -395.4032287597656
-999.6961669921875 -394.9918212890625
-1001.6917114257812 -394.84893798828125
-1003.6900634765625 -393.38720703125
-1004.06787109375 -395.3868103027344
-1006.0671997070312 -396.9366455078125
-1008.0647583007812 -395.0577392578125
-1010.0440673828125 -395.6909484863281
-1012.0429077148438 -395.4279479980469
-1014.0418090820312 -394.366943359375
-1014.9511108398438 -396.3669128417969
-1016.9503173828125 -397.5056457519531
-1018.9503173828125 -396.77581787109375
-1020.9503173828125 -398.33184814453125
-1022.856689453125 -396.96405029296875
