-850.560302734375 -225.79754638671875
-852.546142578125 -227.06680297851562
-854.5281372070312 -228.49024963378906
-856.5271606445312 -226.938232421875
-858.5008544921875 -227.5218963623047
-860.4959716796875 -227.87301635742188
-862.4835815429688 -227.5557098388672
-864.48095703125 -225.68357849121094
-866.4644165039062 -227.68032836914062
-868.4081420898438 -228.76022338867188
-870.3336181640625 -230.4910125732422
-872.3294067382812 -228.71360778808594
-874.306396484375 -227.7835693359375
-876.2715454101562 -227.05270385742188
-878.2662963867188 -227.12132263183594
-880.2640991210938 -226.5469512939453
-882.2581787109375 -227.6822967529297
-884.2578125 -227.8988037109375
-886.1273803710938 -228.29397583007812
-888.1266479492188 -227.59288024902344
-890.0764770507812 -228.14768981933594
-892.075439453125 -228.38229370117188
-894.0120239257812 -227.55841064453125
-895.96435546875 -229.01284790039062
-897.9635620117188 -227.45701599121094
-899.962646484375 -225.60890197753906
-901.9620971679688 -227.5985870361328
-903.960205078125 -227.5546417236328
-905.8378295898438 -225.6199188232422
-907.8082275390625 -227.61871337890625
-909.607177734375 -225.7091064453125
-911.6068115234375 -227.7026824951172
-913.5970458984375 -225.72682189941406
-915.5953979492188 -227.70559692382812
-916.4808349609375 -228.53347778320312
-918.4390258789062 -227.76124572753906
-920.4153442382812 -226.8008575439453
-922.4143676757812 -228.79119873046875
-924.413330078125 -228.70066833496094
-926.3964233398438 -229.36508178710938
-928.3963012695312 -231.17738342285156
-930.3958740234375 -233.1501922607422
-932.3958129882812 -235.1360626220703
-934.395751953125 -237.1354217529297
-936.3955688476562 -239.12918090820312
-938.3955688476562 -241.12258911132812
-940.3955688476562 -243.11941528320312
-942.3951416015625 -245.11505126953125
-944.3951416015625 -247.11209106445312
-946.3948364257812 -249.09921264648438
-948.394775390625 -251.0982208251953
-948.0247802734375 -253.07867431640625
-948.7130126953125 -255.07449340820312
-948.7015991210938 -256.9803161621094
-947.092041015625 -258.9537048339844
-949.090087890625 -260.9520568847656
-948.248779296875 -262.7668151855469
-950.1156616210938 -264.7657470703125
-949.7437744140625 -266.7633972167969
-951.396728515625 -268.7566833496094
-952.6298217773438 -270.74884033203125
-952.9601440429688 -272.66632080078125
-951.166748046875 -274.6560363769531
-950.2647705078125 -276.65447998046875
-951.5645751953125 -278.6521301269531
-951.0433959960938 -280.4937744140625
-952.1375732421875 -282.3868408203125
-953.3933715820312 -284.3529052734375
-954.9581909179688 -286.33642578125
-953.0491333007812 -288.3323974609375
-954.525634765625 -290.3144226074219
-953.7250366210938 -292.2367248535156
-955.104248046875 -294.22900390625
-956.4171752929688 -296.2230529785156
-957.6929931640625 -298.16888427734375
-959.305419921875 -300.1024169921875
-960.099365234375 -302.0919189453125
-960.349609375 -303.90594482421875
-960.188720703125 -305.8911437988281
-958.815185546875 -307.8584289550781
-960.7752075195312 -309.84088134765625
-962.7661743164062 -311.83441162109375
-964.7586059570312 -313.7622985839844
-966.7584228515625 -315.760009765625
-968.4557495117188 -314.1175842285156
-970.4529418945312 -314.2716979980469
-972.4501953125 -312.4827880859375
-974.4312744140625 -314.470947265625
-976.41845703125 -312.7952575683594
-978.4182739257812 -314.78515625
-980.4030151367188 -312.9551086425781
-982.4029541015625 -314.95166015625
-984.2594604492188 -314.17059326171875
-985.3815307617188 -312.7876281738281
-987.3815307617188 -314.7762145996094
-989.37060546875 -312.7991943359375
-991.37060546875 -314.7989501953125
-992.2691650390625 -313.81268310546875
-994.2664794921875 -315.8104553222656
-996.0308837890625 -314.0028381347656
-997.8391723632812 -312.67327880859375
-999.8391723632812 -314.6720886230469
-1001.2776489257812 -313.5744323730469
-1003.2610473632812 -312.2683410644531
-1005.2526245117188 -313.6764831542969
-1007.0277099609375 -314.4555969238281
-1008.9139404296875 -312.81396484375
-1010.8904418945312 -314.8083190917969
-1012.890380859375 -315.9678649902344
-1014.8876953125 -317.0614013671875
-1016.8867797851562 -319.0575256347656
-1015.77294921875 -320.93646240234375
-1017.7728271484375 -322.3980407714844
-1016.9171752929688 -323.9741516113281
-1015.0858154296875 -325.9397888183594
-1017.08544921875 -327.93243408203125
-1015.6878051757812 -329.7463073730469
-1017.6874389648438 -331.7178955078125
-1016.3107299804688 -333.6951904296875
-1018.3107299804688 -335.66375732421875
-1017.19384765625 -337.63177490234375
-1017.2578735351562 -339.6261901855469
-1015.4717407226562 -341.55743408203125
-1017.4716796875 -342.8823547363281
-1017.10595703125 -344.6687316894531
-1015.3369750976562 -346.4686584472656
-1017.3368530273438 -348.45703125
-1015.5888061523438 -350.4042053222656
-1014.2814331054688 -352.2904968261719
-1015.6568603515625 -353.5869140625
-1017.4608154296875 -352.5014343261719
-1017.1106567382812 -354.43927001953125
-1015.62109375 -354.614013671875
-1017.476318359375 -353.7809753417969
-1016.5836791992188 -353.6198425292969
-1018.2770385742188 -351.70989990234375
-1017.4329833984375 -353.5951843261719
-1018.7139892578125 -352.83648681640625
-1016.9296875 -354.33807373046875
-1018.3871459960938 -353.43353271484375
-1019.4049682617188 -355.2348327636719
-1021.3828735351562 -355.04315185546875
-1020.03271484375 -356.73797607421875
-1019.1282958984375 -355.0689697265625
-1021.1170043945312 -353.56365966796875
-1019.13427734375 -355.39398193359375
-1021.0726928710938 -354.2599792480469
-1021.6675415039062 -356.1973876953125
-1019.6727294921875 -358.0277099609375
-1021.6350708007812 -356.1979675292969
-1019.8272705078125 -356.3204040527344
-1021.088134765625 -354.52703857421875
-1019.129638671875 -356.147705078125
-1019.1951293945312 -354.19879150390625
-1017.2620239257812 -356.1947326660156
-1019.2477416992188 -354.2785339355469
-1017.387451171875 -356.23065185546875
-1019.2257080078125 -357.1746520996094
-1021.0592651367188 -355.4501037597656
-1019.3944091796875 -355.43646240234375
-1021.2659912109375 -353.880859375
-1019.2855834960938 -354.0370178222656
-1017.4456787109375 -355.4383850097656
-1018.9299926757812 -353.7017517089844
-1017.20361328125 -355.637939453125
-1019.1942138671875 -355.7687683105469
-1021.0266723632812 -353.9363098144531
-1019.1397094726562 -355.74859619140625
-1019.73779296875 -354.1688232421875
-1019.4887084960938 -355.9876403808594
-1020.7145385742188 -354.0694885253906
-1020.8756713867188 -354.9058532714844
-1018.9329223632812 -355.68853759765625
-1020.4683227539062 -356.4901428222656
-1022.1162719726562 -355.446044921875
-1020.1993408203125 -357.2417907714844
-1022.1466674804688 -355.52294921875
-1020.7282104492188 -357.4720764160156
-1022.6976318359375 -356.4392395019531
-1020.8001708984375 -356.4339904785156
-1019.1110229492188 -358.2252197265625
-1020.7816772460938 -356.41973876953125
-1018.9224853515625 -358.1756591796875
-1020.9144287109375 -356.5960693359375
-1018.9258422851562 -358.3141174316406
-1020.9196166992188 -356.3390197753906
-1019.7796020507812 -357.15557861328125
-1021.7780151367188 -355.70526123046875
-1019.7918701171875 -356.9977722167969
-1021.786865234375 -355.0846252441406
-1020.2548217773438 -356.21368408203125
-1022.2410278320312 -355.397705078125
-1021.4815673828125 -354.4818115234375
-1020.6239013671875 -356.4427795410156
-1019.269775390625 -358.3506774902344
-1021.210693359375 -356.3970031738281
-1019.305419921875 -358.0491027832031
-1020.96630859375 -357.6954650878906
-1022.9413452148438 -358.799072265625
-1021.9356689453125 -360.3750915527344
-1023.9356079101562 -360.1416015625
-1022.09765625 -361.864990234375
-1024.0975341796875 -362.291259765625
