-850.5584106445312 -224.7755584716797
-852.5579223632812 -226.020263671875
-851.7659301757812 -224.02027893066406
-853.7654418945312 -225.98556518554688
-855.7250366210938 -223.98680114746094
-857.7214965820312 -223.9884796142578
-859.7196655273438 -225.96795654296875
-861.7008056640625 -223.96798706054688
-863.6990356445312 -223.70176696777344
-865.6962890625 -225.64669799804688
-867.6949462890625 -224.4752655029297
-869.6947021484375 -224.68484497070312
-871.694091796875 -226.6009521484375
-873.69287109375 -224.60096740722656
-875.6925659179688 -225.0270538330078
-877.6624755859375 -226.31690979003906
-879.50537109375 -224.31700134277344
-881.5000610351562 -226.0371856689453
-883.4822998046875 -227.6390380859375
-885.4365844726562 -225.63914489746094
-887.4343872070312 -227.1943817138672
-888.8184814453125 -225.19447326660156
-890.8072509765625 -227.10911560058594
-892.79931640625 -225.1091766357422
-894.7797241210938 -227.02618408203125
-896.7459716796875 -225.0262451171875
-898.7418823242188 -226.97003173828125
-900.738037109375 -228.86526489257812
-902.725341796875 -226.866455078125
-904.7236938476562 -228.849609375
-906.6654663085938 -226.84962463378906
-908.6578369140625 -226.775146484375
-910.649658203125 -228.67979431152344
-912.39453125 -226.68063354492188
-914.3910522460938 -228.63307189941406
-916.388671875 -226.6331787109375
-918.3780517578125 -227.73526000976562
-919.9290161132812 -225.73533630371094
-921.928955078125 -227.63943481445312
-923.8507080078125 -225.64413452148438
-925.8448486328125 -227.55348205566406
-927.2280883789062 -225.69186401367188
-929.2277221679688 -227.65911865234375
-931.2261352539062 -229.5392608642578
-933.1093139648438 -230.7827911376953
-935.1058959960938 -232.19041442871094
-937.10302734375 -233.4672393798828
-938.95166015625 -235.0940399169922
-940.9383544921875 -235.8427734375
-942.9379272460938 -237.5341796875
-944.9010009765625 -239.4879913330078
-946.7899169921875 -241.39492797851562
-948.77734375 -243.35653686523438
-946.9066772460938 -245.11204528808594
-948.9064331054688 -246.97361755371094
-949.871337890625 -248.9717559814453
-951.628662109375 -250.96917724609375
-952.0810546875 -252.927734375
-953.2267456054688 -254.8955841064453
-952.1443481445312 -256.6245422363281
-950.7102661132812 -258.5552978515625
-951.8246459960938 -260.3149108886719
-953.7203369140625 -262.29022216796875
-952.7711181640625 -264.2867126464844
-951.6646118164062 -266.1191711425781
-950.177978515625 -268.0364990234375
-949.3985595703125 -270.0036315917969
-949.3582763671875 -271.9946594238281
-949.3187866210938 -273.9873962402344
-948.5987548828125 -275.9832763671875
-950.465087890625 -277.8832092285156
-952.43212890625 -279.42572021484375
-953.6441650390625 -281.41290283203125
-955.422119140625 -283.2158508300781
-956.9942016601562 -284.9775695800781
-958.9160766601562 -286.8172302246094
-960.4080200195312 -288.5329284667969
-959.6682739257812 -290.3087158203125
-958.04150390625 -292.25762939453125
-959.7628173828125 -294.0696105957031
-961.5907592773438 -295.95526123046875
-962.9521484375 -296.8434143066406
-962.1846923828125 -298.7460021972656
-962.6865234375 -300.6571044921875
-961.9445190429688 -302.61602783203125
-960.131591796875 -303.6063232421875
-961.9882202148438 -305.224609375
-962.818603515625 -306.61419677734375
-964.5564575195312 -307.2501220703125
-965.0950927734375 -308.9598693847656
-966.26220703125 -310.91265869140625
-968.1226806640625 -312.91162109375
-970.0493774414062 -314.90203857421875
-972.0471801757812 -312.90264892578125
-973.8626708984375 -314.8538818359375
-975.813232421875 -312.8550109863281
-977.7828369140625 -314.83758544921875
-979.7422485351562 -312.8403015136719
-981.4962158203125 -314.8256530761719
-983.4650268554688 -312.8385009765625
-985.4608154296875 -314.8319091796875
-987.3646850585938 -312.83270263671875
-989.3603515625 -314.821044921875
-991.3523559570312 -312.8280029296875
-993.3076171875 -314.8270263671875
-995.3011474609375 -312.8825988769531
-997.294677734375 -314.8794250488281
-999.2796630859375 -312.9028015136719
-1001.2587890625 -312.63079833984375
-1003.1185913085938 -310.6795654296875
-1005.0952758789062 -312.6788330078125
-1006.8840942382812 -310.84698486328125
-1005.4296264648438 -312.8465576171875
-1007.1921997070312 -310.9262390136719
-1006.1505126953125 -312.9247741699219
-1007.7454833984375 -311.3704833984375
-1009.556884765625 -313.2410888671875
-1008.1428833007812 -315.240966796875
-1010.1098022460938 -314.06854248046875
-1012.0884399414062 -315.0447692871094
-1014.0106811523438 -317.0447082519531
-1015.9951782226562 -317.5594787597656
-1017.4947509765625 -319.554443359375
-1016.2689819335938 -321.5184020996094
-1018.262939453125 -323.0609130859375
-1016.5144653320312 -324.3140869140625
-1018.512939453125 -326.1711730957031
-1016.7855834960938 -327.8959045410156
-1016.6582641601562 -329.631591796875
-1018.1897583007812 -331.44439697265625
-1017.2855834960938 -333.37835693359375
-1015.3577880859375 -335.00067138671875
-1017.2821655273438 -336.89959716796875
-1018.1681518554688 -338.8989562988281
-1016.9931640625 -340.45703125
-1017.9002075195312 -340.0154113769531
-1016.0658569335938 -341.9847717285156
-1017.382080078125 -343.66937255859375
-1015.5849609375 -344.4053955078125
-1017.3492431640625 -346.38995361328125
-1015.3955688476562 -348.0960693359375
-1017.3055419921875 -350.02545166015625
-1015.3427734375 -351.44903564453125
-1017.3179321289062 -350.9583435058594
-1015.6429443359375 -352.9469299316406
-1017.4953002929688 -351.5455322265625
-1015.54296875 -353.0473327636719
-1015.9987182617188 -351.4276123046875
-1017.2571411132812 -349.6184387207031
-1015.7094116210938 -351.2566223144531
-1017.1409301757812 -349.4222717285156
-1015.21142578125 -350.83819580078125
-1017.004150390625 -352.0121765136719
-1015.6016845703125 -353.8913879394531
-1016.06201171875 -352.7366943359375
-1017.4720458984375 -350.891845703125
-1015.59033203125 -352.8057861328125
-1017.476806640625 -351.193603515625
-1016.916015625 -351.3847351074219
-1015.1712036132812 -353.1301574707031
-1016.9277954101562 -351.78509521484375
-1014.9387817382812 -353.141357421875
-1016.6732177734375 -351.3174133300781
-1014.857666015625 -352.8990478515625
-1016.5453491210938 -350.9235534667969
-1015.6456909179688 -351.8663024902344
-1017.095703125 -350.5148620605469
-1015.3409423828125 -352.49237060546875
-1017.2679443359375 -352.55401611328125
-1019.0287475585938 -350.7208557128906
-1017.1551513671875 -352.7160949707031
-1019.147216796875 -352.6842956542969
-1017.173828125 -354.07037353515625
-1019.1495361328125 -352.8188781738281
-1017.2073364257812 -354.7289733886719
-1019.0534057617188 -355.3577575683594
-1020.813720703125 -353.42242431640625
-1020.9179077148438 -355.41143798828125
-1019.006103515625 -357.380615234375
-1020.9804077148438 -355.4242858886719
-1019.3890991210938 -357.3457336425781
-1021.3834838867188 -356.0077819824219
-1019.7283935546875 -357.9245910644531
-1021.707275390625 -356.0746765136719
-1019.7803955078125 -356.252197265625
-1021.7695922851562 -355.0188903808594
-1021.3139038085938 -356.13201904296875
-1019.4202880859375 -357.6384582519531
-1021.4111328125 -355.78448486328125
-1019.460693359375 -357.49151611328125
-1021.4178466796875 -355.4998779296875
-1020.4299926757812 -357.3665771484375
-1022.4268188476562 -355.3854675292969
-1020.4305419921875 -357.38201904296875
-1022.406494140625 -355.6484069824219
-1022.162841796875 -356.8467712402344
-1020.5863037109375 -358.2232360839844
-1022.5715942382812 -356.5019226074219
-1021.4664306640625 -358.3265686035156
-1019.8204345703125 -360.1468505859375
-1021.81982421875 -358.2807922363281
-1019.8362426757812 -360.1499328613281
-1021.8344116210938 -358.31890869140625
-1021.4423828125 -360.23968505859375
-1023.427734375 -358.9242858886719
-1021.5701293945312 -360.9093017578125
-1023.5573120117188 -361.45184326171875
