-850.5492553710938 -225.77903747558594
-852.5463256835938 -224.29718017578125
-854.0435180664062 -226.25689697265625
-856.0301513671875 -225.07408142089844
-858.0300903320312 -224.44882202148438
-860.029541015625 -226.4259796142578
-862.0274047851562 -226.03128051757812
-864.0259399414062 -224.70016479492188
-866.0252685546875 -226.6669158935547
-867.9597778320312 -226.6410675048828
-869.9586791992188 -225.84219360351562
-871.9487915039062 -227.769287109375
-873.9419555664062 -226.175048828125
-875.9360961914062 -227.05499267578125
-877.9163208007812 -228.1255340576172
-879.8781127929688 -229.1702423095703
-881.5538330078125 -230.61392211914062
-883.4730834960938 -229.07894897460938
-885.47119140625 -227.3833770751953
-887.4164428710938 -227.0762939453125
-889.4069213867188 -228.16978454589844
-889.7994384765625 -226.93060302734375
-891.799072265625 -226.98951721191406
-893.7887573242188 -225.86302185058594
-893.728271484375 -227.80752563476562
-895.6927490234375 -226.51937866210938
-896.135009765625 -228.4717559814453
-898.0394897460938 -228.2855224609375
-899.8323364257812 -229.0354461669922
-901.4111328125 -227.22232055664062
-903.28466796875 -228.7992706298828
-905.1751098632812 -226.98318481445312
-907.0963134765625 -228.9691619873047
-908.9163818359375 -227.75987243652344
-910.7680053710938 -227.39141845703125
-912.65771484375 -226.8544464111328
-914.2780151367188 -228.85086059570312
-915.9742431640625 -227.44088745117188
-917.9656982421875 -229.17742919921875
-919.83154296875 -229.0951385498047
-921.3592529296875 -227.87564086914062
-923.0594482421875 -228.43698120117188
-925.0302734375 -226.9571990966797
-926.2435302734375 -228.94126892089844
-928.2391967773438 -230.6982421875
-930.23828125 -232.6245880126953
-932.0570678710938 -234.57127380371094
-934.0546264648438 -236.55238342285156
-936.0542602539062 -238.4546356201172
-938.0521240234375 -240.1424102783203
-940.0145263671875 -242.1324462890625
-941.8890380859375 -244.09034729003906
-943.8650512695312 -246.0782470703125
-945.5083618164062 -248.04132080078125
-947.5027465820312 -249.91705322265625
-945.5311889648438 -251.88670349121094
-947.5275268554688 -253.8742218017578
-945.5452270507812 -255.8590545654297
-947.5120849609375 -257.8551330566406
-945.5596923828125 -259.83966064453125
-947.5361938476562 -261.8369140625
-946.3095703125 -263.6948547363281
-948.2984008789062 -265.6924743652344
-949.6944580078125 -267.6886901855469
-947.7445678710938 -269.675537109375
-945.9070434570312 -271.6526184082031
-947.9036254882812 -273.6482238769531
-946.3469848632812 -275.6360168457031
-948.3443603515625 -277.51678466796875
-946.9081420898438 -279.4928894042969
-948.8967895507812 -281.4617614746094
-947.7390747070312 -283.45953369140625
-945.7985229492188 -285.4576416015625
-947.780517578125 -286.9006652832031
-948.5162353515625 -288.89605712890625
-946.5955810546875 -290.8717346191406
-948.5880737304688 -292.8102111816406
-946.6452026367188 -294.7900085449219
-948.638427734375 -296.785888671875
-948.0537109375 -298.7834777832031
-946.8164672851562 -300.7712707519531
-948.6370239257812 -302.6851806640625
-947.4674682617188 -304.6294860839844
-949.4497680664062 -306.4715270996094
-948.75732421875 -308.3595886230469
-948.199951171875 -310.3219909667969
-946.4487915039062 -312.2979431152344
-947.8651733398438 -314.0650329589844
-949.7605590820312 -314.2732849121094
-947.7752075195312 -316.26983642578125
-949.773681640625 -315.908203125
-951.7440185546875 -317.3406677246094
-953.6942138671875 -318.89129638671875
-955.46337890625 -320.8563537597656
-953.7518920898438 -321.2293395996094
-954.2688598632812 -323.2171630859375
-955.7823486328125 -325.1476135253906
-956.54052734375 -326.9162902832031
-954.62451171875 -328.72235107421875
-954.8082885742188 -330.5819396972656
-954.1256713867188 -332.5585021972656
-952.226318359375 -334.11956787109375
-952.5347900390625 -336.0730895996094
-953.679931640625 -336.5813293457031
-952.611328125 -338.4822082519531
-952.7733154296875 -340.3676452636719
-954.5501708984375 -342.2520446777344
-954.6920776367188 -344.00872802734375
-954.8491821289062 -345.860595703125
-956.7451782226562 -347.8227233886719
-955.2772216796875 -349.3452453613281
-955.4203491210938 -350.36053466796875
-956.7119140625 -352.29736328125
-957.9619750976562 -354.26666259765625
-958.419189453125 -356.1723937988281
-957.7249145507812 -357.931396484375
-959.5901489257812 -356.0412292480469
-960.4212036132812 -357.93841552734375
-962.3892211914062 -356.4035339355469
-962.885986328125 -358.3353576660156
-964.5930786132812 -356.4556884765625
-963.2281494140625 -358.36114501953125
-965.1800537109375 -356.4558410644531
-965.9285888671875 -358.44384765625
-967.8665771484375 -356.60662841796875
-969.1279296875 -358.59075927734375
-968.2318725585938 -356.75531005859375
-969.36181640625 -358.7335510253906
-971.0787963867188 -356.74554443359375
-972.6266479492188 -358.6998596191406
-974.6168823242188 -356.7101745605469
-976.3693237304688 -358.6980285644531
-978.3666381835938 -356.6982116699219
-980.3026733398438 -358.69561767578125
-982.2637939453125 -356.70611572265625
-982.6074829101562 -358.69537353515625
-984.3504638671875 -356.74761962890625
-986.2987060546875 -358.7440185546875
-988.1996459960938 -356.8312072753906
-989.732421875 -358.8307800292969
-991.6887817382812 -357.10577392578125
-992.5238647460938 -359.10540771484375
-994.4700317382812 -357.1130065917969
-996.2393798828125 -359.11090087890625
-998.2320556640625 -357.2245178222656
-999.9862670898438 -359.22442626953125
-1001.8550415039062 -357.40716552734375
-1002.7678833007812 -359.4069519042969
-1004.7627563476562 -358.5785217285156
-1006.7540283203125 -356.5848083496094
-1008.7264404296875 -358.5245361328125
-1010.6939086914062 -356.8490295410156
-1012.6915893554688 -354.9004211425781
-1014.6900024414062 -352.9042053222656
-1016.6900024414062 -351.0526428222656
-1015.818603515625 -353.0308837890625
-1017.818603515625 -351.0491943359375
-1016.1029052734375 -353.04693603515625
-1018.1028442382812 -351.2142028808594
-1018.1990966796875 -353.1451416015625
-1016.4415893554688 -355.13348388671875
-1018.428955078125 -353.7302551269531
-1017.3150634765625 -355.2644958496094
-1019.3096313476562 -353.2679138183594
-1017.3458862304688 -355.2414855957031
-1019.3458251953125 -353.3177795410156
-1020.2365112304688 -355.3125305175781
-1018.3050537109375 -357.30157470703125
-1020.3045654296875 -355.3537292480469
-1021.0685424804688 -357.3144836425781
-1019.2489624023438 -359.2875671386719
-1021.2428588867188 -358.2130432128906
-1023.2417602539062 -356.2824401855469
-1021.2767333984375 -358.2627258300781
-1023.274658203125 -357.30303955078125
-1021.4818725585938 -359.2119140625
-1023.4786376953125 -357.26214599609375
-1021.6724853515625 -359.24853515625
-1023.6719970703125 -357.3493347167969
-1021.8159790039062 -359.2919006347656
-1023.7957153320312 -357.3647155761719
-1021.9000854492188 -359.33355712890625
-1020.9320678710938 -361.3049011230469
-1022.9306640625 -359.98614501953125
-1022.4286499023438 -361.8388366699219
-1024.427978515625 -360.5877685546875
