-850.2045288085938 -225.8052215576172
-852.1244506835938 -223.80572509765625
-853.3561401367188 -225.80471801757812
-855.261962890625 -223.81431579589844
-853.8220825195312 -225.81114196777344
-855.674560546875 -223.8147430419922
-857.388671875 -225.81446838378906
-859.27685546875 -223.8187713623047
-860.2433471679688 -225.80772399902344
-861.5492553710938 -223.81234741210938
-862.063720703125 -225.77911376953125
-863.8699340820312 -227.77871704101562
-865.7978515625 -225.85887145996094
-867.7133178710938 -227.85479736328125
-869.2495727539062 -225.8562774658203
-871.120361328125 -227.85601806640625
-871.0582275390625 -225.8599395751953
-872.833251953125 -227.8592987060547
-874.4345703125 -225.89097595214844
-876.39111328125 -227.8846435546875
-878.3560180664062 -225.89031982421875
-879.6679077148438 -227.87107849121094
-881.6320190429688 -225.97085571289062
-883.5728149414062 -227.9688262939453
-885.5638427734375 -225.97683715820312
-886.8724975585938 -227.94845581054688
-888.8335571289062 -226.02598571777344
-890.7440185546875 -224.20619201660156
-892.7176513671875 -226.2035369873047
-894.6324462890625 -224.4742889404297
-893.2971801757812 -226.46726989746094
-895.2918701171875 -224.49075317382812
-897.0995483398438 -226.48829650878906
-895.8630981445312 -228.48458862304688
-897.8414916992188 -226.57554626464844
-899.3020629882812 -228.55435180664062
-899.3952026367188 -226.55606079101562
-901.3928833007812 -228.55142211914062
-903.3811645507812 -226.61329650878906
-905.36376953125 -228.61195373535156
-907.2987670898438 -226.62086486816406
-909.2352905273438 -228.61961364746094
-911.2279663085938 -226.63381958007812
-912.8539428710938 -228.63265991210938
-914.8296508789062 -226.73635864257812
-916.7233276367188 -228.73220825195312
-918.7225341796875 -226.95082092285156
-920.3681640625 -228.93971252441406
-922.2180786132812 -226.9803466796875
-924.2023315429688 -228.9633026123047
-926.2001342773438 -228.08753967285156
-928.19970703125 -229.0376739501953
-930.19970703125 -230.74057006835938
-932.1996459960938 -232.42050170898438
-934.19921875 -234.4173126220703
-936.1986694335938 -236.4126434326172
-938.1986694335938 -238.40084838867188
-940.1986083984375 -240.39996337890625
-942.1959228515625 -242.39828491210938
-944.1959228515625 -244.3878631591797
-946.1953735351562 -246.38742065429688
-948.1951904296875 -248.3859405517578
-946.5145263671875 -250.29852294921875
-948.5107421875 -252.29811096191406
-947.513427734375 -254.2608184814453
-946.401123046875 -256.2073059082031
-948.39990234375 -258.2047424316406
-946.6319580078125 -260.152099609375
-948.6315307617188 -262.15191650390625
-946.907958984375 -264.0216369628906
-948.904296875 -266.0196838378906
-947.204833984375 -268.0158996582031
-945.655517578125 -269.9852294921875
-947.651611328125 -271.9840087890625
-946.47412109375 -273.9442138671875
-948.4740600585938 -275.94073486328125
-947.0143432617188 -277.7554626464844
-949.0110473632812 -279.7524719238281
-947.08251953125 -281.6696472167969
-949.0823364257812 -283.66534423828125
-948.6914672851562 -285.5223083496094
-947.2733764648438 -287.51239013671875
-949.2725219726562 -289.49530029296875
-949.1694946289062 -291.3755798339844
-949.987060546875 -293.36895751953125
-951.0542602539062 -295.3540954589844
-952.7595825195312 -297.1831359863281
-951.0870361328125 -299.1376647949219
-952.6627197265625 -301.0951843261719
-952.5382080078125 -303.062255859375
-951.3609619140625 -305.0155334472656
-949.564697265625 -306.9990234375
-948.8042602539062 -308.9913024902344
-947.1070556640625 -310.9559020996094
-949.093505859375 -312.83978271484375
-948.9673461914062 -314.8188171386719
-950.5751342773438 -315.9359130859375
-952.4313354492188 -316.7361755371094
-953.1947631835938 -317.65966796875
-953.6369018554688 -317.508056640625
-955.5385131835938 -316.7816162109375
-956.3994750976562 -318.5929260253906
-957.597412109375 -318.9322814941406
-958.1873779296875 -320.7678527832031
-960.1637573242188 -321.7115173339844
-960.3414916992188 -323.5452575683594
-960.2061767578125 -325.39202880859375
-961.0745239257812 -327.3092346191406
-959.3540649414062 -329.29083251953125
-961.1471557617188 -331.27752685546875
-962.5148315429688 -333.2657165527344
-963.7942504882812 -335.20758056640625
-965.0580444335938 -337.10198974609375
-963.4036254882812 -339.0916748046875
-964.8634643554688 -340.94305419921875
-965.87939453125 -342.914306640625
-964.6591796875 -344.8957824707031
-966.0568237304688 -346.7653503417969
-966.1690673828125 -347.55731201171875
-965.0056762695312 -349.514892578125
-964.1053466796875 -351.49945068359375
-964.4002685546875 -352.2034606933594
-964.5792846679688 -353.93865966796875
-964.4129028320312 -355.7979736328125
-964.8628540039062 -357.7889404296875
-966.5696411132812 -356.02972412109375
-967.7076416015625 -358.01715087890625
-966.0159301757812 -356.033935546875
-966.3406982421875 -357.9283752441406
-964.4210205078125 -356.1806335449219
-963.31298828125 -358.1752624511719
-965.2469482421875 -356.3095703125
-966.150390625 -358.1925354003906
-965.30224609375 -356.2136535644531
-966.826904296875 -357.7083435058594
-967.1207275390625 -355.78515625
-967.714111328125 -357.5584716796875
-969.3822021484375 -355.7298278808594
-971.1570434570312 -357.7218933105469
-973.1485595703125 -355.7250671386719
-974.328125 -357.7241516113281
-976.3118286132812 -355.7414855957031
-978.2631225585938 -357.7410583496094
-980.248779296875 -355.7550048828125
-982.2390747070312 -357.7542724609375
-984.17919921875 -355.7569885253906
-985.3115844726562 -357.75201416015625
-987.2781982421875 -355.9076232910156
-989.2476196289062 -357.9016418457031
-991.080810546875 -356.919921875
-993.0110473632812 -358.9196472167969
-994.49853515625 -356.9206848144531
-996.309814453125 -358.9197692871094
-998.2201538085938 -357.17010498046875
-1000.1932373046875 -359.1699523925781
-1002.1837158203125 -357.361572265625
-1004.0025634765625 -359.3615417480469
-1005.9838256835938 -357.4779052734375
-1007.959228515625 -356.5427551269531
-1009.8355712890625 -357.6440734863281
-1011.4133911132812 -355.9730529785156
-1013.3716430664062 -355.6249694824219
-1015.0718994140625 -356.6571044921875
-1016.1519165039062 -356.4421691894531
-1015.6451416015625 -356.3199157714844
-1016.5187377929688 -357.1505432128906
-1016.8787231445312 -356.15966796875
-1017.6954345703125 -357.7763977050781
-1017.7977905273438 -355.81146240234375
-1017.6444091796875 -356.8556213378906
-1018.84814453125 -358.3435974121094
-1020.4384155273438 -357.4037170410156
-1022.0789184570312 -356.65081787109375
-1020.1087646484375 -358.6247863769531
-1021.3084106445312 -357.7980041503906
-1019.3419799804688 -359.755615234375
-1021.304931640625 -358.61669921875
-1023.3040771484375 -357.2396545410156
-1021.3912353515625 -358.9959716796875
-1023.39111328125 -357.3642883300781
-1021.429443359375 -359.35272216796875
-1023.3974609375 -360.1023864746094
-1021.4449462890625 -361.9958801269531
-1023.444091796875 -362.8665771484375
