-833.57421875 54.91086959838867
-835.5657348632812 55.302581787109375
-835.01611328125 53.305355072021484
-835.323974609375 51.30557632446289
-834.7460327148438 49.3057746887207
-836.72802734375 47.3951301574707
-838.101806640625 45.44231033325195
-838.5181884765625 45.890499114990234
-837.111328125 45.373451232910156
-836.5302734375 43.41667938232422
-834.5912475585938 41.442527770996094
-832.6248779296875 39.843082427978516
-833.1167602539062 38.22654342651367
-832.0034790039062 36.23076629638672
-833.6223754882812 37.10110092163086
-831.9442138671875 35.10126876831055
-833.27001953125 33.35195541381836
-833.0576171875 31.352508544921875
-831.2650756835938 29.35306167602539
-833.2183837890625 28.913509368896484
-834.3176879882812 26.91399383544922
-833.8916625976562 24.91410255432129
-833.9080810546875 22.91649627685547
-835.0481567382812 20.919267654418945
-836.4471435546875 18.919288635253906
-838.0166015625 16.919307708740234
-838.7848510742188 14.919700622558594
-840.58642578125 12.923905372619629
-842.5119018554688 10.929329872131348
-843.0792846679688 12.899558067321777
-844.9435424804688 10.929679870605469
-844.3724975585938 12.428373336791992
-844.3291015625 10.484681129455566
-842.8263549804688 12.44733715057373
-844.564208984375 10.543246269226074
-843.8673706054688 12.210107803344727
-845.7620239257812 10.226812362670898
-846.2970581054688 9.739754676818848
-848.2785034179688 11.60488224029541
-849.6968994140625 13.596172332763672
-851.59521484375 11.618057250976562
-853.2976684570312 13.386812210083008
-855.2176513671875 11.397862434387207
-857.029541015625 13.335494995117188
-857.3610229492188 12.390517234802246
-859.2655029296875 14.38914966583252
-861.2586059570312 15.631448745727539
-862.507568359375 13.64509105682373
-864.4790649414062 13.231459617614746
-866.2341918945312 11.241120338439941
-868.115478515625 13.219648361206055
-869.7657470703125 11.248716354370117
-871.7496948242188 12.806296348571777
-873.653564453125 10.91015625
-875.4821166992188 12.90934944152832
-877.4229125976562 12.20292854309082
-879.3988037109375 11.395630836486816
-880.6287231445312 13.393172264099121
-882.5617065429688 11.737139701843262
-883.5523681640625 13.728879928588867
-885.47119140625 11.736409187316895
-883.9765625 13.730292320251465
-885.8938598632812 11.886518478393555
-884.1475830078125 13.884539604187012
-886.1212158203125 11.959332466125488
-885.8248291015625 13.958012580871582
-887.7635498046875 12.073272705078125
-889.609130859375 14.068465232849121
-890.99609375 12.608283996582031
-892.950927734375 11.203296661376953
-894.734130859375 13.202715873718262
-896.7107543945312 11.3953275680542
-897.5985107421875 13.395040512084961
-899.5322875976562 12.051061630249023
-901.4932250976562 11.434341430664062
-903.4266357421875 13.432726860046387
-905.41650390625 12.14139175415039
-907.2567749023438 13.410163879394531
-909.0311279296875 11.481704711914062
-910.105712890625 9.763239860534668
-911.8844604492188 8.088884353637695
-913.1312255859375 10.077363014221191
-915.1204223632812 8.09142780303955
-916.7241821289062 10.022254943847656
-915.0911865234375 11.900856971740723
-917.060302734375 10.276749610900879
-918.32275390625 12.23237133026123
-920.2424926757812 10.433262825012207
-921.1495361328125 12.215139389038086
-923.11572265625 10.37409782409668
-925.060546875 12.340843200683594
-926.4983520507812 14.335354804992676
-928.1622314453125 12.347580909729004
-930.1209106445312 14.337491035461426
-932.050048828125 12.376559257507324
-934.0059204101562 14.170010566711426
-935.867431640625 12.177107810974121
-937.7265625 14.171709060668945
-939.7178955078125 12.968871116638184
-941.6773071289062 11.479419708251953
-943.3096923828125 13.471800804138184
-945.1898193359375 11.531698226928711
-947.161865234375 9.746554374694824
-947.0874633789062 11.67530632019043
-948.8032836914062 11.206589698791504
-947.9238891601562 13.18896770477295
-949.9061279296875 11.26315689086914
-949.7029418945312 13.246254920959473
-950.2218627929688 11.381919860839844
-951.17578125 13.37221908569336
-953.1327514648438 11.412443161010742
-955.01904296875 13.41184139251709
-956.7753295898438 11.609679222106934
-956.72802734375 13.32344913482666
-957.988037109375 15.312993049621582
-959.2991333007812 13.468280792236328
-961.0767211914062 15.431032180786133
-962.7777099609375 13.45007610321045
-964.70849609375 15.438009262084961
-966.6962280273438 13.623040199279785
-968.420654296875 12.010941505432129
-970.40576171875 13.996011734008789
-970.65185546875 12.209626197814941
-972.5756225585938 14.190521240234375
-974.0576171875 12.841988563537598
-975.5099487304688 11.010713577270508
-977.497802734375 13.004258155822754
-978.9949340820312 13.078242301940918
-980.942626953125 11.100409507751465
-982.6925659179688 11.526324272155762
-983.3167724609375 9.751800537109375
-983.3478393554688 10.65677547454834
-984.6647338867188 11.311535835266113
-986.468017578125 12.99649429321289
-986.3268432617188 13.285194396972656
-988.1969604492188 12.128357887268066
-990.1810302734375 11.520157814025879
-989.3063354492188 11.162923812866211
-990.1492919921875 11.692144393920898
-992.0657348632812 13.157402992248535
-992.4882202148438 13.876039505004883
-994.2396850585938 12.201432228088379
-995.6696166992188 11.529809951782227
-997.5179443359375 9.972792625427246
-999.44384765625 11.972290992736816
-1001.3882446289062 13.971579551696777
-1002.2235107421875 15.715181350708008
-1001.6241455078125 13.992704391479492
-1003.39306640625 14.475971221923828
-1005.268798828125 12.612130165100098
-1007.0743408203125 11.539816856384277
