-833.5825805664062 54.79361343383789
-835.0480346679688 52.802276611328125
-836.3807373046875 50.8528938293457
-837.7705688476562 48.853233337402344
-838.7166748046875 46.85350036621094
-838.0205078125 44.853851318359375
-838.2662963867188 43.75498580932617
-839.10302734375 42.754249572753906
-838.6403198242188 43.27423095703125
-837.463623046875 42.49396896362305
-835.8375244140625 41.76312255859375
-835.9854125976562 40.29574203491211
-837.568359375 38.61904525756836
-837.0155029296875 37.612152099609375
-836.6144409179688 35.63996887207031
-837.2974853515625 33.64470672607422
-837.8026123046875 31.646535873413086
-836.3109741210938 29.650848388671875
-834.8670043945312 27.657445907592773
-835.4837036132812 25.677122116088867
-834.837158203125 23.81460189819336
-833.7548217773438 21.81546974182129
-832.8742065429688 19.844507217407227
-834.865478515625 17.844655990600586
-832.9131469726562 15.851781845092773
-834.6966552734375 13.856988906860352
-833.702392578125 11.857756614685059
-835.7021484375 13.513323783874512
-837.6661987304688 11.514119148254395
-839.5956420898438 9.515070915222168
-840.84375 11.297800064086914
-842.7959594726562 12.760629653930664
-842.8328857421875 10.766438484191895
-844.8296508789062 12.761143684387207
-845.0231323242188 10.761238098144531
-847.0205688476562 12.71909236907959
-848.5062255859375 10.719269752502441
-850.4923095703125 12.659794807434082
-851.0811157226562 10.660322189331055
-853.0764770507812 12.633798599243164
-854.3007202148438 10.633899688720703
-856.3007202148438 12.609333992004395
-858.3007202148438 14.607574462890625
-859.2359008789062 12.608237266540527
-861.2244873046875 14.511331558227539
-862.7799682617188 12.511343955993652
-864.7501831054688 14.505054473876953
-865.9512939453125 12.505374908447266
-867.9495849609375 14.502302169799805
-868.857421875 12.50269889831543
-870.2843627929688 10.502962112426758
-872.2825927734375 12.502150535583496
-873.9326171875 10.502887725830078
-875.929443359375 12.477761268615723
-877.2650756835938 10.478617668151855
-879.2615966796875 12.454508781433105
-878.3812866210938 10.458266258239746
-880.3811645507812 12.431565284729004
-879.9773559570312 10.432450294494629
-881.9771728515625 12.300642013549805
-883.8467407226562 10.302020072937012
-885.8465576171875 12.067216873168945
-887.8455810546875 14.057906150817871
-889.5767822265625 12.057974815368652
-891.5762329101562 14.054365158081055
-892.8869018554688 12.054672241210938
-894.4517211914062 10.054741859436035
-896.4415283203125 11.87304973602295
-898.4408569335938 13.474798202514648
-900.2722778320312 11.475606918334961
-902.27197265625 13.473358154296875
-904.2603149414062 11.473834037780762
-906.2601928710938 13.46168041229248
-908.1058959960938 11.46172046661377
-909.7355346679688 9.463139533996582
-911.5873413085938 7.464634418487549
-913.5706787109375 9.366584777832031
-915.4976806640625 7.410772800445557
-917.38818359375 9.36564826965332
-919.3749389648438 11.344998359680176
-921.3736572265625 12.984792709350586
-922.5961303710938 10.986260414123535
-924.5960083007812 12.888507843017578
-925.9187622070312 10.89619255065918
-927.8903198242188 12.784249305725098
-929.8902587890625 14.770447731018066
-930.866943359375 12.773782730102539
-932.8668212890625 14.748212814331055
-932.8040771484375 12.77627944946289
-934.8031616210938 14.772391319274902
-936.2324829101562 12.776206970214844
-938.2321166992188 14.133864402770996
-938.3786010742188 12.135231018066406
-940.3785400390625 12.390507698059082
-942.2383422851562 10.413291931152344
-944.2383422851562 12.299070358276367
-946.2254638671875 10.303118705749512
-948.2254638671875 10.284961700439453
-950.2241821289062 12.270293235778809
-951.780029296875 10.276437759399414
-953.7796020507812 11.833274841308594
-955.7794799804688 13.824955940246582
-957.5965576171875 11.825889587402344
-959.5965576171875 13.73893928527832
-958.2257690429688 11.74683952331543
-960.2246704101562 13.097275733947754
-962.224609375 15.092423439025879
-964.206787109375 13.119796752929688
-966.2066650390625 15.091550827026367
-968.199951171875 13.10760498046875
-970.199951171875 14.994434356689453
-972.1866455078125 13.193535804748535
-973.77978515625 11.195584297180176
-975.7797241210938 13.079944610595703
-977.6056518554688 11.141169548034668
-979.6056518554688 10.158042907714844
-981.6056518554688 10.370118141174316
-983.1525268554688 8.508447647094727
-985.1524658203125 10.506187438964844
-986.71435546875 8.719060897827148
-988.7137451171875 10.718689918518066
-990.7136840820312 12.70545768737793
-990.5419921875 10.833386421203613
-992.5418090820312 12.832467079162598
-993.6240844726562 10.889130592346191
-995.6240844726562 12.8876371383667
-997.3156127929688 10.897894859313965
-999.3156127929688 12.890592575073242
-1001.3151245117188 11.43443489074707
-1003.3150634765625 13.432167053222656
-1005.3021240234375 13.476015090942383
-1007.1696166992188 12.443336486816406
