-833.5674438476562 56.858707427978516
-833.1514282226562 54.879234313964844
-835.1240844726562 53.0743408203125
-837.0415649414062 51.81340789794922
-838.863037109375 50.77553176879883
-840.7163696289062 48.863075256347656
-842.5775756835938 46.88396072387695
-844.3970336914062 44.92283630371094
-846.3744506835938 46.17881774902344
-848.3706665039062 48.07504653930664
-850.3687133789062 46.79145812988281
-852.3684692382812 44.96035385131836
-854.34130859375 45.267181396484375
-856.2040405273438 43.52085494995117
-858.1739501953125 44.1693115234375
-860.1643676757812 42.21966552734375
-862.1549682617188 44.096923828125
-864.14013671875 42.12656784057617
-865.8942260742188 44.09392547607422
-867.7801513671875 45.956695556640625
-869.7772216796875 47.886539459228516
-870.1113891601562 45.94180679321289
-872.0582885742188 47.889381408691406
-874.0435180664062 46.85203170776367
-876.02490234375 44.99678421020508
-877.8317260742188 46.874168395996094
-879.456298828125 45.02305603027344
-881.3789672851562 46.920005798339844
-883.30908203125 45.00905227661133
-885.2615966796875 46.85393142700195
-886.9483642578125 45.43772506713867
-888.9061279296875 43.5860710144043
-890.7517700195312 45.4764289855957
-892.55615234375 43.49669647216797
-893.6162109375 45.380985260009766
-895.3609619140625 43.65325164794922
-896.8661499023438 45.61724853515625
-897.3782958984375 43.64750671386719
-899.354248046875 45.24270248413086
-900.4036865234375 43.25322341918945
-901.2243041992188 45.1737174987793
-903.2091064453125 47.1674919128418
-902.3153686523438 45.34765625
-904.2973022460938 47.316612243652344
-905.5015869140625 45.38853454589844
-907.394775390625 47.35677719116211
-906.0709838867188 45.3974609375
-908.0167846679688 47.383296966552734
-909.4512329101562 45.40896987915039
-910.96923828125 47.3641471862793
-912.3494873046875 45.68206787109375
-913.8839721679688 47.46894073486328
-913.38671875 45.48979949951172
-913.4506225585938 47.40500259399414
-915.4341430664062 45.64521789550781
-917.3090209960938 47.626548767089844
-918.5089111328125 45.821712493896484
-917.9060668945312 47.597171783447266
-919.5271606445312 45.611328125
-921.4010620117188 47.471336364746094
-923.1846923828125 45.819618225097656
-925.1713256835938 47.77637481689453
-925.8541259765625 45.86119079589844
-927.431884765625 43.875
-929.286376953125 45.319576263427734
-930.9638061523438 47.225807189941406
-932.5513305664062 45.28645324707031
-934.452880859375 47.132476806640625
-935.844482421875 45.18913650512695
-937.7127685546875 47.029273986816406
-938.593994140625 45.149818420410156
-939.5175170898438 47.11968231201172
-940.4488525390625 45.27924728393555
-941.31884765625 47.249839782714844
-941.0513916015625 46.58191680908203
-942.1419677734375 44.6109504699707
-944.1051025390625 46.338722229003906
-942.5681762695312 44.77871322631836
-943.010498046875 46.72697067260742
-943.616943359375 44.76061248779297
-943.806884765625 46.74311447143555
-945.0042724609375 44.77387237548828
-943.6325073242188 46.43212890625
-945.0585327148438 44.436126708984375
-946.89013671875 46.3611946105957
-945.5576782226562 44.53422546386719
-947.3338623046875 44.9957275390625
-948.8986206054688 46.90188217163086
-948.4795532226562 45.28234100341797
-950.0543212890625 47.140296936035156
-949.5403442382812 45.754756927490234
-951.5213012695312 47.66688919067383
-953.3182983398438 45.71826934814453
-954.1136474609375 43.78293991088867
-955.8897705078125 45.71786880493164
-957.610595703125 43.74186706542969
-957.6282958984375 43.80616760253906
-959.4852905273438 45.79644775390625
-961.366455078125 43.82057571411133
-963.3230590820312 45.421382904052734
-964.5963134765625 43.44749069213867
-966.25732421875 43.89596939086914
-967.4961547851562 45.16681671142578
-969.3220825195312 47.023277282714844
-970.5660400390625 45.13723373413086
-972.3803100585938 46.14165496826172
-974.3502197265625 44.14293670654297
-975.8937377929688 46.03647232055664
-974.0720825195312 44.11957550048828
-975.1577758789062 45.23444747924805
-977.1343994140625 46.15948486328125
-979.0322875976562 44.17499923706055
-980.3171997070312 44.20793533325195
-979.4576416015625 46.11748123168945
-980.5667114257812 44.20145797729492
-982.396484375 44.9301872253418
-984.175048828125 46.27408981323242
-983.1929321289062 48.22688674926758
-983.0693359375 46.24955368041992
-985.00830078125 44.539493560791016
-986.291259765625 46.47335433959961
-988.2399291992188 44.49658203125
-990.1806640625 46.30182647705078
-989.8467407226562 44.30815887451172
-990.8773193359375 46.23383331298828
-992.3651733398438 44.23561096191406
-992.8472290039062 46.031211853027344
-992.0150756835938 44.04764175415039
-991.7388916015625 45.35616683959961
-993.6296997070312 47.20061111450195
-992.5220336914062 45.23587417602539
-993.6221923828125 47.07307052612305
-992.8135375976562 45.076290130615234
-994.740966796875 47.02357864379883
-993.7842407226562 45.02851486206055
-995.6410522460938 45.521080017089844
-997.4175415039062 47.263389587402344
-998.135498046875 45.27555847167969
-999.3834838867188 43.304901123046875
-999.7183837890625 43.757633209228516
-1001.0888061523438 45.4313850402832
-999.231201171875 43.431617736816406
-1000.8670654296875 45.350555419921875
-1002.6666870117188 43.351524353027344
-1003.6571655273438 44.88847351074219
-1005.0443115234375 42.89113998413086
-1006.9335327148438 44.4087028503418
-1008.4706420898438 42.421241760253906
-1009.0775146484375 43.513145446777344
-1011.0255737304688 44.36481857299805
-1011.8440551757812 42.3744010925293
-1013.0357055664062 43.55186080932617
-1013.7537231445312 44.91877365112305
-1013.7015380859375 42.919105529785156
-1015.6396484375 42.858158111572266
-1016.9580078125 44.33957290649414
-1018.9400634765625 44.45281219482422
-1020.5862426757812 46.311546325683594
-1019.7454223632812 44.31362533569336
-1021.6593017578125 46.12367248535156
-1019.8034057617188 44.13735580444336
-1021.7167358398438 45.92839813232422
-1022.3529052734375 43.940608978271484
-1021.9777221679688 44.25322341918945
-1023.3667602539062 45.391151428222656
-1024.1781005859375 43.39694595336914
-1023.9674072265625 44.028564453125
-1024.558837890625 45.87506103515625
-1022.7831420898438 43.8768196105957
-1024.7491455078125 45.836795806884766
-1025.153076171875 43.83800506591797
-1026.6690673828125 44.97047424316406
-1027.5013427734375 42.98715591430664
-1029.4600830078125 42.42462921142578
-1031.074951171875 43.001956939697266
-1032.8546142578125 43.98733901977539
-1034.740478515625 43.397308349609375
-1036.0338134765625 44.73197937011719
-1036.32177734375 42.75544738769531
-1035.1038818359375 41.2109260559082
-1033.4486083984375 39.52553176879883
-1033.26171875 37.81743621826172
-1033.1669921875 36.07343292236328
-1035.0933837890625 34.771240234375
-1036.8804931640625 32.87858200073242
-1035.438720703125 32.874542236328125
-1033.6536865234375 31.051076889038086
-1032.980712890625 29.408092498779297
-1034.5799560546875 28.708818435668945
-1034.42041015625 27.199411392211914
-1035.87060546875 25.41230583190918
-1037.4332275390625 23.553781509399414
-1038.0198974609375 21.57638931274414
-1038.05859375 19.583837509155273
-1036.62890625 17.594913482666016
