-833.5901489257812 54.773990631103516
-835.5862426757812 52.777862548828125
-837.0978393554688 50.80310821533203
-839.0611572265625 48.81230163574219
-840.9415283203125 46.82197952270508
-839.9215087890625 44.822227478027344
-841.4572143554688 45.749855041503906
-843.4400024414062 47.34370803833008
-844.3514404296875 45.344566345214844
-846.3482666015625 47.16497802734375
-847.721923828125 45.16501235961914
-849.7047729492188 46.65828323364258
-851.5454711914062 44.658355712890625
-853.5450439453125 45.99056625366211
-855.2943725585938 43.99068832397461
-857.294189453125 42.022911071777344
-859.2941284179688 44.00099563598633
-860.5305786132812 42.00114059448242
-862.5302124023438 43.95625686645508
-861.2211303710938 44.56949996948242
-863.1488037109375 42.569984436035156
-861.1687622070312 44.18430709838867
-862.2874145507812 42.184329986572266
-861.7208862304688 43.70332336425781
-861.4973754882812 44.27470397949219
-863.3164672851562 42.27486801147461
-863.0938110351562 42.99314498901367
-861.865234375 44.38712692260742
-862.433349609375 42.38759994506836
-862.0245361328125 43.454490661621094
-863.6488037109375 45.39366149902344
-865.4798583984375 43.39373016357422
-867.3642578125 45.18986892700195
-869.3269653320312 46.692691802978516
-870.727294921875 44.69283676147461
-872.7178344726562 46.64686584472656
-874.693359375 44.64793395996094
-876.692626953125 46.59246826171875
-878.36572265625 44.59247589111328
-880.3606567382812 46.584720611572266
-882.0820922851562 44.585533142089844
-883.9902954101562 46.58223342895508
-885.10302734375 44.58957290649414
-887.1016845703125 46.571533203125
-888.9678344726562 44.574275970458984
-890.9120483398438 46.534690856933594
-892.5416259765625 44.547271728515625
-894.5414428710938 46.54488754272461
-895.815185546875 44.80915832519531
-897.8151245117188 46.76963806152344
-899.6018676757812 44.7712287902832
-901.5965576171875 46.45137023925781
-903.5775146484375 44.49699401855469
-905.5774536132812 46.424468994140625
-907.56494140625 44.424888610839844
-909.5643920898438 42.78623580932617
-908.8711547851562 44.78275680541992
-910.3175659179688 46.666778564453125
-909.114990234375 44.668357849121094
-909.33447265625 46.5526237487793
-910.6648559570312 44.55683135986328
-912.4561767578125 46.277626037597656
-910.609375 44.28352355957031
-911.6218872070312 46.184326171875
-912.8594360351562 44.277286529541016
-914.7408447265625 46.26853561401367
-915.2164916992188 44.30762481689453
-917.2146606445312 46.27819061279297
-918.9351196289062 44.28453826904297
-920.9099731445312 46.20074462890625
-922.7511596679688 44.223628997802734
-924.7496337890625 46.17527770996094
-926.0302124023438 44.18932342529297
-927.9793701171875 46.1651611328125
-929.57861328125 44.18976593017578
-931.5750732421875 45.747398376464844
-933.5717163085938 47.739654541015625
-933.604736328125 45.7581901550293
-935.6046752929688 47.746707916259766
-937.167724609375 45.75223922729492
-939.1675415039062 47.265419006347656
-937.9279174804688 45.26607894897461
-939.9269409179688 47.25092315673828
-940.0840454101562 45.257389068603516
-942.0839233398438 47.1934814453125
-941.7684936523438 45.20657730102539
-943.7684936523438 46.74820327758789
-945.3204345703125 44.74850082397461
-947.3154296875 46.22756576538086
-949.2616577148438 44.23762512207031
-951.260009765625 46.22968292236328
-949.67041015625 44.23432540893555
-951.6694946289062 46.18376159667969
-950.9620361328125 44.197261810302734
-952.96044921875 45.92259979248047
-953.3923950195312 43.92320251464844
-955.3917846679688 45.878753662109375
-956.5592651367188 43.879940032958984
-958.5580444335938 44.783016204833984
-960.55517578125 44.61647033691406
-962.5531005859375 45.94098663330078
-962.1860961914062 43.943023681640625
-964.1837158203125 45.806880950927734
-963.2092895507812 43.80784606933594
-965.2091674804688 45.11082077026367
-967.2080078125 45.7034912109375
-968.7850952148438 43.707603454589844
-970.7850341796875 45.278926849365234
-972.7330932617188 47.20068359375
-971.589599609375 45.20247268676758
-973.5872192382812 45.303653717041016
-972.5137939453125 43.31255340576172
-974.4993896484375 44.94365692138672
-976.4986572265625 46.510982513427734
-974.5804443359375 44.52754592895508
-976.5795288085938 42.931400299072266
-978.56787109375 44.9217529296875
-980.5650024414062 44.88624954223633
-982.5604858398438 43.62871170043945
-984.5580444335938 45.45111846923828
-986.1637573242188 46.062828063964844
-988.1297607421875 46.47063064575195
-986.2333984375 44.47332763671875
-988.1907958984375 46.415321350097656
-986.2099609375 44.41562271118164
-988.2056274414062 46.18555450439453
-986.2162475585938 44.1861572265625
-988.2089233398438 45.72276306152344
-990.0679931640625 46.81910705566406
-988.6588745117188 44.82896423339844
-990.50244140625 44.793949127197266
-992.4992065429688 45.657684326171875
-994.4985961914062 46.133148193359375
-993.03271484375 44.13477325439453
-995.0314331054688 44.73289108276367
-997.0145263671875 43.04627990722656
-998.9738159179688 41.092288970947266
-1000.898193359375 39.838836669921875
-1002.855712890625 40.52800750732422
-1004.7423706054688 41.46656036376953
-1006.3970947265625 42.07951354980469
-1008.3839721679688 40.10953903198242
-1010.3814697265625 39.97352600097656
-1012.2645263671875 38.07550811767578
-1011.4041748046875 38.51438903808594
-1012.5311279296875 38.445335388183594
-1011.1056518554688 38.348236083984375
-1011.1959228515625 38.755584716796875
-1009.4030151367188 39.95065689086914
-1011.3985595703125 38.369476318359375
-1010.1221923828125 40.11332321166992
-1012.1157836914062 38.145164489746094
-1010.84326171875 39.559295654296875
-1009.8380737304688 39.15846633911133
-1011.7222290039062 37.38336181640625
-1010.4578247070312 37.37754821777344
-1012.457763671875 36.193092346191406
-1010.5693359375 35.350772857666016
-1012.5692138671875 33.3905143737793
-1010.5945434570312 34.24736785888672
-1012.5943603515625 32.31082534790039
-1010.6341552734375 30.429767608642578
-1012.6302490234375 28.48787498474121
-1010.9613037109375 29.40576934814453
-1012.9544677734375 27.41680335998535
-1011.407958984375 28.553653717041016
-1009.4112548828125 28.086952209472656
-1011.4082641601562 26.154861450195312
-1009.4295654296875 25.596954345703125
-1011.4292602539062 23.686124801635742
-1009.4298706054688 23.67112922668457
-1011.4249267578125 21.967912673950195
-1009.4288330078125 20.768444061279297
-1011.12646484375 18.77181625366211
-1009.1268920898438 16.77413558959961
-1007.2431640625 14.774177551269531
-1005.344970703125 12.779740333557129
-1003.3931884765625 10.779919624328613
-1005.1718139648438 8.789541244506836
