-833.56591796875 54.79701614379883
-835.5637817382812 53.13230514526367
-833.6695556640625 54.83738327026367
-835.6575927734375 53.0089225769043
-836.8065185546875 51.772335052490234
-834.8131103515625 52.368228912353516
-834.2872314453125 52.17330551147461
-836.2843627929688 50.31141662597656
-838.0194091796875 49.77902603149414
-839.5169067382812 50.50944900512695
-837.7451782226562 48.68408966064453
-836.3857421875 47.637969970703125
-837.8994140625 46.02898025512695
-839.5010375976562 46.767154693603516
-841.4486083984375 44.9393310546875
-843.3873291015625 46.929569244384766
-845.3740844726562 44.977840423583984
-847.3597412109375 46.93535232543945
-849.3590087890625 45.4782829284668
-851.3515014648438 47.2719612121582
-853.3419799804688 45.35747146606445
-854.9552612304688 45.165565490722656
-856.9115600585938 43.22818374633789
-858.899658203125 42.54059982299805
-860.8681030273438 44.36466979980469
-862.8628540039062 42.37602233886719
-864.693603515625 43.66933822631836
-866.2562255859375 43.76387023925781
-867.8621215820312 45.31618881225586
-869.8523559570312 46.88386535644531
-871.85205078125 44.899845123291016
-873.8112182617188 46.89057540893555
-875.8082885742188 44.924110412597656
-877.79541015625 46.90229034423828
-879.3896484375 44.903778076171875
-881.2907104492188 46.78962326049805
-882.3330078125 44.79022216796875
-884.245361328125 46.36763381958008
-886.2213745117188 44.847801208496094
-888.183837890625 46.8171501159668
-888.43408203125 44.8268928527832
-890.4338989257812 46.78413772583008
-889.8985595703125 44.820011138916016
-891.5134887695312 46.70115661621094
-893.482421875 44.78443908691406
-895.4676513671875 46.5994873046875
-897.467529296875 44.81285858154297
-899.4617309570312 46.33600997924805
-901.4501342773438 44.337860107421875
-903.4476318359375 46.28504943847656
-905.4474487304688 44.286705017089844
-907.4364624023438 44.90876007080078
-909.435791015625 44.153228759765625
-907.8309326171875 44.92145538330078
-909.770263671875 46.582767486572266
-911.4153442382812 44.598976135253906
-913.4147338867188 45.4782829284668
-915.3941650390625 47.37580108642578
-917.3743896484375 45.4329719543457
-919.3713989257812 47.40522384643555
-921.3330688476562 45.412899017333984
-923.3328247070312 47.05836868286133
-925.332763671875 45.1481819152832
-927.3319091796875 47.14494323730469
-929.3212890625 45.1580810546875
-931.3200073242188 47.140499114990234
-933.2977294921875 45.157508850097656
-935.2975463867188 47.07372283935547
-937.0175170898438 45.07758712768555
-939.0147705078125 47.06393814086914
-940.9392700195312 45.0737190246582
-942.939208984375 47.06432342529297
-944.64111328125 45.06753158569336
-946.6362915039062 47.062477111816406
-948.6207275390625 45.06361389160156
-950.6179809570312 46.908538818359375
-952.6140747070312 44.91447830200195
-954.5964965820312 46.82859802246094
-956.3068237304688 44.88784408569336
-958.22119140625 46.58839416503906
-959.5411987304688 44.59733581542969
-961.541015625 46.45961380004883
-963.2074584960938 44.54154968261719
-965.093017578125 46.405948638916016
-967.0822143554688 44.42111587524414
-969.08154296875 46.26582717895508
-970.9867553710938 44.28413391113281
-972.9864501953125 46.27690505981445
-974.95654296875 44.28042221069336
-976.9548950195312 45.76008605957031
-978.9382934570312 43.760555267333984
-980.9234008789062 44.03055191040039
-982.9086303710938 45.928314208984375
-984.8642578125 43.92923355102539
-986.8593139648438 45.57179641723633
-988.8587646484375 47.184165954589844
-990.1917724609375 45.191959381103516
-991.7113647460938 45.28635787963867
-993.7061157226562 47.24525833129883
-994.8289184570312 45.24766540527344
-996.7384643554688 46.27269744873047
-998.6800537109375 44.277957916259766
-1000.67724609375 44.821044921875
-1002.274169921875 42.82346725463867
-1004.2666015625 42.457275390625
-1006.11083984375 41.63694763183594
-1008.1007690429688 42.67094802856445
-1010.0847778320312 42.585262298583984
-1011.9861450195312 43.151920318603516
-1011.963134765625 43.24955749511719
-1013.3598022460938 42.927188873291016
-1012.9979248046875 43.595703125
-1014.4940795898438 44.62163162231445
-1013.42724609375 42.62168884277344
-1015.10693359375 42.22949981689453
-1013.6931762695312 40.94188690185547
-1013.4496459960938 42.164161682128906
-1015.43603515625 41.776554107666016
-1014.5108642578125 40.13169479370117
-1013.069580078125 42.05859375
-1013.3748779296875 42.22336196899414
-1012.8479614257812 41.14009475708008
-1012.9468994140625 41.765594482421875
-1014.1695556640625 42.73714065551758
-1015.5862426757812 40.961097717285156
-1016.3125610351562 42.503875732421875
-1015.4964599609375 41.29540252685547
-1017.100830078125 43.15715026855469
-1018.8919067382812 42.58696746826172
-1018.0965576171875 42.17876052856445
-1018.4741821289062 41.53706359863281
-1020.4622192382812 43.40643310546875
-1021.65087890625 41.87737274169922
-1023.146728515625 43.64716720581055
-1025.0643310546875 41.78482437133789
-1023.5289306640625 40.94004821777344
-1025.208740234375 42.78944778442383
-1026.69189453125 44.461875915527344
-1028.6810302734375 45.72205352783203
-1030.670654296875 43.72218322753906
-1032.53271484375 41.78947067260742
-1034.520751953125 39.84922790527344
-1036.4033203125 37.870670318603516
-1038.3043212890625 35.880226135253906
-1036.3709716796875 34.3768310546875
-1038.2806396484375 32.5670280456543
-1036.3001708984375 30.683177947998047
-1038.2720947265625 28.694950103759766
-1036.31298828125 26.77313232421875
-1038.31005859375 24.80675506591797
-1036.3685302734375 22.836366653442383
-1038.2818603515625 20.861356735229492
-1036.34130859375 19.23215675354004
