-1072.54638671875 -216.15713500976562
-1070.5535888671875 -214.1576385498047
-1071.599609375 -216.15367126464844
-1069.6588134765625 -214.15432739257812
-1067.8919677734375 -216.15028381347656
-1065.9056396484375 -214.15826416015625
-1063.9302978515625 -216.15345764160156
-1062.706298828125 -214.155517578125
-1062.7254638671875 -216.15084838867188
-1060.7255859375 -214.1529541015625
-1061.8814697265625 -216.15029907226562
-1059.8892822265625 -214.1512908935547
-1059.5665283203125 -216.14688110351562
-1057.568115234375 -214.14785766601562
-1055.782470703125 -216.14060974121094
-1053.7845458984375 -214.14117431640625
-1051.9810791015625 -216.13824462890625
-1050.9505615234375 -218.13536071777344
-1048.95068359375 -216.13624572753906
-1048.0810546875 -218.12652587890625
-1046.9969482421875 -220.03155517578125
-1046.0889892578125 -218.18789672851562
-1044.1717529296875 -220.010498046875
-1042.19580078125 -218.1136016845703
-1040.2452392578125 -216.11727905273438
-1038.2615966796875 -218.09512329101562
-1036.2674560546875 -216.09542846679688
-1034.2813720703125 -214.0960693359375
-1034.193115234375 -216.08799743652344
-1032.2196044921875 -214.11270141601562
-1030.2227783203125 -216.1108856201172
-1028.22314453125 -214.11105346679688
-1026.750244140625 -216.09666442871094
-1024.7515869140625 -214.09970092773438
-1023.4425659179688 -216.09715270996094
-1021.45751953125 -214.098388671875
-1019.473388671875 -216.0699920654297
-1017.4735717773438 -214.07049560546875
-1015.4736938476562 -213.15318298339844
-1013.479248046875 -214.98495483398438
-1011.4815063476562 -212.98760986328125
-1010.04248046875 -214.9549560546875
-1008.056640625 -212.9564666748047
-1006.6060180664062 -214.918701171875
-1004.6073608398438 -212.92056274414062
-1002.6884765625 -214.90615844726562
-1000.7371826171875 -216.82196044921875
-998.7477416992188 -214.84359741210938
-996.781982421875 -216.27822875976562
-994.787353515625 -214.2910919189453
-995.1642456054688 -215.73660278320312
-993.2338256835938 -213.73902893066406
-991.238037109375 -214.83804321289062
-989.47509765625 -216.82640075683594
-987.4835815429688 -214.82691955566406
-985.9375610351562 -216.6586151123047
-983.9451904296875 -214.66419982910156
-982.0270385742188 -216.64683532714844
-980.041015625 -218.37689208984375
-978.0554809570312 -216.38917541503906
-976.1343994140625 -216.96678161621094
-974.589599609375 -214.9680633544922
-972.5936889648438 -216.94906616210938
-970.6915283203125 -214.95252990722656
-968.7025756835938 -216.73350524902344
-966.7561645507812 -214.7421417236328
-964.8047485351562 -214.2763214111328
-962.9328002929688 -213.9985809326172
-960.9571533203125 -215.0760040283203
-959.04931640625 -213.40992736816406
-957.190185546875 -212.1505126953125
-955.192138671875 -211.85533142089844
-953.1951904296875 -211.72787475585938
-951.19775390625 -209.76071166992188
-949.19775390625 -207.80224609375
-947.1988525390625 -205.80274963378906
-949.194580078125 -204.27951049804688
-947.194580078125 -202.2812957763672
-949.1912231445312 -200.31541442871094
-947.2007446289062 -198.3600311279297
-949.1998901367188 -196.36343383789062
-947.2003173828125 -194.36627197265625
-949.19970703125 -192.40907287597656
-947.2237548828125 -190.4127960205078
-945.2278442382812 -188.41592407226562
-947.2276000976562 -186.44610595703125
-945.2442016601562 -184.44642639160156
-947.2437133789062 -182.50021362304688
-945.2465209960938 -180.5006103515625
-947.2451782226562 -179.0663604736328
-945.2461547851562 -177.06883239746094
-947.2421875 -175.12466430664062
-945.2506103515625 -173.13404846191406
-947.249267578125 -171.16177368164062
-945.2540283203125 -169.16285705566406
-947.2527465820312 -167.1752166748047
-945.2744750976562 -165.18218994140625
-947.2742309570312 -163.63818359375
-945.3146362304688 -161.6385498046875
-947.31298828125 -159.75192260742188
-945.6647338867188 -157.7574005126953
-947.6644287109375 -155.8197021484375
-945.6709594726562 -153.82322692871094
-947.6709594726562 -151.82989501953125
-945.6788330078125 -149.8389892578125
-947.6783447265625 -147.9064483642578
-945.7066650390625 -145.92469787597656
-947.7066040039062 -143.92828369140625
-945.8170776367188 -142.04058837890625
-947.8170776367188 -140.44810485839844
-947.7554321289062 -138.4491729736328
-945.958984375 -136.45237731933594
-947.9588012695312 -134.54232788085938
-947.4771118164062 -132.54351806640625
-946.1238403320312 -130.54598999023438
-948.1226806640625 -128.58653259277344
-948.98681640625 -126.60089111328125
-950.4406127929688 -124.62042236328125
-948.4814453125 -122.66329193115234
-946.5902709960938 -120.70155334472656
-944.8219604492188 -118.70767974853516
-946.8212280273438 -116.78668975830078
-944.88818359375 -114.7926025390625
-946.8807373046875 -113.26428985595703
-945.2163696289062 -111.30147552490234
-947.21630859375 -109.45745849609375
-946.9761352539062 -107.45976257324219
-946.885009765625 -105.46665954589844
-945.26220703125 -103.4756851196289
-947.2578125 -101.87670135498047
-947.9789428710938 -99.87901306152344
-946.7173461914062 -98.42718505859375
-948.6973876953125 -96.9793701171875
-946.7774047851562 -95.0363540649414
-945.0372314453125 -93.10397338867188
-946.7098999023438 -91.2435302734375
-948.7086791992188 -90.94046020507812
-949.3003540039062 -89.11213684082031
-947.3641967773438 -87.13764190673828
-945.3894653320312 -85.20381164550781
-947.3853149414062 -83.28380584716797
-946.0167236328125 -81.43500518798828
-948.0155639648438 -80.32196807861328
-946.79345703125 -78.6494369506836
-945.0147705078125 -77.38053894042969
-946.995361328125 -76.11566925048828
-946.2554931640625 -74.83007049560547
-948.2534790039062 -73.08248901367188
-947.8544921875 -71.31484985351562
-946.2510375976562 -71.04474639892578
-948.2238159179688 -70.38385772705078
-946.2528076171875 -68.86508178710938
