-1072.6749267578125 -216.26715087890625
-1070.6903076171875 -214.28024291992188
-1068.7052001953125 -216.2787628173828
-1066.739990234375 -214.2884979248047
-1064.763671875 -216.27589416503906
-1062.764404296875 -214.28785705566406
-1060.8160400390625 -212.28961181640625
-1058.8162841796875 -214.28057861328125
-1056.817626953125 -216.2696075439453
-1054.8250732421875 -214.2777557373047
-1052.8297119140625 -216.27178955078125
-1050.893310546875 -218.25274658203125
-1049.027099609375 -216.26019287109375
-1047.03125 -218.2554168701172
-1045.1207275390625 -220.06846618652344
-1043.619140625 -218.09756469726562
-1042.04052734375 -216.1016845703125
-1040.05517578125 -218.06842041015625
-1038.072265625 -216.122802734375
-1036.3609619140625 -214.14572143554688
-1034.43505859375 -216.10768127441406
-1032.7288818359375 -214.12730407714844
-1030.7943115234375 -215.9764404296875
-1028.8319091796875 -214.0493927001953
-1026.8658447265625 -215.98355102539062
-1024.873779296875 -213.99684143066406
-1022.9002075195312 -215.99588012695312
-1021.5810546875 -214.00033569335938
-1019.7008056640625 -215.9730224609375
-1017.727294921875 -213.9759979248047
-1015.8549194335938 -215.86158752441406
-1014.118408203125 -213.8622283935547
-1012.7158813476562 -211.86228942871094
-1010.9811401367188 -213.8266143798828
-1009.3123168945312 -211.82708740234375
-1007.5066528320312 -213.81829833984375
-1006.0107421875 -215.8060760498047
-1004.0115966796875 -213.80712890625
-1002.3251953125 -215.63624572753906
-1001.4708862304688 -213.64126586914062
-999.6405639648438 -215.62716674804688
-998.177978515625 -217.49392700195312
-996.396240234375 -215.56039428710938
-994.41650390625 -217.53298950195312
-992.43798828125 -215.53900146484375
-990.4652709960938 -213.5442657470703
-988.7457885742188 -215.44149780273438
-987.6182250976562 -217.3936767578125
-986.0744018554688 -215.3961944580078
-984.65771484375 -217.29071044921875
-985.271240234375 -215.29981994628906
-984.9110717773438 -217.0808868408203
-982.9798583984375 -215.0936279296875
-981.1756591796875 -217.03982543945312
-979.8082885742188 -215.0421600341797
-978.0050659179688 -217.0263671875
-978.4203491210938 -215.0320281982422
-976.7785034179688 -216.94918823242188
-974.80224609375 -214.94961547851562
-973.6799926757812 -216.92098999023438
-972.0374755859375 -214.94664001464844
-972.0910034179688 -214.43040466308594
-971.1182861328125 -216.2200927734375
-969.9634399414062 -214.22108459472656
-970.5341186523438 -215.79061889648438
-969.75 -213.82101440429688
-968.6377563476562 -215.7948455810547
-967.9605712890625 -213.80401611328125
-966.047607421875 -212.30772399902344
-964.5327758789062 -213.8690185546875
-966.4532470703125 -214.3363494873047
-965.0486450195312 -215.89675903320312
-963.2218017578125 -213.89735412597656
-962.7047119140625 -214.9267120361328
-963.7138061523438 -216.71563720703125
-962.2899169921875 -214.7549285888672
-962.0388793945312 -216.73170471191406
-961.4560546875 -214.7405242919922
-962.8396606445312 -216.49835205078125
-960.8423461914062 -214.50294494628906
-960.4530029296875 -216.1595916748047
-959.2050170898438 -214.16566467285156
-957.439208984375 -215.99783325195312
-955.50341796875 -214.00039672851562
-953.5149536132812 -215.03753662109375
-951.5997924804688 -216.422607421875
-949.6633911132812 -214.44659423828125
-951.5817260742188 -212.45443725585938
-949.6227416992188 -214.3006591796875
-951.258544921875 -212.30184936523438
-949.3626708984375 -213.53948974609375
-951.3541259765625 -211.54489135742188
-949.3562622070312 -212.0624237060547
-947.4381103515625 -212.92623901367188
-949.4042358398438 -210.95114135742188
-947.411865234375 -212.65380859375
-949.3760375976562 -210.65603637695312
-947.3882446289062 -211.64222717285156
-948.4686889648438 -209.6516876220703
-950.4605102539062 -207.87376403808594
-948.462890625 -206.33187866210938
-950.0421752929688 -204.37139892578125
-948.0520629882812 -204.63064575195312
-950.0183715820312 -202.63192749023438
-948.0184326171875 -201.2693634033203
-949.9708251953125 -199.26979064941406
-947.9772338867188 -198.2923583984375
-949.8154907226562 -196.29417419433594
-947.8162231445312 -194.44847106933594
-945.8248901367188 -193.5706329345703
-947.8206176757812 -191.57093811035156
-945.8223876953125 -190.44627380371094
-947.4314575195312 -188.44888305664062
-945.4375 -186.60040283203125
-947.3375854492188 -184.60179138183594
-945.33837890625 -184.0890350341797
-947.3125 -182.09326171875
-945.3131713867188 -180.2815704345703
-947.2617797851562 -178.2943878173828
-945.263916015625 -176.4195098876953
-947.1627197265625 -174.41990661621094
-945.1661987304688 -173.0279083251953
-947.1253051757812 -171.0291290283203
-945.1293334960938 -169.1343536376953
-947.12109375 -167.13858032226562
-945.121826171875 -165.27149963378906
-946.843505859375 -163.2799835205078
-944.85009765625 -163.27606201171875
-946.8284301757812 -161.2776336669922
-944.848388671875 -160.03407287597656
-946.8397216796875 -158.0349884033203
-944.8402099609375 -157.71670532226562
-946.752685546875 -155.7168731689453
-944.7713623046875 -153.88063049316406
-946.6983032226562 -151.88121032714844
-944.7111206054688 -150.56871032714844
-946.545654296875 -148.5710906982422
-944.54736328125 -147.62045288085938
-946.4513549804688 -145.62208557128906
-948.4495849609375 -143.62301635742188
-946.4498291015625 -143.92918395996094
-948.212890625 -141.93157958984375
-946.2130126953125 -141.07626342773438
-948.0918579101562 -139.0762939453125
-946.0919799804688 -137.12608337402344
-948.0904541015625 -135.12936401367188
-946.0993041992188 -135.3975067138672
-947.6314697265625 -133.39768981933594
-945.6320190429688 -131.61305236816406
-947.5982666015625 -129.61471557617188
-945.6025390625 -127.8696517944336
-947.5359497070312 -125.87254333496094
-945.53662109375 -127.76280212402344
-947.44775390625 -125.76348876953125
-945.4523315429688 -126.12716674804688
-947.4048461914062 -124.1815414428711
-945.405029296875 -126.17034912109375
-947.3877563476562 -124.18333435058594
-945.3889770507812 -122.84632110595703
-947.361083984375 -120.84737396240234
-945.361572265625 -119.67765808105469
-946.7006225585938 -117.68352508544922
-944.7008056640625 -115.82560729980469
-945.9483642578125 -113.82661437988281
-943.9501953125 -111.84925842285156
-945.8475341796875 -109.85186767578125
-943.8820190429688 -108.28341674804688
-945.8594360351562 -106.28463745117188
-943.866943359375 -104.4507064819336
-945.7476806640625 -102.7166748046875
-947.537841796875 -100.75812530517578
-945.5411987304688 -100.55180358886719
-947.3571166992188 -98.55369567871094
-945.3596801757812 -96.76822662353516
-947.3408203125 -94.79308319091797
-945.5404052734375 -93.64449310302734
-947.5343017578125 -92.82102966308594
-945.538818359375 -91.05005645751953
-947.4099731445312 -89.06202697753906
-945.4110717773438 -87.23191833496094
-947.275634765625 -85.23777770996094
-945.2846069335938 -83.26370239257812
-947.23876953125 -81.26954650878906
-945.2415161132812 -80.29800415039062
-947.220703125 -78.51774597167969
-945.26416015625 -79.72097778320312
-947.2296142578125 -77.86592102050781
-945.250732421875 -75.97404479980469
-946.752197265625 -74.25196838378906
-944.752197265625 -72.38760375976562
-946.7068481445312 -70.46964263916016
-948.6503295898438 -68.77971649169922
