-1076.1287841796875 -216.16688537597656
-1074.137451171875 -217.46759033203125
-1074.2069091796875 -215.4777374267578
-1072.20751953125 -217.2362823486328
-1070.2449951171875 -215.23785400390625
-1068.2508544921875 -216.84210205078125
-1066.3486328125 -214.8494110107422
-1064.3514404296875 -213.66445922851562
-1062.352783203125 -215.2547149658203
-1060.47802734375 -213.2583770751953
-1058.4794921875 -215.12643432617188
-1056.513916015625 -216.94068908691406
-1054.5765380859375 -214.9407958984375
-1052.6544189453125 -216.85643005371094
-1050.697998046875 -214.8632049560547
-1048.6990966796875 -216.76353454589844
-1046.7008056640625 -217.5142059326172
-1044.70361328125 -217.9324493408203
-1042.87548828125 -215.93292236328125
-1040.87841796875 -216.70114135742188
-1039.0626220703125 -214.7061004638672
-1037.06396484375 -216.10592651367188
-1035.3902587890625 -214.10597229003906
-1033.4127197265625 -216.0354461669922
-1032.329833984375 -214.06993103027344
-1030.462646484375 -215.93661499023438
-1029.644287109375 -213.9438018798828
-1027.6473388671875 -214.80181884765625
-1025.6483154296875 -216.73692321777344
-1023.8277587890625 -214.7456817626953
-1021.8634033203125 -214.89952087402344
-1019.864501953125 -215.01492309570312
-1018.2229614257812 -213.01504516601562
-1016.2244873046875 -212.8626708984375
-1014.2266235351562 -213.44822692871094
-1012.4886474609375 -211.45303344726562
-1013.9285278320312 -213.45094299316406
-1012.5880737304688 -211.4514923095703
-1013.1290893554688 -213.20730590820312
-1011.3193359375 -211.20797729492188
-1009.4509887695312 -212.76113891601562
-1008.3910522460938 -214.48281860351562
-1007.4166870117188 -212.4899444580078
-1005.4179077148438 -214.42530822753906
-1003.4797973632812 -215.9393310546875
-1001.5402221679688 -213.9420928955078
-999.5422973632812 -214.97805786132812
-997.5513305664062 -216.9048614501953
-995.853271484375 -214.90512084960938
-993.8704833984375 -214.376708984375
-991.8820190429688 -214.1121063232422
-989.8859252929688 -215.9275665283203
-988.2454833984375 -213.93389892578125
-986.2486572265625 -213.16860961914062
-984.2645263671875 -215.04083251953125
-982.3088989257812 -215.68917846679688
-980.3207397460938 -216.03903198242188
-978.3580322265625 -217.77224731445312
-976.4219360351562 -215.77224731445312
-974.4305419921875 -217.07923889160156
-972.4531860351562 -215.0957794189453
-970.4615478515625 -217.00462341308594
-968.6864624023438 -215.0048370361328
-966.6935424804688 -215.15142822265625
-964.6991577148438 -213.20726013183594
-962.7059936523438 -211.33358764648438
-960.7264404296875 -210.3314666748047
-958.734130859375 -208.74095153808594
-956.73583984375 -206.9211883544922
-954.8516845703125 -204.93118286132812
-952.8564453125 -202.96424865722656
-951.0435180664062 -201.09947204589844
-949.0549926757812 -199.1898651123047
-947.0801391601562 -197.2071075439453
-949.080078125 -195.20803833007812
-947.2573852539062 -193.23025512695312
-949.25439453125 -191.23028564453125
-947.271484375 -189.54898071289062
-945.3270874023438 -187.5699005126953
-947.324462890625 -185.62669372558594
-945.9646606445312 -183.6285858154297
-947.9640502929688 -181.64051818847656
-945.96923828125 -179.6777801513672
-947.967529296875 -177.82818603515625
-945.975341796875 -175.97535705566406
-947.9749145507812 -174.00071716308594
-945.9788818359375 -172.0372772216797
-947.9788208007812 -170.06622314453125
-945.9839477539062 -168.06674194335938
-947.9810180664062 -166.0697784423828
-945.9925537109375 -164.07846069335938
-947.9769897460938 -162.1363983154297
-946.0008544921875 -160.1381378173828
-947.99951171875 -158.4993438720703
-946.0242309570312 -156.5138397216797
-948.0222778320312 -154.63075256347656
-946.03076171875 -152.63221740722656
-948.0303344726562 -150.9862518310547
-946.0365600585938 -149.0412139892578
-948.0359497070312 -147.0587921142578
-946.0840454101562 -145.0770721435547
-948.0743408203125 -143.08999633789062
-946.28125 -141.09188842773438
-948.277587890625 -139.1358642578125
-946.2939453125 -137.14263916015625
-948.2936401367188 -135.4957275390625
-946.350341796875 -133.50103759765625
-944.4823608398438 -131.50149536132812
-946.4761962890625 -129.5823211669922
-944.4835205078125 -127.58516693115234
-946.4822998046875 -125.60395050048828
-944.734619140625 -123.60755920410156
-946.7310791015625 -121.61705780029297
-945.2643432617188 -119.66754913330078
-947.2632446289062 -118.14496612548828
-945.7671508789062 -116.1456069946289
-944.0686645507812 -114.2372055053711
-946.067138671875 -112.26510620117188
-944.109130859375 -110.27303314208984
-946.1080932617188 -108.28055572509766
-945.0087280273438 -106.28120422363281
-947.0086059570312 -104.29425048828125
-946.4112548828125 -102.2970199584961
-945.15966796875 -100.29706573486328
-947.1582641601562 -98.93240356445312
-945.2752685546875 -96.93479919433594
-947.2745971679688 -95.33637237548828
-945.299560546875 -93.34292602539062
-947.2843017578125 -91.36007690429688
-945.6896362304688 -89.39144134521484
-947.6862182617188 -87.7503662109375
-945.9976806640625 -85.75135803222656
-947.9973754882812 -85.15120697021484
-946.2925415039062 -83.15290832519531
-948.2923583984375 -82.5438003540039
-946.6119384765625 -80.54832458496094
-948.6082153320312 -78.81163787841797
-946.8556518554688 -76.91458892822266
-944.8797607421875 -74.91494750976562
-946.879150390625 -73.28443145751953
-944.9653930664062 -71.48802185058594
-946.9644165039062 -69.5859146118164
-945.0322265625 -67.59400939941406
