-1073.6107177734375 -216.1580810546875
-1071.614013671875 -218.15806579589844
-1070.23779296875 -216.1638641357422
-1068.6334228515625 -214.1644287109375
-1066.7645263671875 -216.16421508789062
-1064.8355712890625 -214.1656494140625
-1062.8355712890625 -216.163818359375
-1060.91796875 -214.16494750976562
-1060.8076171875 -216.16490173339844
-1059.07275390625 -214.16990661621094
-1057.0782470703125 -216.1695556640625
-1055.4683837890625 -214.1723175048828
-1053.54541015625 -216.1719970703125
-1051.5509033203125 -218.17184448242188
-1049.608642578125 -216.18731689453125
-1047.6090087890625 -218.18702697753906
-1045.611572265625 -220.18673706054688
-1047.2015380859375 -218.20498657226562
-1046.12841796875 -220.20228576660156
-1044.4639892578125 -218.21444702148438
-1042.7030029296875 -216.21466064453125
-1040.7060546875 -218.2139129638672
-1040.6414794921875 -216.2156982421875
-1038.6485595703125 -218.21517944335938
-1036.8739013671875 -216.2212371826172
-1034.9095458984375 -214.2276611328125
-1032.945556640625 -216.1752166748047
-1031.0582275390625 -214.1759490966797
-1029.0740966796875 -216.17022705078125
-1027.4237060546875 -214.17282104492188
-1025.43359375 -216.15541076660156
-1023.4488525390625 -214.1614990234375
-1021.4568481445312 -216.1561737060547
-1019.7794799804688 -214.17530822753906
-1017.7796020507812 -216.14402770996094
-1016.5049438476562 -214.15940856933594
-1014.7510986328125 -212.16641235351562
-1012.7550048828125 -213.95361328125
-1010.794189453125 -211.95547485351562
-1008.938720703125 -213.63278198242188
-1007.072265625 -215.59994506835938
-1005.2216796875 -213.6021728515625
-1003.3145141601562 -215.59820556640625
-1001.3424072265625 -213.624755859375
-999.34521484375 -215.61293029785156
-997.4487915039062 -217.56332397460938
-995.4522094726562 -215.59957885742188
-993.5643310546875 -217.5568389892578
-991.8502807617188 -215.56387329101562
-990.0784301757812 -213.57669067382812
-988.4602661132812 -215.56712341308594
-986.8247680664062 -217.5019989013672
-985.482177734375 -215.59210205078125
-983.4854736328125 -217.48553466796875
-981.4935302734375 -215.51535034179688
-979.4976806640625 -217.45838928222656
-977.520263671875 -215.4634246826172
-975.6403198242188 -217.36793518066406
-973.8159790039062 -215.3765411376953
-971.8165893554688 -215.4412384033203
-969.8278198242188 -216.00360107421875
-967.8652954101562 -214.021240234375
-965.8671875 -212.93780517578125
-963.9629516601562 -212.42689514160156
-961.9651489257812 -210.7288055419922
-959.9651489257812 -209.52903747558594
-957.9661865234375 -207.53790283203125
-955.9662475585938 -205.54104614257812
-953.9681396484375 -203.54348754882812
-951.9682006835938 -201.54360961914062
-949.9703369140625 -199.5497589111328
-947.9710693359375 -197.5595703125
-947.9632568359375 -195.56222534179688
-945.9647216796875 -193.5632781982422
-945.8434448242188 -191.5633087158203
-944.7492065429688 -189.56666564941406
-946.4988403320312 -187.56703186035156
-947.1096801757812 -185.5672149658203
-948.550048828125 -183.56796264648438
-946.5516357421875 -181.56802368164062
-947.4899291992188 -179.5703125
-945.5182495117188 -177.57156372070312
-943.6051635742188 -175.5715789794922
-943.1133422851562 -173.5767059326172
-942.2378540039062 -171.57675170898438
-943.1914672851562 -169.58056640625
-944.999267578125 -167.5809783935547
-945.8211059570312 -165.5816650390625
-947.0260620117188 -163.5819854736328
-945.0300903320312 -161.598388671875
-945.4486694335938 -159.5986328125
-944.7632446289062 -157.5986785888672
-944.4944458007812 -155.5989990234375
-945.0665893554688 -153.59934997558594
-945.860595703125 -151.59939575195312
-944.7950439453125 -149.5994110107422
-945.8728637695312 -147.5994415283203
-944.3746948242188 -145.59951782226562
-944.8646850585938 -143.5995635986328
-946.77587890625 -141.5996551513672
-945.1779174804688 -139.6466522216797
-947.0895385742188 -137.6475067138672
-945.7164916992188 -135.6660614013672
-944.61865234375 -133.66610717773438
-946.5693969726562 -131.66712951660156
-944.7304077148438 -129.6806182861328
-946.39892578125 -127.68175506591797
-944.8702392578125 -125.69683074951172
-946.4633178710938 -123.69721221923828
-945.2081909179688 -121.71922302246094
-947.1458740234375 -119.71924591064453
-945.1778564453125 -117.72376251220703
-946.5157470703125 -115.72563934326172
-944.8770751953125 -113.73885345458984
-946.873779296875 -111.73921203613281
-947.3052368164062 -109.87191772460938
-946.6834106445312 -107.88287353515625
-945.4796142578125 -105.89168548583984
-946.5548706054688 -103.89265441894531
-945.3616943359375 -102.11555480957031
-945.8890380859375 -100.11750793457031
-946.59814453125 -98.11791229248047
-948.3970336914062 -96.11902618408203
-946.9940185546875 -94.18964385986328
-945.6121826171875 -92.33561706542969
-946.5013427734375 -90.33596801757812
-945.3323974609375 -88.33695983886719
-945.0563354492188 -86.34151458740234
-945.6428833007812 -84.3951644897461
-947.4173583984375 -82.39547729492188
-948.9129638671875 -81.0405044555664
-950.27099609375 -79.4306869506836
-950.5855102539062 -77.54499816894531
-952.5599975585938 -76.56874084472656
-953.195556640625 -74.5822525024414
-954.7606811523438 -72.61798858642578
-955.486572265625 -71.41514587402344
-955.9376831054688 -69.66658020019531
-956.445068359375 -68.02518463134766
-956.67578125 -66.06948852539062
