-1072.6219482421875 -216.181396484375
-1070.6319580078125 -214.19256591796875
-1068.632080078125 -216.1925506591797
-1066.7257080078125 -214.22067260742188
-1064.725830078125 -216.2205810546875
-1062.771484375 -214.2667999267578
-1060.8822021484375 -212.2740936279297
-1058.8826904296875 -214.27389526367188
-1056.8843994140625 -216.27386474609375
-1055.0833740234375 -214.484375
-1053.0833740234375 -216.48426818847656
-1051.3453369140625 -214.5095977783203
-1049.3519287109375 -216.5095672607422
-1047.365234375 -218.50953674316406
-1045.36572265625 -220.50949096679688
-1043.623291015625 -218.69888305664062
-1041.833740234375 -216.93084716796875
-1039.8858642578125 -215.31076049804688
-1037.8861083984375 -217.3106231689453
-1036.0511474609375 -215.70008850097656
-1034.0633544921875 -214.00277709960938
-1032.0665283203125 -216.00262451171875
-1030.164306640625 -214.71421813964844
-1028.16748046875 -216.71409606933594
-1026.17578125 -214.7355194091797
-1024.18017578125 -216.7354736328125
-1022.5120239257812 -214.7526092529297
-1020.5121459960938 -216.75253295898438
-1018.5444946289062 -214.9134063720703
-1016.567138671875 -212.9647216796875
-1014.5693359375 -214.9647216796875
-1012.6033935546875 -215.32276916503906
-1010.7498168945312 -213.9246368408203
-1008.7897338867188 -213.33302307128906
-1007.8370971679688 -215.3260498046875
-1005.8430786132812 -213.41683959960938
-1003.9127197265625 -215.4151153564453
-1002.4887084960938 -214.8220672607422
-1000.7769775390625 -216.82081604003906
-998.84423828125 -214.8728485107422
-998.2633056640625 -216.8727569580078
-996.266357421875 -215.1625518798828
-994.311279296875 -217.16201782226562
-992.3799438476562 -215.26876831054688
-990.3853149414062 -217.26861572265625
-988.4834594726562 -215.6404266357422
-986.6396484375 -217.64010620117188
-984.7831420898438 -216.11744689941406
-983.0023193359375 -218.11700439453125
-981.0399169921875 -216.94863891601562
-979.2724609375 -215.0775604248047
-977.49658203125 -217.0762176513672
-975.53125 -216.41554260253906
-973.9285278320312 -214.80760192871094
-972.170166015625 -216.80718994140625
-971.57275390625 -216.81326293945312
-969.7093505859375 -215.0625457763672
-967.7122802734375 -217.06216430664062
-965.7401733398438 -215.6107635498047
-964.772216796875 -213.81739807128906
-962.773193359375 -215.81736755371094
-961.4239501953125 -214.138671875
-959.4841918945312 -216.1377410888672
-957.6881103515625 -214.348388671875
-955.6893920898438 -216.3480682373047
-953.9945678710938 -214.7440185546875
-952.0159912109375 -216.738525390625
-951.2470703125 -216.68385314941406
-950.0336303710938 -214.7989959716797
-948.04638671875 -216.7655029296875
-950.0394287109375 -214.9203338623047
-948.2869873046875 -216.90658569335938
-950.2382202148438 -214.92579650878906
-948.402587890625 -216.92433166503906
-950.4003295898438 -214.92605590820312
-948.8075561523438 -216.92335510253906
-950.80712890625 -214.95619201660156
-948.835205078125 -216.9125518798828
-950.826171875 -214.95608520507812
-948.8634643554688 -216.9553985595703
-950.8609008789062 -215.3110809326172
-949.0283203125 -214.18545532226562
-950.48779296875 -212.22686767578125
-949.0032348632812 -213.57077026367188
-950.8983154296875 -211.65074157714844
-948.8984985351562 -213.41941833496094
-950.8847045898438 -211.42152404785156
-948.8909301757812 -212.9824676513672
-950.8800659179688 -211.00320434570312
-949.1988525390625 -212.96456909179688
-950.74169921875 -210.98092651367188
-948.7418823242188 -211.96046447753906
-950.7391967773438 -209.97120666503906
-948.7679443359375 -211.94320678710938
-950.7670288085938 -210.00106811523438
-948.7805786132812 -210.27737426757812
-950.7610473632812 -208.30581665039062
-948.7652587890625 -209.0150604248047
-950.7572631835938 -207.03770446777344
-948.7632446289062 -205.87310791015625
-950.5369873046875 -204.04185485839844
-948.5374145507812 -204.64828491210938
-950.5331420898438 -203.14190673828125
-948.5332641601562 -202.69786071777344
-950.5328979492188 -200.7004852294922
-948.6354370117188 -200.46469116210938
-946.63818359375 -199.0220184326172
-948.635009765625 -197.03073120117188
-946.6407470703125 -196.3573760986328
-948.5440063476562 -194.6721954345703
-946.6859130859375 -192.85179138183594
-948.5558471679688 -190.87771606445312
-946.5817260742188 -189.18484497070312
-948.5679321289062 -187.19203186035156
-946.7957153320312 -185.24172973632812
-948.7836303710938 -183.5617218017578
-946.8890380859375 -183.47650146484375
-944.9027099609375 -181.9198760986328
-946.8885498046875 -179.9640350341797
-944.9154663085938 -179.93798828125
-946.9150390625 -178.06735229492188
-944.9359741210938 -176.93447875976562
-946.8756713867188 -174.9375457763672
-945.2875366210938 -172.96194458007812
-947.2852783203125 -170.9952392578125
-945.85302734375 -169.12005615234375
-947.82177734375 -167.12213134765625
-945.8363647460938 -166.1071014404297
-947.8187866210938 -164.14195251464844
-945.82080078125 -162.28759765625
-946.7215576171875 -160.3037567138672
-944.9698486328125 -158.66680908203125
-946.9668579101562 -156.71267700195312
-945.0560913085938 -154.7295684814453
-947.0321655273438 -152.73797607421875
-945.0427856445312 -150.88885498046875
-947.008056640625 -148.89706420898438
-945.0170288085938 -147.01931762695312
-946.860595703125 -145.0435791015625
-946.4608764648438 -143.94837951660156
-948.004150390625 -141.96856689453125
-946.0899047851562 -140.0718994140625
-947.9312744140625 -138.07534790039062
-945.963623046875 -136.79750061035156
-947.7055053710938 -134.80825805664062
-946.7546997070312 -132.9396209716797
-946.1060791015625 -132.95388793945312
-946.1652221679688 -131.0963592529297
-946.7789916992188 -129.1024627685547
-945.4364013671875 -127.5333251953125
-947.1383666992188 -125.55384063720703
-945.1409301757812 -127.15377044677734
-946.7294921875 -125.15599822998047
-945.6529541015625 -125.60848999023438
-947.1755981445312 -123.64028930664062
-945.2507934570312 -125.521484375
-947.1060791015625 -123.52300262451172
-946.0081787109375 -125.46024322509766
-947.8070678710938 -123.46448516845703
-945.8751831054688 -124.59274291992188
-947.5175170898438 -122.59565734863281
-945.9454956054688 -123.61298370361328
-947.8406372070312 -121.6160888671875
-945.8673706054688 -123.14553833007812
-947.695068359375 -121.1456069946289
-945.9686279296875 -121.1930923461914
-944.0964965820312 -121.75141143798828
-944.080810546875 -119.7527084350586
-945.300537109375 -117.7754898071289
-947.0547485351562 -115.78734588623047
-945.64208984375 -114.4412612915039
-944.0819702148438 -112.45002746582031
-944.9661254882812 -110.45393371582031
-946.4126586914062 -108.45533752441406
-945.0789794921875 -109.44769287109375
-944.0036010742188 -107.45021057128906
-945.6485595703125 -105.45208740234375
-946.3036499023438 -105.5060806274414
-946.5003662109375 -103.65593719482422
-945.8340454101562 -101.6595230102539
-945.7252197265625 -99.76067352294922
-944.9783325195312 -97.76957702636719
-944.1089477539062 -95.77326202392578
-942.9660034179688 -93.77399444580078
-942.9683837890625 -91.81476593017578
-944.13232421875 -89.8345718383789
-943.4837036132812 -87.84619140625
-941.7125854492188 -85.85455322265625
-940.5576171875 -83.85765838623047
-941.064453125 -81.9401626586914
-940.652099609375 -79.98393249511719
-938.7321166992188 -78.22440338134766
-936.977294921875 -76.22991943359375
-936.7683715820312 -74.26406860351562
-936.9599609375 -72.27365112304688
-935.9270629882812 -70.3810043334961
-934.96435546875 -68.55873107910156
-935.1626586914062 -66.59408569335938
