-1074.7626953125 -216.16165161132812
-1072.762939453125 -218.1244354248047
-1074.105224609375 -216.1256866455078
-1072.1053466796875 -218.12188720703125
-1072.3375244140625 -216.12713623046875
-1072.6224365234375 -214.13352966308594
-1070.6256103515625 -216.06907653808594
-1070.783203125 -214.06936645507812
-1068.7852783203125 -216.0596466064453
-1068.90625 -214.060791015625
-1066.9083251953125 -215.7449951171875
-1066.8623046875 -213.74560546875
-1064.86669921875 -215.74484252929688
-1064.9622802734375 -213.74620056152344
-1062.9652099609375 -215.71986389160156
-1063.88916015625 -213.72219848632812
-1061.8895263671875 -215.66159057617188
-1061.6055908203125 -213.6617431640625
-1059.6087646484375 -215.65940856933594
-1059.1627197265625 -213.66400146484375
-1057.1884765625 -215.65838623046875
-1055.6839599609375 -213.66354370117188
-1053.6846923828125 -215.64581298828125
-1051.71435546875 -217.5146484375
-1049.7301025390625 -219.42437744140625
-1047.91064453125 -217.42750549316406
-1045.9140625 -219.18247985839844
-1047.91162109375 -217.18345642089844
-1045.9163818359375 -219.08724975585938
-1047.7003173828125 -217.228515625
-1045.7073974609375 -219.22291564941406
-1047.527587890625 -217.224853515625
-1045.530517578125 -217.81016540527344
-1043.537353515625 -219.21437072753906
-1045.3956298828125 -217.21617126464844
-1043.399169921875 -219.2086181640625
-1045.383544921875 -217.20912170410156
-1043.3853759765625 -218.01303100585938
-1042.9339599609375 -216.033935546875
-1040.936279296875 -218.01309204101562
-1042.4979248046875 -216.01390075683594
-1040.5157470703125 -217.99600219726562
-1042.0546875 -215.9999237060547
-1040.059326171875 -217.92384338378906
-1040.73583984375 -215.9279022216797
-1038.736328125 -217.70928955078125
-1039.5157470703125 -215.7117919921875
-1037.5531005859375 -217.70205688476562
-1037.84228515625 -215.70240783691406
-1035.8424072265625 -217.4361114501953
-1036.3121337890625 -215.4407501220703
-1038.301513671875 -213.44094848632812
-1036.30224609375 -215.43519592285156
-1038.244384765625 -213.44435119628906
-1036.2469482421875 -214.51568603515625
-1034.3001708984375 -216.50201416015625
-1034.697265625 -214.50921630859375
-1032.722900390625 -216.48150634765625
-1032.2772216796875 -214.48193359375
-1030.2950439453125 -215.8912353515625
-1031.7242431640625 -213.89202880859375
-1029.7244873046875 -215.8872528076172
-1030.6944580078125 -213.88772583007812
-1028.69970703125 -215.84695434570312
-1027.431640625 -213.84716796875
-1025.433837890625 -215.81283569335938
-1026.482421875 -213.81549072265625
-1024.48681640625 -215.79429626464844
-1024.90087890625 -213.81195068359375
-1022.916259765625 -215.7684783935547
-1024.245361328125 -213.76992797851562
-1022.2461547851562 -215.73394775390625
-1023.5125732421875 -213.73410034179688
-1021.5130615234375 -215.64663696289062
-1023.0322265625 -213.64804077148438
-1021.0343627929688 -215.6308135986328
-1019.5701293945312 -213.63101196289062
-1017.5702514648438 -213.75128173828125
-1015.5724487304688 -212.0133514404297
-1013.5726318359375 -210.4013671875
-1011.5747680664062 -208.8779754638672
-1013.4151611328125 -210.0638427734375
-1011.4190063476562 -208.13783264160156
-1011.3589477539062 -209.88807678222656
-1010.9331665039062 -211.8654022216797
-1009.125732421875 -213.81248474121094
-1007.1646728515625 -215.8077850341797
-1009.1471557617188 -213.81307983398438
-1007.1766357421875 -214.75222778320312
-1008.48095703125 -212.7523956298828
-1006.5060424804688 -214.62384033203125
-1004.5144653320312 -216.51626586914062
-1003.976318359375 -214.52552795410156
-1001.9788208007812 -216.245361328125
-1003.1937255859375 -214.2462615966797
-1001.1948852539062 -216.06011962890625
-1002.2470703125 -214.06021118164062
-1000.2471313476562 -215.341796875
-998.247314453125 -215.79469299316406
-1000.1737060546875 -213.7952880859375
-998.1752319335938 -215.75843811035156
-999.8350830078125 -213.7587127685547
-997.8358154296875 -215.36688232421875
-995.837890625 -216.75364685058594
-995.877685546875 -214.7549285888672
-993.8779296875 -216.41976928710938
-993.6651000976562 -214.41983032226562
-991.6766357421875 -214.71432495117188
-989.703125 -216.56289672851562
-991.30517578125 -214.5630340576172
-989.3145141601562 -216.4226837158203
-991.1342163085938 -214.42527770996094
-989.1348876953125 -216.10089111328125
-990.9754028320312 -214.1009063720703
-988.9761352539062 -216.02230834960938
-990.1204223632812 -214.02247619628906
-988.1248779296875 -215.80963134765625
-986.1277465820312 -215.07261657714844
-984.128173828125 -214.42015075683594
-982.1328125 -215.6558837890625
-980.158203125 -214.92428588867188
-978.15869140625 -216.35791015625
-976.1649780273438 -216.39306640625
-974.169189453125 -214.4381866455078
-972.1699829101562 -213.12779235839844
-970.1703491210938 -213.81387329101562
-968.1707763671875 -214.8248748779297
-966.17138671875 -213.7003173828125
-964.1719360351562 -213.63392639160156
-962.4732666015625 -212.99851989746094
-960.4740600585938 -212.80238342285156
-958.4766235351562 -211.8963165283203
-956.4794311523438 -212.03773498535156
-954.502685546875 -210.22564697265625
-952.7846069335938 -208.22691345214844
-951.2347412109375 -206.234130859375
-949.52197265625 -204.23851013183594
-947.9176635742188 -202.2521514892578
-949.9176635742188 -200.32606506347656
-947.9571533203125 -198.3296356201172
-949.9562377929688 -196.33180236816406
-948.1078491210938 -194.49285888671875
-947.1685180664062 -192.49728393554688
-949.1680908203125 -190.49838256835938
-947.331298828125 -188.50027465820312
-946.4837036132812 -186.5013427734375
-948.47802734375 -184.5014190673828
-946.6239013671875 -182.54322814941406
-948.623779296875 -180.5435028076172
-947.7825927734375 -178.57928466796875
-945.8971557617188 -176.58070373535156
-947.8953857421875 -174.58663940429688
-945.9175415039062 -172.5867156982422
-947.9173583984375 -170.6059112548828
-946.2802124023438 -168.609130859375
-948.2792358398438 -166.67245483398438
-946.3179321289062 -164.6781768798828
-948.3117065429688 -162.87899780273438
-946.7803955078125 -160.88119506835938
-944.8545532226562 -158.88221740722656
-946.8540649414062 -156.88729858398438
-945.4569702148438 -154.88955688476562
-947.4568481445312 -152.9120635986328
-949.1652221679688 -150.9532928466797
-947.64990234375 -148.96005249023438
-945.7127075195312 -147.02151489257812
-947.7117309570312 -146.89222717285156
-945.7456665039062 -144.90196228027344
-947.7454833984375 -142.93063354492188
-945.8340454101562 -140.98513793945312
-947.833984375 -139.10720825195312
-946.3616943359375 -137.10995483398438
-948.3616333007812 -135.1101531982422
-946.416015625 -133.11024475097656
-945.5828857421875 -131.11087036132812
-947.5800170898438 -129.2679901123047
-945.8760986328125 -127.30486297607422
-947.8760375976562 -125.39793395996094
-947.0033569335938 -123.39956665039062
-945.3796997070312 -121.43687438964844
-947.379638671875 -120.15841674804688
-945.9681396484375 -118.16057586669922
-944.9124755859375 -116.16456604003906
-946.9124145507812 -114.56925201416016
-947.3735961914062 -112.56932830810547
-945.836181640625 -110.57047271728516
-946.5924072265625 -108.59648895263672
-945.4386596679688 -106.5971450805664
-947.4385986328125 -104.61479187011719
-946.4532470703125 -102.616455078125
-948.268310546875 -100.61666107177734
-946.4207153320312 -98.65737915039062
-948.420654296875 -97.53987121582031
-948.9741821289062 -95.5456314086914
-950.1868896484375 -93.55113220214844
-950.2565307617188 -91.55623626708984
-951.2053833007812 -89.55636596679688
-950.8381958007812 -87.557373046875
-950.234375 -85.56004333496094
-951.3984375 -83.56130981445312
-951.8966674804688 -81.56210327148438
-952.6524047851562 -79.56806182861328
-954.321533203125 -77.57742309570312
-953.3004760742188 -75.57814025878906
-951.6497802734375 -73.58061218261719
-951.9063110351562 -71.59232330322266
-952.8228759765625 -69.708740234375
-954.7997436523438 -67.71056365966797
