-1073.5711669921875 -216.16004943847656
-1074.1929931640625 -218.15489196777344
-1075.6746826171875 -216.15541076660156
-1073.7794189453125 -218.15176391601562
-1074.0819091796875 -216.16192626953125
-1072.961181640625 -218.1584930419922
-1073.07470703125 -216.16014099121094
-1072.2449951171875 -218.15623474121094
-1070.3857421875 -216.1710662841797
-1068.56689453125 -214.17752075195312
-1069.11962890625 -216.1632537841797
-1070.2646484375 -214.16461181640625
-1068.8900146484375 -216.14678955078125
-1068.739990234375 -214.15467834472656
-1070.105712890625 -216.15447998046875
-1068.4578857421875 -214.18463134765625
-1068.37451171875 -216.177490234375
-1066.7493896484375 -214.18406677246094
-1064.77001953125 -216.18350219726562
-1064.128173828125 -214.18368530273438
-1062.1529541015625 -215.9016876220703
-1060.2677001953125 -213.91244506835938
-1061.4595947265625 -215.9123992919922
-1059.506591796875 -213.95591735839844
-1057.909423828125 -215.95333862304688
-1056.5311279296875 -213.95623779296875
-1054.5640869140625 -215.95184326171875
-1053.012939453125 -213.96815490722656
-1052.2115478515625 -215.95484924316406
-1054.0469970703125 -217.95448303222656
-1052.24267578125 -215.95606994628906
-1050.552734375 -217.95423889160156
-1049.0093994140625 -219.95350646972656
-1047.4244384765625 -217.95919799804688
-1045.5726318359375 -219.9556884765625
-1045.4984130859375 -218.07627868652344
-1046.1907958984375 -219.70611572265625
-1045.9791259765625 -217.70620727539062
-1044.0428466796875 -219.6902313232422
-1044.5152587890625 -217.69154357910156
-1044.238525390625 -219.61972045898438
-1042.4940185546875 -217.6221160888672
-1043.882080078125 -215.6297607421875
-1044.0736083984375 -217.62892150878906
-1044.548828125 -215.68211364746094
-1043.3817138671875 -217.67323303222656
-1042.7796630859375 -215.674072265625
-1042.718017578125 -217.67303466796875
-1041.0467529296875 -215.68341064453125
-1039.8441162109375 -217.68222045898438
-1038.0521240234375 -215.99122619628906
-1036.0892333984375 -213.99143981933594
-1036.4417724609375 -215.9913330078125
-1034.4876708984375 -214.00018310546875
-1036.2625732421875 -215.98695373535156
-1034.484375 -213.99148559570312
-1033.2955322265625 -215.95321655273438
-1031.610107421875 -213.95986938476562
-1030.177490234375 -215.88255310058594
-1028.7508544921875 -213.8993682861328
-1027.9652099609375 -215.89712524414062
-1026.006591796875 -213.8974609375
-1024.460693359375 -215.8914794921875
-1024.34912109375 -213.89210510253906
-1023.05224609375 -215.88917541503906
-1021.1122436523438 -213.8917999267578
-1019.2160034179688 -215.87835693359375
-1017.2992553710938 -213.88121032714844
-1015.397705078125 -215.85536193847656
-1013.5164184570312 -213.85935974121094
-1011.5314331054688 -211.85940551757812
-1012.4654541015625 -213.7865447998047
-1011.0909423828125 -211.78965759277344
-1010.1859741210938 -213.76461791992188
-1008.2866821289062 -211.78042602539062
-1008.5465698242188 -213.76486206054688
-1009.959716796875 -215.75279235839844
-1008.9715576171875 -213.75791931152344
-1010.10546875 -215.7494659423828
-1008.359130859375 -213.75332641601562
-1007.238525390625 -215.55027770996094
-1007.4393920898438 -213.5503387451172
-1008.6035766601562 -215.53173828125
-1006.6136474609375 -213.5327911376953
-1007.7030639648438 -215.51792907714844
-1005.924072265625 -213.51805114746094
-1007.2745971679688 -215.50741577148438
-1007.392333984375 -213.51025390625
-1006.4273071289062 -215.5061798095703
-1006.1829833984375 -213.50706481933594
-1007.53369140625 -215.505615234375
-1005.7267456054688 -213.51634216308594
-1006.2998657226562 -215.51025390625
-1004.5185546875 -213.51034545898438
-1004.1571044921875 -215.31039428710938
-1002.1871948242188 -213.310546875
-1000.6665649414062 -215.03817749023438
-998.8807373046875 -216.99099731445312
-996.8870849609375 -215.00228881835938
-995.9489135742188 -216.90301513671875
-995.0659790039062 -214.9032745361328
-993.2412719726562 -215.38119506835938
-993.06787109375 -215.7033233642578
-991.125732421875 -213.7037353515625
-992.5742797851562 -215.66505432128906
-991.04736328125 -213.6650848388672
-989.3635864257812 -215.59913635253906
-988.2644653320312 -217.2675323486328
-986.3353881835938 -215.26844787597656
-985.9494018554688 -217.208740234375
-985.0525512695312 -215.2265625
-985.6882934570312 -216.40504455566406
-983.9837646484375 -214.4097900390625
-983.7373657226562 -216.4009246826172
-984.796630859375 -218.32762145996094
-982.8674926757812 -216.3278350830078
-982.7882080078125 -217.883544921875
-982.1227416992188 -215.88427734375
-980.6705932617188 -216.4182586669922
-979.7888793945312 -214.95071411132812
-977.791259765625 -216.71507263183594
-975.8849487304688 -214.7162628173828
-974.6827392578125 -214.3666534423828
-972.8235473632812 -214.7808837890625
-970.9213256835938 -214.56809997558594
-969.0562744140625 -213.19956970214844
-967.064697265625 -212.4261016845703
-965.2003173828125 -211.33363342285156
-963.8360595703125 -209.80062866210938
-961.8737182617188 -211.2686309814453
-960.7083740234375 -210.4950714111328
-958.8862915039062 -208.50216674804688
-956.9453125 -206.52825927734375
-954.9478149414062 -204.70921325683594
-952.9616088867188 -202.7102508544922
-951.0555419921875 -200.85308837890625
-949.062744140625 -198.85926818847656
-947.069580078125 -196.86093139648438
-948.5997314453125 -194.861083984375
-946.6302490234375 -192.86331176757812
-944.82568359375 -190.86428833007812
-945.61279296875 -188.8666229248047
-944.091064453125 -186.86709594726562
-943.69091796875 -184.86758422851562
-944.1549072265625 -182.86839294433594
-945.8695068359375 -180.86862182617188
-943.9486083984375 -178.8686981201172
-944.2813720703125 -176.86871337890625
-945.5303344726562 -174.87054443359375
-947.1640014648438 -172.87081909179688
-945.1954345703125 -170.87095642089844
-946.369384765625 -168.8709716796875
-947.5156860351562 -166.87115478515625
-945.6188354492188 -164.87576293945312
-946.8848266601562 -162.87632751464844
-944.8850708007812 -161.1772003173828
-946.1512451171875 -159.17723083496094
-944.4224243164062 -157.1789093017578
-942.798095703125 -155.17893981933594
-943.4276733398438 -153.17893981933594
-941.63037109375 -151.178955078125
-941.3040771484375 -149.17918395996094
-940.4432373046875 -147.1793975830078
-938.850341796875 -145.17959594726562
-939.6873779296875 -143.179931640625
-939.1769409179688 -141.1859130859375
-939.5347290039062 -139.1862335205078
-941.3109130859375 -137.18624877929688
-941.3648681640625 -135.18626403808594
-939.854736328125 -133.18630981445312
-938.1073608398438 -131.1863555908203
-939.4874267578125 -129.18638610839844
-939.9601440429688 -127.18685150146484
-941.7249145507812 -125.18704223632812
-941.497314453125 -123.18704223632812
-942.1095581054688 -121.18704223632812
-941.1205444335938 -119.18708801269531
-942.876953125 -117.18719482421875
-941.7560424804688 -115.18720245361328
-943.2974243164062 -113.18730163574219
-941.3301391601562 -111.18730926513672
-940.9000854492188 -109.18731689453125
-942.182861328125 -107.18731689453125
-943.6966552734375 -105.18731689453125
-943.0176391601562 -103.18731689453125
-944.9271240234375 -101.18779754638672
-943.2100830078125 -99.18827056884766
-942.7063598632812 -97.1884994506836
-941.5964965820312 -95.18851470947266
-940.5658569335938 -93.18860626220703
-941.072021484375 -91.1886215209961
-942.7413330078125 -89.18877410888672
-943.3928833007812 -87.18878936767578
-944.31787109375 -85.18879699707031
-945.7920532226562 -83.18887329101562
-945.521728515625 -81.18887329101562
-946.3626708984375 -79.18888092041016
-948.1258544921875 -77.18888092041016
-946.1259155273438 -75.20381927490234
-945.81201171875 -73.20382690429688
-945.6283569335938 -71.2038345336914
-945.0623168945312 -69.2038345336914
-945.0745239257812 -67.2038345336914
