-1075.211669921875 -217.22109985351562
-1073.380859375 -216.21322631835938
-1071.3875732421875 -218.2128143310547
-1069.3885498046875 -216.91949462890625
-1067.5115966796875 -214.9356231689453
-1065.51708984375 -216.9337921142578
-1063.5274658203125 -214.98602294921875
-1061.53173828125 -213.05250549316406
-1061.0186767578125 -215.0509033203125
-1059.061279296875 -213.25531005859375
-1057.1322021484375 -215.2552947998047
-1055.1749267578125 -217.24850463867188
-1053.1763916015625 -215.26675415039062
-1051.254150390625 -217.2649688720703
-1049.2626953125 -219.2633819580078
-1047.262939453125 -221.25518798828125
-1049.2252197265625 -223.19915771484375
-1047.2259521484375 -221.27044677734375
-1049.15966796875 -223.1659698486328
-1047.1602783203125 -221.16680908203125
-1048.52880859375 -222.9342041015625
-1050.3507080078125 -224.64585876464844
-1048.351318359375 -222.65570068359375
-1050.3431396484375 -224.35601806640625
-1048.3458251953125 -222.5872802734375
-1050.2630615234375 -224.38827514648438
-1048.2646484375 -222.43365478515625
-1050.24560546875 -223.92843627929688
-1048.26416015625 -221.95208740234375
-1050.1217041015625 -223.55496215820312
-1048.1220703125 -221.5634765625
-1049.932861328125 -222.4593963623047
-1047.9512939453125 -220.48086547851562
-1048.04638671875 -222.1287078857422
-1050.0162353515625 -221.07723999023438
-1048.0234375 -219.0955352783203
-1046.02783203125 -221.09481811523438
-1046.09228515625 -222.6783447265625
-1047.636474609375 -224.67149353027344
-1048.750244140625 -224.92494201660156
-1050.5570068359375 -223.8527374267578
-1048.5596923828125 -222.03285217285156
-1050.163330078125 -223.35633850097656
-1048.18701171875 -221.35888671875
-1050.1434326171875 -222.68612670898438
-1048.1441650390625 -220.6866912841797
-1049.7391357421875 -221.5487518310547
-1047.7396240234375 -219.56944274902344
-1049.40771484375 -218.49647521972656
-1047.4404296875 -220.49342346191406
-1048.1044921875 -222.26170349121094
-1049.766845703125 -224.14979553222656
-1047.7672119140625 -222.779541015625
-1049.723876953125 -224.7379150390625
-1047.7242431640625 -222.8221435546875
-1049.530029296875 -224.7950897216797
-1047.5328369140625 -223.03512573242188
-1049.4688720703125 -224.88169860839844
-1047.4703369140625 -222.94224548339844
-1049.305908203125 -224.78070068359375
-1047.3062744140625 -222.78231811523438
-1049.187255859375 -224.77407836914062
-1047.1876220703125 -222.8687286376953
-1049.009765625 -224.85958862304688
-1047.582275390625 -225.20948791503906
-1049.010986328125 -224.55178833007812
-1047.011474609375 -222.66290283203125
-1048.660888671875 -223.76821899414062
-1050.6341552734375 -225.62539672851562
-1048.6416015625 -223.6331787109375
-1050.598876953125 -225.53070068359375
-1048.6007080078125 -223.6004638671875
-1050.442138671875 -222.2171173095703
-1048.442626953125 -220.55007934570312
-1050.390380859375 -218.83657836914062
-1048.3922119140625 -216.89956665039062
-1046.4332275390625 -218.89695739746094
-1046.825439453125 -217.94708251953125
-1044.8372802734375 -219.943603515625
-1045.58984375 -219.0138397216797
-1043.7493896484375 -217.0420684814453
-1041.7496337890625 -219.031494140625
-1040.2490234375 -217.66209411621094
-1038.2716064453125 -215.7772674560547
-1036.2723388671875 -216.71310424804688
-1034.38037109375 -214.8573455810547
-1032.4385986328125 -216.84698486328125
-1030.4417724609375 -214.84823608398438
-1028.4979248046875 -216.8270263671875
-1026.5140380859375 -214.83164978027344
-1024.5277099609375 -216.82638549804688
-1022.8673095703125 -214.94363403320312
-1020.869873046875 -216.9305877685547
-1019.2473754882812 -215.24014282226562
-1017.254638671875 -213.3055877685547
-1015.2562255859375 -213.45343017578125
-1013.2581176757812 -212.07525634765625
-1011.25927734375 -211.94546508789062
-1010.993896484375 -213.94024658203125
-1009.0604858398438 -211.9551544189453
-1007.4348754882812 -213.94041442871094
-1005.4857788085938 -215.9367218017578
-1003.490478515625 -213.97317504882812
-1001.5214233398438 -215.89108276367188
-999.5517578125 -213.9213104248047
-997.5587158203125 -215.90481567382812
-996.0182495117188 -214.02879333496094
-994.0447998046875 -216.01901245117188
-992.2632446289062 -214.02772521972656
-990.2655029296875 -215.32095336914062
-988.7741088867188 -217.30311584472656
-987.4756469726562 -215.49073791503906
-986.9508666992188 -217.45565795898438
-984.9906616210938 -215.4577178955078
-983.11572265625 -217.36595153808594
-981.2011108398438 -215.456787109375
-980.4317016601562 -217.29159545898438
-978.968017578125 -215.3133087158203
-977.153564453125 -215.6044158935547
-975.1541748046875 -217.2522430419922
-973.6133422851562 -215.28138732910156
-971.7056884765625 -216.2138671875
-970.1528930664062 -214.21568298339844
-968.1570434570312 -212.6199951171875
-966.157958984375 -210.6709442138672
-964.1922607421875 -208.75059509277344
-962.2579956054688 -206.7684326171875
-960.260498046875 -204.792724609375
-958.2691040039062 -202.934814453125
-956.2703247070312 -200.93772888183594
-954.2713012695312 -198.94029235839844
-952.37353515625 -196.944580078125
-950.3795776367188 -194.9450225830078
-948.385986328125 -192.94631958007812
-946.3907470703125 -190.9467010498047
-948.383544921875 -188.96536254882812
-946.3867797851562 -186.9661102294922
-948.3865966796875 -185.2867431640625
-946.3869018554688 -183.29376220703125
-948.3507690429688 -181.2941436767578
-946.3513793945312 -179.29714965820312
-948.3511962890625 -177.48699951171875
-946.353759765625 -175.48768615722656
-948.32568359375 -173.5026397705078
-946.3346557617188 -171.506591796875
-948.3331298828125 -169.65455627441406
-946.4086303710938 -167.65850830078125
-948.3785400390625 -165.669677734375
-946.3880615234375 -163.66981506347656
-948.3871459960938 -161.76148986816406
-946.4097900390625 -159.76162719726562
-948.409423828125 -157.8166046142578
-946.4116821289062 -155.81809997558594
-948.4097290039062 -153.8189697265625
-946.4161376953125 -151.81919860839844
-948.4141235351562 -149.8291473388672
-946.4254150390625 -147.82981872558594
-948.4251098632812 -145.84756469726562
-946.5787963867188 -143.86920166015625
-944.5803833007812 -141.86936950683594
-946.5768432617188 -140.13632202148438
-944.5787963867188 -138.13739013671875
-946.5634765625 -136.15293884277344
-944.5635375976562 -134.1529541015625
-946.56201171875 -132.33352661132812
-944.5680541992188 -130.3339385986328
-946.5660400390625 -128.4110565185547
-944.568115234375 -126.41108703613281
-946.5670166015625 -124.46117401123047
-944.5752563476562 -122.46310424804688
-946.5739135742188 -120.51070404052734
-944.6416015625 -118.51276397705078
-946.6411743164062 -116.6524429321289
-944.6452026367188 -114.6526107788086
-946.6390380859375 -113.8353271484375
-944.6406860351562 -111.83536529541016
-946.615966796875 -109.96671295166016
-944.63916015625 -107.96675872802734
-946.636962890625 -107.59837341308594
-944.6611328125 -105.5985107421875
-946.65234375 -103.64783477783203
-944.6784057617188 -101.6478500366211
-946.6775512695312 -101.56375885009766
-944.6803588867188 -99.56380462646484
-946.679443359375 -97.99516296386719
-948.6790161132812 -96.3380355834961
-946.702392578125 -94.34099578857422
-948.6925659179688 -92.39667510986328
-946.69580078125 -90.3968505859375
-948.6629638671875 -89.07255554199219
-946.7208862304688 -87.07257843017578
-948.7198486328125 -85.14388275146484
-946.7216796875 -83.14397430419922
-948.721435546875 -81.22373962402344
-946.7267456054688 -79.2242431640625
-948.6968383789062 -77.24009704589844
-946.698486328125 -75.2655258178711
-948.6774291992188 -74.64373779296875
-946.7425537109375 -72.64643096923828
-948.71728515625 -70.80497741699219
-946.7256469726562 -68.81437683105469
