-1075.94384765625 -216.2435760498047
-1073.9444580078125 -218.23382568359375
-1072.39453125 -216.24639892578125
-1071.00439453125 -214.3111114501953
-1069.0045166015625 -216.29542541503906
-1067.23095703125 -214.30702209472656
-1065.23095703125 -216.2125244140625
-1063.3118896484375 -214.21450805664062
-1061.3138427734375 -216.04165649414062
-1059.6627197265625 -214.08287048339844
-1057.6708984375 -216.06289672851562
-1055.7052001953125 -214.13575744628906
-1053.720458984375 -216.1354522705078
-1051.720458984375 -218.03952026367188
-1049.7318115234375 -216.0641326904297
-1047.732666015625 -218.0633544921875
-1045.7333984375 -220.00868225097656
-1047.4425048828125 -218.01063537597656
-1045.4444580078125 -220.00384521484375
-1047.1461181640625 -218.04837036132812
-1045.1468505859375 -220.03335571289062
-1044.47021484375 -218.0602264404297
-1045.599853515625 -216.0692138671875
-1043.5999755859375 -217.97694396972656
-1042.140380859375 -215.97836303710938
-1040.1405029296875 -217.8260498046875
-1038.39208984375 -215.8272247314453
-1036.392822265625 -217.7324981689453
-1036.1961669921875 -215.73622131347656
-1034.5006103515625 -213.7379913330078
-1032.5009765625 -215.7344512939453
-1030.5064697265625 -213.73829650878906
-1028.5064697265625 -215.71420288085938
-1026.807373046875 -213.71507263183594
-1024.8074951171875 -215.6925506591797
-1023.2607421875 -213.69302368164062
-1021.2685546875 -215.47300720214844
-1019.4360961914062 -213.4732208251953
-1017.4362182617188 -215.2100372314453
-1015.7296142578125 -213.21014404296875
-1013.7296752929688 -214.30288696289062
-1012.1937255859375 -212.30386352539062
-1010.9739379882812 -214.2435760498047
-1008.9853515625 -212.24415588378906
-1006.989013671875 -214.1941680908203
-1004.9891357421875 -216.18875122070312
-1003.098876953125 -214.19068908691406
-1001.1075439453125 -216.1200714111328
-999.1278686523438 -214.12081909179688
-997.1304321289062 -215.9252166748047
-995.3855590820312 -213.92584228515625
-993.3869018554688 -215.74623107910156
-991.4087524414062 -213.74627685546875
-989.4317626953125 -215.66505432128906
-987.4329223632812 -217.61875915527344
-985.4703369140625 -215.6192169189453
-983.4722900390625 -217.58631896972656
-981.51171875 -215.58636474609375
-979.5148315429688 -217.57884216308594
-978.8486328125 -215.57981872558594
-976.8495483398438 -217.4649200439453
-974.89404296875 -215.46493530273438
-972.9129638671875 -217.43368530273438
-970.967529296875 -215.43368530273438
-969.01708984375 -216.1114044189453
-968.7706298828125 -214.1114044189453
-966.771240234375 -214.82498168945312
-964.771240234375 -213.20050048828125
-962.77490234375 -211.8910369873047
-960.7752075195312 -213.39930725097656
-958.7767944335938 -214.86839294433594
-956.7949829101562 -214.96487426757812
-954.7959594726562 -213.83074951171875
-952.806884765625 -214.01400756835938
-950.955810546875 -212.44271850585938
-949.1080932617188 -210.5086669921875
-951.1077880859375 -208.50881958007812
-949.1111450195312 -206.5125732421875
-947.1139526367188 -204.51893615722656
-949.110595703125 -202.51910400390625
-947.111328125 -200.51922607421875
-949.1085815429688 -198.5192413330078
-947.2059326171875 -196.519287109375
-949.2039794921875 -194.51931762695312
-947.4691162109375 -192.519775390625
-945.6090698242188 -190.51998901367188
-947.6068725585938 -188.51998901367188
-945.9210205078125 -186.51998901367188
-947.9209594726562 -184.52000427246094
-946.9878540039062 -182.5200653076172
-945.8353881835938 -180.52017211914062
-947.8353881835938 -178.5201873779297
-945.8601684570312 -176.5202178955078
-947.858642578125 -174.5202178955078
-948.2511596679688 -172.52035522460938
-946.28515625 -170.5203857421875
-948.2843627929688 -168.5203857421875
-946.8572998046875 -166.5203857421875
-946.1207885742188 -164.52047729492188
-948.1207275390625 -162.52047729492188
-947.725341796875 -160.52047729492188
-945.8352661132812 -158.52047729492188
-947.8348999023438 -156.52047729492188
-947.0845336914062 -154.5205078125
-945.09716796875 -152.52052307128906
-947.096923828125 -150.52052307128906
-945.5167236328125 -148.52053833007812
-947.5165405273438 -146.52053833007812
-945.7059326171875 -144.52064514160156
-947.7058715820312 -142.52064514160156
-945.7183227539062 -140.52064514160156
-947.7183227539062 -138.52064514160156
-946.5903930664062 -136.52064514160156
-946.6829223632812 -134.52064514160156
-944.9428100585938 -132.52064514160156
-946.9427490234375 -130.52064514160156
-946.8106079101562 -128.52064514160156
-945.7314453125 -126.5206527709961
-947.7312622070312 -124.5206527709961
-946.057373046875 -122.5206527709961
-944.4762573242188 -120.5206527709961
-946.4755859375 -118.5206527709961
-944.5752563476562 -116.5206527709961
-946.57470703125 -114.5206527709961
-944.6568603515625 -112.5206527709961
-946.6541748046875 -110.5206527709961
-944.823974609375 -108.5206527709961
-946.8238525390625 -106.5206527709961
-944.9535522460938 -104.5206527709961
-946.9514770507812 -102.5206527709961
-947.1947021484375 -100.5206527709961
-945.2512817382812 -98.5206527709961
-947.2508544921875 -96.5206527709961
-947.4971923828125 -94.5206527709961
-946.4059448242188 -92.5206527709961
-948.4046020507812 -90.5206527709961
-946.8466186523438 -88.5206527709961
-944.8554077148438 -86.5206527709961
-946.8554077148438 -84.5206527709961
-944.9461059570312 -82.5206527709961
-946.9451904296875 -80.5206527709961
-945.73681640625 -78.5206527709961
-947.7367553710938 -76.5206527709961
-945.7665405273438 -74.5206527709961
-947.7661743164062 -72.5206527709961
-945.7899169921875 -70.5206527709961
-947.78955078125 -68.5206527709961
