-957.662841796875 -132.59132385253906
-955.6629638671875 -134.5896759033203
-953.6631469726562 -136.58934020996094
-951.6649780273438 -138.58575439453125
-949.6651611328125 -140.5772247314453
-947.6652221679688 -142.5699462890625
-945.6654052734375 -144.5668182373047
-947.6624755859375 -146.27381896972656
-945.6633911132812 -148.27316284179688
-947.6314697265625 -150.2687225341797
-945.6371459960938 -152.26675415039062
-947.6317138671875 -154.26333618164062
-945.6334228515625 -156.25262451171875
-947.6177368164062 -158.24746704101562
-945.6239624023438 -160.2454833984375
-947.5800170898438 -162.21951293945312
-945.5835571289062 -164.20950317382812
-947.5670166015625 -166.2041778564453
-945.5684814453125 -168.20394897460938
-947.5313110351562 -170.1314697265625
-945.7227783203125 -172.13002014160156
-947.387939453125 -174.10777282714844
-945.388427734375 -176.0966033935547
-946.78759765625 -177.92771911621094
-944.7891845703125 -179.9237823486328
-946.7816162109375 -181.92027282714844
-944.7908935546875 -183.9196014404297
-946.4864501953125 -185.83872985839844
-948.4825439453125 -187.8003692626953
-946.5072631835938 -189.79698181152344
-948.23828125 -191.7469940185547
-946.241943359375 -193.73855590820312
-948.145263671875 -195.72308349609375
-946.1575317382812 -197.7196044921875
-947.7346801757812 -199.71438598632812
-949.5552368164062 -201.70938110351562
-947.5609741210938 -203.7036895751953
-948.4447631835938 -205.70071411132812
-949.9675903320312 -207.697509765625
-947.9681396484375 -209.69677734375
-949.8718872070312 -211.6868896484375
-947.9595336914062 -213.67898559570312
-949.8473510742188 -215.630615234375
-947.8473510742188 -217.47547912597656
-949.6927490234375 -219.4334259033203
-947.6927490234375 -221.40785217285156
-949.69189453125 -223.36431884765625
-947.6931762695312 -225.3572540283203
-945.7381591796875 -227.34942626953125
-947.7236938476562 -229.3490753173828
-945.7254638671875 -231.30014038085938
-947.6309204101562 -233.13499450683594
-945.6334838867188 -235.1287841796875
-947.1322021484375 -237.11155700683594
-948.6588134765625 -238.86676025390625
-946.6690673828125 -240.74435424804688
-948.433837890625 -242.36752319335938
-946.468505859375 -244.29190063476562
-948.1511840820312 -246.26869201660156
-946.1549682617188 -248.26174926757812
-947.789794921875 -250.2522430419922
-945.8189086914062 -252.22689819335938
-947.794189453125 -254.223388671875
-945.8209228515625 -256.02130126953125
-946.2064208984375 -257.98004150390625
-947.9861450195312 -259.88446044921875
-945.9866333007812 -261.8833312988281
-944.5942993164062 -263.8594055175781
-946.28662109375 -265.8462829589844
-947.86962890625 -267.8326721191406
-945.8704833984375 -269.800537109375
-946.9124145507812 -271.77215576171875
-948.77099609375 -273.7684326171875
-946.7732543945312 -275.74774169921875
-948.5660400390625 -277.61663818359375
-946.56982421875 -279.5005187988281
-947.7033081054688 -281.4820556640625
-945.7288818359375 -283.40069580078125
-946.9752807617188 -285.39617919921875
-947.8787231445312 -287.3939208984375
-945.883544921875 -289.0042419433594
-945.0111083984375 -290.962890625
-945.8745727539062 -292.9357604980469
-946.299560546875 -294.7618713378906
-948.0701904296875 -296.7559814453125
-946.072021484375 -298.50946044921875
-946.52880859375 -300.38641357421875
-948.4317016601562 -302.37017822265625
-946.4318237304688 -303.7893371582031
-945.2138061523438 -305.757080078125
-943.7847290039062 -307.7428894042969
-945.1151123046875 -309.7425231933594
-943.4033813476562 -311.7362365722656
-944.97802734375 -313.7337341308594
-946.54833984375 -315.6827697753906
-944.5667724609375 -317.2679748535156
-942.6714477539062 -319.18768310546875
-941.383056640625 -321.1670227050781
-939.4805297851562 -323.1551513671875
-938.60009765625 -324.85089111328125
-937.2388305664062 -326.73553466796875
-938.3807373046875 -328.7299499511719
-937.796875 -330.7088623046875
-939.4518432617188 -332.6300354003906
-940.7945556640625 -334.4750061035156
-942.3065795898438 -336.4665832519531
-941.5435180664062 -338.27081298828125
-940.023681640625 -340.1670227050781
-938.2201538085938 -341.9994201660156
-936.3677368164062 -343.9857482910156
-936.0526733398438 -345.88671875
-934.8327026367188 -347.5053405761719
-936.5072021484375 -349.45989990234375
-935.3606567382812 -350.90069580078125
-936.6473999023438 -352.7901611328125
-934.9234619140625 -354.5682678222656
-932.9873046875 -354.574951171875
-932.2095947265625 -356.4266052246094
-932.5075073242188 -358.2210693359375
-931.1463623046875 -360.0067443847656
-932.501953125 -361.9192810058594
-931.2115478515625 -363.1253967285156
-933.1609497070312 -364.6940612792969
-931.9691162109375 -366.32501220703125
-930.193359375 -367.0090026855469
-928.3065185546875 -368.9914855957031
-930.2998657226562 -370.9909362792969
-931.651611328125 -372.98974609375
-930.5177612304688 -374.2481384277344
-929.2332763671875 -375.66015625
-928.026123046875 -377.6222229003906
-929.0217895507812 -379.1839294433594
-929.1880493164062 -380.3583679199219
-928.9278564453125 -382.067626953125
-927.5133056640625 -383.8800964355469
-929.0731811523438 -385.8473815917969
-928.8265380859375 -387.8250732421875
-930.5664672851562 -389.79742431640625
-931.4546508789062 -391.7639465332031
-932.2293090820312 -393.7607116699219
-931.4744262695312 -395.7604675292969
-931.3915405273438 -397.75885009765625
-929.4122924804688 -395.79290771484375
-928.264892578125 -397.79266357421875
-926.3121337890625 -395.8052673339844
-927.9115600585938 -397.8050537109375
-926.0374145507812 -395.9085693359375
-924.0842895507812 -397.9083557128906
-922.093994140625 -395.9125061035156
-920.1532592773438 -397.9117431640625
-918.1712646484375 -395.91253662109375
-917.1602783203125 -397.9123840332031
-915.163330078125 -395.9132995605469
-913.9652709960938 -397.9132080078125
-911.9967651367188 -395.91357421875
-911.3657836914062 -397.9124755859375
-909.3663940429688 -395.92620849609375
-907.4020385742188 -397.9256591796875
-905.4242553710938 -395.9359130859375
-903.5914306640625 -397.9358825683594
-901.6290893554688 -395.94781494140625
-899.7453002929688 -397.9472961425781
-897.7501220703125 -396.0550537109375
-895.8167114257812 -394.0579833984375
-896.7171020507812 -396.0574645996094
-894.721923828125 -394.0714111328125
-892.7357177734375 -396.0713806152344
-890.7387084960938 -394.13079833984375
-888.8292236328125 -396.12847900390625
-886.8619995117188 -394.2459716796875
-884.8720092773438 -392.37420654296875
-882.9820556640625 -394.3741760253906
-880.9931030273438 -392.4029846191406
-879.6687622070312 -394.4029235839844
-878.0350341796875 -396.40283203125
-876.0367431640625 -394.5098876953125
-874.0628662109375 -396.50848388671875
-872.0673828125 -398.50836181640625
-870.3430786132812 -396.5462951660156
-868.40673828125 -398.54620361328125
-866.451171875 -396.81170654296875
-864.4755859375 -394.8509216308594
-862.642578125 -396.8507080078125
-860.6514282226562 -396.2555847167969
-858.6607666015625 -398.2555236816406
-856.6685180664062 -396.4606018066406
-854.8251953125 -394.48486328125
-852.8583374023438 -396.48486328125
-850.9404907226562 -395.43310546875
-848.9874877929688 -397.4321594238281
-847.0928344726562 -395.89495849609375
-845.1116333007812 -397.89459228515625
-844.0150146484375 -396.94097900390625
-842.0831298828125 -395.0477600097656
-840.2376708984375 -397.0473937988281
-838.5953979492188 -395.16168212890625
-836.7810668945312 -397.16162109375
-834.8125 -399.1612243652344
-834.8883666992188 -398.0535888671875
-835.7559204101562 -397.042724609375
-833.7686157226562 -399.0419006347656
-831.869873046875 -397.1561584472656
-829.9653930664062 -395.77166748046875
-827.9705810546875 -397.77105712890625
-826.8566284179688 -396.7962646484375
-825.4349365234375 -397.3241882324219
-824.0872802734375 -397.1340026855469
-823.3759155273438 -395.6711120605469
