-959.5640258789062 -132.5137481689453
-959.420166015625 -134.12484741210938
-958.0623168945312 -135.7157440185547
-958.14013671875 -137.6318817138672
-956.29296875 -139.61817932128906
-957.8064575195312 -141.50437927246094
-956.1453247070312 -143.1349334716797
-957.6790161132812 -144.99282836914062
-957.6187744140625 -145.57518005371094
-955.6585693359375 -147.0982208251953
-953.7152099609375 -148.32296752929688
-954.89794921875 -150.29335021972656
-954.4183349609375 -152.26388549804688
-955.269287109375 -153.3946533203125
-953.7468872070312 -155.33790588378906
-952.4942016601562 -157.1446990966797
-950.5171508789062 -158.38291931152344
-949.8795776367188 -160.3031005859375
-947.9349365234375 -162.20596313476562
-946.0050048828125 -163.9429473876953
-948.0045776367188 -165.94113159179688
-949.9578247070312 -167.13412475585938
-948.8991088867188 -169.0529327392578
-948.781494140625 -170.82241821289062
-947.9428100585938 -171.523681640625
-946.2880249023438 -172.76100158691406
-948.286865234375 -174.66751098632812
-947.0892333984375 -176.5194854736328
-947.3374633789062 -177.57081604003906
-946.09619140625 -179.1757049560547
-948.0953979492188 -181.13330078125
-946.2112426757812 -181.9578399658203
-948.207275390625 -183.8904266357422
-946.4730224609375 -185.6509552001953
-948.4610595703125 -187.64071655273438
-949.3012084960938 -189.5946807861328
-947.345458984375 -191.4256591796875
-945.9404907226562 -192.98341369628906
-946.190673828125 -194.89427185058594
-948.111328125 -196.87911987304688
-946.1439819335938 -197.98936462402344
-947.29052734375 -199.97518920898438
-947.6197509765625 -201.9686737060547
-949.4131469726562 -203.68727111816406
-947.578369140625 -205.569580078125
-949.2789306640625 -207.55361938476562
-947.90478515625 -209.47581481933594
-949.901123046875 -211.4454345703125
-947.9400024414062 -212.3977508544922
-949.9300537109375 -214.3876495361328
-948.0079345703125 -215.71534729003906
-949.9011840820312 -217.69773864746094
-947.9297485351562 -218.0158233642578
-949.9283447265625 -219.97019958496094
-948.0919189453125 -218.69390869140625
-950.0751342773438 -220.6530303955078
-948.1286010742188 -222.63975524902344
-946.4097290039062 -221.58709716796875
-946.6979370117188 -223.54144287109375
-948.5662231445312 -225.53759765625
-946.641845703125 -226.5554656982422
-948.4711303710938 -228.55137634277344
-947.6964721679688 -229.78182983398438
-945.7317504882812 -230.38885498046875
-945.9060668945312 -232.37510681152344
-947.884765625 -234.24301147460938
-946.8468627929688 -235.87400817871094
-947.1570434570312 -237.70111083984375
-947.7430419921875 -239.695068359375
-946.1362915039062 -241.39007568359375
-948.1333618164062 -243.2900390625
-946.4508666992188 -243.05224609375
-946.860107421875 -245.03399658203125
-948.1781616210938 -246.77743530273438
-947.4067993164062 -246.9837188720703
-946.9882202148438 -247.6068572998047
-948.0823364257812 -249.38247680664062
-946.1541748046875 -251.0331268310547
-948.1383666992188 -253.0071258544922
-946.6732788085938 -252.15966796875
-948.6622314453125 -253.90597534179688
-946.708984375 -253.73472595214844
-946.7247314453125 -255.7095947265625
-946.96923828125 -257.12066650390625
-948.939208984375 -259.05615234375
-948.685791015625 -259.74908447265625
-947.8197631835938 -261.53765869140625
-945.826904296875 -260.12445068359375
-947.7605590820312 -262.09783935546875
-945.766357421875 -260.6307373046875
-946.6278686523438 -262.1351623535156
-945.0585327148438 -263.979248046875
-946.7216796875 -265.9107971191406
-946.8795166015625 -267.6182556152344
-948.6310424804688 -269.43133544921875
-947.3518676757812 -269.9205017089844
-948.2147216796875 -271.68426513671875
-947.1995849609375 -272.2240295410156
-945.3033447265625 -270.71966552734375
-946.2332153320312 -272.7036437988281
-948.1023559570312 -274.5642395019531
-946.2717895507812 -274.5370178222656
-948.2266235351562 -276.4376220703125
-947.3209228515625 -275.7373962402344
-945.4044799804688 -276.98260498046875
-947.0111694335938 -278.7825927734375
-947.1416015625 -280.7698974609375
-946.3636474609375 -281.2220458984375
-945.651611328125 -283.1300048828125
-945.3213500976562 -285.0832824707031
-945.0099487304688 -286.58349609375
-945.1792602539062 -288.56884765625
-943.5740356445312 -289.3392333984375
-943.695068359375 -291.2121276855469
-942.5471801757812 -292.7488098144531
-940.979248046875 -294.617431640625
-939.3840942382812 -296.1174621582031
-941.2824096679688 -298.0467529296875
-941.171142578125 -300.04150390625
-942.3821411132812 -301.9918212890625
-940.5349731445312 -303.71142578125
-942.2866821289062 -305.6300354003906
-944.0105590820312 -307.593994140625
-943.182861328125 -309.326904296875
-945.05029296875 -311.2874755859375
-943.374755859375 -313.279052734375
-941.3948974609375 -314.96160888671875
-939.5067138671875 -316.5122985839844
-937.6939086914062 -317.30780029296875
-937.8460083007812 -318.9016418457031
-937.0715942382812 -320.38916015625
-937.4033203125 -321.6298828125
-937.6635131835938 -322.8775329589844
-938.48291015625 -324.5984191894531
-940.364501953125 -326.551025390625
-942.2701416015625 -328.5329895019531
-941.4661254882812 -330.256103515625
-940.4390258789062 -331.9599609375
-940.6456909179688 -333.9556579589844
-941.5177612304688 -335.9198303222656
-942.4453125 -337.91729736328125
-940.4851684570312 -339.9057312011719
-942.2655639648438 -341.8798522949219
-941.7587890625 -343.6549987792969
-943.0181274414062 -345.5891418457031
-943.009033203125 -346.59716796875
-942.3221435546875 -348.562255859375
-940.947509765625 -350.484375
-939.4194946289062 -352.482177734375
-937.9344482421875 -354.45843505859375
-937.4390258789062 -356.4411926269531
-936.58837890625 -358.3783264160156
-937.0060424804688 -360.37396240234375
-935.293701171875 -362.3704833984375
-937.1586303710938 -364.33087158203125
-935.7759399414062 -366.0616455078125
-936.2583618164062 -368.0591125488281
-937.9765014648438 -370.05126953125
-938.1700439453125 -372.0493469238281
-939.9224853515625 -374.04913330078125
-941.7899169921875 -375.9494323730469
-939.80419921875 -374.98406982421875
-938.0037841796875 -376.95220947265625
-936.8094482421875 -376.3465270996094
-935.1088256835938 -378.3280334472656
-933.1805419921875 -380.1025390625
-931.8392944335938 -382.0312194824219
-933.4927978515625 -384.0186462402344
-933.9521484375 -386.01556396484375
-935.1757202148438 -388.01263427734375
-936.47998046875 -389.9680480957031
-937.3245849609375 -391.9634704589844
-938.9293212890625 -393.956787109375
-939.4646606445312 -395.9566955566406
-938.4198608398438 -397.9565734863281
-936.4411010742188 -399.1017761230469
-934.6668701171875 -397.2107238769531
-933.4324951171875 -399.2107238769531
-931.552978515625 -397.98590087890625
-929.5541381835938 -396.704833984375
-927.690673828125 -398.704833984375
-928.520263671875 -397.28558349609375
-926.5224609375 -395.4859313964844
-925.4228515625 -397.4858703613281
-923.4962158203125 -395.7698059082031
-921.8265380859375 -397.769775390625
-919.828369140625 -395.8973388671875
-919.6991577148438 -397.8973083496094
-917.699462890625 -395.9034118652344
-915.7107543945312 -397.9033203125
-913.7108764648438 -395.9583740234375
-911.852294921875 -397.95831298828125
-909.8527221679688 -395.9902648925781
-907.8609008789062 -397.98974609375
-905.86376953125 -396.2984924316406
-904.3184814453125 -398.29840087890625
-902.3191528320312 -396.3179016113281
-900.322265625 -394.4228210449219
-898.4869995117188 -396.4225769042969
-896.5655517578125 -394.4482116699219
-894.8504028320312 -396.4480895996094
-892.9635009765625 -394.6642150878906
-890.968994140625 -396.6641845703125
-888.9718017578125 -394.7467346191406
-886.9754028320312 -392.9651794433594
-884.9755249023438 -394.9576110839844
-882.9755859375 -393.43060302734375
-880.984130859375 -395.4305725097656
-878.9848022460938 -393.4813232421875
-877.3576049804688 -395.4812927246094
-875.3584594726562 -393.8512268066406
-873.3585815429688 -395.85089111328125
-871.3634033203125 -397.8508605957031
-869.3634643554688 -395.880126953125
-867.3692626953125 -397.8797607421875
-865.3700561523438 -395.9537353515625
-863.3712158203125 -397.9532470703125
-861.3717041015625 -395.9979553222656
-859.3720703125 -397.9969177246094
-857.3721313476562 -396.7462463378906
-855.374267578125 -394.7473449707031
-853.37890625 -396.7422790527344
-851.3795776367188 -394.7566223144531
-849.7756958007812 -396.7566223144531
-847.77685546875 -395.247314453125
-845.8461303710938 -397.2467346191406
-843.8556518554688 -395.3199157714844
-841.9066162109375 -397.31964111328125
-839.9097900390625 -396.21270751953125
-838.3904418945312 -398.21087646484375
-836.391845703125 -396.5888671875
-834.4093627929688 -398.5888366699219
-832.6746826171875 -396.7326965332031
-830.7685546875 -394.76129150390625
-828.81396484375 -396.7612609863281
-827.2982788085938 -394.9348449707031
-825.3186645507812 -396.9173583984375
-825.4679565429688 -395.0301208496094
-824.1539306640625 -393.1202087402344
