-957.66943359375 -132.59303283691406
-955.6939697265625 -134.593017578125
-953.6943359375 -136.593017578125
-951.7088012695312 -138.593017578125
-949.7091674804688 -140.593017578125
-947.7092895507812 -142.59300231933594
-945.7137451171875 -144.5929412841797
-947.5413818359375 -146.5929412841797
-945.5509033203125 -148.5929412841797
-947.31591796875 -150.5929412841797
-945.3170776367188 -152.5928955078125
-947.3073120117188 -154.5928955078125
-945.3240966796875 -156.59288024902344
-946.60888671875 -158.59288024902344
-944.6096801757812 -160.59288024902344
-946.2570190429688 -162.59288024902344
-947.53076171875 -164.59288024902344
-945.5540771484375 -166.59286499023438
-947.5491943359375 -168.59286499023438
-945.5498657226562 -170.59286499023438
-947.1278686523438 -172.59286499023438
-945.12841796875 -174.5928497314453
-946.9552001953125 -176.5928497314453
-945.010498046875 -178.5926971435547
-946.8606567382812 -180.5926971435547
-944.8615112304688 -182.59249877929688
-946.8024291992188 -184.59249877929688
-948.6165771484375 -186.59249877929688
-946.6366577148438 -188.59230041503906
-948.5203857421875 -190.59230041503906
-946.5209350585938 -192.59226989746094
-948.2479248046875 -194.59225463867188
-946.2490844726562 -196.59219360351562
-948.173583984375 -198.59217834472656
-946.176025390625 -200.59205627441406
-948.0050048828125 -202.59205627441406
-949.2192993164062 -204.5919647216797
-947.2219848632812 -206.59178161621094
-949.074951171875 -208.59176635742188
-948.8764038085938 -210.59173583984375
-950.8463745117188 -212.59170532226562
-948.8488159179688 -214.5915985107422
-950.3026733398438 -216.59158325195312
-948.313232421875 -218.58740234375
-949.79150390625 -220.58737182617188
-947.7915649414062 -222.5825958251953
-949.2247314453125 -224.58258056640625
-947.2251586914062 -226.58168029785156
-945.2301635742188 -228.57582092285156
-946.6882934570312 -230.5758056640625
-944.689453125 -232.57492065429688
-945.9710693359375 -234.57489013671875
-947.1869506835938 -236.56768798828125
-946.848388671875 -238.56655883789062
-945.5755004882812 -240.5658721923828
-945.647216796875 -242.56576538085938
-947.4569091796875 -244.5599365234375
-945.4570922851562 -246.55795288085938
-945.600341796875 -248.55604553222656
-943.8718872070312 -250.54795837402344
-945.7741088867188 -252.5479278564453
-947.4159545898438 -254.54763793945312
-945.4168701171875 -256.4815368652344
-943.947265625 -258.4807434082031
-942.0011596679688 -260.466552734375
-940.8677978515625 -262.4598083496094
-941.7886962890625 -264.4487609863281
-943.62939453125 -266.4464111328125
-943.6207275390625 -268.4434814453125
-942.8339233398438 -270.39306640625
-940.8987426757812 -272.39251708984375
-939.1439208984375 -274.3883361816406
-937.9013061523438 -276.387939453125
-938.059326171875 -278.3838806152344
-936.88037109375 -280.37603759765625
-938.6207275390625 -282.3754577636719
-940.136474609375 -284.37432861328125
-941.5362548828125 -286.36798095703125
-939.6790161132812 -288.3674011230469
-939.9641723632812 -290.357421875
-938.0133666992188 -292.3380432128906
-939.8445434570312 -294.335205078125
-938.080322265625 -296.3251953125
-939.3055419921875 -298.3249816894531
-941.1500854492188 -300.3249206542969
-939.1795654296875 -302.32342529296875
-938.5424194335938 -304.3178405761719
-940.1859130859375 -306.3169860839844
-940.3870849609375 -308.31689453125
-939.3729858398438 -310.315673828125
-937.5540771484375 -312.31561279296875
-937.2728881835938 -314.31561279296875
-936.1114501953125 -315.9956970214844
-935.8001708984375 -317.9864807128906
-937.2011108398438 -319.95391845703125
-936.539794921875 -321.9535827636719
-935.4602661132812 -323.9503173828125
-936.7404174804688 -325.9497985839844
-938.5746459960938 -327.9490661621094
-936.6387329101562 -329.94891357421875
-938.5308227539062 -331.9488220214844
-938.0924682617188 -333.94171142578125
-937.6663208007812 -335.9416809082031
-936.3416748046875 -337.9366760253906
-935.9315185546875 -339.92315673828125
-934.462890625 -341.9198303222656
-936.3561401367188 -343.9195556640625
-937.8345947265625 -345.9194030761719
-938.9403686523438 -347.91748046875
-937.0736694335938 -349.91650390625
-936.1834716796875 -351.9158020019531
-938.0701904296875 -353.90191650390625
-939.3085327148438 -355.8981018066406
-938.3244018554688 -357.8973693847656
-937.2813110351562 -359.65118408203125
-936.1271362304688 -361.6448059082031
-936.82421875 -363.6441345214844
-934.9050903320312 -365.6413269042969
-936.8138427734375 -367.6404113769531
-934.8936767578125 -369.63824462890625
-936.8666381835938 -371.6382141113281
-935.32080078125 -373.63818359375
-934.6340942382812 -375.62066650390625
-936.6098022460938 -377.62042236328125
-938.16552734375 -379.6002197265625
-936.1798095703125 -381.5676574707031
-935.342529296875 -383.539794921875
-935.0757446289062 -385.51953125
-934.5555419921875 -387.51055908203125
-935.670654296875 -389.5100402832031
-934.7860717773438 -391.510009765625
-936.6786499023438 -393.5099792480469
-936.2440795898438 -395.5099182128906
-936.9400024414062 -397.5099182128906
-934.9403076171875 -395.6187744140625
-934.6864013671875 -397.6187744140625
-932.6868286132812 -395.7235412597656
-932.4371948242188 -397.7235412597656
-930.931884765625 -395.7382507324219
-932.7916259765625 -397.7382507324219
-931.1399536132812 -396.128173828125
-931.8419799804688 -398.1281433105469
-930.0196533203125 -396.3475341796875
-929.4593505859375 -398.3474426269531
-927.8584594726562 -396.3768310546875
-926.61279296875 -398.37677001953125
-924.6971435546875 -396.3783264160156
-922.7074584960938 -398.3782958984375
-920.8692016601562 -396.4176330566406
-919.6774291992188 -398.4176330566406
-917.6830444335938 -396.42315673828125
-915.9514770507812 -398.42303466796875
-913.9539794921875 -396.4238586425781
-912.201416015625 -398.4238586425781
-910.2196044921875 -396.4381408691406
-908.6439208984375 -398.43780517578125
-906.6443481445312 -396.4393310546875
-904.6867065429688 -398.4393005371094
-902.6876220703125 -396.4405212402344
-900.6904907226562 -394.4415283203125
-902.15869140625 -396.4413757324219
-900.1682739257812 -394.4421691894531
-898.8419799804688 -396.4420471191406
-897.7069702148438 -394.44635009765625
-897.2659301757812 -396.4463195800781
-895.2857055664062 -394.44854736328125
-893.31591796875 -396.44842529296875
-891.3217163085938 -394.4523620605469
-889.340576171875 -396.4521179199219
-887.5667114257812 -394.4540100097656
-885.591552734375 -392.45526123046875
-883.6504516601562 -394.4547119140625
-881.6528930664062 -392.4547424316406
-883.6314697265625 -394.4547119140625
-881.631591796875 -392.4551696777344
-883.6172485351562 -394.4547119140625
-881.6203002929688 -392.45477294921875
-882.7471923828125 -394.4546203613281
-880.7509765625 -392.4639892578125
-879.0534057617188 -394.4639587402344
-877.1265258789062 -396.4638366699219
-875.1272583007812 -394.46478271484375
-873.36865234375 -396.4644470214844
-871.3863525390625 -398.4639892578125
-869.3907470703125 -396.4652404785156
-867.4638061523438 -398.46466064453125
-865.4639282226562 -396.4652099609375
-863.4967041015625 -398.46270751953125
-862.6491088867188 -396.4731140136719
-860.6729125976562 -398.4729919433594
-858.7035522460938 -396.4764709472656
-856.7327270507812 -394.47979736328125
-854.9259643554688 -396.4793395996094
-852.9265747070312 -394.4822998046875
-851.2745971679688 -396.4769287109375
-850.064208984375 -398.4769287109375
-848.0914916992188 -396.4777526855469
-846.0935668945312 -398.4766845703125
-844.0983276367188 -396.4776306152344
-842.1043701171875 -398.47711181640625
-840.1090087890625 -396.4787902832031
-838.9185180664062 -398.4786071777344
-836.959716796875 -396.4814147949219
-835.9893188476562 -398.47979736328125
-833.9925537109375 -396.4939880371094
-832.0140380859375 -398.493896484375
-830.0884399414062 -396.4949035644531
-828.09228515625 -394.5002136230469
-826.1388549804688 -396.5001525878906
-824.1915283203125 -394.5158386230469
