-957.68701171875 -132.593017578125
-955.6873168945312 -134.593017578125
-953.6963500976562 -136.593017578125
-951.771728515625 -138.59300231933594
-949.8881225585938 -140.59300231933594
-948.2818603515625 -142.59300231933594
-946.2921752929688 -144.59300231933594
-947.5963134765625 -146.59300231933594
-945.5973510742188 -148.59300231933594
-947.5869750976562 -150.59300231933594
-945.6016845703125 -152.59300231933594
-947.58740234375 -154.59300231933594
-945.5875244140625 -156.59298706054688
-946.140869140625 -158.59298706054688
-948.0606689453125 -160.59298706054688
-946.482177734375 -162.59298706054688
-948.4757690429688 -164.59298706054688
-946.4778442382812 -166.5929718017578
-948.4485473632812 -168.5929718017578
-946.466064453125 -170.59295654296875
-948.1343383789062 -172.59292602539062
-946.2144165039062 -174.59292602539062
-948.147705078125 -176.59292602539062
-946.154296875 -178.59291076660156
-948.0323486328125 -180.5928955078125
-946.0654296875 -182.59286499023438
-947.7382202148438 -184.59286499023438
-945.8457641601562 -186.59286499023438
-947.8409423828125 -188.5928497314453
-946.0051879882812 -190.5928497314453
-947.8717041015625 -192.5928497314453
-945.8870849609375 -194.5928497314453
-947.4895629882812 -196.59283447265625
-949.47021484375 -198.59283447265625
-947.7784423828125 -200.5927276611328
-949.2297973632812 -202.59271240234375
-947.3013305664062 -204.59271240234375
-949.1151733398438 -206.59271240234375
-947.2904663085938 -208.5926971435547
-949.0439453125 -210.5926971435547
-950.2086791992188 -212.59268188476562
-948.2796630859375 -214.59268188476562
-949.6671752929688 -216.59268188476562
-947.668701171875 -218.5926513671875
-949.1419067382812 -220.59263610839844
-947.1432495117188 -222.5924835205078
-948.9328002929688 -224.5924530029297
-946.9349975585938 -226.5903778076172
-944.9406127929688 -228.59036254882812
-946.2423095703125 -230.59034729003906
-948.1181030273438 -232.59033203125
-946.5880737304688 -234.59033203125
-947.5065307617188 -236.5900115966797
-945.5191650390625 -238.58970642089844
-947.23193359375 -240.5896759033203
-945.2320556640625 -242.5885772705078
-947.1914672851562 -244.58799743652344
-945.2192993164062 -246.58755493164062
-946.9678955078125 -248.58737182617188
-948.4059448242188 -250.58615112304688
-946.5371704101562 -252.58502197265625
-948.4752807617188 -254.5850067138672
-946.4776000976562 -256.5845031738281
-946.8865966796875 -258.5843811035156
-947.6450805664062 -260.5838317871094
-945.648681640625 -262.582763671875
-945.7955932617188 -264.5419921875
-945.543701171875 -266.5415954589844
-944.3191528320312 -268.54156494140625
-945.643310546875 -270.5413818359375
-947.1434326171875 -272.5401611328125
-945.1531982421875 -274.5336608886719
-946.59619140625 -276.5322570800781
-946.9129028320312 -278.52777099609375
-945.6563720703125 -280.5272521972656
-945.5835571289062 -282.5267028808594
-947.5374145507812 -284.5220642089844
-945.5384521484375 -286.4788818359375
-947.203857421875 -288.4471740722656
-945.9337768554688 -290.4349670410156
-946.7369384765625 -292.42999267578125
-946.7316284179688 -294.3888244628906
-948.6382446289062 -296.38812255859375
-946.638671875 -298.3416442871094
-947.8435668945312 -300.3411560058594
-949.7201538085938 -302.34051513671875
-947.7212524414062 -304.3013610839844
-949.5713500976562 -306.30120849609375
-947.5722045898438 -308.2393798828125
-949.2001953125 -310.2393493652344
-947.200439453125 -312.00689697265625
-947.9121704101562 -314.0044860839844
-946.0773315429688 -315.9997253417969
-946.4566650390625 -317.7785949707031
-944.6900634765625 -319.6923828125
-945.273193359375 -321.68182373046875
-944.9314575195312 -323.68011474609375
-946.5567016601562 -325.6684875488281
-947.8624877929688 -327.6666259765625
-947.037841796875 -329.6644287109375
-947.9744262695312 -331.546875
-948.5616455078125 -333.54296875
-946.56201171875 -334.88568115234375
-948.3901977539062 -336.8853759765625
-946.3901977539062 -338.8731994628906
-944.5636596679688 -340.8677062988281
-945.1715698242188 -342.8570556640625
-944.9676513671875 -344.82073974609375
-946.1637573242188 -346.8131408691406
-947.8650512695312 -348.8034973144531
-946.0722045898438 -350.799072265625
-947.0460205078125 -352.7973327636719
-946.4835815429688 -354.7898864746094
-945.6503295898438 -356.7009582519531
-947.407470703125 -358.6770324707031
-945.6869506835938 -360.5867614746094
-944.9396362304688 -362.35272216796875
-944.4979248046875 -363.9529113769531
-943.4065551757812 -364.8956604003906
-943.4991455078125 -366.8641357421875
-942.2318115234375 -368.72515869140625
-943.427490234375 -370.688720703125
-941.8579711914062 -372.6858825683594
-941.8045043945312 -374.68572998046875
-941.33447265625 -376.0580139160156
-939.4398193359375 -376.97259521484375
-937.9918823242188 -377.5229797363281
-937.7498779296875 -375.8160705566406
-939.1465454101562 -377.74969482421875
-938.9436645507812 -379.1790466308594
-936.9862670898438 -379.6166076660156
-935.6444702148438 -380.6135559082031
-934.236328125 -382.348876953125
-935.8540649414062 -384.3363952636719
-936.385009765625 -386.2828369140625
-935.3043212890625 -388.28082275390625
-936.2935791015625 -390.2501220703125
-935.1654663085938 -392.2451171875
-936.7800903320312 -394.2450256347656
-938.1781005859375 -396.2448425292969
-938.2141723632812 -398.2448425292969
-936.6143798828125 -396.74884033203125
-938.5481567382812 -398.7488098144531
-936.5759887695312 -397.6737365722656
-934.6884765625 -398.69140625
-932.9203491210938 -396.8077697753906
-934.8753051757812 -398.8077392578125
-932.9595947265625 -397.664794921875
-931.0018920898438 -396.1663513183594
-929.5842895507812 -398.1663513183594
-927.5914306640625 -396.1982727050781
-929.2928466796875 -398.1982421875
-927.2969360351562 -396.2062683105469
-925.7035522460938 -398.20623779296875
-923.7091674804688 -396.2097473144531
-924.3869018554688 -398.20947265625
-922.4076538085938 -396.22406005859375
-922.2474975585938 -398.22357177734375
-920.2489624023438 -396.2236022949219
-919.620361328125 -398.2236022949219
-917.6210327148438 -396.29180908203125
-918.4728393554688 -398.2917785644531
-916.4736328125 -396.2991027832031
-916.5870971679688 -398.299072265625
-914.5903930664062 -396.299560546875
-912.9146728515625 -398.299560546875
-910.9152221679688 -396.29974365234375
-909.0200805664062 -398.298095703125
-907.0221557617188 -396.3013610839844
-906.5665283203125 -398.30126953125
-904.5667724609375 -396.30169677734375
-904.9476928710938 -398.3016662597656
-902.9481201171875 -396.30731201171875
-901.2943115234375 -398.3072509765625
-899.3196411132812 -396.3074951171875
-897.3999633789062 -398.3074645996094
-895.4828491210938 -396.32659912109375
-893.4851684570312 -394.32696533203125
-893.3868408203125 -396.3269348144531
-891.386962890625 -394.32708740234375
-889.703125 -396.3270568847656
-887.7034912109375 -394.33172607421875
-885.7092895507812 -392.3326416015625
-884.0242309570312 -394.33184814453125
-882.0266723632812 -392.3439025878906
-882.408935546875 -394.3439025878906
-880.409912109375 -392.3489685058594
-879.1734008789062 -394.34893798828125
-879.3908081054688 -396.34893798828125
-877.3916015625 -394.3495178222656
-875.6868286132812 -396.3490905761719
-873.6884155273438 -394.3523254394531
-873.2017211914062 -396.352294921875
-872.47021484375 -398.3522033691406
-870.5867919921875 -396.3603515625
-869.5240478515625 -398.3602294921875
-867.5271606445312 -396.36285400390625
-867.9696655273438 -398.3627624511719
-865.9697265625 -396.36785888671875
-866.37255859375 -398.3677978515625
-864.3789672851562 -396.4129333496094
-862.894287109375 -398.41290283203125
-860.9008178710938 -396.4407958984375
-858.9340209960938 -398.4407958984375
-857.101318359375 -396.556884765625
-855.1072387695312 -394.64031982421875
-855.5618286132812 -396.6402587890625
-853.5628051757812 -394.9897766113281
-852.8031616210938 -396.9897155761719
-850.8052978515625 -395.0846252441406
-851.655029296875 -397.0845947265625
-849.6609497070312 -395.12921142578125
-850.9074096679688 -397.1291809082031
-848.9093017578125 -395.1957092285156
-849.9961547851562 -397.195556640625
-847.9963989257812 -395.2084045410156
-848.9956665039062 -397.2083740234375
-846.99609375 -395.4145812988281
-846.05859375 -397.41455078125
-844.0587158203125 -395.4944152832031
-845.579345703125 -397.4934387207031
-843.5895385742188 -395.83917236328125
-841.8863525390625 -397.8381652832031
-839.889404296875 -395.8448791503906
-840.567626953125 -397.8448486328125
-838.56787109375 -395.8747253417969
-839.1643676757812 -397.8746643066406
-837.1691284179688 -397.2985534667969
-835.3922729492188 -399.2984619140625
-833.4572143554688 -397.30950927734375
-831.4583740234375 -395.353271484375
-833.2406616210938 -397.3528747558594
-831.2430419921875 -395.3630065917969
-830.9848022460938 -397.3621520996094
-829.0399169921875 -395.4270324707031
-827.2625122070312 -397.42388916015625
-825.3226318359375 -395.4482116699219
-823.3541870117188 -393.5539245605469
