-1163.214599609375 -309.8317565917969
-1165.1064453125 -307.9559631347656
-1167.0048828125 -309.3356018066406
-1168.370361328125 -310.80706787109375
-1170.232421875 -310.6873779296875
-1172.2265625 -312.408935546875
-1174.2203369140625 -310.4540100097656
-1176.201416015625 -312.0620422363281
-1178.172119140625 -310.3691101074219
-1176.4476318359375 -311.07476806640625
-1178.39306640625 -310.728515625
-1180.231689453125 -312.3798522949219
-1182.22021484375 -310.76593017578125
-1184.167724609375 -310.3173522949219
-1186.1630859375 -309.179931640625
-1188.1611328125 -310.86236572265625
-1190.16064453125 -311.3019104003906
-1192.1317138671875 -310.33367919921875
-1194.1297607421875 -312.0184326171875
-1196.107177734375 -311.32855224609375
-1198.0869140625 -312.3184814453125
-1200.08203125 -313.1180419921875
-1202.069580078125 -311.5291748046875
-1204.0692138671875 -309.6053466796875
-1206.0689697265625 -307.94775390625
-1208.0689697265625 -306.0006408691406
-1210.0689697265625 -304.0065002441406
-1212.0689697265625 -302.0093688964844
-1214.06884765625 -300.0403137207031
-1216.0684814453125 -298.0406494140625
-1218.068359375 -296.0450439453125
-1220.068359375 -294.04559326171875
-1222.068359375 -292.0456848144531
-1224.068359375 -290.0459289550781
-1226.068359375 -288.0459899902344
-1228.0682373046875 -286.0460510253906
-1230.0679931640625 -284.0473937988281
-1232.06787109375 -282.047607421875
-1234.0675048828125 -280.048095703125
-1236.0672607421875 -278.0485534667969
-1238.067138671875 -276.0486145019531
-1240.026123046875 -274.048828125
-1242.0242919921875 -272.04888916015625
-1244.022216796875 -270.0489807128906
-1246.008056640625 -268.04901123046875
-1247.9840087890625 -266.04913330078125
-1249.9674072265625 -264.05084228515625
-1249.840087890625 -262.051025390625
-1248.4017333984375 -260.0510559082031
-1250.3988037109375 -258.0511169433594
-1249.0111083984375 -256.0514831542969
-1247.802001953125 -254.05177307128906
-1249.6781005859375 -252.05181884765625
-1248.9368896484375 -250.05184936523438
-1247.218994140625 -248.0518798828125
-1249.1837158203125 -246.05191040039062
-1248.6934814453125 -244.05201721191406
-1250.49560546875 -242.05223083496094
-1251.7503662109375 -240.05226135253906
-1249.8507080078125 -238.05230712890625
-1248.309326171875 -236.0524139404297
-1250.186279296875 -234.05264282226562
-1248.5928955078125 -232.05453491210938
-1247.52587890625 -230.0545654296875
-1247.477783203125 -228.05458068847656
-1249.437255859375 -226.05462646484375
-1247.477783203125 -224.05482482910156
-1245.5294189453125 -222.0565185546875
-1247.250732421875 -220.0567626953125
-1248.202392578125 -218.05682373046875
-1247.77294921875 -216.0569610595703
-1247.619873046875 -214.0570068359375
-1248.8929443359375 -212.05723571777344
-1247.362060546875 -210.05743408203125
-1246.8634033203125 -208.05809020996094
-1246.88720703125 -206.05813598632812
-1245.986083984375 -204.05813598632812
-1244.882080078125 -202.05828857421875
-1246.1075439453125 -200.05850219726562
-1244.9605712890625 -198.058837890625
-1243.3662109375 -196.05899047851562
-1244.360595703125 -194.05921936035156
-1244.21728515625 -192.0594024658203
-1243.762451171875 -190.05947875976562
-1241.99658203125 -188.0598602294922
-1240.845458984375 -186.05987548828125
-1241.7894287109375 -184.06004333496094
-1240.10400390625 -182.06053161621094
-1239.5220947265625 -180.06114196777344
-1237.7423095703125 -178.0693817138672
-1235.8662109375 -176.0694122314453
-1234.907470703125 -174.0697479248047
-1233.505126953125 -172.0698699951172
-1232.42236328125 -170.0702362060547
-1230.888916015625 -168.0704803466797
-1230.1103515625 -166.07144165039062
-1229.353271484375 -164.0715789794922
-1228.579345703125 -162.0715789794922
-1228.18017578125 -160.07159423828125
-1229.6112060546875 -158.0716094970703
-1227.7672119140625 -156.07220458984375
-1228.327880859375 -154.0724334716797
-1226.4505615234375 -152.0724639892578
-1226.130859375 -150.07247924804688
-1225.674072265625 -148.07249450683594
-1223.7811279296875 -146.07260131835938
-1222.8006591796875 -144.07266235351562
-1221.1077880859375 -142.07327270507812
-1219.3494873046875 -140.07347106933594
-1218.3775634765625 -138.0736541748047
-1217.4136962890625 -136.0738067626953
-1217.46484375 -134.07386779785156
-1216.1812744140625 -132.07432556152344
-1216.8206787109375 -130.07443237304688
-1218.003662109375 -128.07464599609375
-1216.123046875 -126.07698822021484
-1215.4290771484375 -124.07726287841797
-1214.808349609375 -122.07766723632812
-1213.259033203125 -120.07769012451172
-1212.5009765625 -118.07817077636719
-1210.99951171875 -116.07827758789062
-1211.05908203125 -114.0784683227539
-1210.5009765625 -112.07860565185547
-1208.8714599609375 -110.07892608642578
-1208.5863037109375 -108.07905578613281
-1206.6986083984375 -106.07915496826172
-1207.7266845703125 -104.08712005615234
-1208.0810546875 -102.0876693725586
-1208.38037109375 -100.09329223632812
-1206.703125 -98.09420013427734
-1205.1539306640625 -96.1422119140625
-1203.236083984375 -94.1531982421875
-1203.906494140625 -92.16644287109375
-1205.2894287109375 -90.46322631835938
-1204.2713623046875 -88.4993667602539
-1204.705322265625 -86.5335464477539
-1202.8702392578125 -84.55758666992188
