-1165.9765625 -310.53759765625
-1167.9764404296875 -308.5662841796875
-1169.9761962890625 -310.56072998046875
-1171.9761962890625 -312.549072265625
-1173.9761962890625 -313.39453125
-1175.97607421875 -313.6695556640625
-1177.9759521484375 -311.9593505859375
-1179.9759521484375 -310.310302734375
-1181.9759521484375 -312.2913513183594
-1183.9759521484375 -311.4172668457031
-1185.9759521484375 -313.4161376953125
-1187.9759521484375 -311.6046447753906
-1189.975830078125 -313.5833435058594
-1191.975830078125 -311.6141052246094
-1193.9744873046875 -313.58062744140625
-1195.973876953125 -311.58135986328125
-1197.973388671875 -313.5033874511719
-1199.96484375 -311.5715637207031
-1201.96484375 -313.5628356933594
-1203.963623046875 -311.5682373046875
-1205.9635009765625 -313.5097351074219
-1207.9620361328125 -311.5931091308594
-1209.9423828125 -312.3484802246094
-1211.9417724609375 -313.8777770996094
-1213.9415283203125 -311.91387939453125
-1215.92333984375 -311.84228515625
-1217.9228515625 -313.0978698730469
-1219.9222412109375 -311.1921081542969
-1221.911865234375 -311.3760681152344
-1223.8868408203125 -312.2104187011719
-1225.8424072265625 -310.5071716308594
-1227.8353271484375 -309.7410888671875
-1229.813720703125 -309.82293701171875
-1231.716552734375 -307.94952392578125
-1233.690185546875 -306.226806640625
-1235.66552734375 -305.06011962890625
-1237.6533203125 -303.18402099609375
-1239.469970703125 -301.2606506347656
-1241.2413330078125 -299.2799072265625
-1242.627197265625 -297.3031005859375
-1244.0003662109375 -295.8467712402344
-1245.876708984375 -293.86102294921875
-1247.397705078125 -291.9532775878906
-1249.0364990234375 -290.13079833984375
-1247.987548828125 -288.2227783203125
-1249.6717529296875 -286.25555419921875
-1249.1424560546875 -284.41790771484375
-1248.848388671875 -282.6166076660156
-1248.1461181640625 -280.82373046875
-1250.0452880859375 -279.1034240722656
-1250.3038330078125 -277.1337890625
-1251.1822509765625 -275.2228088378906
-1249.57861328125 -273.2439270019531
-1247.905517578125 -271.2640380859375
-1248.50390625 -269.3240051269531
-1248.7933349609375 -267.3435974121094
-1250.7823486328125 -265.4549560546875
-1252.081298828125 -263.47625732421875
-1252.5997314453125 -261.6146545410156
-1252.705810546875 -259.6207580566406
-1252.68212890625 -257.6564636230469
-1251.9537353515625 -255.68682861328125
-1252.9736328125 -253.69793701171875
-1252.8985595703125 -251.82310485839844
-1251.8037109375 -249.8376007080078
-1250.2734375 -247.88265991210938
-1248.9427490234375 -245.8942108154297
-1248.2999267578125 -243.8959197998047
-1247.1409912109375 -241.97091674804688
-1248.10107421875 -239.98904418945312
-1246.4691162109375 -238.00001525878906
-1246.815673828125 -236.0840606689453
-1247.470947265625 -234.1389923095703
-1247.2342529296875 -232.1450653076172
-1246.536865234375 -230.33204650878906
-1247.603515625 -228.34030151367188
-1247.6129150390625 -226.423095703125
-1246.8001708984375 -224.42327880859375
-1245.82177734375 -222.52963256835938
-1244.326171875 -220.57553100585938
-1243.72900390625 -218.58460998535156
-1243.98193359375 -216.7643585205078
-1242.4820556640625 -214.81153869628906
-1240.7852783203125 -212.8328399658203
-1239.3427734375 -210.88381958007812
-1237.5574951171875 -208.97549438476562
-1237.2418212890625 -206.98443603515625
-1237.515869140625 -205.00047302246094
-1235.7315673828125 -203.01370239257812
-1234.836181640625 -201.01705932617188
-1234.3529052734375 -199.02662658691406
-1234.47900390625 -197.1355438232422
-1235.4456787109375 -195.15037536621094
-1236.86669921875 -193.20245361328125
-1237.3387451171875 -191.20953369140625
-1235.611083984375 -189.3591766357422
-1234.0018310546875 -187.38160705566406
-1233.0013427734375 -185.3968963623047
-1231.643798828125 -183.71844482421875
-1232.52197265625 -182.00119018554688
-1232.4267578125 -180.0697479248047
-1232.14013671875 -178.0779571533203
-1230.1676025390625 -176.0919189453125
-1228.6583251953125 -174.09524536132812
-1226.9927978515625 -172.10443115234375
-1225.56396484375 -170.12110900878906
-1224.0755615234375 -168.1923828125
-1225.66943359375 -166.1973114013672
-1224.0648193359375 -164.20091247558594
-1223.9586181640625 -162.2404327392578
-1223.505615234375 -160.33819580078125
-1222.4935302734375 -158.53512573242188
-1220.57763671875 -156.56820678710938
-1219.0064697265625 -154.598388671875
-1217.4052734375 -152.6504669189453
-1217.4571533203125 -150.6794891357422
-1217.6324462890625 -148.7582244873047
-1217.8817138671875 -146.87030029296875
-1217.9757080078125 -144.9256134033203
-1216.2984619140625 -142.9730987548828
-1215.7222900390625 -141.46925354003906
-1215.716796875 -139.7043914794922
-1216.4144287109375 -137.7230682373047
-1215.6888427734375 -135.87306213378906
-1215.639892578125 -134.56887817382812
-1215.52001953125 -132.59190368652344
-1213.8359375 -131.16827392578125
-1214.599853515625 -129.26803588867188
-1212.8424072265625 -127.3949966430664
-1212.9088134765625 -126.06776428222656
-1212.4034423828125 -124.12561798095703
-1210.9683837890625 -122.21220397949219
-1209.17431640625 -120.6496353149414
-1208.964599609375 -119.45381927490234
-1207.8616943359375 -117.53280639648438
-1208.614501953125 -115.58119201660156
-1207.492431640625 -113.62701416015625
-1205.67431640625 -111.91082763671875
-1205.3216552734375 -109.93595123291016
-1203.394287109375 -107.98338317871094
-1201.4293212890625 -105.9857406616211
-1199.8184814453125 -107.97491455078125
-1197.8994140625 -105.9755630493164
-1195.907958984375 -107.22319030761719
-1193.9163818359375 -107.12212371826172
-1192.0596923828125 -106.68254089355469
-1190.1632080078125 -106.8504409790039
