-1165.5904541015625 -308.9176330566406
-1165.8223876953125 -310.5395812988281
-1167.02294921875 -308.5578308105469
-1165.68994140625 -310.4211120605469
-1164.7230224609375 -309.1413269042969
-1165.173583984375 -310.92169189453125
-1164.187255859375 -309.1201171875
-1164.96533203125 -310.9532470703125
-1166.28369140625 -309.3641357421875
-1165.072509765625 -311.2203674316406
-1166.0084228515625 -309.2512512207031
-1164.80029296875 -311.23895263671875
-1166.1004638671875 -311.3701171875
-1166.016845703125 -309.5774230957031
-1165.77392578125 -311.4007263183594
-1166.34765625 -309.6361999511719
-1164.6827392578125 -311.62469482421875
-1165.3441162109375 -309.83245849609375
-1166.08740234375 -308.13525390625
-1166.358642578125 -309.9411926269531
-1167.8096923828125 -307.9827575683594
-1169.610595703125 -309.5993347167969
-1171.5478515625 -311.5080871582031
-1170.26025390625 -309.657958984375
-1171.8880615234375 -311.4420471191406
-1170.6932373046875 -309.88177490234375
-1172.6793212890625 -311.85992431640625
-1174.1256103515625 -309.9464111328125
-1176.117919921875 -309.95184326171875
-1178.009765625 -311.7895202636719
-1176.7247314453125 -310.22503662109375
-1178.1279296875 -310.7207946777344
-1177.589599609375 -312.42095947265625
-1178.146728515625 -310.5431823730469
-1178.5169677734375 -312.40478515625
-1178.5313720703125 -310.4333801269531
-1179.30029296875 -312.1365966796875
-1179.984375 -310.3403015136719
-1179.1055908203125 -312.28240966796875
-1178.1285400390625 -310.3896484375
-1178.218994140625 -311.98284912109375
-1177.072509765625 -310.1313171386719
-1177.8675537109375 -311.82586669921875
-1179.4951171875 -309.9740295410156
-1181.1749267578125 -311.3760681152344
-1183.08837890625 -312.8835754394531
-1185.0345458984375 -311.8732604980469
-1186.962646484375 -313.7753601074219
-1188.8636474609375 -312.117431640625
-1190.7877197265625 -314.0103759765625
-1192.01953125 -312.1494140625
-1194.0091552734375 -314.0995788574219
-1195.0882568359375 -312.2257995605469
-1196.96826171875 -314.0235290527344
-1196.56884765625 -312.09033203125
-1198.563720703125 -313.824951171875
-1198.959716796875 -311.88275146484375
-1200.9180908203125 -313.2450866699219
-1202.5574951171875 -311.5016784667969
-1204.53857421875 -313.1715087890625
-1206.4801025390625 -311.2136535644531
-1208.47998046875 -312.99017333984375
-1210.449462890625 -311.20855712890625
-1212.4466552734375 -310.3459777832031
-1214.444580078125 -310.2403869628906
-1216.4393310546875 -309.1754455566406
-1218.438720703125 -307.9177551269531
-1220.438232421875 -307.2032775878906
-1222.43798828125 -305.23748779296875
-1224.43701171875 -303.8561096191406
-1226.4368896484375 -302.2204895019531
-1228.4364013671875 -300.82421875
-1230.4306640625 -299.0718994140625
-1232.43017578125 -297.07391357421875
-1234.4296875 -295.1453857421875
-1236.3887939453125 -293.1610412597656
-1238.3695068359375 -291.18182373046875
-1240.3685302734375 -289.2661437988281
-1242.3514404296875 -287.32305908203125
-1244.317138671875 -285.3693542480469
-1246.2911376953125 -283.46112060546875
-1248.284912109375 -281.7632751464844
-1250.26171875 -279.8058776855469
-1248.3048095703125 -277.8068542480469
-1250.272705078125 -275.8270568847656
-1248.3038330078125 -273.8272705078125
-1249.6978759765625 -272.01715087890625
-1248.4183349609375 -270.0197448730469
-1250.3642578125 -268.1197814941406
-1248.633544921875 -266.1209716796875
-1250.432373046875 -264.1370849609375
-1248.593017578125 -262.1374206542969
-1250.1688232421875 -260.8337097167969
-1250.1239013671875 -258.8427734375
-1248.756103515625 -256.8463134765625
-1248.9010009765625 -254.85939025878906
-1247.1265869140625 -252.85960388183594
-1246.5029296875 -250.867919921875
-1246.449951171875 -248.892333984375
-1248.406005859375 -246.95794677734375
-1247.074462890625 -244.9989776611328
-1245.864501953125 -243.1121826171875
-1244.147216796875 -241.79298400878906
-1243.599365234375 -239.84915161132812
-1242.99609375 -237.9913330078125
-1241.718994140625 -236.08168029785156
-1240.819091796875 -234.16036987304688
-1239.381103515625 -232.3879852294922
-1237.6702880859375 -230.38931274414062
-1237.0089111328125 -228.70034790039062
-1236.185302734375 -226.71279907226562
-1234.7923583984375 -224.75852966308594
-1235.3277587890625 -222.83609008789062
-1237.3048095703125 -220.98373413085938
-1237.8634033203125 -219.1943359375
-1236.7486572265625 -217.21815490722656
-1237.48828125 -215.3677215576172
-1237.610595703125 -215.1824188232422
-1237.03125 -213.22174072265625
-1235.1114501953125 -211.28131103515625
-1234.4285888671875 -209.528564453125
-1234.5230712890625 -207.53729248046875
-1233.488525390625 -205.79513549804688
-1232.2523193359375 -203.8091583251953
-1234.0958251953125 -201.91111755371094
-1232.920166015625 -200.19667053222656
-1232.943115234375 -198.47891235351562
-1233.9722900390625 -196.63929748535156
-1232.135009765625 -194.6992645263672
-1230.540283203125 -192.71253967285156
-1229.340087890625 -190.73202514648438
-1227.4139404296875 -188.77572631835938
-1225.601806640625 -186.804443359375
-1223.7755126953125 -184.81832885742188
-1222.1015625 -182.83978271484375
-1220.42529296875 -180.8662872314453
-1220.64306640625 -178.92503356933594
-1220.39111328125 -176.9438934326172
-1220.056640625 -175.01174926757812
-1218.8978271484375 -173.0336151123047
-1217.1065673828125 -171.1025848388672
-1217.17333984375 -169.1641082763672
-1218.13134765625 -167.20046997070312
-1219.0311279296875 -165.23976135253906
-1217.0938720703125 -163.4310760498047
-1217.0740966796875 -161.55746459960938
-1215.5447998046875 -159.59632873535156
-1215.5885009765625 -157.61903381347656
-1214.3414306640625 -155.77879333496094
-1213.1953125 -153.89450073242188
-1212.76025390625 -151.95835876464844
-1212.7388916015625 -150.0585174560547
-1210.8634033203125 -148.7838134765625
-1209.22802734375 -147.06439208984375
-1207.494873046875 -145.15753173828125
-1208.4686279296875 -143.59451293945312
-1206.9615478515625 -142.18128967285156
-1208.64990234375 -140.9432373046875
-1208.3199462890625 -139.407958984375
-1209.706787109375 -137.43492126464844
-1207.8046875 -135.72848510742188
-1209.505859375 -134.53761291503906
-1208.50732421875 -132.70172119140625
-1208.6397705078125 -132.72669982910156
-1208.515869140625 -131.99716186523438
-1206.9329833984375 -130.1136016845703
-1205.1365966796875 -128.56813049316406
-1205.8370361328125 -126.63775634765625
-1205.0615234375 -124.73397827148438
-1206.1070556640625 -123.16571044921875
-1205.8697509765625 -121.18692779541016
-1204.150634765625 -122.11994934082031
-1205.5689697265625 -120.53153228759766
-1203.9847412109375 -118.9560317993164
-1205.6982421875 -117.43144989013672
-1203.879638671875 -118.15837860107422
-1204.33544921875 -117.09595489501953
-1205.5870361328125 -116.33748626708984
-1207.0113525390625 -114.39635467529297
-1205.5191650390625 -113.99221801757812
-1203.62060546875 -112.0527572631836
-1201.94921875 -110.3333969116211
-1199.950439453125 -108.59772491455078
-1198.0213623046875 -106.69998931884766
-1196.0220947265625 -107.83119201660156
-1194.0302734375 -105.85468292236328
-1192.0543212890625 -107.79473114013672
-1190.0872802734375 -105.8162841796875
