-1165.964599609375 -310.1283264160156
-1167.8199462890625 -308.78985595703125
-1169.78955078125 -309.25439453125
-1171.780517578125 -311.0973815917969
-1173.762939453125 -310.3761901855469
-1175.750732421875 -312.0054016113281
-1177.24755859375 -310.2865295410156
-1177.9058837890625 -312.0957946777344
-1179.5079345703125 -311.2063903808594
-1181.437744140625 -312.7479553222656
-1183.135986328125 -310.8921203613281
-1185.1104736328125 -310.913330078125
-1187.1065673828125 -309.7036437988281
-1189.0863037109375 -311.2732238769531
-1191.0836181640625 -310.3949890136719
-1193.0814208984375 -310.259033203125
-1195.0804443359375 -310.1286315917969
-1197.0067138671875 -311.06024169921875
-1199.00390625 -311.6392822265625
-1201.001220703125 -312.1921691894531
-1203.0001220703125 -313.52447509765625
-1204.9898681640625 -312.50274658203125
-1206.98974609375 -311.7606506347656
-1208.9896240234375 -312.17474365234375
-1210.989501953125 -312.6448059082031
-1212.989501953125 -312.5847473144531
-1214.9893798828125 -310.93359375
-1216.9891357421875 -309.0537109375
-1218.9888916015625 -307.4363098144531
-1220.9884033203125 -305.6822509765625
-1222.9830322265625 -303.96600341796875
-1224.974365234375 -302.23748779296875
-1226.9520263671875 -300.7945251464844
-1228.913818359375 -298.8079833984375
-1230.9080810546875 -296.8528747558594
-1232.907470703125 -294.8871765136719
-1234.905517578125 -292.9320983886719
-1236.904052734375 -291.0462341308594
-1238.75634765625 -289.0728759765625
-1240.7542724609375 -287.10430908203125
-1242.72998046875 -285.1203918457031
-1244.716064453125 -283.1337890625
-1246.109375 -281.1526184082031
-1248.0474853515625 -279.2411804199219
-1250.006103515625 -277.2519226074219
-1248.009765625 -275.2823486328125
-1249.856201171875 -273.3334045410156
-1247.8594970703125 -271.33978271484375
-1249.54345703125 -269.3882141113281
-1247.5517578125 -267.392578125
-1248.573486328125 -265.40869140625
-1250.4610595703125 -263.4161682128906
-1248.49560546875 -261.4665832519531
-1249.77685546875 -259.50262451171875
-1247.7916259765625 -257.5082702636719
-1249.642822265625 -255.51451110839844
-1247.6494140625 -253.54202270507812
-1248.5941162109375 -251.5433807373047
-1250.2235107421875 -249.56263732910156
-1248.2271728515625 -247.56451416015625
-1250.1248779296875 -245.5702362060547
-1248.1575927734375 -243.57118225097656
-1250.087646484375 -241.5734405517578
-1248.090576171875 -239.5746307373047
-1247.2757568359375 -237.5757293701172
-1249.2086181640625 -235.57777404785156
-1247.218017578125 -233.60382080078125
-1246.962890625 -231.60446166992188
-1245.697265625 -229.60491943359375
-1246.68603515625 -227.60597229003906
-1247.0810546875 -225.60943603515625
-1246.208251953125 -223.61077880859375
-1245.9163818359375 -221.61146545410156
-1246.05517578125 -219.6116180419922
-1246.870361328125 -217.6118927001953
-1246.544677734375 -215.6121063232422
-1244.928466796875 -213.6128692626953
-1243.646484375 -211.61363220214844
-1242.1016845703125 -209.6136932373047
-1242.6160888671875 -207.61383056640625
-1241.405029296875 -205.61399841308594
-1242.0299072265625 -203.6143341064453
-1243.31591796875 -201.6144256591797
-1241.68505859375 -199.6147003173828
-1240.0794677734375 -197.6149139404297
-1238.4171142578125 -195.61585998535156
-1239.6424560546875 -193.615966796875
-1239.3609619140625 -191.61614990234375
-1240.7030029296875 -189.6163787841797
-1240.56884765625 -187.6175537109375
-1241.0784912109375 -185.61782836914062
-1239.947265625 -183.6180877685547
-1238.1766357421875 -181.61878967285156
-1236.863037109375 -179.61940002441406
-1237.2965087890625 -177.62020874023438
-1236.7872314453125 -175.62022399902344
-1235.6614990234375 -173.6202850341797
-1233.8140869140625 -171.62075805664062
-1233.198486328125 -169.62130737304688
-1233.85693359375 -167.6223602294922
-1232.53662109375 -165.62469482421875
-1231.0755615234375 -163.6267547607422
-1229.275390625 -161.62698364257812
-1229.2391357421875 -159.6270294189453
-1228.90380859375 -157.62721252441406
-1229.0499267578125 -155.62734985351562
-1227.4091796875 -153.62844848632812
-1226.0269775390625 -151.62860107421875
-1226.5789794921875 -149.62864685058594
-1224.866455078125 -147.6305694580078
-1224.557861328125 -145.63125610351562
-1222.7144775390625 -143.63211059570312
-1222.16259765625 -141.63336181640625
-1223.0244140625 -139.63360595703125
-1221.1820068359375 -137.63363647460938
-1219.578369140625 -135.6336669921875
-1217.591796875 -133.63377380371094
-1216.1993408203125 -131.6338653564453
-1215.242919921875 -129.63401794433594
-1215.2823486328125 -127.63414764404297
-1215.34130859375 -125.63431549072266
-1213.7447509765625 -123.63470458984375
-1215.5780029296875 -121.63542938232422
-1214.7825927734375 -119.63996124267578
-1213.5191650390625 -117.64012908935547
-1213.056884765625 -115.64018249511719
-1211.216064453125 -113.64131927490234
-1209.369140625 -111.64154815673828
-1208.0753173828125 -109.6415786743164
-1207.28369140625 -107.64228820800781
-1208.43701171875 -105.64422607421875
-1208.6541748046875 -103.6442642211914
-1209.4537353515625 -101.64476013183594
-1208.2176513671875 -99.64878845214844
-1206.73388671875 -97.64909362792969
-1205.8525390625 -95.65729522705078
-1207.197509765625 -93.65803527832031
-1206.1400146484375 -91.65930938720703
-1207.69287109375 -89.66541290283203
-1206.190673828125 -87.68095397949219
-1205.7716064453125 -85.69097137451172
-1205.2816162109375 -83.69345092773438
-1204.459716796875 -81.71607208251953
-1202.5665283203125 -79.71988677978516
