-1048.283935546875 -302.23876953125
-1046.3328857421875 -303.85076904296875
-1048.3328857421875 -305.80914306640625
-1046.7913818359375 -307.4017028808594
-1048.7110595703125 -308.4103698730469
-1050.510009765625 -308.03692626953125
-1052.165283203125 -307.8321838378906
-1052.32275390625 -309.8254699707031
-1053.8509521484375 -310.1773376464844
-1055.3565673828125 -311.369140625
-1056.4964599609375 -309.9327392578125
-1058.3746337890625 -311.7585754394531
-1060.3472900390625 -310.19927978515625
-1062.33935546875 -312.18231201171875
-1063.3775634765625 -312.5921630859375
-1064.35595703125 -314.1990661621094
-1066.349853515625 -313.1434020996094
-1068.3497314453125 -314.661376953125
-1066.3553466796875 -316.49560546875
-1068.3553466796875 -317.9851989746094
-1066.392578125 -319.41357421875
-1068.3924560546875 -321.3653869628906
-1067.453369140625 -323.2373046875
-1069.453369140625 -324.2372131347656
-1067.8138427734375 -326.0346984863281
-1069.8138427734375 -327.65460205078125
-1070.4954833984375 -329.5903015136719
-1069.271728515625 -331.54119873046875
-1067.3292236328125 -333.1173400878906
-1069.3291015625 -335.10308837890625
-1067.569091796875 -336.2164611816406
-1069.5689697265625 -338.1465148925781
-1068.5255126953125 -340.0928955078125
-1067.13427734375 -341.8355712890625
-1069.13427734375 -343.633544921875
-1071.13427734375 -345.60052490234375
-1070.027587890625 -347.5583190917969
-1072.0272216796875 -349.1029052734375
-1070.043212890625 -350.8724670410156
-1072.043212890625 -352.78143310546875
-1070.1483154296875 -354.3990783691406
-1072.1483154296875 -355.78594970703125
-1070.1925048828125 -357.619384765625
-1072.1923828125 -359.5893859863281
-1070.2032470703125 -361.5380859375
-1072.2032470703125 -363.4917297363281
-1070.2178955078125 -364.949951171875
-1072.2177734375 -366.8080139160156
-1070.2255859375 -368.7434387207031
-1072.2255859375 -370.6195983886719
-1070.237060546875 -371.936767578125
-1072.236083984375 -373.8192138671875
-1070.2509765625 -373.39111328125
-1068.2764892578125 -374.5616760253906
-1070.2764892578125 -376.49676513671875
-1072.2763671875 -377.9359436035156
-1070.2904052734375 -379.5692443847656
-1072.2904052734375 -381.51812744140625
-1070.3192138671875 -383.509521484375
-1072.31884765625 -385.5015563964844
-1070.3466796875 -387.43365478515625
-1068.3575439453125 -389.2482604980469
-1070.3575439453125 -391.2235107421875
-1072.02099609375 -391.6857604980469
-1073.8192138671875 -390.6830749511719
-1074.1156005859375 -392.6228332519531
-1072.18798828125 -392.107666015625
-1072.936767578125 -390.85772705078125
-1071.8382568359375 -392.82269287109375
-1072.5009765625 -391.09417724609375
-1071.2313232421875 -393.089111328125
-1070.7984619140625 -391.4461364746094
-1069.5252685546875 -391.8714904785156
-1069.8497314453125 -390.0445861816406
-1068.087646484375 -392.0330505371094
-1067.404052734375 -392.98309326171875
-1065.4068603515625 -394.4118347167969
-1063.407470703125 -393.7340393066406
-1063.52197265625 -395.7172546386719
-1061.52734375 -397.1385803222656
-1063.52734375 -399.029052734375
-1061.5355224609375 -400.9424133300781
-1063.53466796875 -402.73480224609375
-1061.572998046875 -404.65814208984375
-1063.572998046875 -406.6527404785156
-1061.5775146484375 -408.6016540527344
-1063.5772705078125 -410.5254211425781
-1061.579833984375 -412.3199462890625
-1063.57958984375 -414.1143798828125
-1061.5799560546875 -415.8120422363281
-1063.579833984375 -417.8058776855469
-1061.7384033203125 -419.7287902832031
-1063.7384033203125 -421.7200012207031
-1061.7398681640625 -423.6706848144531
-1063.7305908203125 -425.61431884765625
-1061.73291015625 -427.45916748046875
-1063.723876953125 -429.38897705078125
-1061.731689453125 -431.3749694824219
-1063.7257080078125 -433.36602783203125
-1061.727294921875 -435.3329772949219
-1063.726318359375 -437.3232727050781
-1061.7359619140625 -439.3002624511719
-1063.7352294921875 -441.296142578125
-1061.735595703125 -442.6882629394531
-1063.7337646484375 -444.44866943359375
-1061.7342529296875 -445.4884338378906
-1063.716064453125 -447.4827880859375
-1061.7161865234375 -449.4513854980469
-1063.5467529296875 -451.2613220214844
-1061.546875 -453.0282287597656
-1063.51904296875 -455.0186767578125
-1061.5198974609375 -456.8365478515625
-1059.5201416015625 -455.6752624511719
-1061.4967041015625 -457.6744384765625
-1059.5115966796875 -458.6505126953125
-1061.505126953125 -460.4900207519531
-1059.5054931640625 -462.2846374511719
-1061.478515625 -464.25689697265625
-1059.478515625 -465.73175048828125
-1061.4677734375 -467.705078125
-1059.468017578125 -469.300048828125
-1060.9908447265625 -470.9271240234375
-1058.9930419921875 -472.83404541015625
-1059.775146484375 -474.787109375
-1060.69580078125 -476.7802734375
-1058.708740234375 -478.7576599121094
