-1048.2806396484375 -302.99261474609375
-1046.3795166015625 -304.9922790527344
-1048.3651123046875 -306.9834899902344
-1050.3648681640625 -308.22418212890625
-1052.3590087890625 -309.1508483886719
-1054.3577880859375 -310.8009033203125
-1056.35400390625 -312.5473327636719
-1058.200927734375 -311.66552734375
-1060.197509765625 -310.87518310546875
-1058.38916015625 -312.8623352050781
-1060.326416015625 -311.2985534667969
-1058.3719482421875 -313.28375244140625
-1060.36328125 -311.7066650390625
-1062.352783203125 -312.8697204589844
-1064.3189697265625 -311.04888916015625
-1062.353271484375 -313.02825927734375
-1064.3424072265625 -314.9109802246094
-1066.3316650390625 -314.7079162597656
-1068.32763671875 -314.8345031738281
-1066.3660888671875 -316.7196960449219
-1068.3658447265625 -316.8380432128906
-1066.371826171875 -318.8162841796875
-1068.3192138671875 -320.4475402832031
-1066.34521484375 -322.4331359863281
-1068.190673828125 -322.9054260253906
-1070.1563720703125 -324.8536071777344
-1068.1651611328125 -326.7789611816406
-1070.16259765625 -328.3917541503906
-1068.165771484375 -330.3855895996094
-1070.1202392578125 -332.26055908203125
-1068.1220703125 -334.19732666015625
-1070.0557861328125 -334.9544677734375
-1068.0733642578125 -336.9464416503906
-1070.062744140625 -338.2061462402344
-1068.0638427734375 -340.2032775878906
-1069.9752197265625 -341.9593811035156
-1068.0162353515625 -343.95458984375
-1069.2490234375 -343.2045593261719
-1067.25048828125 -345.20330810546875
-1069.0177001953125 -344.91571044921875
-1070.983154296875 -344.34185791015625
-1069.01611328125 -346.3404235839844
-1070.9620361328125 -347.57867431640625
-1072.92724609375 -349.527099609375
-1070.927978515625 -351.4549560546875
-1072.8135986328125 -353.4051818847656
-1070.814208984375 -355.4012756347656
-1072.6641845703125 -357.100830078125
-1070.6651611328125 -359.1000671386719
-1072.6065673828125 -360.24835205078125
-1070.607421875 -362.1969909667969
-1072.585205078125 -364.10772705078125
-1070.585205078125 -366.0990905761719
-1072.5382080078125 -365.2691955566406
-1070.5384521484375 -367.2658386230469
-1071.73095703125 -368.9961853027344
-1069.7327880859375 -370.9938659667969
-1068.078125 -372.9345703125
-1069.9498291015625 -374.1951599121094
-1071.9410400390625 -376.1235046386719
-1069.941650390625 -378.1211853027344
-1071.6485595703125 -378.07373046875
-1069.649169921875 -380.0647888183594
-1071.5347900390625 -381.94561767578125
-1069.5350341796875 -383.8838195800781
-1069.6151123046875 -385.2164001464844
-1069.418701171875 -387.2073059082031
-1071.0484619140625 -389.1567077636719
-1069.0487060546875 -391.1372985839844
-1070.4996337890625 -389.3515625
-1068.499755859375 -391.3502197265625
-1070.281005859375 -389.49822998046875
-1068.307373046875 -391.496826171875
-1069.9617919921875 -389.8692321777344
-1067.9649658203125 -391.868896484375
-1069.42529296875 -390.28997802734375
-1067.5567626953125 -392.2797546386719
-1067.8568115234375 -390.57177734375
-1066.03271484375 -392.5697021484375
-1064.1600341796875 -392.61187744140625
-1062.2547607421875 -394.6108093261719
-1060.256591796875 -396.6083984375
-1062.2108154296875 -395.7926940917969
-1060.2158203125 -397.769775390625
-1061.6966552734375 -396.1767883300781
-1059.6995849609375 -398.1632080078125
-1061.614013671875 -398.73834228515625
-1063.6126708984375 -400.240478515625
-1061.61328125 -402.23992919921875
-1063.5777587890625 -403.234619140625
-1061.7998046875 -402.6750183105469
-1063.793701171875 -404.638916015625
-1061.8050537109375 -405.4674072265625
-1063.69189453125 -407.450927734375
-1061.6923828125 -409.4246826171875
-1059.6961669921875 -411.40875244140625
-1060.7353515625 -413.3782653808594
-1062.6678466796875 -415.1558837890625
-1060.6893310546875 -417.1510314941406
-1062.6734619140625 -418.1832580566406
-1060.6783447265625 -420.1823425292969
-1062.6607666015625 -422.0143127441406
-1060.6607666015625 -423.6629333496094
-1062.6375732421875 -425.5999450683594
-1060.637939453125 -427.58502197265625
-1062.5882568359375 -427.26422119140625
-1060.5897216796875 -429.2380065917969
-1062.5650634765625 -430.0404968261719
-1060.5946044921875 -431.9353332519531
-1062.2950439453125 -433.9076232910156
-1064.1895751953125 -435.88653564453125
-1062.1903076171875 -437.51220703125
-1064.1697998046875 -439.4039611816406
-1062.1700439453125 -441.3843078613281
-1063.737548828125 -443.3170471191406
-1061.7476806640625 -445.2577209472656
-1063.7288818359375 -447.0624084472656
-1061.744873046875 -448.8218688964844
-1063.6343994140625 -450.8136291503906
-1061.63671875 -452.8028259277344
-1063.10546875 -454.7415466308594
-1061.11474609375 -456.582275390625
-1059.1986083984375 -457.9323425292969
-1061.186767578125 -459.6208801269531
-1059.1900634765625 -461.5402526855469
-1060.935791015625 -462.8839416503906
-1058.94091796875 -464.5729064941406
-1060.5689697265625 -465.83135986328125
-1058.5748291015625 -467.7911682128906
-1060.305908203125 -469.7382507324219
-1058.3157958984375 -471.44158935546875
-1060.271484375 -470.8370361328125
-1062.1961669921875 -472.57891845703125
-1060.19970703125 -474.5125732421875
-1058.3533935546875 -476.4906921386719
