-1048.27490234375 -303.00958251953125
-1046.27490234375 -305.0089111328125
-1048.1866455078125 -307.0041809082031
-1050.14208984375 -308.7734375
-1048.47802734375 -310.7590637207031
-1047.6553955078125 -312.7480773925781
-1045.88037109375 -313.8998718261719
-1044.036376953125 -315.4331970214844
-1042.198486328125 -314.3551330566406
-1040.51171875 -315.92962646484375
-1038.5416259765625 -314.5735168457031
-1038.1319580078125 -315.09771728515625
-1036.5521240234375 -316.00360107421875
-1035.1094970703125 -315.5292053222656
-1033.249267578125 -316.8753356933594
-1031.6197509765625 -315.7115173339844
-1030.25927734375 -315.1585388183594
-1028.5501708984375 -315.18121337890625
-1026.552978515625 -316.5467834472656
-1024.56494140625 -318.5406188964844
-1022.5650634765625 -320.53546142578125
-1020.5650634765625 -322.5329895019531
-1018.5651245117188 -324.5329284667969
-1016.5668334960938 -326.53204345703125
-1018.5621948242188 -328.52655029296875
-1016.5621948242188 -330.5242919921875
-1018.5620727539062 -332.5238037109375
-1016.5621948242188 -334.52239990234375
-1018.56103515625 -336.5219421386719
-1016.5611572265625 -338.51727294921875
-1018.5518798828125 -340.51715087890625
-1016.5575561523438 -342.5163879394531
-1014.5576782226562 -344.4560852050781
-1016.5576171875 -346.45489501953125
-1014.5576171875 -348.4541015625
-1016.55712890625 -350.4520568847656
-1014.5571899414062 -352.4517822265625
-1014.8944091796875 -354.0057678222656
-1015.9594116210938 -354.3563232421875
-1015.9132690429688 -355.8412170410156
-1015.9386596679688 -354.9685974121094
-1016.4786987304688 -355.7119140625
-1016.7769165039062 -354.9463806152344
-1016.387939453125 -355.6505432128906
-1017.4281616210938 -354.271484375
-1016.2003173828125 -354.15228271484375
-1016.0262451171875 -354.2785949707031
-1016.0066528320312 -355.9289855957031
-1016.2778930664062 -354.0845947265625
-1018.0584106445312 -354.5074462890625
-1019.9493408203125 -353.7342224121094
-1017.9495849609375 -355.7267150878906
-1019.6495971679688 -354.4112854003906
-1017.649658203125 -356.4071960449219
-1017.6373901367188 -354.7486267089844
-1018.2837524414062 -354.494384765625
-1020.2570190429688 -356.1504211425781
-1022.1365966796875 -357.550048828125
-1020.1380615234375 -359.5459289550781
-1022.1371459960938 -360.8397521972656
-1024.13623046875 -362.5532531738281
-1022.1428833007812 -364.54913330078125
-1024.1422119140625 -366.4975280761719
-1022.1499633789062 -368.4835205078125
-1024.1497802734375 -370.3348388671875
-1022.1608276367188 -372.32623291015625
-1024.1607666015625 -374.195556640625
-1026.1595458984375 -376.176513671875
-1024.1600341796875 -378.1711730957031
-1022.1649169921875 -380.12664794921875
-1024.162841796875 -382.1183776855469
-1022.1641235351562 -384.1087341308594
-1024.163818359375 -386.08599853515625
-1026.1636962890625 -388.07647705078125
-1024.1768798828125 -390.0763854980469
-1026.16455078125 -392.07440185546875
-1024.1937255859375 -394.07244873046875
-1025.6617431640625 -395.73095703125
-1027.453125 -395.74188232421875
-1029.3990478515625 -396.0535888671875
-1030.6396484375 -395.62884521484375
-1032.5789794921875 -395.5257568359375
-1032.8902587890625 -396.4168701171875
-1034.7679443359375 -394.4368896484375
-1033.38818359375 -396.4342346191406
-1035.1796875 -396.0191955566406
-1036.692138671875 -395.7094421386719
-1036.3106689453125 -395.15435791015625
-1038.30712890625 -396.5863037109375
-1039.8701171875 -396.2920227050781
-1041.2999267578125 -395.5391540527344
-1043.19140625 -394.8599548339844
-1045.0657958984375 -394.0343322753906
-1044.93994140625 -396.0343017578125
-1046.821533203125 -394.7279052734375
-1048.2403564453125 -396.72723388671875
-1050.222900390625 -394.818115234375
-1050.8624267578125 -395.9565734863281
-1052.7506103515625 -394.8757629394531
-1054.6650390625 -393.5016174316406
-1053.674072265625 -395.50048828125
-1055.6524658203125 -393.71893310546875
-1056.8970947265625 -395.7103576660156
-1058.8931884765625 -393.94549560546875
-1058.8133544921875 -395.9416809082031
-1060.7823486328125 -396.23583984375
-1062.781494140625 -398.16448974609375
-1060.8240966796875 -400.14215087890625
-1062.8238525390625 -402.0421447753906
-1064.8232421875 -404.0351867675781
-1063.2413330078125 -403.89263916015625
-1061.243896484375 -405.2017822265625
-1063.2431640625 -407.18817138671875
-1061.24365234375 -409.17926025390625
-1063.2435302734375 -411.1756591796875
-1061.2447509765625 -413.0863952636719
-1063.24462890625 -415.084716796875
-1061.2447509765625 -417.0352783203125
-1063.24462890625 -419.0254821777344
-1061.245361328125 -421.0163269042969
-1063.243896484375 -423.0162658691406
-1061.2440185546875 -424.7055969238281
-1063.2440185546875 -426.6541748046875
-1061.2440185546875 -428.2354431152344
-1063.243896484375 -430.205078125
-1061.2440185546875 -432.1443786621094
-1063.243896484375 -434.14044189453125
-1061.244140625 -436.11859130859375
-1063.2440185546875 -438.11419677734375
-1061.244384765625 -439.97247314453125
-1063.244384765625 -441.6626892089844
-1061.2445068359375 -443.6420593261719
-1063.244384765625 -445.62908935546875
-1061.244384765625 -447.61981201171875
-1063.244140625 -449.5854187011719
-1061.244384765625 -451.5757751464844
-1063.244140625 -453.5715637207031
-1061.244140625 -455.56854248046875
-1063.2401123046875 -457.52117919921875
-1061.269287109375 -455.5408020019531
-1063.2679443359375 -457.5262756347656
-1061.269775390625 -455.58343505859375
-1063.25439453125 -457.5768737792969
-1061.25830078125 -455.7328796386719
-1059.294921875 -453.9809875488281
-1061.2880859375 -455.93310546875
-1059.8585205078125 -454.3609619140625
-1061.8582763671875 -456.2885437011719
-1059.8748779296875 -454.982421875
-1061.8743896484375 -456.9697570800781
-1059.875244140625 -457.3109436035156
-1061.8741455078125 -459.2914123535156
-1059.8743896484375 -460.4553527832031
-1061.8729248046875 -462.4101867675781
-1059.873046875 -464.3443603515625
-1061.776123046875 -466.297607421875
-1059.776123046875 -468.0273742675781
-1061.7685546875 -469.9116516113281
-1059.7686767578125 -471.4833984375
-1061.750244140625 -473.3412780761719
-1059.75048828125 -475.27001953125
-1060.3931884765625 -477.2686767578125
