-1046.764892578125 -302.8549499511719
-1045.2652587890625 -304.7167053222656
-1044.809326171875 -306.7001953125
-1043.26611328125 -308.673095703125
-1041.4034423828125 -310.0808410644531
-1039.519287109375 -308.5152282714844
-1037.53564453125 -310.4842529296875
-1036.066162109375 -312.11566162109375
-1034.1651611328125 -311.4812316894531
-1032.1971435546875 -312.8349914550781
-1030.6961669921875 -312.0851745605469
-1028.9051513671875 -311.9394836425781
-1026.918212890625 -313.7539978027344
-1024.921142578125 -313.76666259765625
-1022.9265747070312 -313.4036560058594
-1021.1336059570312 -315.10321044921875
-1019.13623046875 -317.09136962890625
-1017.1443481445312 -319.0830383300781
-1015.1466064453125 -321.0807800292969
-1016.6242065429688 -322.8190612792969
-1018.5940551757812 -324.3819885253906
-1016.5947875976562 -326.2795104980469
-1018.440673828125 -328.271240234375
-1016.4407348632812 -330.2047119140625
-1018.1651611328125 -331.9909362792969
-1016.2015991210938 -333.88836669921875
-1017.911865234375 -335.7071228027344
-1015.9172973632812 -336.9617614746094
-1017.9140014648438 -337.32049560546875
-1015.9169921875 -339.0363464355469
-1017.9133911132812 -340.9944763183594
-1015.9284057617188 -341.33056640625
-1017.9109497070312 -343.3226623535156
-1015.9161987304688 -345.07818603515625
-1013.9190063476562 -346.95953369140625
-1015.8963623046875 -348.7872009277344
-1013.9100341796875 -350.3536071777344
-1015.8807373046875 -352.3486328125
-1017.840087890625 -353.8426208496094
-1017.1673583984375 -353.8154296875
-1018.6192016601562 -353.770263671875
-1016.9219970703125 -355.7243957519531
-1016.0755615234375 -355.00482177734375
-1017.1455688476562 -355.55633544921875
-1018.5796508789062 -354.9515075683594
-1019.986572265625 -354.2289123535156
-1017.9962768554688 -355.8462829589844
-1019.8179321289062 -354.0721740722656
-1017.8180541992188 -355.8750915527344
-1019.6548461914062 -355.72613525390625
-1020.3452758789062 -354.3206481933594
-1018.3460693359375 -356.2576904296875
-1019.0808715820312 -354.666015625
-1020.753173828125 -354.8735046386719
-1018.7667846679688 -356.865234375
-1020.4112548828125 -355.01318359375
-1018.4120483398438 -357.0035400390625
-1020.2223510742188 -355.60406494140625
-1018.22265625 -357.5808410644531
-1019.9393920898438 -358.4648742675781
-1021.9249267578125 -357.3990173339844
-1019.92724609375 -359.3440246582031
-1021.9266967773438 -361.0321960449219
-1023.9265747070312 -363.0120544433594
-1021.9367065429688 -364.9798889160156
-1023.9276123046875 -366.9737854003906
-1021.9341430664062 -368.96478271484375
-1023.9274291992188 -370.89886474609375
-1023.4981079101562 -372.8694152832031
-1025.4979248046875 -374.3902282714844
-1023.498291015625 -376.33575439453125
-1025.498291015625 -378.04327392578125
-1023.498291015625 -379.9913330078125
-1025.4964599609375 -381.7882080078125
-1023.7572021484375 -383.7876892089844
-1025.7572021484375 -385.7868347167969
-1023.7601318359375 -387.7666931152344
-1025.7574462890625 -389.7633972167969
-1023.7806396484375 -391.76129150390625
-1025.7603759765625 -393.75946044921875
-1024.034423828125 -395.75592041015625
-1022.4474487304688 -396.8786926269531
-1020.4937133789062 -398.6705322265625
-1022.4937133789062 -400.4848937988281
-1020.4954833984375 -402.47735595703125
-1022.4954833984375 -404.41473388671875
-1020.497314453125 -406.39984130859375
-1022.497314453125 -408.3788757324219
-1020.4979858398438 -410.3553161621094
-1022.4979248046875 -412.3249206542969
-1020.5899047851562 -414.29443359375
-1018.592041015625 -416.28985595703125
-1020.5905151367188 -418.28924560546875
-1018.6056518554688 -420.2852783203125
-1020.6056518554688 -422.27947998046875
-1022.6056518554688 -424.27117919921875
-1020.6092529296875 -426.2264099121094
-1022.6091918945312 -428.2253723144531
-1020.6093139648438 -430.1485900878906
-1018.6110229492188 -432.08154296875
-1020.6110229492188 -434.0763244628906
-1018.62548828125 -436.0433349609375
-1020.62548828125 -438.0390625
-1018.63330078125 -440.0362548828125
-1020.6332397460938 -442.03375244140625
-1022.6332397460938 -444.0145568847656
-1020.635498046875 -445.7979736328125
-1022.635498046875 -447.7594909667969
-1020.7266235351562 -449.75738525390625
-1022.7266235351562 -451.7469787597656
-1020.7343139648438 -453.7287902832031
-1022.7341918945312 -455.7275695800781
-1020.78662109375 -457.7170104980469
-1022.78662109375 -459.7139587402344
-1020.804443359375 -460.216064453125
-1022.8043823242188 -462.2154541015625
-1020.8154907226562 -464.19635009765625
-1022.8154907226562 -466.1922912597656
-1021.0379638671875 -468.17779541015625
-1023.0379028320312 -469.9292297363281
-1021.8975219726562 -471.9053955078125
-1020.07275390625 -473.88995361328125
-1022.0725708007812 -475.8872375488281
-1020.7022705078125 -477.88287353515625
-1021.842041015625 -479.7716064453125
-1023.75341796875 -481.691650390625
-1025.699951171875 -483.6812438964844
