-1048.2659912109375 -302.8743591308594
-1046.266845703125 -304.8540344238281
-1048.2667236328125 -306.8382263183594
-1047.110595703125 -308.73712158203125
-1045.4251708984375 -310.6214904785156
-1043.4661865234375 -311.9622802734375
-1041.4669189453125 -313.4059143066406
-1039.47021484375 -313.5932312011719
-1037.47021484375 -315.010986328125
-1035.473876953125 -314.6009216308594
-1033.490966796875 -314.1167907714844
-1031.4921875 -313.1258239746094
-1029.4989013671875 -314.925048828125
-1027.4990234375 -313.7520446777344
-1025.4993896484375 -314.4624328613281
-1023.4995727539062 -313.650390625
-1024.7008056640625 -315.5894775390625
-1022.7008666992188 -316.7936096191406
-1020.7011108398438 -318.6630554199219
-1018.7022705078125 -320.6600646972656
-1016.7037353515625 -322.63739013671875
-1018.70361328125 -324.6128845214844
-1016.7086181640625 -326.6025695800781
-1018.70849609375 -328.59625244140625
-1016.7095947265625 -330.3720397949219
-1018.7095336914062 -332.3712158203125
-1016.7107543945312 -334.0384826660156
-1018.7106323242188 -336.0376281738281
-1016.7186889648438 -337.9452209472656
-1018.7186889648438 -339.9444885253906
-1016.739990234375 -341.86614990234375
-1014.762451171875 -343.71826171875
-1016.7623901367188 -345.7151794433594
-1014.76513671875 -347.7087097167969
-1016.7650756835938 -349.70849609375
-1014.775146484375 -351.12957763671875
-1016.7750854492188 -353.1295166015625
-1018.3323364257812 -354.7604675292969
-1019.5294799804688 -355.3929748535156
-1021.444580078125 -357.034912109375
-1019.4463500976562 -359.0267028808594
-1020.5109252929688 -359.5348815917969
-1022.510498046875 -360.8980407714844
-1020.5135498046875 -362.82818603515625
-1022.4122924804688 -364.81854248046875
-1024.400390625 -366.8124084472656
-1022.4680786132812 -368.8019104003906
-1024.4677734375 -370.8003234863281
-1023.578369140625 -372.7298583984375
-1025.577392578125 -374.72900390625
-1023.5782470703125 -376.7243957519531
-1025.578125 -378.7200012207031
-1023.5790405273438 -380.7099304199219
-1025.5784912109375 -382.7073669433594
-1024.422119140625 -384.6878662109375
-1026.422119140625 -386.6856994628906
-1024.4906005859375 -388.6736755371094
-1022.5079956054688 -390.6500549316406
-1024.4979248046875 -392.6469421386719
-1022.5689086914062 -394.6236877441406
-1024.5369873046875 -396.6169128417969
-1022.8441772460938 -396.1055908203125
-1020.8676147460938 -396.2767028808594
-1018.8926391601562 -397.79486083984375
-1020.892578125 -399.75115966796875
-1018.9039306640625 -401.7402038574219
-1020.90380859375 -403.736572265625
-1018.96044921875 -405.65753173828125
-1020.96044921875 -407.65655517578125
-1018.966064453125 -409.2617492675781
-1020.9660034179688 -411.2397766113281
-1018.9779052734375 -412.86871337890625
-1020.9776611328125 -414.86224365234375
-1019.0044555664062 -416.00531005859375
-1021.00439453125 -418.0033874511719
-1019.0860595703125 -419.864990234375
-1021.0859985351562 -421.86395263671875
-1019.3262329101562 -423.82049560546875
-1021.3261108398438 -425.810791015625
-1019.4713134765625 -427.59197998046875
-1021.4712524414062 -429.5917053222656
-1019.6414184570312 -431.3969421386719
-1021.64013671875 -433.3907470703125
-1019.6443481445312 -435.2925720214844
-1021.644287109375 -437.289306640625
-1019.6693725585938 -438.5345153808594
-1021.6693115234375 -440.52252197265625
-1022.02685546875 -442.4819030761719
-1020.1529541015625 -443.8793029785156
-1022.1514282226562 -445.8786315917969
-1020.2096557617188 -447.7844543457031
-1022.2095947265625 -449.7625427246094
-1020.489013671875 -451.748779296875
-1022.4857177734375 -453.7222900390625
-1020.8648681640625 -455.2694396972656
-1022.86474609375 -457.2386779785156
-1021.3054809570312 -459.0126647949219
-1023.30517578125 -460.99993896484375
-1021.4396362304688 -462.0555114746094
-1023.4390258789062 -464.0318298339844
-1021.6344604492188 -462.4125061035156
-1023.634033203125 -464.3897399902344
-1021.7987670898438 -463.26373291015625
-1023.7987670898438 -465.09722900390625
-1021.9229736328125 -466.583251953125
-1021.0623168945312 -468.3610534667969
-1023.0620727539062 -470.30218505859375
-1021.6990966796875 -472.2061462402344
-1023.6982421875 -474.2030944824219
-1023.4686889648438 -475.7326354980469
-1025.0736083984375 -477.7062683105469
-1026.0703125 -479.3846435546875
-1026.607666015625 -481.379150390625
