-1048.2825927734375 -303.0093078613281
-1046.3253173828125 -304.9132385253906
-1048.318603515625 -306.9110107421875
-1049.6903076171875 -308.53533935546875
-1050.404296875 -310.3582458496094
-1051.4630126953125 -311.3318176269531
-1049.6202392578125 -312.38555908203125
-1047.719970703125 -312.4160461425781
-1045.760498046875 -313.5299072265625
-1045.6898193359375 -311.730712890625
-1043.752685546875 -310.2095947265625
-1042.1201171875 -311.1481018066406
-1041.0255126953125 -309.345458984375
-1042.9658203125 -308.7322082519531
-1042.20458984375 -308.8905944824219
-1041.458740234375 -309.654541015625
-1039.709228515625 -310.7840270996094
-1041.00048828125 -310.87042236328125
-1040.364990234375 -312.7657165527344
-1041.990478515625 -312.1621398925781
-1040.8046875 -311.52508544921875
-1038.8797607421875 -311.9059143066406
-1037.9749755859375 -313.6919250488281
-1036.8118896484375 -314.3611145019531
-1035.31982421875 -312.6221923828125
-1033.4088134765625 -313.7928466796875
-1031.4539794921875 -313.03887939453125
-1031.7401123046875 -312.2226257324219
-1030.1561279296875 -310.52410888671875
-1028.2967529296875 -312.5018310546875
-1027.1817626953125 -313.4952697753906
-1025.614501953125 -312.873046875
-1023.8333129882812 -314.85260009765625
-1022.4024658203125 -316.8277282714844
-1020.5916137695312 -318.8143615722656
-1018.6002197265625 -320.8044128417969
-1016.6349487304688 -322.7843322753906
-1018.5463256835938 -324.78411865234375
-1016.56396484375 -326.739501953125
-1018.561279296875 -328.72314453125
-1018.34326171875 -330.7098693847656
-1016.5367431640625 -332.6755676269531
-1018.5269775390625 -334.67401123046875
-1016.7709350585938 -336.4422607421875
-1018.6959838867188 -338.42974853515625
-1016.77197265625 -340.4263916015625
-1014.8665771484375 -342.3854064941406
-1016.8643798828125 -344.3367919921875
-1014.8851318359375 -346.20947265625
-1016.8768920898438 -348.1556091308594
-1014.8822021484375 -350.1490478515625
-1016.8679809570312 -352.1026306152344
-1018.3142700195312 -353.113525390625
-1017.1084594726562 -355.08721923828125
-1018.146728515625 -355.1444396972656
-1020.0498657226562 -353.3914794921875
-1018.294677734375 -355.1802978515625
-1019.9371948242188 -354.1515808105469
-1017.9429321289062 -356.0875244140625
-1019.3655395507812 -357.2353820800781
-1020.4217529296875 -355.5362854003906
-1021.3141479492188 -357.5296630859375
-1019.3167724609375 -359.4819030761719
-1021.269775390625 -359.5195007324219
-1023.262451171875 -361.3393249511719
-1021.2776489257812 -363.3360290527344
-1023.244140625 -365.04840087890625
-1021.2626953125 -366.9382629394531
-1023.1209716796875 -368.6798400878906
-1021.4716796875 -370.6304016113281
-1023.236328125 -372.36871337890625
-1025.231689453125 -374.3572692871094
-1023.2335205078125 -376.25933837890625
-1025.2332763671875 -377.9794006347656
-1023.3574829101562 -379.6910095214844
-1025.357177734375 -381.6260986328125
-1023.380859375 -383.6201171875
-1025.3697509765625 -385.59844970703125
-1023.4039306640625 -387.47760009765625
-1025.3939208984375 -389.459716796875
-1024.613525390625 -391.3085021972656
-1022.9204711914062 -393.1500244140625
-1023.2982788085938 -395.1343994140625
-1022.8902587890625 -394.7755432128906
-1021.3726806640625 -395.1907653808594
-1023.08984375 -397.1828308105469
-1021.4075927734375 -398.3626403808594
-1019.4219360351562 -398.7558288574219
-1021.4155883789062 -400.7201843261719
-1019.4164428710938 -402.0176696777344
-1021.4094848632812 -403.6083984375
-1019.4271850585938 -405.5852355957031
-1021.425537109375 -406.43170166015625
-1019.4759521484375 -408.251220703125
-1021.4750366210938 -410.21929931640625
-1019.4828491210938 -411.9019775390625
-1021.4786987304688 -413.77655029296875
-1019.479736328125 -415.6297912597656
-1021.4779663085938 -417.52618408203125
-1019.4835205078125 -418.85845947265625
-1021.4769287109375 -420.83685302734375
-1019.5007934570312 -422.81060791015625
-1021.4967041015625 -424.73046875
-1019.5006713867188 -426.1005859375
-1021.4974975585938 -427.88861083984375
-1019.5116577148438 -427.6745910644531
-1021.5009155273438 -428.86798095703125
-1019.5171508789062 -430.5497131347656
-1021.4888916015625 -432.3472595214844
-1019.6354370117188 -434.0077819824219
-1021.6336059570312 -435.71533203125
-1019.6594848632812 -437.4596252441406
-1021.6585693359375 -438.511474609375
-1019.7286987304688 -439.86627197265625
-1021.4479370117188 -441.7980041503906
-1019.4973754882812 -442.8387145996094
-1021.494384765625 -444.8260192871094
-1019.8248291015625 -446.3131103515625
-1021.772216796875 -447.4509582519531
-1019.8313598632812 -448.7562255859375
-1021.8284301757812 -450.71929931640625
-1019.8345947265625 -452.62896728515625
-1021.8170166015625 -454.5960693359375
-1023.7036743164062 -456.4484558105469
-1021.8643798828125 -458.14251708984375
-1023.8529052734375 -459.49603271484375
-1021.9204711914062 -461.0269470214844
-1020.2749633789062 -462.7627868652344
-1022.2685546875 -464.0883483886719
-1020.27392578125 -464.4390869140625
-1022.2728881835938 -466.4035339355469
-1020.47314453125 -467.2852783203125
-1022.3310546875 -469.2174377441406
-1020.3997192382812 -470.92181396484375
-1022.2241821289062 -472.88983154296875
-1021.492919921875 -474.302001953125
-1023.040283203125 -475.8744201660156
-1021.33203125 -477.6182861328125
-1021.6651611328125 -479.6163024902344
-1023.0526733398438 -481.5887145996094
-1021.7882690429688 -483.53643798828125
-1023.1321411132812 -485.5281982421875
