-1048.2825927734375 -302.9894714355469
-1046.3150634765625 -304.9597473144531
-1048.309814453125 -306.9490051269531
-1047.163818359375 -307.9434509277344
-1048.434326171875 -309.82806396484375
-1048.56884765625 -311.2662658691406
-1047.051513671875 -310.9283752441406
-1046.339111328125 -310.57635498046875
-1047.008544921875 -312.3180236816406
-1046.849609375 -312.2330322265625
-1045.0665283203125 -311.40899658203125
-1043.3236083984375 -310.76263427734375
-1041.847900390625 -311.8248596191406
-1041.9871826171875 -312.6539306640625
-1043.6553955078125 -312.5924987792969
-1042.07470703125 -312.348388671875
-1042.4766845703125 -313.1557312011719
-1041.146728515625 -311.8604736328125
-1041.2431640625 -311.8228454589844
-1039.8646240234375 -312.5911865234375
-1039.2183837890625 -313.4132995605469
-1040.58642578125 -314.7582702636719
-1040.8572998046875 -313.5033874511719
-1039.087158203125 -313.6001281738281
-1038.0687255859375 -313.7767333984375
-1036.41650390625 -312.17852783203125
-1035.17529296875 -311.21539306640625
-1034.15380859375 -312.4602355957031
-1034.555908203125 -311.3240051269531
-1032.958740234375 -312.30999755859375
-1033.1072998046875 -313.5873107910156
-1032.29443359375 -311.9599609375
-1033.4310302734375 -313.7130432128906
-1031.4471435546875 -314.54046630859375
-1030.91162109375 -315.8644714355469
-1031.2412109375 -314.5384826660156
-1030.659912109375 -312.9911193847656
-1028.831787109375 -312.0491638183594
-1028.8480224609375 -313.8258361816406
-1028.07861328125 -313.1935119628906
-1027.5538330078125 -314.2169189453125
-1025.8013916015625 -314.2008361816406
-1024.5711669921875 -314.0732727050781
-1022.6531982421875 -315.703857421875
-1020.8648681640625 -317.4901123046875
-1018.883544921875 -319.31744384765625
-1019.1616821289062 -321.2902526855469
-1017.3099365234375 -323.15301513671875
-1015.3673095703125 -324.9334716796875
-1017.3653564453125 -326.8981628417969
-1015.4085693359375 -328.5245056152344
-1017.4078979492188 -330.50543212890625
-1015.4912719726562 -332.45361328125
-1017.4887084960938 -334.4413757324219
-1015.5866088867188 -336.283447265625
-1017.5708618164062 -338.28009033203125
-1015.6837768554688 -340.2298889160156
-1017.6589965820312 -342.2178649902344
-1015.8059692382812 -343.7124328613281
-1017.708984375 -345.6142883300781
-1015.718994140625 -347.495361328125
-1013.7518310546875 -349.3678894042969
-1015.7492065429688 -351.3200378417969
-1016.1661376953125 -353.12628173828125
-1017.4404296875 -354.9564208984375
-1016.3961181640625 -355.67376708984375
-1017.0509643554688 -356.4173889160156
-1018.6612548828125 -356.3089294433594
-1019.460693359375 -356.671875
-1017.99072265625 -356.1361389160156
-1018.9637451171875 -356.94793701171875
-1020.517822265625 -357.5948791503906
-1020.6818237304688 -357.0975036621094
-1022.192626953125 -358.07025146484375
-1020.2196044921875 -360.01422119140625
-1022.1827392578125 -359.0713806152344
-1020.18505859375 -360.5383605957031
-1021.91015625 -359.2820739746094
-1019.928466796875 -361.18292236328125
-1021.9076538085938 -361.3953552246094
-1023.8995971679688 -362.6598815917969
-1021.9158325195312 -364.5648193359375
-1023.9149169921875 -366.3630065917969
-1021.9220581054688 -367.85321044921875
-1023.9181518554688 -368.35260009765625
-1021.946533203125 -370.00616455078125
-1023.9464111328125 -371.894287109375
-1022.0047607421875 -373.8773193359375
-1024.004150390625 -375.8199462890625
-1022.1240844726562 -376.9655456542969
-1024.1220703125 -378.5419921875
-1022.2102661132812 -380.26470947265625
-1024.2081298828125 -382.1722717285156
-1022.2141723632812 -384.0289001464844
-1024.2122802734375 -385.9050598144531
-1026.2066650390625 -387.8022155761719
-1024.260498046875 -389.730712890625
-1026.2557373046875 -391.7139587402344
-1024.25634765625 -393.7060546875
-1026.189453125 -395.7000732421875
-1024.47998046875 -397.5882263183594
-1023.7446899414062 -397.1238708496094
-1025.0926513671875 -399.0329895019531
-1024.428466796875 -399.41900634765625
-1022.4492797851562 -401.22119140625
-1020.4647216796875 -403.0084533691406
-1022.4630126953125 -404.99761962890625
-1020.4808959960938 -406.9748229980469
-1022.4801635742188 -408.9080810546875
-1020.4844970703125 -410.86676025390625
-1022.4841918945312 -412.860107421875
-1020.5093383789062 -414.740478515625
-1022.5081176757812 -416.71514892578125
-1020.54052734375 -418.71038818359375
-1018.541259765625 -420.62646484375
-1020.5405883789062 -422.6170349121094
-1022.5398559570312 -424.6022644042969
-1020.606201171875 -426.56219482421875
-1022.5996704101562 -428.556396484375
-1020.6111450195312 -430.2705383300781
-1018.680419921875 -432.1656799316406
-1020.6749877929688 -433.99493408203125
-1018.7501220703125 -435.090087890625
-1020.7443237304688 -437.04742431640625
-1018.7843017578125 -438.92376708984375
-1020.7838745117188 -440.89569091796875
-1022.7838745117188 -442.8873291015625
-1020.8187255859375 -444.6676330566406
-1022.8031616210938 -446.6195068359375
-1020.8359375 -448.22601318359375
-1022.83544921875 -450.2209167480469
-1020.8912353515625 -452.14013671875
-1022.874755859375 -454.10699462890625
-1020.9046630859375 -453.469970703125
-1022.9044799804688 -455.3406982421875
-1021.229736328125 -456.3680725097656
-1023.228515625 -458.36334228515625
-1021.3580932617188 -460.00494384765625
-1023.3577270507812 -461.9809265136719
-1021.660888671875 -463.6545104980469
-1023.638427734375 -465.6534118652344
-1021.6483154296875 -466.73907470703125
-1023.6470947265625 -468.7110595703125
-1021.8849487304688 -470.64788818359375
-1021.6041259765625 -472.1304931640625
-1023.5988159179688 -474.1117248535156
-1022.66552734375 -476.0975036621094
-1020.8271484375 -478.0939025878906
-1022.7958984375 -480.08392333984375
-1022.5420532226562 -482.0683288574219
-1021.3475952148438 -484.0667419433594
-1021.2174072265625 -486.06195068359375
-1023.2103271484375 -486.70977783203125
