-1032.0440673828125 -215.34860229492188
-1030.0494384765625 -217.13442993164062
-1028.0494384765625 -216.0870819091797
-1026.049560546875 -214.09666442871094
-1024.0496826171875 -216.0281982421875
-1022.0501098632812 -214.54940795898438
-1020.0503540039062 -216.54061889648438
-1018.0503540039062 -214.82363891601562
-1016.0510864257812 -212.8619842529297
-1014.0512084960938 -214.851318359375
-1012.0579833984375 -213.02626037597656
-1010.6612548828125 -214.63238525390625
-1008.6613159179688 -213.22962951660156
-1006.6655883789062 -215.19618225097656
-1004.6655883789062 -213.9565887451172
-1002.6685180664062 -215.89376831054688
-1000.6685791015625 -217.5465087890625
-998.6804809570312 -217.1579132080078
-996.6807250976562 -216.510986328125
-994.6845703125 -214.5631103515625
-992.6984252929688 -216.24545288085938
-990.6984252929688 -214.33267211914062
-988.7017822265625 -215.3051300048828
-986.7024536132812 -217.30389404296875
-984.7024536132812 -215.43165588378906
-982.7055053710938 -217.42935180664062
-980.7056274414062 -218.1507568359375
-978.7059326171875 -217.17408752441406
-976.7177124023438 -215.5380401611328
-974.7337646484375 -217.5265655517578
-972.7340698242188 -215.785888671875
-970.7341918945312 -217.77137756347656
-968.7343139648438 -216.03977966308594
-966.7344360351562 -215.11305236816406
-964.7347412109375 -217.1123046875
-962.7347412109375 -217.29147338867188
-960.7347412109375 -218.3740997314453
-958.7349243164062 -217.9139862060547
-956.7352294921875 -218.04006958007812
-954.7352294921875 -220.01412963867188
-952.7355346679688 -221.22215270996094
-950.7355346679688 -223.1962432861328
-948.735595703125 -224.72000122070312
-946.735595703125 -226.58477783203125
-948.7323608398438 -228.58346557617188
-946.732421875 -230.5753173828125
-944.732421875 -231.03213500976562
-946.7322998046875 -233.01783752441406
-948.732177734375 -234.9283447265625
-946.7322387695312 -236.9064178466797
-948.73193359375 -238.90524291992188
-946.73193359375 -240.82913208007812
-948.7318115234375 -242.63572692871094
-946.7318115234375 -244.6262664794922
-948.7279052734375 -246.58177185058594
-946.728271484375 -248.5808868408203
-948.727783203125 -250.40158081054688
-946.72802734375 -252.38526916503906
-948.7266845703125 -254.3812255859375
-946.7267456054688 -256.37835693359375
-948.7266845703125 -258.34979248046875
-946.726806640625 -260.3377685546875
-948.7255249023438 -262.31378173828125
-946.7255859375 -264.1761474609375
-948.724365234375 -266.1744689941406
-946.7244262695312 -267.7737731933594
-948.7244262695312 -269.757568359375
-946.7252197265625 -271.6383972167969
-948.7239990234375 -273.63372802734375
-946.7251586914062 -275.6277770996094
-948.7246704101562 -277.0877990722656
-946.724853515625 -279.0768127441406
-948.7230834960938 -281.0740966796875
-946.7285766601562 -282.91253662109375
-948.7213745117188 -284.803955078125
-946.721435546875 -286.77093505859375
-948.721435546875 -288.5089416503906
-946.7216186523438 -290.3050842285156
-948.7215576171875 -291.40765380859375
-946.7227172851562 -293.35272216796875
-948.7225952148438 -295.3438720703125
-946.7244262695312 -297.33453369140625
-948.724365234375 -299.30877685546875
-946.7259521484375 -301.2791442871094
-948.7250366210938 -303.029052734375
-946.7328491210938 -304.9709777832031
-948.73193359375 -306.7004699707031
-946.7557373046875 -308.69244384765625
-948.7529296875 -310.45489501953125
-946.753662109375 -312.45404052734375
-948.753173828125 -314.42041015625
-946.998046875 -316.4203796386719
-948.998046875 -318.3790283203125
-947.0054931640625 -320.3747253417969
-949.00537109375 -322.3370361328125
-947.005615234375 -324.3163146972656
-949.005615234375 -326.30029296875
-947.0061645507812 -328.16290283203125
-949.0049438476562 -330.14947509765625
-947.0128784179688 -332.1220703125
-949.0116577148438 -334.11773681640625
-947.0140991210938 -336.0676574707031
-949.013427734375 -338.0650634765625
-947.0767211914062 -340.01171875
-949.0750122070312 -341.9757080078125
-947.0775756835938 -343.84429931640625
-949.0771484375 -345.7695007324219
-947.0775756835938 -347.7001037597656
-949.0775146484375 -349.6939697265625
-949.5016479492188 -351.6392822265625
-947.5372314453125 -353.4503173828125
-949.5347290039062 -355.4490051269531
-947.8756103515625 -357.43988037109375
-949.87548828125 -359.36224365234375
-947.9447631835938 -361.3119201660156
-949.9447021484375 -363.2836608886719
-948.1580200195312 -365.191162109375
-946.5401000976562 -367.1773986816406
-948.5387573242188 -369.1715087890625
-946.7428588867188 -370.8746337890625
-948.7427368164062 -372.76312255859375
-947.3538818359375 -374.762939453125
-945.3544921875 -376.69989013671875
-947.3526611328125 -378.6916198730469
-949.351806640625 -380.54119873046875
-947.3861083984375 -382.5372009277344
-949.3861083984375 -384.5155944824219
-948.4317626953125 -386.4549865722656
-946.4920654296875 -388.45050048828125
-948.4913940429688 -390.4485778808594
-946.8023071289062 -392.43243408203125
-948.802001953125 -394.40838623046875
-950.4931030273438 -396.40802001953125
-948.5750732421875 -396.6905822753906
-946.6920166015625 -397.89349365234375
-948.6919555664062 -399.8679504394531
-946.7094116210938 -401.61962890625
-948.7094116210938 -403.41046142578125
-946.7189331054688 -405.4049377441406
-948.7174072265625 -406.3642272949219
-946.8915405273438 -408.3543395996094
-948.891357421875 -408.68365478515625
-948.186767578125 -410.6741638183594
-950.1865844726562 -412.5963134765625
-948.322021484375 -414.5904235839844
-950.3216552734375 -416.2694396972656
-948.3216552734375 -418.2587890625
-950.3215942382812 -420.22918701171875
-948.4678955078125 -422.2191467285156
-950.4654541015625 -424.19134521484375
-950.6593017578125 -426.147705078125
-951.9669799804688 -427.9783020019531
-950.3577880859375 -429.9490051269531
-950.7494506835938 -431.9482421875
-951.662353515625 -433.92266845703125
-952.2289428710938 -435.8985595703125
-950.5939331054688 -437.85772705078125
-949.0675048828125 -439.8230285644531
-949.99853515625 -441.6454162597656
-950.9089965820312 -443.6375732421875
-952.6989135742188 -445.623779296875
-954.288330078125 -447.5396728515625
-955.7342529296875 -449.372314453125
-956.1507568359375 -451.0387878417969
-954.3125610351562 -452.7272033691406
-954.73876953125 -454.7037353515625
-953.8800659179688 -456.6450500488281
-955.4197998046875 -458.6418762207031
-957.3837280273438 -460.64178466796875
-956.6819458007812 -462.598388671875
-956.3956909179688 -464.58563232421875
-958.2744140625 -465.9515075683594
-960.0618286132812 -467.8994445800781
-961.9756469726562 -469.7197570800781
-963.697265625 -471.5399475097656
-964.5078125 -473.5306396484375
-965.5099487304688 -475.52435302734375
-966.2051391601562 -477.5220947265625
-968.190673828125 -479.5218505859375
-970.1904296875 -481.5216979980469
-972.1703491210938 -483.52166748046875
-974.1695556640625 -485.5215148925781
-976.1676025390625 -487.5215148925781
-978.1676025390625 -489.5215148925781
-980.1673583984375 -487.5559387207031
-982.1673583984375 -489.5559387207031
-984.1672973632812 -487.94036865234375
-986.1672973632812 -489.94036865234375
-988.167236328125 -487.9656677246094
-990.167236328125 -489.9656677246094
-992.167236328125 -487.9745788574219
-994.1671752929688 -489.9745788574219
-996.1668701171875 -488.06390380859375
-998.1668701171875 -490.06390380859375
-1000.1666870117188 -488.081787109375
-1002.1666259765625 -490.0817565917969
-1004.1666259765625 -489.3690490722656
-1006.1666259765625 -487.451171875
-1008.1666259765625 -489.451171875
-1010.16650390625 -489.4174499511719
-1012.1663818359375 -488.8240661621094
-1014.1663208007812 -487.70587158203125
-1016.165283203125 -486.886474609375
-1018.1651000976562 -484.92425537109375
-1020.1651000976562 -486.92425537109375
-1022.1650390625 -485.7669982910156
