-1032.0560302734375 -215.0303497314453
-1030.1121826171875 -216.48892211914062
-1028.115966796875 -214.71575927734375
-1027.64013671875 -215.05490112304688
-1025.9595947265625 -216.7877197265625
-1023.9772338867188 -215.0211944580078
-1021.994873046875 -216.2891845703125
-1020.011474609375 -216.5625762939453
-1018.0335693359375 -215.0582275390625
-1016.0929565429688 -213.22402954101562
-1014.1192626953125 -215.202392578125
-1012.121826171875 -213.4693603515625
-1010.1228637695312 -213.42869567871094
-1010.03955078125 -214.1156463623047
-1008.0774536132812 -214.7373809814453
-1006.0791015625 -213.19200134277344
-1004.8507690429688 -214.87210083007812
-1002.9235229492188 -216.67405700683594
-1000.927490234375 -218.58094787597656
-998.9658203125 -217.81651306152344
-997.1146240234375 -216.313232421875
-995.1239624023438 -218.25279235839844
-993.1380615234375 -218.80836486816406
-991.1500244140625 -219.29443359375
-989.1587524414062 -221.1098175048828
-987.1619873046875 -220.88882446289062
-985.1719970703125 -218.93026733398438
-983.1921997070312 -218.4216766357422
-981.1927490234375 -218.9043731689453
-979.1978149414062 -220.71484375
-977.2694702148438 -222.27853393554688
-975.28515625 -220.50225830078125
-973.2879028320312 -222.15440368652344
-971.2890625 -221.1239471435547
-969.2901000976562 -222.84617614746094
-967.3302001953125 -222.0968475341797
-965.3307495117188 -223.034912109375
-963.33154296875 -224.89035034179688
-961.3321533203125 -226.1004180908203
-959.3321533203125 -228.08815002441406
-957.3325805664062 -229.10520935058594
-955.3328857421875 -231.02496337890625
-953.3328857421875 -233.0233154296875
-951.3328857421875 -234.9857177734375
-949.333251953125 -236.974853515625
-947.33349609375 -238.96339416503906
-945.33349609375 -240.96102905273438
-947.3052368164062 -242.96083068847656
-945.3052368164062 -244.94517517089844
-947.302734375 -246.9290771484375
-949.27783203125 -248.92556762695312
-947.2785034179688 -250.9049530029297
-949.2735595703125 -252.9047393798828
-947.273681640625 -254.8765106201172
-945.27587890625 -256.85809326171875
-947.2680053710938 -258.8550109863281
-949.2544555664062 -260.8531494140625
-947.254638671875 -262.6880798339844
-949.2495727539062 -264.6878662109375
-947.2496948242188 -266.68536376953125
-945.2528076171875 -268.55206298828125
-947.2401733398438 -270.55194091796875
-945.2402954101562 -272.550048828125
-947.218994140625 -274.5498046875
-945.2198486328125 -276.53753662109375
-947.2183837890625 -278.537353515625
-945.2183837890625 -280.5128479003906
-947.213134765625 -282.512451171875
-945.213134765625 -284.5066223144531
-947.197021484375 -286.50439453125
-949.1963500976562 -288.5042419433594
-947.1973876953125 -290.47967529296875
-949.083984375 -292.4782409667969
-947.0841064453125 -294.2543640136719
-948.6555786132812 -296.253662109375
-946.6568603515625 -298.2526550292969
-948.6473388671875 -300.24542236328125
-946.6512451171875 -302.2302551269531
-948.6398315429688 -304.2272033691406
-946.6422119140625 -306.1299743652344
-948.6340942382812 -308.1297607421875
-946.6353759765625 -310.0876770019531
-948.5517578125 -312.08673095703125
-946.5521850585938 -314.0823669433594
-948.5426025390625 -316.0822448730469
-946.542724609375 -317.91204833984375
-948.38232421875 -319.91131591796875
-950.3793334960938 -321.9109802246094
-948.380859375 -323.8808898925781
-950.3739013671875 -325.8807678222656
-948.3742065429688 -327.8724060058594
-950.3590698242188 -329.8723449707031
-948.3643188476562 -331.85107421875
-950.3378295898438 -333.84613037109375
-948.3387451171875 -335.8422546386719
-946.3397216796875 -337.8399658203125
-948.3365478515625 -339.8398742675781
-946.3471069335938 -341.63031005859375
-948.338134765625 -343.62982177734375
-946.3413696289062 -345.5505065917969
-948.336181640625 -347.5491943359375
-946.3530883789062 -349.5116882324219
-948.3370971679688 -351.5059509277344
-946.3433837890625 -353.4647521972656
-948.3220825195312 -355.4638671875
-950.2820434570312 -357.4627990722656
-948.3053588867188 -359.4539794921875
-946.3280639648438 -361.4256896972656
-948.269775390625 -363.4251403808594
-946.2771606445312 -365.3169860839844
-947.938720703125 -367.3165588378906
-949.8463134765625 -369.31646728515625
-947.8590698242188 -371.29730224609375
-945.9158935546875 -373.18603515625
-947.839111328125 -375.1856994628906
-945.8521118164062 -377.1845703125
-947.6943359375 -379.18035888671875
-945.7010498046875 -381.177734375
-947.6918334960938 -383.1770935058594
-949.6865234375 -385.1767883300781
-948.25537109375 -387.17486572265625
-946.3344116210938 -389.17254638671875
-948.32373046875 -391.1724548339844
-947.0032958984375 -393.1026611328125
-949.0018920898438 -395.1015930175781
-947.3456420898438 -397.0923767089844
-945.485595703125 -399.08795166015625
-947.461181640625 -401.0870666503906
-945.7412109375 -403.086181640625
-947.73486328125 -405.0819396972656
-949.7296752929688 -407.0814208984375
-948.4805908203125 -409.0806579589844
-950.4601440429688 -411.0798645019531
-950.1424560546875 -413.0747985839844
-948.3297119140625 -414.917724609375
-950.3202514648438 -416.9099426269531
-950.1860961914062 -418.8825378417969
-949.8158569335938 -420.8672790527344
-951.798583984375 -422.8670959472656
-950.1806640625 -424.86309814453125
-950.802978515625 -426.69573974609375
-950.2581787109375 -428.421875
-951.5892333984375 -430.3966064453125
-950.4200439453125 -432.38507080078125
-949.850341796875 -434.34197998046875
-950.5658569335938 -435.61962890625
-952.4447631835938 -437.5753173828125
-953.3512573242188 -439.5252990722656
-954.9882202148438 -441.49920654296875
-956.1588745117188 -443.49676513671875
-957.8132934570312 -445.4808044433594
-959.4364624023438 -447.46453857421875
-957.7887573242188 -449.4625244140625
-956.611083984375 -451.46002197265625
-956.885986328125 -453.2799377441406
-958.8013305664062 -455.2702331542969
-960.6341552734375 -457.26824951171875
-962.1043701171875 -459.2654113769531
-963.2678833007812 -461.26483154296875
-962.2345581054688 -463.1764221191406
-964.0106811523438 -465.1719055175781
-962.5897827148438 -467.16998291015625
-964.544921875 -469.1686706542969
-963.3673706054688 -471.1656494140625
-965.3121948242188 -473.1573486328125
-966.3525390625 -475.15277099609375
-964.9254760742188 -477.1517028808594
-965.8092041015625 -479.1505432128906
-967.7573852539062 -481.145751953125
-969.713623046875 -483.1455383300781
-971.711669921875 -485.1336364746094
-973.7075805664062 -487.11529541015625
-975.7059936523438 -489.08807373046875
-977.705810546875 -491.02813720703125
-979.705810546875 -492.27142333984375
-981.705810546875 -493.9988708496094
-983.705810546875 -495.54327392578125
-985.705810546875 -495.900634765625
-987.705810546875 -495.22491455078125
-989.705810546875 -494.5518493652344
-991.705810546875 -496.26519775390625
-993.705810546875 -495.28814697265625
-995.705810546875 -497.1219787597656
-997.7057495117188 -498.2807922363281
-999.7057495117188 -497.8135070800781
-1001.7057495117188 -498.10406494140625
-1003.7056884765625 -497.5711975097656
-1005.7056274414062 -498.11761474609375
-1007.7055053710938 -499.24334716796875
-1009.705322265625 -498.477294921875
-1011.6641845703125 -500.41827392578125
-1011.9617309570312 -501.9143981933594
-1010.9912109375 -503.71881103515625
-1012.4556884765625 -505.6336669921875
-1013.8040161132812 -507.6177978515625
-1011.8551025390625 -509.6006774902344
-1010.9395751953125 -511.48785400390625
-1012.912109375 -511.9951171875
-1011.4690551757812 -513.9771118164062
-1013.3576049804688 -513.7633666992188
-1014.8704833984375 -515.7552490234375
-1015.1427001953125 -517.7479248046875
-1017.1388549804688 -515.9747924804688
-1018.93603515625 -517.9248657226562
-1020.928466796875 -515.931396484375
