-1032.0777587890625 -214.75537109375
-1030.1319580078125 -216.5792236328125
-1028.20263671875 -214.82041931152344
-1026.212890625 -216.1520233154297
-1024.4659423828125 -216.5171356201172
-1022.5672607421875 -214.60211181640625
-1020.569580078125 -215.68431091308594
-1019.19091796875 -214.1217041015625
-1017.1937255859375 -216.04469299316406
-1015.2130737304688 -216.8313751220703
-1013.8651123046875 -215.33804321289062
-1011.9829711914062 -216.15402221679688
-1009.9891357421875 -214.1652374267578
-1008.0100708007812 -212.2462158203125
-1006.0308227539062 -211.43519592285156
-1004.14697265625 -211.044921875
-1002.4129638671875 -212.98370361328125
-1000.4200439453125 -214.8574676513672
-999.0164184570312 -216.64122009277344
-1000.1420288085938 -214.94195556640625
-998.3651123046875 -216.86740112304688
-996.8219604492188 -214.93896484375
-994.82421875 -215.9962158203125
-992.869873046875 -214.15553283691406
-991.0242309570312 -216.136962890625
-989.1069946289062 -214.5552520751953
-987.4520263671875 -216.24102783203125
-987.3728637695312 -214.24940490722656
-985.4230346679688 -215.9154510498047
-983.5700073242188 -217.2694549560547
-981.5703125 -217.47300720214844
-979.5765991210938 -216.15997314453125
-978.8836669921875 -217.74659729003906
-977.7505493164062 -217.5529327392578
-975.8204345703125 -217.04205322265625
-973.8375244140625 -215.07659912109375
-971.8889770507812 -216.9973907470703
-969.890869140625 -215.00547790527344
-968.0033569335938 -216.99464416503906
-966.0033569335938 -215.83885192871094
-964.0126953125 -215.40737915039062
-962.01318359375 -213.43116760253906
-960.0259399414062 -215.40965270996094
-958.0263061523438 -215.058349609375
-956.02734375 -217.05735778808594
-954.02734375 -215.69369506835938
-952.0274047851562 -213.96420288085938
-950.1216430664062 -215.95864868164062
-948.1328735351562 -215.45114135742188
-950.1283569335938 -217.44683837890625
-948.12841796875 -219.24232482910156
-950.12060546875 -220.0167694091797
-948.1207275390625 -220.60244750976562
-950.1102294921875 -222.47874450683594
-948.1102294921875 -224.33895874023438
-946.1102294921875 -226.15277099609375
-948.1002807617188 -228.0675048828125
-946.1006469726562 -229.3482208251953
-948.0752563476562 -231.0310821533203
-946.0762329101562 -232.50498962402344
-948.0750122070312 -233.97927856445312
-946.0753784179688 -235.93548583984375
-948.0747680664062 -237.84866333007812
-946.0769653320312 -238.18484497070312
-948.0733642578125 -239.9536590576172
-946.0735473632812 -241.901611328125
-948.0450439453125 -243.8275146484375
-946.0462036132812 -245.69480895996094
-948.0307006835938 -247.6037139892578
-946.0328369140625 -249.602294921875
-948.0325927734375 -251.00071716308594
-946.0419311523438 -252.8206024169922
-947.5083618164062 -254.79330444335938
-945.5108032226562 -256.6166687011719
-947.5093994140625 -258.58209228515625
-945.5888671875 -260.5717468261719
-947.5737915039062 -262.56768798828125
-945.5739135742188 -264.3536376953125
-947.57177734375 -266.1972351074219
-945.5733642578125 -268.0806579589844
-947.5661010742188 -269.8306884765625
-945.5665893554688 -271.8033447265625
-947.466552734375 -272.35321044921875
-945.4667358398438 -274.3116149902344
-947.4619750976562 -276.30267333984375
-945.4652709960938 -278.29827880859375
-947.464111328125 -280.2914123535156
-945.5465087890625 -282.2540283203125
-947.5408325195312 -284.24114990234375
-945.87646484375 -286.0408935546875
-947.8741455078125 -288.037353515625
-945.9151000976562 -290.0000305175781
-947.914794921875 -291.9548034667969
-945.9495849609375 -293.7568664550781
-947.8461303710938 -295.64862060546875
-949.8397827148438 -297.5805969238281
-947.8436889648438 -299.3643798828125
-949.8245849609375 -300.76629638671875
-947.8539428710938 -302.5299072265625
-949.8538208007812 -304.4806823730469
-947.8540649414062 -306.0909423828125
-945.9573974609375 -308.0416564941406
-947.9281005859375 -310.0369873046875
-946.0017700195312 -312.0248718261719
-947.9313354492188 -314.0223693847656
-949.9296264648438 -315.8773498535156
-947.9761352539062 -317.3963928222656
-949.9578247070312 -319.3168029785156
-947.9990844726562 -317.8854064941406
-949.9912719726562 -319.8729553222656
-948.0337524414062 -321.5564270019531
-950.026123046875 -323.03399658203125
-948.0384521484375 -324.8951416015625
-950.0375366210938 -325.6838073730469
-948.0402221679688 -326.7713623046875
-950.0400390625 -328.7712707519531
-948.1129760742188 -330.7128601074219
-950.0897827148438 -332.6894836425781
-948.5707397460938 -334.6090393066406
-950.430908203125 -336.2792053222656
-948.9279174804688 -338.2207946777344
-947.269775390625 -340.09600830078125
-949.2694091796875 -341.81561279296875
-949.1357421875 -343.7872314453125
-947.4269409179688 -345.56121826171875
-949.4248046875 -347.5509033203125
-948.2764892578125 -349.5098876953125
-946.3509521484375 -351.4812927246094
-948.349609375 -353.43011474609375
-946.7059936523438 -355.27618408203125
-948.6285400390625 -357.2630920410156
-947.0670776367188 -359.09075927734375
-949.0661010742188 -360.963623046875
-949.2298583984375 -361.7113952636719
-948.218994140625 -363.3404235839844
-946.2623901367188 -365.3182067871094
-948.2410278320312 -367.3034973144531
-946.3298950195312 -368.6946716308594
-948.3291015625 -370.68402099609375
-946.3707885742188 -372.5986328125
-948.3591918945312 -374.5928039550781
-946.396484375 -376.5427551269531
-948.3964233398438 -378.53424072265625
-946.4839477539062 -380.5318603515625
-948.4835815429688 -382.48193359375
-946.4978637695312 -384.3922119140625
-948.4961547851562 -386.3874816894531
-947.815673828125 -388.32659912109375
-949.8154296875 -390.32452392578125
-950.5393676757812 -392.0919189453125
-951.5884399414062 -394.0895080566406
-950.074951171875 -396.07745361328125
-948.6126098632812 -397.97235107421875
-947.53125 -399.92486572265625
-949.054443359375 -400.825439453125
-947.6619873046875 -402.8211669921875
-947.912109375 -404.4927062988281
-946.8720092773438 -406.48626708984375
-948.8711547851562 -408.40130615234375
-950.1437377929688 -410.3927917480469
-951.430908203125 -412.3875732421875
-950.3433227539062 -414.3148498535156
-949.2197875976562 -416.2326965332031
-951.2173461914062 -418.232666015625
-951.5990600585938 -420.2269287109375
-950.08056640625 -422.17138671875
-950.2345581054688 -424.13714599609375
-951.8348388671875 -426.12359619140625
-950.0241088867188 -428.0318908691406
-950.00537109375 -429.8892517089844
-951.6685791015625 -431.79974365234375
-953.6552124023438 -433.66241455078125
-951.8428955078125 -435.6310729980469
-953.6408081054688 -437.6099548339844
-955.447021484375 -439.3429260253906
-956.7384033203125 -441.1551513671875
-957.9058227539062 -442.60968017578125
-958.8724975585938 -444.575927734375
-958.0433349609375 -444.4730529785156
-957.1475219726562 -443.7486877441406
-956.786865234375 -444.947998046875
-957.27099609375 -446.86822509765625
-955.4072265625 -447.98504638671875
-957.0721435546875 -449.968994140625
-956.479248046875 -451.8515625
-958.2897338867188 -453.7771301269531
-957.9658203125 -455.7524108886719
-959.5421752929688 -457.71624755859375
-960.52099609375 -459.7161560058594
-962.4266357421875 -461.1278381347656
-962.9334106445312 -460.7331848144531
-961.4616088867188 -462.60260009765625
-962.2655029296875 -463.0074157714844
-961.7899169921875 -464.9347229003906
-961.3394775390625 -466.8837890625
-962.513427734375 -468.78167724609375
-963.1885986328125 -469.7740783691406
-964.4924926757812 -471.6253356933594
-962.985595703125 -472.39874267578125
-963.1176147460938 -471.3390808105469
-963.2378540039062 -472.81103515625
-963.800048828125 -474.8020935058594
-963.246337890625 -476.7234802246094
-962.279052734375 -478.3953552246094
-963.7095336914062 -480.39495849609375
-965.5787963867188 -482.39471435546875
-967.5755004882812 -484.3946533203125
-968.8850708007812 -486.3946228027344
-970.8377685546875 -488.39422607421875
-972.835693359375 -490.39422607421875
-974.8312377929688 -488.4762268066406
-976.830810546875 -490.4762268066406
-978.827392578125 -488.6002197265625
-980.6808471679688 -490.6001892089844
-982.6805419921875 -488.76263427734375
-984.6804809570312 -490.76263427734375
-986.6791381835938 -488.92205810546875
-988.6504516601562 -490.9219970703125
-990.6503295898438 -491.3628845214844
-992.6478271484375 -489.5270080566406
-994.6477661132812 -487.9745788574219
-996.6475830078125 -489.9745788574219
-998.5552978515625 -488.0084533691406
-1000.5531616210938 -490.0084228515625
-1002.552978515625 -488.1459045410156
-1004.542236328125 -490.1458740234375
-1006.5419311523438 -491.25714111328125
-1008.5289916992188 -489.5019226074219
-1010.5248413085938 -488.3437194824219
-1012.5071411132812 -487.9244384765625
-1014.5059204101562 -489.1453857421875
-1016.5051879882812 -490.452392578125
-1018.50341796875 -489.6190185546875
-1020.50341796875 -490.7106018066406
