-1032.058837890625 -214.27842712402344
-1030.062255859375 -215.6945343017578
-1028.077880859375 -213.73544311523438
-1026.10009765625 -215.6431121826172
-1024.42822265625 -213.7769012451172
-1022.4573364257812 -215.45028686523438
-1020.4841918945312 -213.46725463867188
-1018.4848022460938 -214.5581512451172
-1016.4857177734375 -212.7755889892578
-1014.5415649414062 -214.73423767089844
-1012.5923461914062 -213.08023071289062
-1010.6104736328125 -211.1128692626953
-1009.0336303710938 -212.59681701660156
-1007.12158203125 -214.53346252441406
-1005.125732421875 -216.11019897460938
-1003.192626953125 -214.19088745117188
-1001.1951904296875 -216.13868713378906
-999.1952514648438 -215.8823699951172
-997.2161254882812 -214.0851593017578
-995.2323608398438 -214.6925506591797
-993.2348022460938 -216.40380859375
-991.2466430664062 -214.4346923828125
-989.2528076171875 -216.29852294921875
-987.3444213867188 -214.36695861816406
-985.499755859375 -216.18882751464844
-983.5213012695312 -216.73037719726562
-981.521484375 -216.9842071533203
-979.5242309570312 -218.10687255859375
-977.833251953125 -216.66598510742188
-975.8375854492188 -214.9513397216797
-973.8414916992188 -216.72999572753906
-971.8461303710938 -214.94290161132812
-969.8468017578125 -216.61827087402344
-967.85107421875 -214.83993530273438
-965.8551025390625 -216.82933044433594
-963.864501953125 -218.22743225097656
-961.864501953125 -218.850341796875
-959.8659057617188 -220.53778076171875
-957.8674926757812 -221.78868103027344
-955.876953125 -223.24391174316406
-953.87744140625 -224.80282592773438
-951.8779296875 -226.7757110595703
-949.8782348632812 -228.7548370361328
-947.878662109375 -230.70787048339844
-945.8790283203125 -232.6852264404297
-947.8720703125 -234.68106079101562
-945.8720703125 -236.64007568359375
-947.8471069335938 -238.58958435058594
-945.8496704101562 -240.58294677734375
-947.7380981445312 -242.5662078857422
-945.7392578125 -244.56300354003906
-947.7357177734375 -246.46875
-945.7359619140625 -248.44129943847656
-947.7354736328125 -250.42575073242188
-945.73583984375 -252.32586669921875
-947.7344970703125 -254.30862426757812
-945.736083984375 -256.2223815917969
-947.7084350585938 -258.21124267578125
-945.70849609375 -260.1467590332031
-947.7047119140625 -262.0960388183594
-945.705322265625 -264.0938720703125
-947.6065673828125 -266.0469970703125
-945.6085815429688 -268.036865234375
-947.5999755859375 -270.0271911621094
-945.6016845703125 -271.9800109863281
-947.6015014648438 -273.97540283203125
-945.6016845703125 -275.9656677246094
-947.6014404296875 -277.95599365234375
-945.6034545898438 -279.6665344238281
-947.6024169921875 -281.6397705078125
-945.605224609375 -282.73858642578125
-947.6051025390625 -284.7276611328125
-945.629150390625 -286.65167236328125
-947.6264038085938 -288.6506042480469
-945.6270141601562 -290.6263732910156
-947.626953125 -292.622314453125
-949.626953125 -294.5932922363281
-947.6304931640625 -296.5604553222656
-949.6295166015625 -298.5537109375
-947.6324462890625 -300.5206604003906
-949.6322021484375 -302.51617431640625
-947.7898559570312 -304.1363220214844
-949.7898559570312 -306.1360168457031
-947.8325805664062 -308.1233825683594
-945.8353271484375 -310.09716796875
-947.835205078125 -312.0962219238281
-945.849365234375 -314.0935974121094
-947.8492431640625 -316.0773010253906
-949.8492431640625 -318.0769958496094
-947.8964233398438 -318.149658203125
-949.8943481445312 -320.1416931152344
-947.8971557617188 -321.8651123046875
-949.8970947265625 -323.8567199707031
-947.9035034179688 -325.8236999511719
-949.9035034179688 -327.8231201171875
-947.9069213867188 -329.79437255859375
-949.9069213867188 -331.7848815917969
-947.95751953125 -333.77398681640625
-949.95751953125 -335.771728515625
-947.9615478515625 -337.7652587890625
-949.9615478515625 -339.7632751464844
-947.9662475585938 -341.5496520996094
-949.9661865234375 -343.54962158203125
-947.9734497070312 -345.5282287597656
-949.9732055664062 -347.5269470214844
-948.0459594726562 -349.4861755371094
-950.0458984375 -351.4859619140625
-948.0611572265625 -353.4749450683594
-950.0610961914062 -355.4728698730469
-948.0684204101562 -357.388427734375
-950.068359375 -359.38836669921875
-948.0901489257812 -361.3721618652344
-950.090087890625 -363.36785888671875
-948.1348266601562 -365.20574951171875
-946.1399536132812 -367.0534973144531
-948.1398315429688 -369.0498352050781
-946.1466064453125 -370.9316711425781
-948.1454467773438 -372.9300842285156
-946.1737060546875 -374.92816162109375
-948.172607421875 -376.9138488769531
-946.6485595703125 -378.89910888671875
-948.6485595703125 -380.8874206542969
-946.6637573242188 -382.8516540527344
-948.6636962890625 -384.83746337890625
-946.7257690429688 -386.7605895996094
-948.7257080078125 -388.75372314453125
-947.409912109375 -390.7232360839844
-949.4098510742188 -392.72259521484375
-948.105224609375 -394.7186584472656
-946.2865600585938 -396.70263671875
-948.285888671875 -398.7003173828125
-949.0557861328125 -400.43975830078125
-950.7041625976562 -402.35400390625
-950.8663330078125 -404.3208312988281
-949.458984375 -406.2427673339844
-947.9257202148438 -408.01556396484375
-949.9257202148438 -409.98992919921875
-948.0149536132812 -411.9764404296875
-950.014892578125 -413.9627685546875
-948.2435913085938 -415.80584716796875
-950.2433471679688 -417.799072265625
-949.0719604492188 -419.7079772949219
-951.0706176757812 -421.70159912109375
-952.341064453125 -423.69366455078125
-950.92626953125 -425.2983703613281
-952.0496215820312 -427.24737548828125
-951.6076049804688 -429.2159118652344
-951.4435424804688 -431.0858459472656
-952.5733032226562 -433.0659484863281
-953.6188354492188 -434.79998779296875
-953.6676025390625 -436.5914001464844
-955.0509033203125 -438.54400634765625
-956.46923828125 -440.3909912109375
-955.5802612304688 -442.3125305175781
-956.0362548828125 -444.3031311035156
-955.825927734375 -445.9307556152344
-957.44921875 -447.06085205078125
-957.7271118164062 -449.01495361328125
-958.423095703125 -450.83502197265625
-956.79248046875 -452.749755859375
-958.0563354492188 -454.7201232910156
-960.0098266601562 -456.697998046875
-960.700439453125 -458.6748352050781
-960.856201171875 -460.59124755859375
-959.9815063476562 -461.9593200683594
-961.4622192382812 -463.8788146972656
-963.1810302734375 -463.9779357910156
-963.9366455078125 -465.9720153808594
-964.3726196289062 -467.81195068359375
-965.4703369140625 -469.72918701171875
-966.2760620117188 -471.6508483886719
-965.0111083984375 -473.4848937988281
-965.0014038085938 -475.4728088378906
-965.3855590820312 -477.4592590332031
-966.8505859375 -479.3486328125
-968.6381225585938 -481.3232727050781
-970.535400390625 -483.3091125488281
-972.4913330078125 -485.2310791015625
-974.4883422851562 -487.1532897949219
-976.4747924804688 -488.6409606933594
-978.4736938476562 -490.21710205078125
-980.4734497070312 -492.1592712402344
-982.4727783203125 -492.8094177246094
-984.4727783203125 -492.1181640625
-986.4722290039062 -491.0622863769531
-988.471923828125 -492.5051574707031
-990.4708862304688 -493.9496154785156
-992.4706420898438 -494.5978088378906
-994.470458984375 -493.98944091796875
-996.4698486328125 -495.6513366699219
-998.4697265625 -497.4734802246094
-1000.4661865234375 -497.81182861328125
-1002.4659423828125 -498.00921630859375
-1004.4653930664062 -498.4951477050781
-1006.4652099609375 -500.0886535644531
-1008.46435546875 -501.5450134277344
-1010.4634399414062 -502.1519775390625
-1011.47021484375 -502.5672912597656
-1010.2144165039062 -503.9436950683594
-1012.2131958007812 -505.7778625488281
-1011.2680053710938 -507.5611572265625
-1012.8851928710938 -507.2198791503906
-1010.95458984375 -507.1222229003906
-1012.9531860351562 -509.0768127441406
-1011.8818359375 -509.7011413574219
-1010.1968994140625 -511.5926208496094
-1012.1961669921875 -513.573974609375
-1010.6068115234375 -513.8602905273438
-1012.6014404296875 -515.554443359375
-1013.7717895507812 -517.5255126953125
-1015.7695922851562 -517.1895751953125
-1017.7614135742188 -515.5940551757812
-1016.0176391601562 -517.0135498046875
-1018.00244140625 -515.1028442382812
-1016.0967407226562 -516.9075927734375
-1018.0928344726562 -515.9641723632812
-1018.1820068359375 -517.8909301757812
-1020.131103515625 -517.3187255859375
