-1032.0469970703125 -214.2816162109375
-1030.6026611328125 -216.25192260742188
-1028.6026611328125 -214.64747619628906
-1026.8822021484375 -216.56268310546875
-1024.906982421875 -216.64686584472656
-1022.9085083007812 -215.11029052734375
-1021.8575439453125 -217.10874938964844
-1019.86376953125 -215.1986541748047
-1017.8641357421875 -214.2551727294922
-1016.7687377929688 -215.89602661132812
-1014.7709350585938 -215.54603576660156
-1012.7734375 -213.6393280029297
-1010.7821044921875 -211.6716766357422
-1012.65576171875 -213.63729858398438
-1010.6568603515625 -213.5001220703125
-1010.3966674804688 -215.37648010253906
-1008.3991088867188 -213.43739318847656
-1007.607177734375 -215.43211364746094
-1005.6080932617188 -213.70726013183594
-1003.9304809570312 -215.7014617919922
-1001.9309692382812 -214.0265350341797
-1000.0247192382812 -215.56008911132812
-998.216552734375 -217.54603576660156
-996.2166748046875 -215.60995483398438
-994.2443237304688 -217.60736083984375
-992.2489013671875 -215.63624572753906
-990.2537841796875 -213.77334594726562
-988.2642822265625 -215.7633056640625
-986.3092651367188 -217.7624969482422
-984.3135986328125 -215.8933563232422
-982.8233642578125 -217.893310546875
-980.82373046875 -215.93772888183594
-978.8396606445312 -217.93724060058594
-976.8489990234375 -216.62847900390625
-974.8532104492188 -214.7923126220703
-972.8583984375 -216.79156494140625
-970.868896484375 -216.2647705078125
-968.8709716796875 -216.46926879882812
-966.8750610351562 -217.71969604492188
-964.8759765625 -216.82421875
-962.8800659179688 -218.3143310546875
-960.8812255859375 -219.1876220703125
-958.9122314453125 -220.59471130371094
-956.9146118164062 -220.97923278808594
-954.9293823242188 -221.6262664794922
-952.9317626953125 -222.15866088867188
-950.9390869140625 -223.92274475097656
-949.002197265625 -225.87530517578125
-947.0540771484375 -227.84075927734375
-945.0555419921875 -229.8282928466797
-947.0549926757812 -231.7601318359375
-945.0794677734375 -233.7538604736328
-947.0789184570312 -235.7406768798828
-949.0777587890625 -237.73890686035156
-947.0841674804688 -239.6320343017578
-949.0833129882812 -241.59597778320312
-947.1050415039062 -243.5945587158203
-949.1043701171875 -245.59140014648438
-947.1163940429688 -247.57882690429688
-949.1123046875 -249.56101989746094
-947.1312255859375 -251.54837036132812
-949.1292114257812 -253.40963745117188
-947.1343994140625 -255.408935546875
-949.1343383789062 -257.3883972167969
-947.15087890625 -259.3847351074219
-949.1500854492188 -261.3660583496094
-947.22314453125 -263.2679748535156
-949.2224731445312 -264.68377685546875
-947.3984375 -266.1205139160156
-945.491455078125 -268.1166687011719
-947.4909057617188 -269.8441467285156
-945.4932250976562 -271.81439208984375
-947.4932250976562 -272.66595458984375
-945.511474609375 -274.6572570800781
-947.5076293945312 -276.5979309082031
-945.5233154296875 -278.5815124511719
-947.522705078125 -280.5779724121094
-945.525634765625 -282.5657043457031
-947.525390625 -284.52105712890625
-945.5364990234375 -286.0240173339844
-947.5364379882812 -287.0068664550781
-945.5397338867188 -288.91241455078125
-947.5107421875 -290.905517578125
-949.5106811523438 -292.85797119140625
-947.5120849609375 -294.8572998046875
-949.51025390625 -296.8458557128906
-947.6390991210938 -298.79510498046875
-949.63818359375 -300.7319641113281
-947.7145385742188 -302.7291564941406
-949.7099609375 -304.7184143066406
-947.7237548828125 -306.7081604003906
-949.7234497070312 -308.6705017089844
-947.72412109375 -310.6221008300781
-949.7235107421875 -311.926513671875
-947.7372436523438 -313.852294921875
-949.734619140625 -314.3613586425781
-948.103515625 -316.3540954589844
-950.0990600585938 -318.3238525390625
-948.1026000976562 -320.1778564453125
-950.1024780273438 -321.95263671875
-948.1183471679688 -323.88739013671875
-950.1178588867188 -325.8509826660156
-948.1221923828125 -327.7746276855469
-950.1219482421875 -329.72412109375
-948.1292114257812 -331.7139892578125
-950.12890625 -333.70367431640625
-948.1389770507812 -335.5938415527344
-950.138916015625 -337.114501953125
-948.1390380859375 -339.1109619140625
-950.1380004882812 -340.65814208984375
-948.1386108398438 -342.3740539550781
-950.13818359375 -344.3004455566406
-948.1397705078125 -346.1234130859375
-950.1395263671875 -347.9737854003906
-948.1587524414062 -349.9621276855469
-950.1583862304688 -351.37261962890625
-948.1746215820312 -353.3487243652344
-950.1744384765625 -353.5153503417969
-948.1762084960938 -355.45501708984375
-950.1749267578125 -357.17376708984375
-948.1808471679688 -358.59149169921875
-950.1806640625 -359.5421142578125
-948.18115234375 -361.5242614746094
-946.1856689453125 -363.4132995605469
-948.1853637695312 -364.9380798339844
-946.1911010742188 -366.9093017578125
-948.1900634765625 -368.12799072265625
-946.2233276367188 -370.04449462890625
-948.220947265625 -371.27777099609375
-946.3191528320312 -373.225341796875
-948.2630004882812 -374.9817810058594
-946.2879638671875 -376.9313659667969
-948.28759765625 -375.4041442871094
-946.2883911132812 -377.38311767578125
-948.2801513671875 -378.54888916015625
-946.365478515625 -380.5330810546875
-948.3626708984375 -382.16156005859375
-946.4221801757812 -383.95416259765625
-948.4219970703125 -385.7264099121094
-946.439453125 -387.66937255859375
-948.4386596679688 -389.11859130859375
-946.5490112304688 -391.1091613769531
-948.5486450195312 -392.94049072265625
-946.67626953125 -394.9328308105469
-948.6759643554688 -396.7811279296875
-946.7015991210938 -397.5635070800781
-948.7015380859375 -399.136474609375
-946.7451782226562 -401.124267578125
-948.7449951171875 -403.0967712402344
-946.7665405273438 -404.8019714355469
-948.7386474609375 -405.39044189453125
-947.3829956054688 -406.3392333984375
-949.3695678710938 -408.03643798828125
-947.8280639648438 -410.03472900390625
-949.8280029296875 -410.64385986328125
-948.1505126953125 -412.55255126953125
-950.1463012695312 -414.3670959472656
-948.1524658203125 -416.1644287109375
-950.1503295898438 -417.8109436035156
-948.162109375 -419.7440490722656
-950.1614379882812 -421.6832580566406
-948.1962890625 -423.6725769042969
-950.1890258789062 -425.62603759765625
-948.4346313476562 -427.3330993652344
-950.434326171875 -428.0431213378906
-948.5818481445312 -429.8650207519531
-950.5003051757812 -431.8126220703125
-948.5510864257812 -433.647216796875
-950.5506591796875 -434.86822509765625
-948.6173095703125 -436.7867126464844
-947.0484008789062 -438.73492431640625
-949.0430297851562 -440.5189514160156
-947.358154296875 -442.29058837890625
-945.7133178710938 -443.681884765625
-947.7127685546875 -444.8936462402344
-949.1332397460938 -446.6515197753906
-949.1863403320312 -446.29656982421875
-948.5337524414062 -448.225830078125
-949.008544921875 -450.1289978027344
-948.0518188476562 -451.3503112792969
-947.9159545898438 -450.92547607421875
-948.8480224609375 -452.7685241699219
-947.3921508789062 -453.6179504394531
-946.3032836914062 -455.5596008300781
-948.3016357421875 -455.80230712890625
-947.8176879882812 -457.6172790527344
-947.15771484375 -459.6068115234375
-946.529296875 -461.4437255859375
-948.5292358398438 -460.2468566894531
-949.664794921875 -461.997802734375
-948.8108520507812 -463.53973388671875
-950.4351196289062 -465.1985168457031
-949.2628784179688 -466.4284362792969
-949.2074584960938 -467.0909423828125
-950.86474609375 -465.5604248046875
-950.8074340820312 -466.7276611328125
-948.8700561523438 -467.9776611328125
-949.5230102539062 -469.9126281738281
-949.076904296875 -468.81976318359375
-948.7301635742188 -470.58544921875
-949.760498046875 -471.4646301269531
-949.321533203125 -473.2562255859375
-948.5728759765625 -475.14276123046875
-949.6964721679688 -476.53594970703125
-950.8263549804688 -478.35369873046875
-949.7256469726562 -480.06512451171875
-950.9205932617188 -481.5131530761719
-952.4124145507812 -483.295166015625
-954.2655639648438 -482.5339660644531
-956.1734008789062 -484.51934814453125
-957.6441040039062 -486.46282958984375
-959.6019287109375 -488.4218444824219
-961.6005859375 -489.207763671875
-963.6002197265625 -491.0754089355469
-965.5957641601562 -493.0096740722656
-967.5939331054688 -491.0174560546875
-969.59375 -489.0174560546875
-971.5841064453125 -490.9825744628906
-973.5838623046875 -488.9901123046875
-975.5790405273438 -488.4234619140625
-977.5528564453125 -489.6970520019531
-979.5528564453125 -487.7898254394531
-981.5523071289062 -489.0150451660156
-983.5432739257812 -489.09747314453125
-985.5424194335938 -490.29437255859375
-987.5399169921875 -488.3289794921875
-989.5304565429688 -490.2882080078125
-991.5303955078125 -488.3058166503906
-993.4830322265625 -490.16424560546875
-995.482666015625 -488.16455078125
-997.482421875 -489.4533996582031
-999.4823608398438 -487.4552001953125
-1001.4677734375 -489.4053039550781
-1003.4675903320312 -487.4156799316406
-1005.4542846679688 -489.3362121582031
-1007.4542846679688 -487.39434814453125
-1009.4381103515625 -489.2103271484375
-1011.43798828125 -487.2662048339844
-1013.4351806640625 -485.269287109375
-1015.4159545898438 -487.0780944824219
-1017.415283203125 -485.08575439453125
-1019.412841796875 -487.0567321777344
-1021.4122314453125 -485.2030944824219
-1023.4069213867188 -483.2073974609375
-1025.353271484375 -484.67913818359375
