-1032.0458984375 -214.49267578125
-1030.0460205078125 -215.83445739746094
-1028.120361328125 -214.85699462890625
-1026.1207275390625 -213.850830078125
-1024.120849609375 -215.76681518554688
-1022.1256103515625 -215.70538330078125
-1020.1337890625 -213.9530029296875
-1018.1337890625 -215.2815399169922
-1016.1368408203125 -213.71697998046875
-1014.1369018554688 -215.6129608154297
-1012.1603393554688 -215.76223754882812
-1010.162353515625 -214.77432250976562
-1008.1641235351562 -212.8356475830078
-1006.1683959960938 -213.69000244140625
-1004.1685180664062 -213.8671417236328
-1002.168701171875 -215.65948486328125
-1000.1689453125 -214.68685913085938
-998.1689453125 -216.21900939941406
-996.1793212890625 -214.6627197265625
-994.1798095703125 -215.92332458496094
-992.21630859375 -214.33383178710938
-990.216552734375 -215.9699249267578
-988.2198486328125 -216.92071533203125
-986.2199096679688 -217.9949493408203
-984.220703125 -217.630859375
-982.2249145507812 -215.88096618652344
-980.2333984375 -217.35887145996094
-978.2386474609375 -215.6708984375
-976.2451782226562 -216.7884979248047
-974.328369140625 -217.20858764648438
-972.34619140625 -216.17193603515625
-970.347412109375 -216.77471923828125
-968.3485107421875 -216.58053588867188
-966.3517456054688 -215.4650421142578
-964.351806640625 -214.3307342529297
-962.39111328125 -216.32923889160156
-960.3912353515625 -218.26100158691406
-958.3915405273438 -219.86639404296875
-956.3941040039062 -220.75619506835938
-954.3945922851562 -222.46946716308594
-952.3947143554688 -224.1702880859375
-950.394775390625 -225.6819305419922
-948.394775390625 -227.62277221679688
-946.3952026367188 -229.5680389404297
-948.3826293945312 -230.98370361328125
-946.3828125 -232.92774963378906
-948.2989501953125 -234.61785888671875
-946.2989501953125 -236.61598205566406
-948.294189453125 -238.1106414794922
-946.294189453125 -240.08267211914062
-948.2883911132812 -239.93006896972656
-946.2883911132812 -241.90103149414062
-948.2454833984375 -242.88107299804688
-946.2456665039062 -244.6862335205078
-948.2357788085938 -246.564208984375
-946.236083984375 -248.38113403320312
-948.2202758789062 -249.59329223632812
-946.2203369140625 -251.58218383789062
-948.2152709960938 -253.4104461669922
-946.2156372070312 -255.271240234375
-948.1986694335938 -256.0517578125
-946.19873046875 -257.9634704589844
-948.1149291992188 -259.71710205078125
-946.1158447265625 -261.67645263671875
-948.10986328125 -261.8506774902344
-946.1109619140625 -263.7829284667969
-948.1107177734375 -265.774658203125
-946.11083984375 -267.7603454589844
-948.0980224609375 -269.7417297363281
-946.0982055664062 -271.68902587890625
-948.0963745117188 -273.31060791015625
-946.0965576171875 -275.2901916503906
-948.0962524414062 -277.2606506347656
-946.1004638671875 -279.21295166015625
-948.0977172851562 -280.7405090332031
-946.0980834960938 -282.7115783691406
-948.09765625 -284.6799011230469
-946.1054077148438 -286.6678466796875
-948.1045532226562 -288.6560974121094
-946.1068115234375 -290.4104309082031
-948.1062622070312 -292.0014953613281
-946.1064453125 -293.9997863769531
-948.1063842773438 -295.9326171875
-946.107666015625 -297.9153747558594
-948.1073608398438 -299.9107360839844
-946.1079711914062 -301.6686096191406
-948.1079711914062 -303.52606201171875
-946.1839599609375 -305.5227966308594
-948.1839599609375 -307.487060546875
-946.1859741210938 -309.2873229980469
-948.1854858398438 -311.2740478515625
-946.1856079101562 -313.271484375
-948.1856079101562 -315.1402282714844
-950.1856079101562 -317.11456298828125
-948.1900634765625 -319.0992431640625
-950.1900634765625 -321.06036376953125
-948.2300415039062 -322.99072265625
-950.2300415039062 -324.9327392578125
-948.2310791015625 -326.80780029296875
-950.2310180664062 -328.7888488769531
-948.2313842773438 -330.7687683105469
-950.2312622070312 -332.7268371582031
-948.2415161132812 -334.71868896484375
-950.2415161132812 -336.711669921875
-948.24462890625 -338.636474609375
-946.2474975585938 -340.5819396972656
-948.2474975585938 -342.56976318359375
-950.2474365234375 -344.5614013671875
-948.2725830078125 -346.5591735839844
-946.28076171875 -348.5198669433594
-948.28076171875 -350.5157470703125
-946.2818603515625 -352.50543212890625
-948.2818603515625 -354.50140380859375
-950.2817993164062 -356.49957275390625
-948.3057861328125 -358.48138427734375
-946.978515625 -359.9833679199219
-948.978515625 -361.9813232421875
-947.00830078125 -363.92816162109375
-949.00830078125 -365.915283203125
-947.0411987304688 -367.7516174316406
-949.0411987304688 -369.75128173828125
-947.0712280273438 -371.7259521484375
-949.0711669921875 -373.72222900390625
-947.254150390625 -375.7181091308594
-949.2540893554688 -377.7029724121094
-948.6502075195312 -379.69720458984375
-946.705322265625 -381.682861328125
-948.705322265625 -383.6813049316406
-946.7613525390625 -385.669921875
-948.7613525390625 -387.66943359375
-946.8209838867188 -389.6529235839844
-948.8209838867188 -391.65264892578125
-947.9039916992188 -393.6448669433594
-949.9039916992188 -395.6441650390625
-948.333251953125 -397.40667724609375
-946.6080322265625 -399.30877685546875
-948.6080322265625 -401.2239685058594
-947.7823486328125 -403.2117004394531
-946.5560913085938 -405.165283203125
-948.5560913085938 -407.1502685546875
-948.1729125976562 -409.14483642578125
-950.1729125976562 -411.1408386230469
-949.579833984375 -413.13702392578125
-951.579833984375 -415.13470458984375
-950.3233032226562 -416.822509765625
-950.3028564453125 -418.7781982421875
-949.6669311523438 -420.7665710449219
-951.6669311523438 -422.665771484375
-950.6369018554688 -424.64959716796875
-952.537841796875 -426.6351013183594
-952.4295043945312 -428.6315002441406
-951.3773803710938 -430.5820007324219
-950.531494140625 -432.5797424316406
-952.4514770507812 -434.56024169921875
-952.6683959960938 -436.5507507324219
-953.097412109375 -438.4944152832031
-954.92431640625 -440.4607238769531
-956.675048828125 -442.4279479980469
-957.3929443359375 -444.2804260253906
-958.5813598632812 -445.855224609375
-956.701904296875 -447.8455505371094
-956.999755859375 -449.7375793457031
-956.9471435546875 -451.6430358886719
-957.8365478515625 -453.63525390625
-957.1517944335938 -455.6344909667969
-958.8877563476562 -457.60858154296875
-960.3225708007812 -459.5968933105469
-959.61181640625 -461.5906982421875
-958.131103515625 -463.58270263671875
-959.9449462890625 -465.5816650390625
-961.2322998046875 -467.58099365234375
-963.0009155273438 -469.5668640136719
-964.5924072265625 -471.5549621582031
-964.1655883789062 -473.54833984375
-962.6659545898438 -475.5469970703125
-964.6473388671875 -477.4621276855469
-966.2523193359375 -479.4610900878906
-968.2491455078125 -481.45867919921875
-970.1846923828125 -483.42755126953125
-972.1832885742188 -485.1201171875
-974.18310546875 -487.0644226074219
-976.18212890625 -488.9838562011719
-978.1715087890625 -490.9808349609375
-980.1715087890625 -492.19622802734375
-982.1715087890625 -490.95428466796875
-984.1715087890625 -491.1214904785156
-986.1714477539062 -489.55841064453125
-988.1714477539062 -490.2578430175781
-990.1714477539062 -491.361328125
-992.1714477539062 -493.25616455078125
-994.1707153320312 -493.0203857421875
-996.170654296875 -494.5145263671875
-998.1704711914062 -494.4449768066406
-1000.1691284179688 -495.0679931640625
-1002.1690673828125 -495.57861328125
-1004.1690063476562 -497.3538818359375
-1006.1686401367188 -495.5294189453125
-1008.159912109375 -496.1584167480469
-1010.1243896484375 -495.53857421875
-1012.1242065429688 -493.6856994628906
-1014.1224365234375 -495.3552551269531
-1016.1216430664062 -494.78094482421875
-1018.1146240234375 -494.3258972167969
