-1032.04638671875 -214.54583740234375
-1030.055908203125 -216.38827514648438
-1028.0560302734375 -215.6057891845703
-1026.1273193359375 -217.1451873779297
-1024.12744140625 -215.9718475341797
-1022.12744140625 -214.31443786621094
-1020.1454467773438 -216.19859313964844
-1018.1456909179688 -214.7809295654297
-1016.1685791015625 -214.50088500976562
-1014.206787109375 -212.71893310546875
-1012.207763671875 -214.6375732421875
-1010.2139892578125 -214.57015991210938
-1008.2235107421875 -212.87847900390625
-1006.2354125976562 -214.8503875732422
-1004.2682495117188 -213.36912536621094
-1002.272216796875 -215.0845184326172
-1000.3135986328125 -217.040771484375
-998.3792724609375 -215.94993591308594
-996.4915771484375 -214.1482391357422
-994.5115966796875 -215.90859985351562
-992.51806640625 -216.3547821044922
-990.836669921875 -215.7744903564453
-988.843505859375 -214.56048583984375
-987.01806640625 -215.65283203125
-985.1799926757812 -217.47386169433594
-983.1802978515625 -217.88345336914062
-981.1805419921875 -218.81362915039062
-979.1805419921875 -219.99258422851562
-977.2156982421875 -218.02310180664062
-977.9853515625 -218.71377563476562
-976.0927124023438 -218.23143005371094
-974.1093139648438 -216.99441528320312
-972.153564453125 -218.6460418701172
-970.1541137695312 -218.3203887939453
-968.1541748046875 -219.62562561035156
-966.1541748046875 -220.76841735839844
-964.1541748046875 -222.7232666015625
-962.1542358398438 -224.7190704345703
-960.1542358398438 -226.66632080078125
-958.1572875976562 -228.50238037109375
-956.1573486328125 -230.4645538330078
-954.1574096679688 -232.40518188476562
-952.1575317382812 -234.32302856445312
-950.1577758789062 -236.26968383789062
-948.1578369140625 -238.25140380859375
-946.1578369140625 -240.16958618164062
-947.9871826171875 -242.12745666503906
-945.9873657226562 -244.1186065673828
-947.9032592773438 -246.11448669433594
-945.9035034179688 -248.0646209716797
-947.8889770507812 -250.06436157226562
-945.8889770507812 -252.03585815429688
-947.5908813476562 -254.0303955078125
-945.5924682617188 -255.93499755859375
-946.4004516601562 -257.93304443359375
-948.2525634765625 -259.92626953125
-946.2525634765625 -261.924072265625
-948.004150390625 -263.9228820800781
-946.004150390625 -265.7903137207031
-947.9400634765625 -267.7881774902344
-945.9403076171875 -269.7801818847656
-947.8505859375 -271.7770690917969
-945.8505859375 -273.7597351074219
-947.8294677734375 -275.747802734375
-945.8295288085938 -277.744384765625
-947.4776611328125 -279.7422790527344
-945.4779663085938 -281.6515197753906
-947.436767578125 -283.6378479003906
-945.4368286132812 -285.6347351074219
-947.4212646484375 -287.634521484375
-945.4214477539062 -289.6282958984375
-947.4113159179688 -291.62615966796875
-949.34912109375 -293.6229248046875
-947.3491821289062 -295.616943359375
-949.343505859375 -297.607666015625
-947.3436889648438 -299.60589599609375
-949.3361206054688 -301.60260009765625
-947.3362426757812 -303.59808349609375
-949.3243408203125 -305.57769775390625
-947.3253173828125 -307.5688171386719
-949.3125 -309.5650634765625
-947.3130493164062 -311.563232421875
-949.2833862304688 -313.55670166015625
-947.2842407226562 -315.55609130859375
-949.2725219726562 -317.54931640625
-947.2725830078125 -319.5452880859375
-949.2628784179688 -321.53863525390625
-947.2637329101562 -323.49530029296875
-949.2632446289062 -325.4817199707031
-947.2650146484375 -327.47540283203125
-949.2437133789062 -329.4751281738281
-947.244140625 -331.47406005859375
-949.2161254882812 -333.4722595214844
-947.2164306640625 -335.4646911621094
-949.2123413085938 -337.464111328125
-947.2127685546875 -339.4603576660156
-949.210205078125 -341.45855712890625
-947.2102661132812 -343.45440673828125
-949.2101440429688 -345.4528503417969
-947.2151489257812 -347.4200744628906
-949.1494140625 -349.418701171875
-947.1504516601562 -351.41162109375
-949.1494140625 -353.40142822265625
-947.1986694335938 -355.3932189941406
-949.1982421875 -357.3307189941406
-947.1987915039062 -358.69012451171875
-949.178955078125 -360.6856994628906
-947.2012329101562 -362.6329040527344
-949.2000732421875 -364.6310119628906
-947.2208251953125 -366.61749267578125
-949.2202758789062 -368.6173095703125
-947.2234497070312 -370.6078186035156
-949.2232055664062 -372.5917663574219
-947.2274780273438 -374.58453369140625
-949.2244262695312 -376.573974609375
-947.2383422851562 -378.5605163574219
-949.2380981445312 -380.55987548828125
-947.2619018554688 -382.46929931640625
-949.2619018554688 -384.4692687988281
-947.2822265625 -386.3790283203125
-949.2555541992188 -388.37860107421875
-947.3038940429688 -390.3739929199219
-949.3035888671875 -392.36572265625
-948.31982421875 -394.364013671875
-947.3119506835938 -396.36016845703125
-949.2952880859375 -398.3592834472656
-947.3856201171875 -400.3417053222656
-945.3950805664062 -402.31689453125
-947.3945922851562 -404.3161315917969
-949.3944702148438 -406.2969055175781
-947.7794799804688 -408.2958068847656
-949.7793579101562 -410.2864685058594
-948.3797607421875 -411.9646301269531
-950.3797607421875 -413.9542236328125
-949.5860595703125 -415.9532470703125
-951.5853881835938 -417.9432678222656
-949.6716918945312 -419.911865234375
-951.6710815429688 -421.90692138671875
-950.9769287109375 -423.8341064453125
-951.2998046875 -425.79144287109375
-949.7344360351562 -427.7793884277344
-951.7225341796875 -429.7787780761719
-952.8513793945312 -431.6195373535156
-953.0745849609375 -433.559326171875
-954.0996704101562 -435.5218505859375
-953.097412109375 -437.4432678222656
-953.43115234375 -439.4246520996094
-955.3911743164062 -441.3670959472656
-957.1785278320312 -443.3604431152344
-958.471923828125 -444.6458435058594
-960.2266235351562 -446.44610595703125
-958.876220703125 -448.25079345703125
-957.5161743164062 -450.1440734863281
-957.37646484375 -452.0768737792969
-959.015380859375 -454.06396484375
-961.0004272460938 -456.0582580566406
-962.19091796875 -458.0579528808594
-961.8058471679688 -460.0550537109375
-963.7778930664062 -461.9953918457031
-962.4052124023438 -463.9889831542969
-964.1884155273438 -465.97186279296875
-963.5944213867188 -467.9334411621094
-964.5691528320312 -469.9232177734375
-965.777099609375 -471.9029846191406
-964.1450805664062 -473.8731689453125
-965.76953125 -475.8668212890625
-967.7435913085938 -477.8663635253906
-969.7085571289062 -479.86590576171875
-971.7008056640625 -481.8650817871094
-973.5462646484375 -483.86407470703125
-975.5308227539062 -485.86370849609375
-977.4895629882812 -487.75244140625
-979.4830932617188 -489.7492370605469
-981.4826049804688 -487.7836608886719
-983.4548950195312 -489.7730407714844
-985.454345703125 -487.7870788574219
-987.45068359375 -489.7809753417969
-989.4448852539062 -488.0186462402344
-991.4404296875 -490.00592041015625
-993.4367065429688 -488.0146484375
-995.4119873046875 -490.0097351074219
-997.4089965820312 -488.8520812988281
-999.4049072265625 -490.8415832519531
-1001.3876342773438 -488.9362487792969
-1003.2208251953125 -487.0224914550781
-1005.1818237304688 -489.01361083984375
-1007.1625366210938 -487.07550048828125
-1009.1497802734375 -489.065185546875
-1011.1173706054688 -487.0987854003906
-1013.1058959960938 -485.472900390625
-1014.983642578125 -487.4673156738281
-1016.2407836914062 -485.8760681152344
-1018.189208984375 -485.3239440917969
-1018.4617309570312 -484.0735778808594
-1020.254638671875 -486.0668029785156
-1022.0773315429688 -485.1790771484375
-1023.7234497070312 -483.2617492675781
-1024.724365234375 -485.236328125
