-1032.0439453125 -214.6735076904297
-1030.0439453125 -216.6735076904297
-1028.0439453125 -215.3157958984375
-1026.0439453125 -217.3157958984375
-1024.0439453125 -215.9297637939453
-1022.0439453125 -214.82577514648438
-1020.0439453125 -216.82577514648438
-1018.0439453125 -215.67913818359375
-1016.0439453125 -215.40921020507812
-1014.0439453125 -213.84669494628906
-1012.0439453125 -212.58314514160156
-1010.0439453125 -214.58314514160156
-1008.0439453125 -213.93258666992188
-1006.0439453125 -215.93258666992188
-1004.0439453125 -217.05137634277344
-1002.0439453125 -216.79261779785156
-1000.0439453125 -218.28005981445312
-998.0439453125 -217.370849609375
-996.0439453125 -215.5861358642578
-994.0439453125 -217.58612060546875
-992.0439453125 -217.22128295898438
-990.0439453125 -217.70875549316406
-988.0439453125 -219.47833251953125
-986.0439453125 -218.54507446289062
-984.0439453125 -220.15924072265625
-982.0439453125 -221.697998046875
-980.0439453125 -222.70436096191406
-978.0439453125 -221.6295166015625
-976.0439453125 -220.9253692626953
-974.0439453125 -221.3082733154297
-972.0439453125 -221.60064697265625
-970.0439453125 -223.19898986816406
-968.0439453125 -225.1699676513672
-966.0439453125 -226.95492553710938
-964.0439453125 -228.9531707763672
-962.0439453125 -230.953125
-960.0439453125 -232.953125
-958.0439453125 -234.953125
-956.0439453125 -236.953125
-954.0439453125 -238.953125
-952.0439453125 -240.953125
-950.0439453125 -242.953125
-948.0439453125 -244.953125
-946.0439453125 -246.953125
-947.8587036132812 -248.92335510253906
-945.8587036132812 -250.92335510253906
-947.8399047851562 -252.92002868652344
-945.8399047851562 -254.92002868652344
-946.94384765625 -256.89691162109375
-948.829833984375 -258.89208984375
-946.829833984375 -260.89208984375
-948.7840576171875 -262.8760986328125
-946.7840576171875 -264.8760986328125
-948.778564453125 -266.85205078125
-946.778564453125 -268.85205078125
-948.7743530273438 -270.75799560546875
-946.7743530273438 -272.75799560546875
-948.495361328125 -274.75439453125
-946.495361328125 -276.75439453125
-948.3117065429688 -278.744140625
-946.3117065429688 -280.744140625
-948.2850341796875 -282.7308654785156
-946.2850341796875 -284.7308654785156
-948.2593994140625 -286.4914245605469
-946.2593994140625 -288.4914245605469
-948.2103881835938 -290.45709228515625
-946.2103881835938 -292.4570617675781
-948.2080078125 -294.4351806640625
-946.2080078125 -296.4351806640625
-948.1777954101562 -298.3703308105469
-946.1777954101562 -300.37017822265625
-948.141845703125 -302.3446044921875
-946.141845703125 -304.3446044921875
-948.1367797851562 -306.3268737792969
-946.1367797851562 -308.3268737792969
-948.1343994140625 -310.32305908203125
-946.134521484375 -312.3230285644531
-947.9804077148438 -314.3186340332031
-949.8018798828125 -316.3112487792969
-947.8018798828125 -318.3111267089844
-949.7997436523438 -320.3070983886719
-947.7997436523438 -322.3068542480469
-949.7181396484375 -324.30419921875
-947.7183227539062 -326.3041687011719
-949.7150268554688 -328.27569580078125
-947.7150268554688 -330.2756652832031
-949.7136840820312 -332.2016296386719
-947.7137451171875 -334.20147705078125
-949.6687622070312 -336.19891357421875
-947.6687622070312 -338.19891357421875
-949.5913696289062 -340.16278076171875
-947.5933837890625 -342.1622009277344
-949.5872802734375 -344.0873107910156
-947.587646484375 -346.0870666503906
-949.586181640625 -348.08319091796875
-947.5863037109375 -350.08056640625
-949.5847778320312 -352.0771484375
-947.5863037109375 -354.0763244628906
-949.5823364257812 -356.07562255859375
-947.587890625 -358.0747375488281
-949.5869140625 -360.04205322265625
-947.58935546875 -362.040771484375
-949.5885009765625 -364.0064392089844
-947.6474609375 -366.0062255859375
-949.6437377929688 -368.0020446777344
-947.67626953125 -370.0007019042969
-949.6690063476562 -371.9945068359375
-947.6771240234375 -373.9942321777344
-945.6788940429688 -375.9940185546875
-947.674072265625 -377.9127197265625
-945.8633422851562 -379.912109375
-947.863037109375 -381.8800354003906
-945.96337890625 -383.8756408691406
-947.93505859375 -385.8424072265625
-948.7753295898438 -387.8404235839844
-947.38623046875 -389.8387145996094
-949.3786010742188 -391.83551025390625
-950.7405395507812 -393.8352966308594
-951.71435546875 -395.8340148925781
-949.7185668945312 -397.8201904296875
-948.951171875 -399.0450439453125
-947.3959350585938 -401.0415954589844
-947.6680297851562 -403.03057861328125
-948.9579467773438 -405.0272521972656
-947.492431640625 -407.02203369140625
-949.4841918945312 -408.93072509765625
-947.9570922851562 -410.9295959472656
-949.9420776367188 -412.92626953125
-950.78173828125 -414.9212341308594
-951.2216186523438 -416.8761291503906
-949.4141235351562 -418.87469482421875
-951.4125366210938 -420.8688049316406
-953.35205078125 -422.8528137207031
-953.1986083984375 -424.7350769042969
-951.5901489257812 -426.6614685058594
-953.1112670898438 -428.6552429199219
-954.9796142578125 -430.6385803222656
-956.53271484375 -432.611572265625
-957.6146240234375 -434.6094665527344
-957.4931640625 -436.51495361328125
-958.095947265625 -438.43011474609375
-960.0015869140625 -440.4141845703125
-961.5828247070312 -442.3614501953125
-963.5294189453125 -444.353271484375
-962.4474487304688 -446.30145263671875
-961.0912475585938 -448.281494140625
-962.7193603515625 -450.2642517089844
-964.100341796875 -452.1962890625
-962.4156494140625 -454.0333251953125
-964.256103515625 -455.9522399902344
-966.2088623046875 -457.9096984863281
-965.2216186523438 -459.8011779785156
-966.4808349609375 -461.6386413574219
-967.6323852539062 -463.5069580078125
-965.98486328125 -465.23455810546875
-964.6640625 -467.00970458984375
-966.534912109375 -468.4791259765625
-968.522216796875 -470.4280090332031
-970.4390869140625 -472.39373779296875
-968.7423095703125 -473.7683410644531
-970.600830078125 -475.7329406738281
-972.5652465820312 -477.7090759277344
-974.563720703125 -479.6942443847656
-976.5635986328125 -481.69293212890625
-978.5625 -483.6872253417969
-980.5623779296875 -485.67620849609375
-982.5623779296875 -487.6758117675781
-984.5623779296875 -489.67431640625
-986.5485229492188 -490.4873352050781
-988.541748046875 -488.95611572265625
-990.5090942382812 -490.9540710449219
-992.4368286132812 -491.552734375
-993.5811767578125 -493.3878479003906
-995.4656982421875 -495.0741271972656
-997.4598388671875 -495.58013916015625
-998.904296875 -495.9364013671875
-1000.7247924804688 -496.6075439453125
-1002.14892578125 -498.06463623046875
-1004.1427001953125 -496.583740234375
-1006.1337890625 -497.1326904296875
-1008.0543212890625 -496.91314697265625
-1009.9373168945312 -498.46734619140625
-1011.6143188476562 -496.53607177734375
-1013.5430297851562 -494.5606689453125
-1014.1201782226562 -493.61419677734375
-1014.7947387695312 -494.01287841796875
-1016.3212890625 -495.34454345703125
-1017.2150268554688 -493.398681640625
-1019.1549682617188 -495.1138916015625
