-811.9240112304688 13.715100288391113
-809.95751953125 11.771648406982422
-807.990478515625 13.607646942138672
-808.9229736328125 11.62144947052002
-807.2783203125 13.510770797729492
-805.4329833984375 11.537522315979004
-803.4829711914062 13.46755599975586
-801.5938720703125 11.470040321350098
-799.5997314453125 13.357991218566895
-798.065185546875 11.362035751342773
-796.0946044921875 13.329606056213379
-794.3666381835938 11.34410572052002
-792.3872680664062 13.259500503540039
-790.4041748046875 11.286011695861816
-788.4046630859375 13.253987312316895
-786.4069213867188 11.346785545349121
-784.4072265625 12.498023986816406
-785.7915649414062 10.684181213378906
-787.7713623046875 8.688963890075684
-785.7765502929688 9.0454740524292
-787.7445068359375 7.057105541229248
-785.74609375 8.336783409118652
-787.7176513671875 6.358273506164551
-785.7177734375 6.738039016723633
-787.675537109375 4.774674415588379
-785.6766357421875 3.974353551864624
-787.193115234375 2.0593128204345703
-785.193359375 2.5927345752716064
-784.914794921875 0.6651024222373962
-786.686767578125 -1.3299260139465332
-784.6871948242188 -2.0070102214813232
-784.2108154296875 -3.985098123550415
-785.7815551757812 -5.971845626831055
-783.7817993164062 -6.618802547454834
-785.0751342773438 -8.617218017578125
-784.9224853515625 -10.588623046875
-786.674072265625 -12.571456909179688
-784.6749267578125 -14.367648124694824
-786.65478515625 -16.357364654541016
-784.6552734375 -18.294795989990234
-782.6568603515625 -17.15446662902832
-784.064453125 -19.140777587890625
-785.899169921875 -21.13599967956543
-783.8992919921875 -23.031028747558594
-785.897216796875 -25.026704788208008
-783.8980102539062 -25.474414825439453
-785.8806762695312 -27.43575668334961
-783.8807983398438 -27.87287139892578
-785.7301025390625 -29.868568420410156
-783.73046875 -29.763715744018555
-785.729736328125 -31.663990020751953
-783.72998046875 -33.193336486816406
-785.6830444335938 -35.09600067138672
-783.683837890625 -37.059730529785156
-785.6381225585938 -38.97352600097656
-783.6382446289062 -39.420204162597656
-785.4475708007812 -41.41638946533203
-783.44775390625 -43.36087417602539
-785.3824462890625 -45.356781005859375
-783.3826904296875 -47.2575569152832
-781.8240966796875 -49.24645233154297
-783.8236083984375 -51.17382049560547
-785.7816162109375 -53.16893005371094
-787.7520141601562 -55.168296813964844
-785.757568359375 -53.531158447265625
-787.7244873046875 -55.53057098388672
-785.8041381835938 -55.31122589111328
-783.8059692382812 -54.69351577758789
-785.7919921875 -56.690860748291016
-783.7921142578125 -58.540016174316406
-785.7909545898438 -60.47739028930664
-783.7910766601562 -62.12037658691406
-785.7392578125 -64.11566925048828
-783.7405395507812 -65.61682891845703
-785.7344360351562 -67.49188995361328
-783.7344970703125 -67.83586883544922
-785.5016479492188 -69.79412078857422
-783.501708984375 -71.76544189453125
-784.698974609375 -73.7184829711914
-782.699951171875 -75.60609436035156
-784.4509887695312 -77.60145568847656
-782.4513549804688 -79.54478454589844
-784.4497680664062 -81.53821563720703
-786.4130249023438 -83.53164672851562
-784.4136352539062 -85.445556640625
-786.3866577148438 -87.44280242919922
-784.3884887695312 -89.08972930908203
-786.3826293945312 -91.08854675292969
-784.3858642578125 -92.9242935180664
-786.3838500976562 -94.92015838623047
-784.3838500976562 -96.27837371826172
-786.3832397460938 -98.27381896972656
-784.3834838867188 -99.99860382080078
-786.3800659179688 -101.99746704101562
-784.3819580078125 -103.96810150146484
-785.50537109375 -105.9648666381836
-783.5054931640625 -107.92266845703125
-785.0315551757812 -109.62320709228516
-787.0299072265625 -111.5311050415039
-785.0436401367188 -111.64996337890625
-787.0428466796875 -113.63863372802734
-785.1090698242188 -115.37403869628906
-787.1080322265625 -117.3699722290039
-785.131103515625 -117.75475311279297
-787.1139526367188 -119.7540283203125
-785.1187133789062 -120.81333923339844
-783.120361328125 -122.51085662841797
-785.1198120117188 -124.50448608398438
-787.11962890625 -126.50337219238281
-785.1206665039062 -128.4398193359375
-787.1105346679688 -130.43838500976562
-785.1173095703125 -131.27499389648438
-787.1148681640625 -133.2698516845703
-785.1444702148438 -135.04791259765625
-787.1383666992188 -137.04444885253906
-785.1388549804688 -138.98939514160156
-787.1355590820312 -140.9835968017578
-785.211669921875 -142.8444061279297
-783.2916259765625 -143.73330688476562
-785.2914428710938 -145.67466735839844
-783.2998046875 -147.2852325439453
-785.2975463867188 -149.2584228515625
-783.2979125976562 -151.03907775878906
-785.2891845703125 -153.03839111328125
-783.2952270507812 -154.93215942382812
-785.2940673828125 -156.93003845214844
-783.2950439453125 -158.80003356933594
-785.2940673828125 -160.79287719726562
-783.294189453125 -161.92532348632812
-785.2866821289062 -163.9238739013672
-783.2870483398438 -165.90052795410156
-785.2708740234375 -167.8997802734375
-783.2913818359375 -169.39442443847656
-785.2907104492188 -171.2754669189453
-783.3593139648438 -173.208740234375
-785.3591918945312 -175.20645141601562
-783.359619140625 -177.18035888671875
-785.35791015625 -179.1786346435547
-787.357666015625 -181.16119384765625
-785.3584594726562 -182.97274780273438
-787.3579711914062 -184.9720001220703
-785.573974609375 -186.7615966796875
-787.5671997070312 -188.75865173339844
-785.5731201171875 -190.7345733642578
-787.5562744140625 -192.73419189453125
-785.5562744140625 -194.6165771484375
-783.5565795898438 -196.52439880371094
-785.5527954101562 -198.52392578125
-787.4894409179688 -200.52354431152344
-785.5143432617188 -202.4479522705078
-787.512939453125 -204.4478302001953
-785.5237426757812 -205.7811737060547
-787.52197265625 -207.78102111816406
-785.5225830078125 -209.74603271484375
-787.4909057617188 -211.74559020996094
-785.4951171875 -213.72378540039062
-787.4808959960938 -215.7222900390625
-785.48095703125 -217.70523071289062
