-811.8871459960938 12.8825044631958
-811.238037109375 12.970144271850586
-810.6260375976562 11.047574043273926
-811.2228393554688 12.819730758666992
-811.5100708007812 10.827275276184082
-809.6411743164062 12.787361145019531
-810.9154052734375 13.293096542358398
-812.0966186523438 13.637327194213867
-810.156982421875 12.475285530090332
-808.19091796875 11.237767219543457
-806.3425903320312 11.41728687286377
-804.4019775390625 13.290114402770996
-805.553466796875 11.372615814208984
-803.5771484375 13.092510223388672
-801.7086791992188 11.677925109863281
-799.8397827148438 13.421792030334473
-799.125732421875 11.509729385375977
-797.7753295898438 12.700431823730469
-799.6033935546875 11.07010555267334
-798.60400390625 12.465055465698242
-796.7938232421875 11.272616386413574
-794.8441162109375 10.682398796081543
-794.7174682617188 12.653229713439941
-794.4910888671875 13.413630485534668
-795.893310546875 11.738335609436035
-794.1588134765625 12.60392951965332
-792.1898803710938 14.215919494628906
-791.9608154296875 13.20682430267334
-793.650390625 12.014548301696777
-791.7682495117188 13.529524803161621
-793.24267578125 12.580476760864258
-791.2776489257812 14.112457275390625
-790.7507934570312 12.456997871398926
-792.2955932617188 10.504711151123047
-790.3735961914062 10.217792510986328
-788.5325317382812 11.066312789916992
-786.5737915039062 11.124907493591309
-784.6787719726562 9.610736846923828
-786.255126953125 8.222739219665527
-784.3126220703125 9.380946159362793
-785.5860595703125 9.84121036529541
-787.5629272460938 9.376679420471191
-785.6650390625 8.039555549621582
-787.6365966796875 6.363323211669922
-785.6591186523438 6.147347927093506
-787.6386108398438 5.584705829620361
-785.6973266601562 7.081603050231934
-787.6714477539062 5.493980884552002
-785.7017822265625 4.308600902557373
-787.6660766601562 2.4819114208221436
-785.7100830078125 2.2624013423919678
-787.6801147460938 0.8337902426719666
-785.8377075195312 -0.6648419499397278
-783.8627319335938 -2.2189228534698486
-785.84375 -3.1114587783813477
-783.9298706054688 -3.299808979034424
-785.923583984375 -4.674384593963623
-784.030517578125 -6.354537487030029
-786.0264282226562 -8.25137710571289
-784.0731201171875 -9.07970142364502
-786.0662841796875 -11.059295654296875
-784.0789184570312 -12.3738431930542
-786.0740966796875 -14.269718170166016
-784.088623046875 -16.23866081237793
-786.0702514648438 -18.16863441467285
-784.1181030273438 -17.023099899291992
-786.1100463867188 -18.784351348876953
-784.1334228515625 -18.543079376220703
-786.0411376953125 -20.50266456604004
-784.1005249023438 -22.143516540527344
-786.0879516601562 -23.976791381835938
-784.7399291992188 -25.469816207885742
-782.7943115234375 -26.821252822875977
-784.7915649414062 -28.78288459777832
-782.8056030273438 -29.76165199279785
-784.7951049804688 -31.674007415771484
-786.7905883789062 -33.50045394897461
-785.012939453125 -35.28948974609375
-786.9682006835938 -36.97274398803711
-785.2654418945312 -38.854278564453125
-783.453857421875 -40.6956672668457
-785.4503784179688 -42.67668151855469
-783.6605224609375 -44.48278045654297
-785.64794921875 -46.399166107177734
-783.65869140625 -48.20044708251953
-785.6574096679688 -50.172725677490234
-787.6554565429688 -52.1649055480957
-785.6868286132812 -51.466575622558594
-787.6825561523438 -53.43509292602539
-785.6932983398438 -54.086212158203125
-783.7017822265625 -54.628822326660156
-785.6849365234375 -56.60184097290039
-783.6853637695312 -58.478759765625
-785.6842041015625 -60.348079681396484
-783.6856079101562 -62.306697845458984
-785.6602172851562 -64.17636108398438
-783.6676635742188 -66.02532196044922
-785.6528930664062 -67.99812316894531
-783.6537475585938 -69.84354400634766
-785.6021118164062 -71.83829498291016
-783.6046752929688 -73.80955505371094
-785.3999633789062 -75.71235656738281
-783.4048461914062 -77.65177154541016
-785.3954467773438 -79.61618041992188
-783.4580688476562 -81.56922912597656
-785.4412841796875 -83.55596923828125
-783.4417114257812 -85.5477066040039
-785.2831420898438 -87.54705047607422
-783.2896118164062 -87.47821807861328
-785.2605590820312 -89.42739868164062
-783.2620849609375 -91.35205841064453
-785.2512817382812 -93.3484115600586
-787.2376708984375 -95.34674072265625
-785.2411499023438 -97.32087707519531
-787.2388305664062 -99.31173706054688
-785.2395629882812 -101.2115249633789
-783.2409057617188 -103.14891815185547
-785.2193603515625 -105.14854431152344
-783.275390625 -107.14468383789062
-782.22216796875 -109.1064224243164
-781.169677734375 -110.89278411865234
-780.5711059570312 -112.7864990234375
-782.5214233398438 -114.74125671386719
-784.5204467773438 -116.73970031738281
-786.5078125 -118.73749542236328
-784.5079345703125 -120.72077178955078
-786.4716186523438 -122.7176284790039
-784.471923828125 -124.62350463867188
-786.4401245117188 -126.62232971191406
-784.4409790039062 -128.47894287109375
-786.0965576171875 -130.4784393310547
-784.1044921875 -132.290771484375
-786.1001586914062 -134.2905731201172
-788.0692749023438 -136.2903289794922
-786.069580078125 -138.22274780273438
-788.0508422851562 -140.22166442871094
-786.0513305664062 -141.81101989746094
-784.0526733398438 -143.04360961914062
-786.0391845703125 -145.04263305664062
-784.0394897460938 -146.84056091308594
-785.9840087890625 -148.8396453857422
-783.9899291992188 -150.37973022460938
-785.7083740234375 -152.3795623779297
-783.7266235351562 -154.2952423095703
-785.5020141601562 -156.2949981689453
-783.5028686523438 -158.2867889404297
-785.3434448242188 -160.2863006591797
-783.3554077148438 -162.2311553955078
-785.068603515625 -164.22923278808594
-783.0702514648438 -166.2251739501953
-784.6708984375 -168.22508239746094
-782.6743774414062 -169.5643768310547
-784.494384765625 -171.5632781982422
-785.1908569335938 -173.56263732910156
-783.1963500976562 -174.92364501953125
-784.8032836914062 -176.92347717285156
-783.7405395507812 -178.92315673828125
-785.5892333984375 -180.9228973388672
-787.5078125 -182.92257690429688
-785.5084838867188 -184.8767547607422
-787.1329956054688 -186.87673950195312
-785.13427734375 -188.87049865722656
-785.7010498046875 -190.87034606933594
-785.263916015625 -192.87034606933594
-786.61962890625 -194.87017822265625
-784.620361328125 -196.869140625
-783.3674926757812 -198.86569213867188
-785.3230590820312 -200.86526489257812
-785.6493530273438 -202.865234375
-785.3485107421875 -204.8651580810547
-784.4336547851562 -206.86514282226562
-783.8224487304688 -208.86502075195312
-785.6453857421875 -210.86305236816406
-784.3782958984375 -212.86289978027344
-785.1092529296875 -214.86276245117188
-784.5313110351562 -216.8627471923828
-784.5729370117188 -218.86260986328125
