-811.881103515625 14.27216625213623
-809.9153442382812 12.336195945739746
-807.927734375 13.722329139709473
-805.9356079101562 11.758424758911133
-804.0252685546875 13.54123306274414
-802.114501953125 11.558876037597656
-801.2219848632812 13.236605644226074
-799.260009765625 11.290146827697754
-797.4796142578125 13.176279067993164
-795.5416259765625 11.181745529174805
-793.5513305664062 12.58216667175293
-791.6676025390625 14.090198516845703
-789.6766357421875 12.104557991027832
-787.680908203125 13.642311096191406
-785.7030639648438 11.671247482299805
-787.5110473632812 9.681057929992676
-785.5111694335938 11.236921310424805
-787.4981689453125 9.251741409301758
-785.4991455078125 7.785656452178955
-787.3037719726562 5.89052677154541
-785.3064575195312 5.113275051116943
-787.2911987304688 3.132201910018921
-785.3043823242188 1.2048070430755615
-787.2823486328125 -0.7919072508811951
-785.2839965820312 -0.5593643188476562
-787.25830078125 -2.543614625930786
-785.3416748046875 -4.3559651374816895
-787.3297729492188 -6.345123291015625
-785.3299560546875 -7.756105899810791
-787.0528564453125 -9.731820106506348
-785.0634765625 -11.641422271728516
-786.9566650390625 -13.624815940856934
-784.9578857421875 -14.783599853515625
-786.9429931640625 -16.769865036010742
-784.9431762695312 -17.622844696044922
-782.9434814453125 -18.68170738220215
-784.7858276367188 -20.679040908813477
-782.7867431640625 -22.30813980102539
-784.7843017578125 -24.080738067626953
-782.784423828125 -25.936662673950195
-784.747314453125 -27.855941772460938
-782.7534790039062 -29.671310424804688
-784.6607055664062 -31.620445251464844
-786.5841674804688 -33.59499740600586
-784.584716796875 -35.22134780883789
-786.5816650390625 -37.20780563354492
-784.5819091796875 -39.19221878051758
-786.5812377929688 -41.1848258972168
-784.59619140625 -43.12276840209961
-786.59375 -45.1209602355957
-784.5941162109375 -47.09644317626953
-782.59521484375 -49.059715270996094
-784.5945434570312 -51.01645278930664
-786.5941162109375 -53.01268768310547
-784.6859130859375 -51.513267517089844
-786.6830444335938 -53.51321792602539
-784.6839599609375 -51.929840087890625
-786.68115234375 -53.922672271728516
-784.6834716796875 -55.1098747253418
-786.589599609375 -57.08353805541992
-784.7179565429688 -57.837371826171875
-786.7178344726562 -59.804351806640625
-784.7274169921875 -61.72441864013672
-786.7261962890625 -63.71615982055664
-784.7264404296875 -65.67151641845703
-786.7218017578125 -67.65579223632812
-784.7285766601562 -69.12481689453125
-786.7283935546875 -71.12010192871094
-784.7297973632812 -72.99652099609375
-782.72998046875 -74.63002014160156
-784.7286987304688 -76.62979888916016
-782.7288818359375 -78.11530303955078
-784.6940307617188 -80.11174774169922
-782.6949462890625 -81.76002502441406
-784.6947631835938 -83.74488830566406
-782.6961669921875 -85.72683715820312
-784.69580078125 -87.7081527709961
-786.6865234375 -89.65411376953125
-784.6885986328125 -91.63915252685547
-786.686767578125 -93.638671875
-784.7176513671875 -95.63269805908203
-786.7128295898438 -97.63251495361328
-784.7755126953125 -99.61454772949219
-786.7755126953125 -101.61447143554688
-784.7762451171875 -103.58833312988281
-786.745849609375 -105.58827209472656
-784.746337890625 -107.58025360107422
-786.7432861328125 -109.54753875732422
-784.9468383789062 -110.0628662109375
-786.9442749023438 -112.06251525878906
-784.9550170898438 -112.00032806396484
-786.953857421875 -113.99923706054688
-784.957763671875 -115.69834899902344
-786.9576416015625 -117.69151306152344
-784.9618530273438 -119.43302154541016
-786.9617309570312 -121.41828918457031
-784.9664916992188 -123.14710235595703
-786.9663696289062 -125.14496612548828
-784.9713745117188 -126.65945434570312
-786.9713745117188 -128.65858459472656
-784.973876953125 -130.41773986816406
-786.9715576171875 -132.41006469726562
-784.9801025390625 -134.37852478027344
-786.97998046875 -136.37782287597656
-784.9805908203125 -138.36404418945312
-786.9802856445312 -140.3633575439453
-785.0712890625 -138.62892150878906
-787.0491333007812 -140.6270294189453
-785.0689697265625 -140.4396514892578
-787.0678100585938 -142.43963623046875
-785.1400756835938 -141.61517333984375
-783.1520385742188 -143.4712371826172
-785.1519165039062 -145.4691162109375
-783.1610107421875 -147.0684051513672
-785.1528930664062 -149.06668090820312
-783.1643676757812 -151.02394104003906
-785.1641845703125 -153.00738525390625
-783.1642456054688 -154.9435577392578
-785.16259765625 -156.93771362304688
-783.1641235351562 -158.89968872070312
-785.16357421875 -160.79888916015625
-783.1746826171875 -162.7433319091797
-785.1744995117188 -164.7368927001953
-783.174560546875 -166.7244873046875
-784.625 -168.72409057617188
-782.6260986328125 -170.46424865722656
-784.6205444335938 -172.3757781982422
-782.6220703125 -174.243896484375
-784.6218872070312 -176.2411346435547
-786.6213989257812 -178.13999938964844
-784.6234741210938 -179.9512481689453
-786.62255859375 -181.8876953125
-784.6234130859375 -183.77310180664062
-786.6067504882812 -185.7666015625
-784.6121215820312 -187.67617797851562
-786.6083984375 -189.67547607421875
-784.6749877929688 -191.594970703125
-786.670166015625 -193.59259033203125
-784.6740112304688 -195.5775909423828
-786.6734008789062 -197.57669067382812
-784.6836547851562 -199.57351684570312
-786.6827392578125 -201.57064819335938
-784.7008666992188 -203.46206665039062
-786.6934814453125 -205.45159912109375
-784.6937255859375 -207.43336486816406
-786.6596069335938 -209.432861328125
-784.682373046875 -211.37904357910156
-786.6776733398438 -213.37791442871094
-784.7701416015625 -215.35267639160156
-786.7527465820312 -217.35198974609375
