-811.740478515625 14.324546813964844
-811.5050659179688 13.142875671386719
-812.1354370117188 12.093559265136719
-810.39111328125 14.029045104980469
-808.9295043945312 13.858593940734863
-809.9109497070312 14.614797592163086
-810.9254150390625 13.110862731933594
-808.9401245117188 11.15050220489502
-806.9622192382812 12.787976264953613
-805.3944702148438 10.80949592590332
-803.4022216796875 12.722016334533691
-805.2608642578125 11.334385871887207
-803.2772827148438 11.611072540283203
-801.4337768554688 13.554290771484375
-799.9725341796875 12.478205680847168
-797.9791870117188 14.431811332702637
-798.3209838867188 12.476556777954102
-796.4070434570312 14.173385620117188
-795.3854370117188 13.316908836364746
-793.5396118164062 11.906229972839355
-791.705322265625 12.143453598022461
-789.7474975585938 12.854259490966797
-791.293212890625 10.865859031677246
-789.3526000976562 12.77545166015625
-787.3566284179688 11.02185344696045
-785.398193359375 12.437535285949707
-787.221435546875 11.741132736206055
-785.2386474609375 13.090936660766602
-784.1315307617188 11.25332260131836
-784.143798828125 10.069005966186523
-786.131591796875 8.763989448547363
-788.08251953125 6.771570682525635
-786.0863647460938 5.82964563369751
-784.0909423828125 5.756506443023682
-786.0877075195312 3.8731043338775635
-784.0918579101562 2.060868263244629
-786.0889282226562 2.2270925045013428
-784.1531372070312 0.319037526845932
-786.1507568359375 -1.6553118228912354
-784.5003662109375 -3.513925075531006
-786.4990844726562 -5.4565558433532715
-784.5021362304688 -7.334647178649902
-786.4990234375 -9.069402694702148
-784.4994506835938 -11.036112785339355
-786.4841918945312 -12.944714546203613
-784.486083984375 -14.215705871582031
-786.4815673828125 -16.200828552246094
-784.5685424804688 -18.054990768432617
-786.5208740234375 -20.041362762451172
-784.525634765625 -19.39577293395996
-782.5275268554688 -19.821950912475586
-784.1908569335938 -20.95823860168457
-786.1454467773438 -22.77564811706543
-784.1512451171875 -24.122716903686523
-786.1506958007812 -26.118478775024414
-784.1514282226562 -27.798559188842773
-786.1513671875 -29.744251251220703
-784.163818359375 -31.48584747314453
-786.1617431640625 -33.4296760559082
-784.1640014648438 -35.35068893432617
-786.1619262695312 -37.341487884521484
-784.1619873046875 -39.285484313964844
-786.1598510742188 -41.25605010986328
-784.1741333007812 -42.53324890136719
-786.1728515625 -44.53190612792969
-784.1763916015625 -46.36382293701172
-784.9286499023438 -48.3636360168457
-783.2398071289062 -50.35614013671875
-785.2369384765625 -52.344181060791016
-787.2278442382812 -54.338714599609375
-785.2333984375 -53.54006576538086
-787.2197265625 -55.538143157958984
-785.2205810546875 -57.11332321166992
-787.2194213867188 -59.07926559448242
-785.2195434570312 -60.984073638916016
-787.2112426757812 -62.98380661010742
-785.2120971679688 -64.95760345458984
-787.2079467773438 -66.95494079589844
-785.2080078125 -68.94181060791016
-787.2033081054688 -70.94166564941406
-785.2319946289062 -72.59488677978516
-783.233154296875 -74.50350189208984
-785.23193359375 -76.5021743774414
-783.2427368164062 -78.49501037597656
-785.2178955078125 -80.49397277832031
-783.2210693359375 -82.33952331542969
-785.2115478515625 -84.33788299560547
-783.2119140625 -86.21720123291016
-785.2081909179688 -88.21656799316406
-783.209228515625 -90.20442962646484
-785.1964721679688 -92.20231628417969
-787.1897583007812 -94.20220184326172
-785.1909790039062 -96.13687133789062
-787.153076171875 -98.1366958618164
-785.1539916992188 -100.07206726074219
-783.155517578125 -102.0592041015625
-785.140380859375 -104.05905151367188
-783.142333984375 -106.01708984375
-783.3801879882812 -108.01702117919922
-781.8984985351562 -109.8277359008789
-782.2762451171875 -111.79259490966797
-784.2759399414062 -113.78868865966797
-786.2703247070312 -115.78321075439453
-784.2722778320312 -117.73649597167969
-786.2716674804688 -119.73648834228516
-784.27294921875 -121.72588348388672
-786.22216796875 -123.7255630493164
-784.2257080078125 -125.72184753417969
-786.2243041992188 -127.7217025756836
-784.226318359375 -129.66233825683594
-786.1177978515625 -131.66217041015625
-784.121337890625 -133.64967346191406
-786.1207885742188 -135.6494140625
-788.0734252929688 -137.6493682861328
-786.1158447265625 -139.53463745117188
-784.1226806640625 -140.09576416015625
-785.793701171875 -142.09547424316406
-783.7965087890625 -143.76422119140625
-785.73974609375 -145.76414489746094
-783.98974609375 -145.1841583251953
-785.9769897460938 -147.18411254882812
-783.9776000976562 -149.0902099609375
-785.8919067382812 -151.0902099609375
-783.8922729492188 -153.04498291015625
-785.780517578125 -155.0433807373047
-783.80712890625 -157.03411865234375
-785.8056030273438 -159.03404235839844
-783.8087158203125 -161.00914001464844
-785.7821655273438 -163.00814819335938
-784.5944213867188 -164.95578002929688
-786.5820922851562 -166.95578002929688
-784.6392211914062 -167.56512451171875
-782.6400146484375 -169.5311737060547
-784.0994262695312 -171.47178649902344
-786.0777587890625 -173.47134399414062
-784.0940551757812 -175.20404052734375
-786.0421752929688 -177.20401000976562
-784.3246459960938 -179.1983642578125
-786.3005981445312 -181.1949920654297
-784.3067626953125 -183.1170654296875
-786.3031616210938 -185.11700439453125
-784.3107299804688 -186.38143920898438
-786.30517578125 -188.38092041015625
-784.3097534179688 -190.37493896484375
-786.2778930664062 -192.3748779296875
-784.2821655273438 -194.35305786132812
-786.24853515625 -196.35302734375
-784.456298828125 -198.34988403320312
-786.0504150390625 -200.34954833984375
-786.399658203125 -202.34951782226562
-784.3998413085938 -204.3197479248047
-786.1431884765625 -206.31968688964844
-784.1586303710938 -208.31735229492188
-785.7206420898438 -210.3172149658203
-787.1265869140625 -212.31719970703125
-785.5585327148438 -214.1467742919922
-784.0204467773438 -216.1467742919922
-784.8683471679688 -218.14675903320312
