-955.5927124023438 -172.84744262695312
-953.8356323242188 -170.8475799560547
-954.5228271484375 -168.84866333007812
-955.8324584960938 -166.85256958007812
-954.2061767578125 -164.853515625
-954.0687866210938 -162.8551025390625
-955.7950439453125 -160.85647583007812
-957.255126953125 -158.85687255859375
-955.2852172851562 -156.8615264892578
-956.7593994140625 -154.86297607421875
-956.0033569335938 -152.87130737304688
-954.555908203125 -150.87225341796875
-955.5047607421875 -148.87759399414062
-953.8836669921875 -146.88604736328125
-953.3562622070312 -144.92691040039062
-954.6947021484375 -143.0878448486328
-955.8408813476562 -141.1463165283203
-956.3828735351562 -139.1495361328125
-957.4124755859375 -137.1537628173828
-957.3574829101562 -135.2607879638672
-958.3226318359375 -133.29722595214844
-956.6522216796875 -131.29879760742188
-955.5015869140625 -129.2999725341797
-954.9147338867188 -127.3126220703125
-956.28515625 -125.39741516113281
-955.8702392578125 -123.39862060546875
-957.2312622070312 -124.05957794189453
-958.344482421875 -122.8687973022461
-957.3674926757812 -121.14665222167969
-955.4021606445312 -119.6067886352539
-954.9818725585938 -117.71259307861328
-956.5396118164062 -115.79682159423828
-956.0488891601562 -113.8055419921875
-957.1686401367188 -111.80953979492188
-958.0669555664062 -109.8371353149414
-959.2747802734375 -107.84040069580078
-957.82763671875 -105.84060668945312
-959.6541748046875 -103.84064483642578
-960.9534912109375 -101.84093475341797
-959.6537475585938 -100.03114318847656
-958.9945678710938 -98.06735229492188
-958.3809814453125 -96.43187713623047
-959.0235595703125 -94.4561767578125
-958.0396728515625 -92.63859558105469
-957.5853271484375 -91.49916076660156
-959.0910034179688 -89.76266479492188
-960.2825927734375 -87.84270477294922
-961.5836181640625 -85.92091369628906
-960.7536010742188 -83.92683410644531
-961.2548828125 -81.93124389648438
-961.2352905273438 -79.97459411621094
-959.2608642578125 -77.97802734375
-960.5608520507812 -75.98573303222656
-961.4856567382812 -73.98878479003906
-961.7000122070312 -71.99248504638672
-963.2154541015625 -69.99705505371094
-963.7081909179688 -68.03248596191406
-965.2896728515625 -66.03279113769531
-963.6192626953125 -64.03404235839844
-965.4168090820312 -62.034114837646484
-967.3026733398438 -60.03411865234375
-969.302490234375 -58.034141540527344
-971.3024291992188 -56.03447723388672
-973.3024291992188 -58.03151321411133
-975.3023071289062 -56.0316047668457
-977.3023071289062 -54.0445671081543
-979.3023071289062 -52.06772232055664
-979.780029296875 -50.88859558105469
-980.76416015625 -50.003482818603516
-982.63720703125 -48.079261779785156
-981.2767333984375 -46.31790542602539
-983.1924438476562 -44.38823699951172
-982.363525390625 -42.422088623046875
-982.8358764648438 -44.219844818115234
-983.8711547851562 -42.2994384765625
-985.4478759765625 -44.28500747680664
-985.818359375 -42.29465103149414
-986.3795776367188 -40.30064010620117
-984.4259033203125 -41.584285736083984
-983.9151000976562 -43.40039825439453
-984.089111328125 -41.46061325073242
-982.3526611328125 -42.835243225097656
-983.9501342773438 -41.23621368408203
-985.5841064453125 -43.17384719848633
-983.8241577148438 -41.18535232543945
-984.9227294921875 -43.10005187988281
-984.8488159179688 -41.10289764404297
-986.0355834960938 -43.00874328613281
-987.1456298828125 -41.03606033325195
-989.1005249023438 -42.773136138916016
-987.7115478515625 -40.773193359375
-987.7298583984375 -41.62781524658203
-985.9011840820312 -39.64662170410156
-984.0100708007812 -39.443199157714844
-982.505126953125 -38.31841278076172
-984.0584106445312 -36.34443664550781
-982.431396484375 -34.47211456298828
-981.5533447265625 -32.49193572998047
-979.91015625 -30.61213493347168
-980.5410766601562 -30.710439682006836
-981.8841552734375 -28.87188148498535
-980.5787963867188 -27.224109649658203
-982.4061889648438 -25.239381790161133
-981.5347290039062 -24.171022415161133
-980.1080932617188 -22.604963302612305
-979.2473754882812 -20.959829330444336
-981.2471313476562 -22.958696365356445
-980.6224975585938 -21.170610427856445
-980.0404663085938 -21.417987823486328
-981.5853271484375 -19.74066925048828
-982.6608276367188 -18.285995483398438
-981.2904663085938 -16.317420959472656
-983.2898559570312 -18.31711196899414
-981.8907470703125 -16.344602584838867
-982.8405151367188 -14.596057891845703
-983.5347900390625 -12.673273086547852
-983.0994262695312 -10.747657775878906
-981.6668701171875 -8.78832721710205
-983.6666870117188 -10.70977783203125
-982.0151977539062 -8.982892036437988
-984.0151977539062 -10.865168571472168
-982.549560546875 -11.69423770904541
-984.5485229492188 -13.685847282409668
-982.6121826171875 -11.73444938659668
-984.6107177734375 -13.733500480651855
-983.9752807617188 -11.739437103271484
-985.82861328125 -9.956827163696289
-983.927734375 -7.957283973693848
-982.37109375 -6.19503116607666
-984.3633422851562 -8.140824317932129
-983.54833984375 -6.451653957366943
-982.7936401367188 -6.767665386199951
-984.7899169921875 -8.761312484741211
-983.1322631835938 -6.762294292449951
-981.2179565429688 -4.77787971496582
-983.2179565429688 -6.719666957855225
-981.2936401367188 -4.761484146118164
-983.2935791015625 -6.755560398101807
-982.1639404296875 -4.992562294006348
-984.163330078125 -6.967411994934082
-984.794677734375 -4.982996463775635
-982.81298828125 -3.599552631378174
-984.81298828125 -5.401000022888184
-984.5729370117188 -4.353668212890625
-985.0888671875 -2.7717840671539307
-983.5098266601562 -0.907753050327301
-983.0111083984375 0.9331242442131042
-981.2743530273438 2.8722269535064697
-983.2742919921875 4.277354717254639
-984.822265625 6.276325702667236
-986.812255859375 8.274115562438965
-988.8114013671875 10.273911476135254
-990.8109741210938 12.273797988891602
-992.7745361328125 10.274107933044434
-994.773193359375 12.26889705657959
-996.7730712890625 10.269306182861328
-998.7730102539062 12.266942024230957
-1000.7728271484375 10.266969680786133
-1002.7727661132812 12.266532897949219
-1004.7727661132812 14.227028846740723
-1006.7722778320312 12.22703742980957
-1008.7722778320312 14.209063529968262
-1010.7542724609375 12.209114074707031
-1012.7542724609375 14.197015762329102
-1014.7536010742188 12.197076797485352
-1016.7536010742188 14.196330070495605
-1018.7523803710938 12.196611404418945
-1020.7523193359375 14.195579528808594
-1022.752197265625 12.195586204528809
-1024.752197265625 14.192395210266113
-1026.751708984375 12.192426681518555
-1028.751708984375 14.173632621765137
-1030.7171630859375 12.173651695251465
-1032.7171630859375 14.172957420349121
-1034.7171630859375 16.02048110961914
-1036.717041015625 14.021112442016602
-1038.716796875 12.765471458435059
-1040.716796875 14.760650634765625
-1042.701171875 12.760915756225586
-1044.70068359375 14.734604835510254
-1046.686279296875 12.736027717590332
-1048.6861572265625 14.690543174743652
-1050.679931640625 12.690577507019043
-1052.679931640625 14.670835494995117
-1054.6700439453125 12.670921325683594
-1056.669921875 14.646075248718262
-1058.66943359375 12.646112442016602
-1060.66943359375 14.435466766357422
-1062.6640625 12.435720443725586
-1064.6640625 14.427672386169434
-1066.662109375 12.42840576171875
-1068.662109375 14.370559692382812
-1070.66015625 12.370790481567383
-1072.66015625 14.366659164428711
-1074.6600341796875 12.367071151733398
-1076.6600341796875 14.282513618469238
-1078.6600341796875 12.285727500915527
-1080.6597900390625 14.277580261230469
-1082.6590576171875 12.278024673461914
-1084.6588134765625 14.238120079040527
-1086.6497802734375 12.241387367248535
-1088.649658203125 14.216316223144531
-1090.6494140625 15.17397689819336
-1092.604248046875 13.174808502197266
-1094.5999755859375 14.831026077270508
-1096.5941162109375 12.832700729370117
-1098.593994140625 11.708623886108398
-1100.593505859375 9.710660934448242
-1102.57958984375 11.641206741333008
-1104.5782470703125 13.639899253845215
-1106.5771484375 11.63998031616211
-1108.5770263671875 13.587018013000488
-1110.5738525390625 11.587448120117188
-1112.5731201171875 13.561410903930664
-1114.5545654296875 11.562294006347656
-1116.5533447265625 13.505544662475586
-1118.55126953125 11.506816864013672
-1120.5489501953125 12.356134414672852
-1122.546875 12.371952056884766
-1124.53662109375 14.267691612243652
-1126.5003662109375 12.269248962402344
-1128.4962158203125 11.240265846252441
-1130.49462890625 13.237062454223633
-1132.4559326171875 11.237564086914062
-1134.4512939453125 13.18640422821045
-1136.1187744140625 11.191649436950684
-1138.0611572265625 12.497709274291992
-1139.97802734375 10.506685256958008
-1141.9688720703125 11.880752563476562
-1142.887451171875 9.88119125366211
-1144.8468017578125 11.48414421081543
-1145.200927734375 12.005669593811035
-1146.6866455078125 10.007478713989258
-1147.195556640625 11.270368576049805
-1149.0899658203125 9.523269653320312
-1151.0091552734375 9.432391166687012
-1152.6181640625 9.902820587158203
-1154.09375 9.123074531555176
