-954.8377075195312 -172.87435913085938
-952.8471069335938 -170.8836212158203
-950.8475341796875 -169.07920837402344
-948.97998046875 -167.0804901123047
-947.7034301757812 -165.0836944580078
-946.2633056640625 -163.08633422851562
-948.2613525390625 -161.08642578125
-946.3756103515625 -159.1002197265625
-948.368408203125 -157.10037231445312
-947.023193359375 -155.1009063720703
-946.8710327148438 -153.2001495361328
-945.3138427734375 -151.2071990966797
-947.3076171875 -149.2073211669922
-947.989013671875 -147.2270050048828
-949.3031005859375 -145.22828674316406
-948.5738525390625 -143.22972106933594
-949.9617919921875 -141.23060607910156
-948.0071411132812 -139.2573699951172
-946.5604248046875 -137.26583862304688
-947.6251831054688 -135.26611328125
-948.2010498046875 -133.2689208984375
-947.0484008789062 -131.28575134277344
-946.8241577148438 -129.2868194580078
-947.6095581054688 -127.30267333984375
-947.1759033203125 -125.30325317382812
-947.3658447265625 -123.36075592041016
-947.0404663085938 -121.45732116699219
-949.0171508789062 -119.4685287475586
-950.9569702148438 -117.47085571289062
-952.4453125 -115.51593017578125
-953.0609130859375 -113.5413589477539
-953.5045166015625 -111.56488037109375
-954.4220581054688 -109.5952377319336
-952.7042236328125 -107.67977142333984
-954.0939331054688 -105.68534851074219
-955.5438232421875 -103.68657684326172
-957.4723510742188 -101.69447326660156
-956.3116455078125 -100.14913940429688
-956.6663818359375 -98.386474609375
-956.8546752929688 -96.39002990722656
-956.1459350585938 -94.4825439453125
-957.16064453125 -92.49504852294922
-959.016357421875 -90.59662628173828
-957.6331176757812 -89.15284729003906
-959.4694213867188 -87.17327880859375
-961.1014404296875 -85.83033752441406
-961.8241577148438 -83.85942077636719
-961.9532470703125 -82.55697631835938
-962.6935424804688 -80.6142578125
-963.0188598632812 -78.64729309082031
-961.2499389648438 -76.67855834960938
-959.9415893554688 -74.82926177978516
-961.5892333984375 -73.24504089355469
-961.4462890625 -71.27438354492188
-960.7913208007812 -69.34907531738281
-959.9732666015625 -67.53445434570312
-959.941650390625 -65.58727264404297
-961.6591796875 -63.59929275512695
-963.4509887695312 -61.63207244873047
-965.41064453125 -63.53383255004883
-967.4063720703125 -61.53409957885742
-969.4037475585938 -59.53474044799805
-971.3908081054688 -57.537513732910156
-973.3904418945312 -55.539466857910156
-975.3899536132812 -53.55916976928711
-977.389892578125 -51.55958938598633
-979.3781127929688 -50.17670822143555
-981.1956787109375 -48.496517181396484
-979.5930786132812 -46.912132263183594
-980.9225463867188 -45.52799606323242
-982.8114013671875 -43.74736022949219
-982.938232421875 -42.54595947265625
-984.875244140625 -44.09408187866211
-983.795654296875 -42.87489700317383
-983.5196533203125 -41.97300338745117
-984.7073364257812 -43.61574935913086
-983.66455078125 -41.896217346191406
-985.2587890625 -43.48808288574219
-985.2540283203125 -41.55043029785156
-986.7704467773438 -41.80823516845703
-985.8316650390625 -40.05177307128906
-985.1832275390625 -39.120887756347656
-986.8878784179688 -38.961997985839844
-985.8587646484375 -38.86756134033203
-984.30419921875 -37.434547424316406
-983.0116577148438 -36.61867141723633
-981.73876953125 -38.04252243041992
-983.3119506835938 -38.0115966796875
-983.3993530273438 -38.82181167602539
-983.8578491210938 -37.77874755859375
-984.5237426757812 -37.138301849365234
-983.6485595703125 -36.705265045166016
-984.9410400390625 -35.930973052978516
-983.04638671875 -34.81636047363281
-981.3724975585938 -33.35535430908203
-980.5906982421875 -31.89327049255371
-982.4401245117188 -30.373876571655273
-982.2610473632812 -28.47833251953125
-983.5377197265625 -28.05952262878418
-982.82666015625 -28.23349952697754
-981.0810546875 -26.27615737915039
-982.5266723632812 -24.364112854003906
-982.8988037109375 -22.48829460144043
-984.09423828125 -21.363523483276367
-982.6387939453125 -19.79779624938965
-981.8251342773438 -18.06534194946289
-983.58642578125 -17.149072647094727
-984.7516479492188 -18.685741424560547
-982.9617309570312 -17.28202247619629
-984.6567993164062 -16.693008422851562
-985.649169921875 -16.00942611694336
-983.8366088867188 -15.657267570495605
-985.2657470703125 -13.6697359085083
-984.599853515625 -12.51587963104248
-984.460693359375 -10.891409873962402
-982.8349609375 -9.259529113769531
-984.828369140625 -9.972647666931152
-985.280517578125 -8.617635726928711
-984.9090576171875 -7.102331161499023
-984.3665771484375 -7.700438022613525
-983.4727783203125 -6.288463115692139
-982.8941040039062 -4.804025650024414
-984.8924560546875 -3.433687925338745
-985.5048217773438 -2.5158417224884033
-983.5926513671875 -0.9702028036117554
-982.9732666015625 0.9686143398284912
-981.6414184570312 2.3998165130615234
-983.6398315429688 3.160191059112549
-983.723876953125 5.148157596588135
-985.71044921875 7.1474289894104
-987.7080688476562 9.13489055633545
-989.7071533203125 11.106616020202637
-991.693359375 9.69963264465332
-993.6922607421875 11.695516586303711
-995.613525390625 9.768746376037598
-997.6113891601562 11.758854866027832
-999.6090698242188 9.829273223876953
-1001.600341796875 11.642894744873047
-1003.5985717773438 13.62605094909668
-1005.573486328125 11.676817893981934
-1007.57080078125 13.671394348144531
-1009.5703735351562 12.311264038085938
-1011.5692138671875 14.260217666625977
-1013.565673828125 12.348616600036621
-1015.558837890625 14.342474937438965
-1017.5551147460938 12.37402057647705
-1019.5451049804688 14.371339797973633
-1021.5293579101562 12.380441665649414
-1023.519287109375 14.367159843444824
-1025.450439453125 12.429625511169434
-1027.4139404296875 14.426575660705566
-1029.4046630859375 12.483196258544922
-1031.4027099609375 14.274415016174316
-1033.399658203125 16.271347045898438
-1035.3800048828125 14.380780220031738
-1037.378662109375 16.025362014770508
-1039.237060546875 14.348481178283691
-1041.2352294921875 16.33836555480957
-1043.216552734375 14.350373268127441
-1045.171142578125 12.42474365234375
-1047.1710205078125 14.407672882080078
-1049.165283203125 12.451629638671875
-1051.164794921875 14.40357494354248
-1053.1024169921875 12.436445236206055
-1055.09912109375 14.418622016906738
-1057.091552734375 12.610539436340332
-1059.0902099609375 14.602791786193848
-1061.0782470703125 12.639261245727539
-1063.0772705078125 14.530075073242188
-1064.85205078125 12.565422058105469
-1066.7222900390625 14.478872299194336
-1068.5408935546875 12.509614944458008
-1070.533203125 14.501007080078125
-1072.5208740234375 12.552840232849121
-1074.5098876953125 14.455124855041504
-1076.2901611328125 12.477916717529297
-1078.2666015625 14.408129692077637
-1080.033447265625 12.434741020202637
-1082.02490234375 14.41516399383545
-1083.9259033203125 12.49749755859375
-1085.9169921875 14.185504913330078
-1087.910400390625 12.217126846313477
-1089.8956298828125 14.01534366607666
-1091.8526611328125 15.5267915725708
-1093.837158203125 13.614415168762207
-1095.8345947265625 15.217141151428223
-1097.8223876953125 13.260916709899902
-1099.8211669921875 11.271430015563965
-1101.8189697265625 13.24653434753418
-1103.7806396484375 11.29763412475586
-1105.778564453125 13.17370319366455
-1107.7100830078125 11.2014741897583
-1109.705078125 13.109161376953125
-1111.3856201171875 11.134208679199219
-1113.373779296875 12.626652717590332
-1115.361083984375 13.09094524383545
-1117.3602294921875 11.101573944091797
-1119.3359375 13.04973316192627
-1121.2574462890625 11.076286315917969
-1122.14013671875 12.525117874145508
-1124.1287841796875 13.861699104309082
-1126.1251220703125 11.869095802307129
-1128.0728759765625 13.784465789794922
-1129.839111328125 11.797365188598633
-1131.837890625 12.172479629516602
-1133.778564453125 10.174808502197266
-1135.508056640625 11.919894218444824
-1136.928466796875 9.95870304107666
-1138.838134765625 10.418740272521973
-1140.7603759765625 9.333451271057129
-1141.9530029296875 11.188737869262695
-1143.9473876953125 11.4962797164917
-1145.7755126953125 10.534180641174316
-1147.2032470703125 9.026737213134766
-1149.1817626953125 8.559704780578613
-1150.6474609375 9.048452377319336
-1152.42236328125 8.210858345031738
-1154.3741455078125 6.8270263671875
