-954.8988037109375 -172.84828186035156
-952.9376220703125 -170.84841918945312
-951.4130249023438 -168.84857177734375
-950.9954223632812 -166.84896850585938
-951.3050537109375 -164.84910583496094
-949.659423828125 -162.84925842285156
-948.9588012695312 -160.85025024414062
-947.77685546875 -158.85057067871094
-947.79541015625 -156.85110473632812
-949.6484375 -154.8511199951172
-948.6637573242188 -152.85122680664062
-948.3800659179688 -150.8524932861328
-946.9165649414062 -148.85252380371094
-945.7208862304688 -146.85267639160156
-947.7205200195312 -144.8527069091797
-949.6565551757812 -142.85299682617188
-950.9405517578125 -140.854736328125
-950.9744262695312 -138.85475158691406
-951.7848510742188 -136.85479736328125
-951.0595092773438 -134.8548126220703
-952.9769897460938 -132.85528564453125
-953.0692138671875 -130.8553009033203
-954.9739379882812 -128.85531616210938
-956.8724975585938 -126.85536193847656
-955.0104370117188 -124.85537719726562
-956.7885131835938 -122.85631561279297
-954.9110717773438 -120.8575210571289
-953.5792236328125 -118.85768127441406
-952.9940795898438 -116.8578872680664
-953.8133544921875 -114.85792541503906
-955.374267578125 -112.8579330444336
-954.7754516601562 -110.85804748535156
-954.226318359375 -108.85807037353516
-953.593017578125 -106.85807800292969
-953.3421020507812 -104.85808563232422
-955.1703491210938 -102.85808563232422
-956.8648681640625 -100.85813903808594
-955.924072265625 -98.85831451416016
-957.5381469726562 -96.85836791992188
-957.2329711914062 -94.8583755493164
-956.5519409179688 -92.8583755493164
-957.8042602539062 -90.85845947265625
-958.2483520507812 -88.85850524902344
-959.3070068359375 -86.85862731933594
-957.5587768554688 -84.858642578125
-959.2208862304688 -82.8586654663086
-960.674072265625 -80.85871124267578
-959.6375732421875 -78.8589096069336
-960.4346313476562 -76.85965728759766
-958.7880859375 -74.86042022705078
-960.188232421875 -72.8604736328125
-958.4713745117188 -70.8604736328125
-959.9019165039062 -68.86048889160156
-960.4411010742188 -66.86051177978516
-958.767333984375 -64.86056518554688
-960.7669067382812 -66.85233306884766
-961.4105834960938 -64.85242462158203
-961.3173828125 -62.852439880371094
-963.3145141601562 -64.8204116821289
-962.09228515625 -62.82041931152344
-964.0765991210938 -60.82041931152344
-966.0765380859375 -62.74850845336914
-968.0680541992188 -60.74850845336914
-970.0661010742188 -58.74850845336914
-972.064453125 -56.74850845336914
-974.052734375 -54.74850845336914
-976.0431518554688 -52.748512268066406
-978.036865234375 -50.748531341552734
-979.9834594726562 -48.748538970947266
-979.737548828125 -46.7495231628418
-981.405029296875 -44.74970626831055
-983.390625 -42.74976348876953
-984.3909301757812 -40.749935150146484
-985.5343627929688 -38.89140319824219
-987.265380859375 -36.89231872558594
-985.310546875 -34.893653869628906
-983.4454956054688 -32.89372634887695
-985.0347900390625 -30.893991470336914
-985.767822265625 -28.894182205200195
-986.310302734375 -26.8947811126709
-985.5255737304688 -24.89485740661621
-983.6358032226562 -22.895668029785156
-982.5692138671875 -20.89651870727539
-983.3553466796875 -18.89817237854004
-982.009521484375 -16.899538040161133
-982.9222412109375 -14.900702476501465
-984.1803588867188 -12.904738426208496
-983.931640625 -10.905057907104492
-982.1268310546875 -8.905966758728027
-984.1267700195312 -6.906595230102539
-983.320556640625 -4.907134056091309
-984.92431640625 -2.9102847576141357
-985.1495971679688 -0.9186634421348572
-983.3588256835938 1.0812374353408813
-981.567626953125 3.081111192703247
-983.5672607421875 5.081092834472656
-985.5364990234375 7.081090450286865
-987.5314331054688 9.081089973449707
-989.5255737304688 11.08108901977539
-991.5254516601562 9.126485824584961
-993.5253295898438 11.126485824584961
-995.5252075195312 13.126484870910645
-997.5250854492188 11.127592086791992
-999.52294921875 13.127592086791992
-1001.52294921875 11.135296821594238
-1003.5186767578125 13.135278701782227
-1005.517822265625 11.137704849243164
-1007.51708984375 13.137701034545898
-1009.5164794921875 11.15783977508545
-1011.5140380859375 13.15783977508545
-1013.5137939453125 11.165685653686523
-1015.5111083984375 13.165685653686523
-1017.5111083984375 11.166696548461914
-1019.5093994140625 13.166690826416016
-1021.508544921875 15.166690826416016
-1023.5070190429688 13.167662620544434
-1025.5064697265625 15.167661666870117
-1027.505859375 13.16939640045166
-1029.5054931640625 15.16939640045166
-1031.5054931640625 13.182848930358887
-1033.5052490234375 15.182848930358887
-1035.50439453125 13.1863431930542
-1037.504150390625 15.186342239379883
-1039.5028076171875 17.186323165893555
-1041.502685546875 15.211018562316895
-1043.50244140625 13.252198219299316
-1045.4696044921875 15.252196311950684
-1047.469482421875 13.272266387939453
-1049.4686279296875 15.272266387939453
-1051.468505859375 13.274070739746094
-1053.468017578125 15.274069786071777
-1055.4678955078125 13.2815580368042
-1057.46484375 15.281557083129883
-1059.4644775390625 13.353943824768066
-1061.463623046875 15.353940963745117
-1063.4635009765625 13.365876197814941
-1065.4134521484375 15.365863800048828
-1067.4134521484375 13.37233829498291
-1069.407470703125 15.372322082519531
-1071.4073486328125 13.438920974731445
-1073.40380859375 15.438913345336914
-1075.4036865234375 13.441742897033691
-1077.403564453125 15.441705703735352
-1079.403076171875 13.44241714477539
-1081.3936767578125 15.442169189453125
-1083.3936767578125 13.447419166564941
-1085.3936767578125 15.447416305541992
-1087.3935546875 13.453035354614258
-1089.39306640625 15.453032493591309
-1091.3929443359375 13.454379081726074
-1093.391845703125 15.454370498657227
-1095.391845703125 13.457083702087402
-1097.3892822265625 15.456570625305176
-1099.386474609375 13.464418411254883
-1101.3798828125 12.178838729858398
-1103.1859130859375 14.17877197265625
-1105.1357421875 12.52057933807373
-1107.0584716796875 14.520557403564453
-1109.057373046875 12.529532432556152
-1111.0513916015625 14.529526710510254
-1113.0511474609375 12.530411720275879
-1115.049560546875 14.530387878417969
-1117.04931640625 12.562358856201172
-1119.0443115234375 14.562322616577148
-1121.0440673828125 12.567705154418945
-1122.753173828125 14.56770133972168
-1124.753173828125 12.567943572998047
-1126.7398681640625 14.567893981933594
-1128.73583984375 13.069191932678223
-1130.731689453125 11.071517944335938
-1132.7266845703125 13.071507453918457
-1134.7264404296875 11.079511642456055
-1136.6866455078125 13.079507827758789
-1138.68603515625 11.079636573791504
-1140.30810546875 13.079623222351074
-1142.2861328125 11.080857276916504
-1144.241943359375 13.080804824829102
-1146.2308349609375 11.09044075012207
-1148.139404296875 13.089753150939941
-1150.1392822265625 11.091219902038574
-1150.951904296875 13.08958625793457
-1152.9503173828125 11.089681625366211
-1154.8714599609375 13.070210456848145
