-1053.9288330078125 -217.1906280517578
-1055.9156494140625 -215.19082641601562
-1057.9151611328125 -217.1847686767578
-1059.9029541015625 -215.18490600585938
-1061.87939453125 -213.18495178222656
-1063.877685546875 -215.02989196777344
-1065.4090576171875 -213.02992248535156
-1067.4049072265625 -214.0854949951172
-1069.40478515625 -216.07606506347656
-1071.3770751953125 -214.07998657226562
-1073.375732421875 -216.04151916503906
-1075.375732421875 -218.02694702148438
-1077.3746337890625 -216.0273895263672
-1079.3746337890625 -217.6960906982422
-1081.36767578125 -219.4945068359375
-1082.396240234375 -217.495849609375
-1084.395263671875 -219.3820343017578
-1086.1978759765625 -217.38279724121094
-1088.17529296875 -219.08494567871094
-1088.9388427734375 -217.08692932128906
-1090.9344482421875 -218.94662475585938
-1092.6717529296875 -216.95437622070312
-1094.6651611328125 -217.5895538330078
-1096.077880859375 -215.5921630859375
-1098.077392578125 -217.42987060546875
-1099.843017578125 -215.43045043945312
-1101.8309326171875 -215.14366149902344
-1103.8299560546875 -216.92994689941406
-1105.742431640625 -214.9316864013672
-1107.741455078125 -216.6031951904297
-1109.70166015625 -214.66925048828125
-1111.693115234375 -216.40524291992188
-1113.4427490234375 -214.40567016601562
-1115.440185546875 -216.24354553222656
-1117.3939208984375 -214.24441528320312
-1119.3896484375 -214.6630401611328
-1121.3818359375 -216.60382080078125
-1120.1385498046875 -214.60841369628906
-1122.1337890625 -215.9578857421875
-1123.80810546875 -213.963134765625
-1125.80517578125 -215.48118591308594
-1124.7642822265625 -213.4913787841797
-1126.763427734375 -215.28404235839844
-1127.16162109375 -213.28558349609375
-1129.16162109375 -213.45362854003906
-1131.161376953125 -214.92703247070312
-1129.8236083984375 -212.93663024902344
-1131.7930908203125 -213.84103393554688
-1133.77685546875 -215.02635192871094
-1135.1292724609375 -213.0501708984375
-1137.12890625 -214.99452209472656
-1139.12548828125 -216.83387756347656
-1141.0810546875 -214.83642578125
-1143.0802001953125 -214.22189331054688
-1145.0802001953125 -212.99508666992188
-1147.0802001953125 -211.177978515625
-1145.523681640625 -210.65768432617188
-1147.523681640625 -208.74859619140625
-1145.53369140625 -206.91830444335938
-1143.5413818359375 -204.93026733398438
-1145.5413818359375 -202.9404296875
-1143.5947265625 -200.9453582763672
-1145.5947265625 -198.99766540527344
-1143.5966796875 -197.02828979492188
-1145.5966796875 -195.0304412841797
-1143.597412109375 -193.04986572265625
-1145.597412109375 -191.06166076660156
-1143.598388671875 -189.10182189941406
-1145.598388671875 -187.10765075683594
-1143.826171875 -185.11097717285156
-1145.8260498046875 -183.33993530273438
-1144.7130126953125 -184.7805938720703
-1146.7130126953125 -182.85687255859375
-1146.0552978515625 -182.69813537597656
-1144.4649658203125 -182.29525756835938
-1146.4649658203125 -180.40345764160156
-1144.4892578125 -178.49203491210938
-1146.4888916015625 -176.50563049316406
-1144.5106201171875 -174.5259552001953
-1146.5106201171875 -172.61122131347656
-1144.51171875 -170.6159210205078
-1146.5115966796875 -168.84512329101562
-1144.7164306640625 -166.84732055664062
-1146.7164306640625 -164.8670654296875
-1144.74560546875 -163.19334411621094
-1146.74560546875 -161.21231079101562
-1144.74658203125 -159.2212371826172
-1142.74755859375 -157.3148193359375
-1144.521484375 -156.01683044433594
-1145.448974609375 -156.77171325683594
-1143.4708251953125 -154.79751586914062
-1145.46142578125 -156.00852966308594
-1143.6197509765625 -154.01318359375
-1145.59375 -155.9935760498047
-1143.593994140625 -154.0057830810547
-1145.531494140625 -154.40667724609375
-1145.4888916015625 -156.1638946533203
-1143.4906005859375 -154.16458129882812
-1145.486572265625 -153.33981323242188
-1147.2122802734375 -154.6819610595703
-1145.2127685546875 -152.68272399902344
-1147.0113525390625 -153.783203125
-1149.007080078125 -155.77076721191406
-1147.01171875 -153.78529357910156
-1148.967041015625 -155.0088653564453
-1147.0128173828125 -153.02151489257812
-1148.7066650390625 -154.3609161376953
-1146.7935791015625 -152.36123657226562
-1148.77978515625 -154.30462646484375
-1146.95068359375 -152.3070526123047
-1148.73974609375 -154.25057983398438
-1146.798583984375 -152.25546264648438
-1148.3516845703125 -153.03077697753906
-1150.2108154296875 -154.81094360351562
-1150.0430908203125 -152.81259155273438
-1148.0528564453125 -150.81317138671875
-1149.9404296875 -152.45469665527344
-1150.2645263671875 -150.4547576904297
-1152.2642822265625 -148.53961181640625
-1150.59814453125 -146.58909606933594
-1152.596923828125 -144.77435302734375
-1150.77490234375 -142.81842041015625
-1152.7747802734375 -140.97535705566406
-1151.9068603515625 -138.9754638671875
-1153.904541015625 -136.9856719970703
-1152.4993896484375 -134.99691772460938
-1154.28515625 -132.99789428710938
-1156.28515625 -131.10186767578125
-1158.2850341796875 -129.1571044921875
-1160.2850341796875 -127.16759490966797
-1162.2847900390625 -125.17964935302734
-1164.2847900390625 -123.20545959472656
-1162.744384765625 -121.20801544189453
-1164.744140625 -119.22367095947266
-1162.7535400390625 -117.2662124633789
-1164.7535400390625 -115.396484375
-1162.7813720703125 -113.41950225830078
-1163.1463623046875 -111.45230102539062
-1162.8463134765625 -109.52900695800781
-1161.603271484375 -109.15889739990234
-1159.8291015625 -108.66789245605469
-1158.42578125 -106.80010223388672
-1156.4259033203125 -104.83550262451172
-1158.4259033203125 -102.88020324707031
-1156.4278564453125 -101.1030044555664
-1158.4278564453125 -99.17960357666016
-1156.4278564453125 -97.2654037475586
-1158.427734375 -95.27584075927734
-1156.4278564453125 -93.28104400634766
-1158.427734375 -91.29645538330078
-1156.427978515625 -89.29827117919922
-1158.4278564453125 -87.32450866699219
-1156.427978515625 -85.34032440185547
-1158.4278564453125 -83.4894790649414
-1156.427978515625 -81.49747467041016
-1158.427978515625 -79.50639343261719
-1156.4281005859375 -77.50904083251953
-1158.427978515625 -76.29610443115234
-1156.4287109375 -74.30516052246094
-1158.4287109375 -72.46443939208984
-1156.435791015625 -70.46490478515625
-1158.4356689453125 -68.57254791259766
-1156.4381103515625 -66.57371520996094
-1158.4356689453125 -65.06017303466797
-1156.4366455078125 -63.06386947631836
-1158.4364013671875 -61.26875686645508
-1156.45166015625 -59.301300048828125
-1158.45166015625 -57.37224197387695
-1156.458251953125 -55.37281799316406
-1158.4580078125 -53.57649612426758
-1160.4552001953125 -51.604576110839844
-1158.6624755859375 -49.621891021728516
-1160.6461181640625 -47.63177490234375
-1158.649169921875 -46.27576446533203
-1157.1302490234375 -44.528541564941406
-1155.142822265625 -42.554256439208984
-1157.142822265625 -40.59957504272461
-1155.14306640625 -38.605045318603516
-1157.1417236328125 -36.623348236083984
-1155.146240234375 -34.6463737487793
-1157.141845703125 -32.702518463134766
-1155.159912109375 -30.70903968811035
-1156.957275390625 -28.732206344604492
-1154.974365234375 -26.735464096069336
-1156.96044921875 -24.74932861328125
-1155.022705078125 -22.771663665771484
-1157.022705078125 -21.019678115844727
-1155.23876953125 -19.085390090942383
-1157.23828125 -17.166067123413086
-1155.4556884765625 -15.579846382141113
-1157.45458984375 -13.632198333740234
-1155.455078125 -11.652559280395508
-1157.44677734375 -9.752907752990723
-1155.4586181640625 -7.976321697235107
-1157.4520263671875 -6.6805830001831055
-1155.4552001953125 -4.736993312835693
-1157.4320068359375 -3.3826992511749268
-1155.468505859375 -1.5166140794754028
-1157.4677734375 0.2567344605922699
-1155.5015869140625 2.2275545597076416
-1157.500732421875 4.025447845458984
-1155.5018310546875 5.583007335662842
-1157.474853515625 6.812817573547363
