-1053.8663330078125 -216.90394592285156
-1052.3155517578125 -214.9040985107422
-1053.5562744140625 -215.89462280273438
-1054.3221435546875 -215.775146484375
-1055.9410400390625 -216.35354614257812
-1056.608642578125 -214.35354614257812
-1058.198974609375 -215.98817443847656
-1057.6744384765625 -213.98837280273438
-1059.6331787109375 -215.59616088867188
-1057.9119873046875 -213.59619140625
-1059.4534912109375 -213.1270294189453
-1060.9866943359375 -215.11915588378906
-1062.84326171875 -213.11915588378906
-1064.8206787109375 -212.69480895996094
-1062.837890625 -213.1143798828125
-1064.78076171875 -212.08248901367188
-1062.7884521484375 -210.18699645996094
-1064.7872314453125 -208.83978271484375
-1062.7872314453125 -206.9714813232422
-1064.7872314453125 -204.9715576171875
-1062.7872314453125 -203.0010986328125
-1064.7867431640625 -201.0368194580078
-1062.7867431640625 -199.10369873046875
-1064.7864990234375 -197.2040557861328
-1062.7864990234375 -195.20547485351562
-1064.7862548828125 -193.2075653076172
-1062.7862548828125 -191.20791625976562
-1064.7806396484375 -189.2878875732422
-1062.7806396484375 -187.28790283203125
-1064.7803955078125 -185.29205322265625
-1062.780517578125 -183.9129180908203
-1064.7803955078125 -182.0819854736328
-1062.7803955078125 -180.12599182128906
-1064.780029296875 -179.1193389892578
-1062.780029296875 -177.11956787109375
-1064.7784423828125 -175.5581512451172
-1062.7784423828125 -173.86968994140625
-1064.77685546875 -171.97927856445312
-1062.77685546875 -169.9835662841797
-1064.7764892578125 -167.98733520507812
-1062.7764892578125 -166.1426544189453
-1064.76123046875 -165.51258850097656
-1062.76123046875 -163.5138397216797
-1064.7593994140625 -161.6977996826172
-1066.7584228515625 -159.76414489746094
-1064.7796630859375 -157.76419067382812
-1066.7779541015625 -155.7645721435547
-1068.677978515625 -153.7646026611328
-1070.4951171875 -151.76461791992188
-1072.4932861328125 -152.11634826660156
-1074.1253662109375 -150.11648559570312
-1072.89794921875 -148.53262329101562
-1074.838134765625 -147.8021697998047
-1072.841552734375 -146.07431030273438
-1074.8375244140625 -147.50770568847656
-1072.837646484375 -145.5328826904297
-1074.83544921875 -143.69105529785156
-1072.835693359375 -141.7008514404297
-1074.835693359375 -139.7391815185547
-1072.835693359375 -137.7474822998047
-1074.8355712890625 -135.7664337158203
-1072.8355712890625 -133.7668914794922
-1074.8353271484375 -131.8216552734375
-1072.83544921875 -129.8413848876953
-1074.8353271484375 -127.93427276611328
-1072.8353271484375 -125.93612670898438
-1074.8348388671875 -123.9506607055664
-1072.8363037109375 -121.9700698852539
-1074.8359375 -120.13400268554688
-1072.8375244140625 -118.16077423095703
-1074.8365478515625 -116.17003631591797
-1072.838134765625 -114.1858901977539
-1074.8348388671875 -112.20851135253906
-1075.942626953125 -110.20878601074219
-1077.9146728515625 -110.48998260498047
-1079.9058837890625 -108.49005126953125
-1081.8765869140625 -110.16941833496094
-1083.83935546875 -108.16961669921875
-1085.5982666015625 -107.16012573242188
-1087.5615234375 -108.45746612548828
-1089.479248046875 -109.33592224121094
-1091.4638671875 -107.92062377929688
-1093.444580078125 -108.3302230834961
-1095.417724609375 -107.84485626220703
-1097.350830078125 -105.84495544433594
-1099.3448486328125 -104.5411605834961
-1098.78955078125 -105.41636657714844
-1096.927734375 -103.47225189208984
-1098.927734375 -101.48413848876953
-1096.9302978515625 -99.5401840209961
-1098.9302978515625 -97.56739807128906
-1096.935302734375 -95.57672882080078
-1098.935302734375 -93.57725524902344
-1096.93701171875 -91.61361694335938
-1098.93701171875 -89.62674713134766
-1096.9371337890625 -87.67825317382812
-1098.93701171875 -85.70030975341797
-1096.9432373046875 -83.7045669555664
-1098.943115234375 -81.71192169189453
-1096.97998046875 -79.85458374023438
-1098.97998046875 -77.8670654296875
-1097.003662109375 -75.89061737060547
-1099.0035400390625 -73.89319610595703
-1097.333740234375 -71.9869613647461
-1096.3065185546875 -70.01067352294922
-1094.6943359375 -68.02058410644531
-1096.6943359375 -66.03333282470703
-1095.06591796875 -64.0376205444336
-1097.06591796875 -62.05314254760742
-1095.3480224609375 -60.05867004394531
-1097.347900390625 -58.08292007446289
-1095.8477783203125 -56.251220703125
-1097.4381103515625 -54.28252029418945
-1097.7705078125 -52.29214096069336
-1099.7286376953125 -50.374298095703125
-1099.7725830078125 -48.38745880126953
-1101.6986083984375 -50.28997802734375
-1099.7919921875 -48.3939208984375
-1101.7672119140625 -49.10564041137695
-1103.051025390625 -47.12411880493164
-1104.4371337890625 -48.98584747314453
-1106.436279296875 -46.98700714111328
-1108.4248046875 -48.72505187988281
-1110.115478515625 -46.727115631103516
-1111.764404296875 -47.83881759643555
-1113.5438232421875 -48.39217758178711
-1115.1173095703125 -46.394508361816406
-1116.6849365234375 -48.02718734741211
-1118.672119140625 -49.45671844482422
-1120.6317138671875 -47.45915603637695
-1122.28955078125 -45.63896942138672
-1124.132080078125 -46.058040618896484
-1125.945068359375 -47.84080123901367
-1127.9232177734375 -45.842430114746094
-1129.6334228515625 -46.83845901489258
-1131.436279296875 -48.688232421875
-1130.7950439453125 -46.68896484375
-1132.4498291015625 -44.83925247192383
-1132.1539306640625 -46.7722053527832
-1133.8604736328125 -47.42904281616211
-1133.349365234375 -48.17263412475586
-1135.2979736328125 -46.17298889160156
-1136.47265625 -44.50448989868164
-1136.385009765625 -45.573509216308594
-1138.0640869140625 -46.23000717163086
-1139.8402099609375 -47.8519401550293
-1141.479736328125 -45.853050231933594
-1142.506591796875 -47.27159881591797
-1141.0933837890625 -45.273929595947266
-1139.3289794921875 -46.52721405029297
-1141.07373046875 -45.746124267578125
-1142.822998046875 -46.73212432861328
-1142.747314453125 -45.62905502319336
-1143.100341796875 -46.0180549621582
-1144.804443359375 -46.58408737182617
-1144.822021484375 -45.216949462890625
-1144.580078125 -47.114234924316406
-1145.9759521484375 -45.11424255371094
-1144.2095947265625 -46.477210998535156
-1142.4150390625 -45.52164077758789
-1142.350341796875 -47.294273376464844
-1143.123779296875 -45.29433822631836
-1143.294921875 -43.5146484375
-1141.51611328125 -45.31069564819336
-1140.236328125 -46.53965759277344
-1139.803466796875 -45.28265380859375
-1140.075439453125 -44.986724853515625
-1138.89990234375 -45.713409423828125
-1138.6668701171875 -45.79153823852539
-1139.9661865234375 -47.37251281738281
-1138.5955810546875 -45.37285614013672
-1136.9820556640625 -46.73321533203125
-1137.94873046875 -47.788047790527344
-1139.7818603515625 -45.78812789916992
-1139.2567138671875 -44.93286895751953
-1137.8582763671875 -46.624237060546875
-1139.4940185546875 -48.08700942993164
-1139.417236328125 -46.08706283569336
-1141.1448974609375 -47.11721420288086
-1142.2564697265625 -45.121402740478516
-1143.9581298828125 -45.59477996826172
-1143.4415283203125 -46.50694274902344
-1142.01806640625 -47.96223449707031
-1141.4356689453125 -45.962303161621094
-1139.7662353515625 -47.26646041870117
-1141.291259765625 -45.26659393310547
-1142.59326171875 -45.499969482421875
-1143.7857666015625 -46.937095642089844
-1145.627197265625 -48.75320053100586
-1145.8072509765625 -46.75396728515625
-1147.676025390625 -48.037410736083984
-1149.5867919921875 -46.037479400634766
-1148.853271484375 -47.58842468261719
-1149.3922119140625 -45.58845138549805
-1148.1103515625 -47.41243362426758
-1147.288818359375 -45.41329574584961
-1148.9578857421875 -46.45458221435547
-1150.784912109375 -48.344966888427734
-1150.7318115234375 -46.34497833251953
-1151.635986328125 -47.97504806518555
-1153.282470703125 -45.97528839111328
-1155.2818603515625 -44.260868072509766
-1157.281494140625 -42.26713180541992
-1155.2841796875 -40.28646469116211
-1157.2835693359375 -38.29397201538086
-1155.306884765625 -36.302974700927734
-1157.3035888671875 -34.34386444091797
-1155.3050537109375 -32.34638595581055
-1157.302978515625 -30.354496002197266
-1155.379150390625 -28.360092163085938
-1157.3779296875 -26.369117736816406
-1156.4398193359375 -24.478626251220703
-1154.5611572265625 -22.490781784057617
-1156.5609130859375 -20.517610549926758
-1155.4168701171875 -18.520048141479492
-1157.416748046875 -16.627704620361328
-1155.4669189453125 -14.653141975402832
-1157.4661865234375 -12.684453964233398
-1156.4744873046875 -10.685694694519043
-1154.768798828125 -8.828612327575684
-1156.768798828125 -6.8798041343688965
-1155.00634765625 -5.29640007019043
-1157.006103515625 -4.106478691101074
-1155.55908203125 -2.4225656986236572
-1157.55908203125 -1.8218886852264404
-1155.7999267578125 0.16144926846027374
-1157.7935791015625 1.838415265083313
-1155.845947265625 3.4611620903015137
-1157.8443603515625 4.622544765472412
-1158.8284912109375 6.349424839019775
