-1053.80615234375 -213.37364196777344
-1054.7451171875 -211.52679443359375
-1056.18017578125 -212.09109497070312
-1057.90625 -210.71920776367188
-1059.852783203125 -208.93714904785156
-1061.83984375 -206.98464965820312
-1063.6094970703125 -204.9848175048828
-1061.6097412109375 -203.0130157470703
-1063.5992431640625 -201.01527404785156
-1061.5992431640625 -199.04173278808594
-1063.5892333984375 -197.04319763183594
-1065.57421875 -195.0435028076172
-1063.5743408203125 -193.05516052246094
-1065.5543212890625 -191.05618286132812
-1063.5543212890625 -189.06320190429688
-1065.5477294921875 -187.06375122070312
-1063.5736083984375 -185.0643768310547
-1065.5482177734375 -183.0651397705078
-1063.5484619140625 -183.70230102539062
-1065.544677734375 -181.70245361328125
-1063.5447998046875 -179.80184936523438
-1065.544189453125 -177.8282470703125
-1063.556640625 -178.7730712890625
-1065.5450439453125 -176.81292724609375
-1063.54541015625 -175.355224609375
-1061.54541015625 -174.77334594726562
-1063.52294921875 -172.7851104736328
-1061.52294921875 -171.12628173828125
-1063.522216796875 -169.1334991455078
-1065.5140380859375 -167.20794677734375
-1063.5140380859375 -165.38540649414062
-1065.5108642578125 -163.39012145996094
-1063.510986328125 -161.39134216308594
-1065.467529296875 -159.49191284179688
-1063.467529296875 -157.4920654296875
-1065.193359375 -155.49220275878906
-1066.1568603515625 -153.4923858642578
-1068.0186767578125 -152.1810760498047
-1069.4342041015625 -151.72366333007812
-1071.40625 -150.08627319335938
-1073.4046630859375 -148.1962890625
-1075.404296875 -146.25965881347656
-1073.404296875 -147.1866455078125
-1075.391845703125 -146.62828063964844
-1073.3919677734375 -147.237060546875
-1075.379150390625 -145.45150756835938
-1073.379150390625 -146.14659118652344
-1075.3486328125 -144.15675354003906
-1073.3486328125 -144.47560119628906
-1075.3453369140625 -142.58277893066406
-1073.3453369140625 -141.5116729736328
-1075.3367919921875 -139.5152130126953
-1073.3367919921875 -139.2454833984375
-1075.3355712890625 -137.24661254882812
-1073.3355712890625 -137.38194274902344
-1075.334228515625 -135.38406372070312
-1073.334228515625 -135.8779296875
-1075.2843017578125 -133.88681030273438
-1073.2843017578125 -131.9273681640625
-1075.2808837890625 -129.9608154296875
-1073.2808837890625 -129.44503784179688
-1075.2801513671875 -127.45037078857422
-1073.2801513671875 -126.19783782958984
-1075.239013671875 -124.54949951171875
-1073.239013671875 -125.56616973876953
-1075.237060546875 -123.58320617675781
-1073.237060546875 -125.07715606689453
-1075.224609375 -123.16815185546875
-1073.224609375 -122.08314514160156
-1075.2127685546875 -120.1856460571289
-1073.2127685546875 -118.80883026123047
-1075.2093505859375 -116.81109619140625
-1073.2093505859375 -114.87583923339844
-1074.5751953125 -112.87677001953125
-1072.575439453125 -110.8770751953125
-1074.5413818359375 -112.20414733886719
-1072.554443359375 -110.20542907714844
-1074.4488525390625 -108.31390380859375
-1075.46044921875 -108.64362335205078
-1076.96240234375 -108.3801498413086
-1078.7320556640625 -108.24730682373047
-1080.5406494140625 -109.90198516845703
-1079.9178466796875 -107.90245819091797
-1079.4996337890625 -106.29784393310547
-1079.6397705078125 -108.13441467285156
-1081.1622314453125 -106.88069915771484
-1081.8878173828125 -108.44242095947266
-1083.6689453125 -107.57733154296875
-1083.9444580078125 -107.61909484863281
-1085.0357666015625 -107.43289184570312
-1086.1566162109375 -108.7608871459961
-1085.7962646484375 -110.39764404296875
-1083.9619140625 -108.39801788330078
-1084.5006103515625 -109.01779174804688
-1086.4820556640625 -108.17012786865234
-1087.4053955078125 -106.91395568847656
-1087.8668212890625 -108.87425231933594
-1089.6317138671875 -107.94725799560547
-1089.613525390625 -106.52593994140625
-1090.1199951171875 -107.6851806640625
-1091.611083984375 -106.20854949951172
-1093.0263671875 -105.78974151611328
-1095.0205078125 -104.49366760253906
-1097.0201416015625 -102.77810668945312
-1099.017822265625 -100.77873229980469
-1097.017822265625 -101.21324157714844
-1099.0172119140625 -99.21344757080078
-1097.0172119140625 -98.9349365234375
-1099.0169677734375 -96.9427261352539
-1097.0169677734375 -95.90766143798828
-1099.012451171875 -93.90882110595703
-1097.012451171875 -92.43558502197266
-1099.0107421875 -90.43689727783203
-1097.0107421875 -88.71634674072266
-1099.0106201171875 -86.72355651855469
-1097.0106201171875 -85.19402313232422
-1098.9971923828125 -83.19844818115234
-1096.9971923828125 -82.325927734375
-1098.9971923828125 -80.34852600097656
-1096.9971923828125 -78.44548797607422
-1098.9969482421875 -76.4566421508789
-1096.9969482421875 -74.46778869628906
-1098.97119140625 -72.46849822998047
-1096.97119140625 -71.48873138427734
-1094.974853515625 -69.8648681640625
-1096.969970703125 -67.86878204345703
-1094.969970703125 -67.75669860839844
-1096.9666748046875 -65.7643814086914
-1094.9666748046875 -64.01651000976562
-1096.9652099609375 -62.01921081542969
-1094.9652099609375 -60.57087326049805
-1096.963623046875 -58.5758056640625
-1094.963623046875 -56.626853942871094
-1096.9559326171875 -54.629539489746094
-1094.9559326171875 -52.76423263549805
-1096.9346923828125 -50.7685546875
-1094.9398193359375 -48.77315139770508
-1096.9210205078125 -46.775474548339844
-1094.936767578125 -48.09638595581055
-1096.9337158203125 -46.197120666503906
-1094.9351806640625 -46.61753463745117
-1096.93017578125 -44.62480163574219
-1094.931396484375 -45.891971588134766
-1096.9305419921875 -43.924774169921875
-1094.9312744140625 -43.276702880859375
-1096.9239501953125 -41.2774772644043
-1094.9310302734375 -40.05038833618164
-1096.916748046875 -38.070220947265625
-1094.9169921875 -39.30420684814453
-1096.8428955078125 -37.30992889404297
-1094.8587646484375 -37.13469314575195
-1096.83642578125 -35.313385009765625
-1094.840087890625 -34.34421920776367
-1096.7950439453125 -32.3798828125
-1094.795654296875 -31.031890869140625
-1096.7625732421875 -29.061559677124023
-1094.7652587890625 -27.66009521484375
-1096.7550048828125 -25.668569564819336
-1094.764404296875 -26.68593978881836
-1096.7589111328125 -24.847463607788086
-1094.763916015625 -23.604917526245117
-1096.7391357421875 -21.615720748901367
-1094.7430419921875 -19.823081970214844
-1096.6209716796875 -21.592914581298828
-1094.6219482421875 -23.100799560546875
-1096.6104736328125 -21.127853393554688
-1094.61572265625 -21.875600814819336
-1096.6080322265625 -19.997051239013672
-1098.322509765625 -18.473939895629883
-1096.359130859375 -16.570613861083984
-1098.3377685546875 -15.284013748168945
-1100.3203125 -13.590876579284668
-1098.3543701171875 -11.763672828674316
-1099.8597412109375 -9.802606582641602
-1097.8861083984375 -7.90272331237793
-1099.849609375 -6.171664714813232
-1097.904296875 -4.260738849639893
-1099.8740234375 -2.3045756816864014
-1097.9053955078125 -1.0142865180969238
-1099.896484375 0.981469988822937
-1099.5538330078125 -0.8859666585922241
-1097.712158203125 0.47441306710243225
-1099.6383056640625 2.352064371109009
-1098.498291015625 3.5060455799102783
-1100.48193359375 5.420273780822754
-1098.5035400390625 5.165832996368408
-1100.494384765625 7.1556291580200195
-1098.9764404296875 7.06112003326416
-1099.26123046875 8.123052597045898
-1098.1307373046875 9.870373725891113
-1100.12744140625 11.8152494430542
-1102.12744140625 13.794697761535645
-1104.1258544921875 11.818317413330078
-1106.1256103515625 13.81576919555664
-1108.11865234375 11.923001289367676
-1110.1181640625 13.92098617553711
-1112.1142578125 12.052818298339844
-1114.1134033203125 14.035147666931152
-1116.1002197265625 13.262386322021484
-1118.0797119140625 11.2797269821167
-1120.0787353515625 13.278022766113281
-1122.0162353515625 12.740572929382324
-1124.015625 14.732606887817383
-1125.9862060546875 13.797403335571289
-1127.5457763671875 11.915000915527344
-1129.541748046875 13.900235176086426
-1130.283935546875 11.928458213806152
-1132.27685546875 13.921184539794922
-1131.60986328125 12.0065336227417
-1133.609619140625 13.898615837097168
-1135.5574951171875 11.949708938598633
-1137.515869140625 10.153599739074707
-1139.5032958984375 12.08276653289795
-1141.1737060546875 10.569693565368652
-1143.1234130859375 11.610954284667969
-1145.1214599609375 13.34296989440918
-1146.9140625 12.36319637298584
-1148.4193115234375 10.502776145935059
-1150.3314208984375 10.164105415344238
-1152.2427978515625 12.074064254760742
-1154.1995849609375 11.275360107421875
