-1049.955322265625 -216.58729553222656
-1048.172119140625 -218.3678436279297
-1046.1898193359375 -216.99110412597656
-1044.2066650390625 -218.90293884277344
-1046.033935546875 -216.9048309326172
-1044.2283935546875 -215.29788208007812
-1042.2427978515625 -216.59039306640625
-1040.2491455078125 -216.38230895996094
-1041.0562744140625 -214.39291381835938
-1039.0592041015625 -216.3418426513672
-1040.3702392578125 -214.3431854248047
-1038.3792724609375 -213.39260864257812
-1036.3795166015625 -213.87863159179688
-1035.0904541015625 -214.54049682617188
-1033.115234375 -215.79652404785156
-1033.293701171875 -213.8018035888672
-1031.4205322265625 -214.5771484375
-1029.466064453125 -215.84002685546875
-1030.370361328125 -213.84913635253906
-1028.3779296875 -212.88409423828125
-1026.3916015625 -214.68063354492188
-1024.4639892578125 -216.43743896484375
-1025.50244140625 -214.44216918945312
-1023.5524291992188 -214.36183166503906
-1021.5623168945312 -215.71176147460938
-1023.0415649414062 -213.71620178222656
-1021.04931640625 -212.53555297851562
-1019.0513305664062 -211.59776306152344
-1017.0576171875 -211.6016387939453
-1015.0580444335938 -210.38479614257812
-1013.0580444335938 -208.45802307128906
-1015.0549926757812 -206.53936767578125
-1013.0560302734375 -204.568359375
-1015.026611328125 -204.5667266845703
-1013.0286254882812 -202.57049560546875
-1015.0181274414062 -201.46278381347656
-1013.0189208984375 -199.46714782714844
-1015.0040283203125 -197.57699584960938
-1013.0054931640625 -195.57981872558594
-1014.9953002929688 -194.5341033935547
-1013.0316162109375 -192.53631591796875
-1015.02685546875 -190.7600555419922
-1013.0411376953125 -188.7609100341797
-1015.0153198242188 -189.85130310058594
-1013.0155029296875 -187.8561553955078
-1015.0125122070312 -185.9896697998047
-1013.0126342773438 -183.9901885986328
-1014.9937744140625 -182.08827209472656
-1012.9946899414062 -180.08895874023438
-1010.9954223632812 -178.09243774414062
-1012.2879028320312 -176.15664672851562
-1014.28515625 -174.5224151611328
-1012.2854614257812 -172.5237274169922
-1010.2957763671875 -170.52816772460938
-1012.2914428710938 -169.02130126953125
-1010.2985229492188 -167.02316284179688
-1012.288330078125 -165.5299072265625
-1014.2864379882812 -164.09585571289062
-1012.2978515625 -162.0958709716797
-1014.2957153320312 -160.7566375732422
-1013.1793823242188 -158.75885009765625
-1015.1790771484375 -156.88348388671875
-1017.0355224609375 -154.8858642578125
-1018.9437255859375 -152.89306640625
-1016.9590454101562 -150.90342712402344
-1014.9686279296875 -148.92623901367188
-1012.9688110351562 -146.9302215576172
-1014.9642333984375 -145.06114196777344
-1012.9644775390625 -143.07020568847656
-1014.9637451171875 -141.26368713378906
-1012.9737548828125 -139.26376342773438
-1014.6756591796875 -140.3982696533203
-1012.677734375 -138.4004669189453
-1014.677001953125 -138.7694091796875
-1012.6785278320312 -136.76947021484375
-1014.6765747070312 -135.7275390625
-1016.6723022460938 -133.7438201904297
-1014.6776733398438 -131.74436950683594
-1016.677001953125 -129.79087829589844
-1014.677978515625 -127.79390716552734
-1012.6860961914062 -125.79593658447266
-1014.6846313476562 -123.81629180908203
-1013.3880615234375 -121.81658935546875
-1015.3870239257812 -120.13460540771484
-1013.4569702148438 -118.14220428466797
-1015.4547119140625 -116.22830200195312
-1013.4994506835938 -114.22945404052734
-1015.4987182617188 -112.2630615234375
-1017.2111206054688 -110.26316833496094
-1016.8384399414062 -112.03722381591797
-1018.8155517578125 -110.0376968383789
-1019.8900146484375 -109.58418273925781
-1021.8181762695312 -111.05807495117188
-1023.8178100585938 -109.06439208984375
-1025.7855224609375 -107.06868743896484
-1025.009765625 -108.78376007080078
-1026.3897705078125 -108.72369384765625
-1026.4710693359375 -110.68989562988281
-1028.4464111328125 -108.68995666503906
-1030.41943359375 -106.71490478515625
-1030.87158203125 -106.80525970458984
-1032.6669921875 -107.00188446044922
-1034.5172119140625 -105.00328826904297
-1036.5126953125 -103.18766784667969
-1035.02587890625 -101.18871307373047
-1037.0240478515625 -99.42459106445312
-1035.2313232421875 -97.42603302001953
-1033.3048095703125 -95.42988586425781
-1035.301513671875 -93.78364562988281
-1033.3642578125 -91.78627014160156
-1034.2581787109375 -93.71272277832031
-1036.25 -91.72392272949219
-1034.2911376953125 -89.72467803955078
-1036.197509765625 -90.56719207763672
-1034.204833984375 -88.57123565673828
-1036.1973876953125 -89.2578125
-1034.2803955078125 -87.25875854492188
-1036.200927734375 -85.78244018554688
-1038.198974609375 -83.93367004394531
-1037.290771484375 -81.93627166748047
-1035.309814453125 -79.93744659423828
-1037.309326171875 -77.98641204833984
-1037.92333984375 -75.98738098144531
-1036.015625 -74.1243667602539
-1034.3779296875 -72.14680480957031
-1036.3634033203125 -70.26712036132812
-1034.5748291015625 -68.26775360107422
-1036.5709228515625 -66.36226654052734
-1038.4261474609375 -64.36261749267578
-1040.418212890625 -62.36296463012695
-1039.4837646484375 -60.363258361816406
-1038.870361328125 -58.57060623168945
-1036.89697265625 -56.64342498779297
-1034.924072265625 -54.67343521118164
-1036.921142578125 -52.912532806396484
-1038.7471923828125 -50.912818908691406
-1040.7200927734375 -48.916107177734375
-1042.712890625 -46.91614532470703
-1041.5084228515625 -45.76738739013672
-1039.8101806640625 -44.045597076416016
-1038.1181640625 -42.90102767944336
-1040.1009521484375 -40.98709487915039
-1038.32080078125 -38.99308776855469
-1040.309326171875 -37.04195022583008
-1039.386962890625 -35.04597473144531
-1038.8935546875 -33.07699966430664
-1036.9466552734375 -31.082775115966797
-1038.9464111328125 -29.08344841003418
-1037.3421630859375 -27.091279983520508
-1039.3375244140625 -25.131078720092773
-1038.06689453125 -23.186908721923828
-1036.343505859375 -21.240840911865234
-1038.3421630859375 -19.45412254333496
-1038.060302734375 -17.95603370666504
-1038.0684814453125 -16.21268081665039
-1037.1007080078125 -14.375235557556152
-1036.992431640625 -12.853848457336426
-1035.4517822265625 -12.579679489135742
-1037.402099609375 -10.600164413452148
-1036.709228515625 -8.604683876037598
-1038.707763671875 -6.625070571899414
-1038.581787109375 -6.719127655029297
-1037.06689453125 -6.305613040924072
-1036.031982421875 -4.468730926513672
-1037.9278564453125 -2.571699619293213
-1036.3701171875 -0.5803565382957458
-1034.38037109375 1.37850821018219
-1036.377197265625 3.3778202533721924
-1038.3692626953125 5.364959239959717
-1040.0736083984375 7.3649373054504395
-1041.973876953125 9.36491870880127
-1043.972900390625 11.364906311035156
-1045.9632568359375 13.3648681640625
-1047.945556640625 15.364592552185059
-1049.903564453125 15.564327239990234
-1051.7315673828125 13.653804779052734
-1053.7191162109375 15.653793334960938
-1055.0972900390625 13.726493835449219
-1057.0960693359375 15.726465225219727
-1057.683349609375 14.865528106689453
-1059.65673828125 14.414823532104492
-1061.412353515625 12.571076393127441
-1063.4111328125 14.570796966552734
-1065.400146484375 12.815632820129395
-1067.384765625 14.813159942626953
-1068.688232421875 15.236215591430664
-1070.5997314453125 13.84021282196045
-1072.59619140625 15.839349746704102
-1073.8707275390625 14.769513130187988
-1075.8458251953125 15.96996021270752
-1076.79296875 14.006402969360352
-1078.743408203125 16.005512237548828
-1079.2864990234375 15.979026794433594
-1080.556396484375 14.206028938293457
-1082.5047607421875 12.286641120910645
-1084.5018310546875 14.286372184753418
-1086.4580078125 12.293564796447754
-1088.421630859375 14.292563438415527
-1088.3216552734375 13.795251846313477
-1090.31494140625 15.794498443603516
-1092.26171875 13.84103012084961
-1094.2603759765625 15.826847076416016
-1095.7117919921875 16.426969528198242
-1097.619384765625 16.59231185913086
-1099.4852294921875 16.210800170898438
-1101.30126953125 17.41292953491211
-1100.3848876953125 16.012479782104492
-1100.96728515625 14.549786567687988
-1102.90380859375 13.23337459564209
-1104.5069580078125 12.756418228149414
-1106.4620361328125 11.308844566345215
-1108.4619140625 13.30878734588623
-1110.393798828125 11.476184844970703
-1112.3895263671875 13.4760103225708
-1113.5396728515625 11.493366241455078
-1115.5384521484375 13.492911338806152
-1117.2286376953125 11.61531925201416
-1119.2283935546875 13.611632347106934
-1119.6336669921875 11.671906471252441
-1121.5635986328125 13.65995979309082
-1123.31640625 11.666509628295898
-1125.3001708984375 13.665702819824219
-1127.2999267578125 15.661855697631836
-1127.03955078125 15.0905122756958
-1127.7880859375 13.488673210144043
-1129.4906005859375 12.308390617370605
-1131.481201171875 14.286704063415527
-1131.524658203125 12.29017448425293
-1131.92431640625 10.387743949890137
-1133.9122314453125 12.384298324584961
-1134.4188232421875 10.388813018798828
-1136.3876953125 11.573424339294434
-1137.8336181640625 13.555773735046387
-1139.27392578125 11.559724807739258
-1141.2607421875 13.531400680541992
-1139.9207763671875 11.539344787597656
-1141.7813720703125 13.510804176330566
-1143.7662353515625 11.52292537689209
-1145.7557373046875 13.385747909545898
-1146.5614013671875 11.386541366577148
-1148.3865966796875 13.354194641113281
-1147.1856689453125 11.358071327209473
-1149.1241455078125 13.328594207763672
-1148.9293212890625 11.355036735534668
-1150.927001953125 13.339234352111816
-1152.132568359375 11.348258018493652
-1153.683349609375 13.069334030151367
