-1053.9332275390625 -217.31613159179688
-1054.4705810546875 -215.37619018554688
-1056.4490966796875 -217.21560668945312
-1058.179443359375 -215.226318359375
-1059.5391845703125 -213.23001098632812
-1061.5391845703125 -214.9593048095703
-1063.1732177734375 -213.0655975341797
-1065.105712890625 -213.79129028320312
-1066.5841064453125 -213.37879943847656
-1068.5814208984375 -214.19371032714844
-1070.505859375 -216.15548706054688
-1072.501220703125 -214.1844940185547
-1074.498291015625 -215.67662048339844
-1076.4842529296875 -217.5330352783203
-1077.655029296875 -219.5278778076172
-1079.65478515625 -217.54054260253906
-1081.6478271484375 -218.92135620117188
-1083.3914794921875 -216.92880249023438
-1085.3787841796875 -218.86109924316406
-1083.995849609375 -216.8626251220703
-1085.9744873046875 -215.3434295654297
-1087.970703125 -217.24166870117188
-1089.9664306640625 -219.1079559326172
-1091.7099609375 -217.1408233642578
-1093.7076416015625 -216.88795471191406
-1095.614990234375 -218.82765197753906
-1095.1942138671875 -216.91595458984375
-1097.14306640625 -218.59591674804688
-1098.5831298828125 -216.6533203125
-1098.9781494140625 -214.75001525878906
-1100.9739990234375 -216.7353057861328
-1101.296875 -214.7451629638672
-1103.295654296875 -216.5962677001953
-1105.0224609375 -214.6225128173828
-1107.0218505859375 -216.07728576660156
-1108.6971435546875 -214.11500549316406
-1110.5618896484375 -216.10142517089844
-1110.0260009765625 -214.20126342773438
-1111.81298828125 -215.89553833007812
-1113.5594482421875 -213.8958282470703
-1115.5299072265625 -215.74769592285156
-1117.506591796875 -217.30471801757812
-1119.503173828125 -215.31813049316406
-1121.375244140625 -217.3115692138672
-1122.70068359375 -215.3138427734375
-1124.591552734375 -215.6438751220703
-1122.98193359375 -213.83587646484375
-1124.8590087890625 -215.5775146484375
-1124.97216796875 -213.61187744140625
-1126.644287109375 -215.39678955078125
-1127.09521484375 -213.43527221679688
-1128.7159423828125 -215.391845703125
-1129.185302734375 -213.39349365234375
-1131.065673828125 -215.39036560058594
-1132.71142578125 -213.4083709716797
-1134.5511474609375 -215.40431213378906
-1136.3778076171875 -213.405517578125
-1138.36376953125 -215.24888610839844
-1137.8017578125 -213.32765197753906
-1139.8004150390625 -215.238037109375
-1141.4241943359375 -213.24093627929688
-1143.421142578125 -215.20977783203125
-1145.380615234375 -213.244140625
-1147.3802490234375 -212.75820922851562
-1145.5369873046875 -211.85585021972656
-1147.53662109375 -210.93357849121094
-1148.295654296875 -212.78472900390625
-1149.163330078125 -211.519287109375
-1147.71923828125 -213.4102325439453
-1149.4639892578125 -212.16476440429688
-1150.1033935546875 -212.26625061035156
-1151.8082275390625 -210.6272430419922
-1152.221923828125 -212.57510375976562
-1154.2113037109375 -214.2382049560547
-1156.154541015625 -213.2299041748047
-1158.0040283203125 -214.90187072753906
-1157.5408935546875 -216.1253662109375
-1157.28955078125 -214.13226318359375
-1159.162353515625 -213.41934204101562
-1160.95068359375 -214.89703369140625
-1160.08740234375 -213.87078857421875
-1161.7271728515625 -215.10018920898438
-1162.1842041015625 -215.3645782470703
-1161.0439453125 -213.81893920898438
-1161.8330078125 -213.48001098632812
-1163.8131103515625 -214.85418701171875
-1163.120361328125 -215.43817138671875
-1164.9654541015625 -216.40257263183594
-1166.80859375 -217.025390625
-1168.4486083984375 -215.04074096679688
-1169.6728515625 -216.95216369628906
-1167.77392578125 -214.97950744628906
-1169.648681640625 -216.9131317138672
-1169.22314453125 -217.2217559814453
-1167.5675048828125 -215.22190856933594
-1169.5621337890625 -217.16336059570312
-1167.5640869140625 -215.1696319580078
-1169.5535888671875 -215.53616333007812
-1170.9022216796875 -216.58253479003906
-1172.042236328125 -218.00477600097656
-1170.105712890625 -216.00677490234375
-1169.7803955078125 -214.80218505859375
-1171.370849609375 -216.74293518066406
-1170.6932373046875 -215.01596069335938
-1172.6434326171875 -216.96762084960938
-1172.5765380859375 -215.08755493164062
-1173.688232421875 -217.01577758789062
-1171.9708251953125 -215.03146362304688
-1173.9310302734375 -215.4402313232422
-1174.06640625 -217.30999755859375
-1175.4169921875 -215.31805419921875
-1177.2479248046875 -216.54916381835938
-1178.995361328125 -214.5654754638672
-1180.9566650390625 -216.38328552246094
-1182.125244140625 -214.38868713378906
-1184.1204833984375 -216.3454132080078
-1185.757568359375 -214.3456573486328
-1186.9913330078125 -215.57080078125
-1188.8365478515625 -217.5538787841797
-1188.4761962890625 -215.67579650878906
-1188.171142578125 -213.7860565185547
-1190.1680908203125 -215.64508056640625
-1189.7109375 -213.65069580078125
-1191.538818359375 -215.39810180664062
-1191.796875 -216.2572021484375
-1191.6751708984375 -214.25970458984375
-1193.58544921875 -216.11500549316406
-1194.448486328125 -214.1344451904297
-1196.4364013671875 -213.59495544433594
-1196.9298095703125 -215.0625
-1198.4686279296875 -213.53985595703125
-1200.412841796875 -215.53411865234375
-1202.39208984375 -216.94754028320312
-1204.386962890625 -218.8419189453125
-1206.363037109375 -216.84327697753906
-1208.3624267578125 -215.6307373046875
-1210.33740234375 -214.163330078125
-1212.1890869140625 -212.19358825683594
-1214.188720703125 -210.87892150878906
-1216.1883544921875 -208.8878173828125
-1218.188232421875 -206.8912353515625
-1220.1854248046875 -204.891357421875
-1222.1710205078125 -202.89151000976562
-1224.0938720703125 -200.90045166015625
-1225.5789794921875 -198.90106201171875
-1227.5748291015625 -196.9011688232422
-1229.5118408203125 -194.9014434814453
-1231.117919921875 -192.90145874023438
-1233.051513671875 -190.90151977539062
-1234.74951171875 -188.90151977539062
-1235.1727294921875 -186.90151977539062
-1233.4466552734375 -184.9015655517578
-1232.922607421875 -182.90176391601562
-1232.73828125 -180.90179443359375
-1232.259033203125 -178.9018096923828
-1234.140380859375 -176.90187072753906
-1233.70703125 -174.90187072753906
-1235.0377197265625 -172.9019012451172
-1235.9073486328125 -170.90359497070312
-1236.607421875 -168.90603637695312
-1236.6390380859375 -166.9060516357422
-1234.697265625 -164.90606689453125
-1232.83544921875 -162.90640258789062
-1231.2750244140625 -160.9069061279297
-1229.368896484375 -158.90692138671875
-1230.7261962890625 -156.90733337402344
-1232.659423828125 -154.90737915039062
-1234.2159423828125 -152.90737915039062
-1234.7738037109375 -150.9075927734375
-1233.9656982421875 -148.90760803222656
-1232.6268310546875 -146.9081268310547
-1231.9681396484375 -144.9082489013672
-1230.710205078125 -142.90907287597656
-1229.849609375 -140.90943908691406
-1229.0455322265625 -138.9104461669922
-1227.56787109375 -136.91061401367188
-1226.85986328125 -134.91064453125
-1224.9365234375 -132.91903686523438
-1225.1229248046875 -130.9193878173828
-1225.095947265625 -128.92222595214844
-1226.5352783203125 -126.92789459228516
-1226.9813232421875 -124.9280776977539
-1225.712890625 -122.92879486083984
-1224.005126953125 -120.93014526367188
-1222.6602783203125 -118.93065643310547
-1223.7384033203125 -116.93781280517578
-1222.1124267578125 -114.93802642822266
-1223.724853515625 -112.9382095336914
-1225.26953125 -110.9390640258789
-1223.827392578125 -108.94051361083984
-1225.7066650390625 -106.99137878417969
-1224.89306640625 -104.99151611328125
-1222.986572265625 -103.00858306884766
-1222.3082275390625 -101.00890350341797
-1221.3558349609375 -99.01461791992188
-1223.245361328125 -97.01738739013672
-1221.621337890625 -95.01829528808594
-1222.66796875 -93.02930450439453
-1223.2105712890625 -91.03144073486328
-1222.2142333984375 -89.05723571777344
-1221.6751708984375 -87.05750274658203
-1221.6383056640625 -85.05885314941406
-1221.38427734375 -83.05966186523438
-1221.3992919921875 -81.1106948852539
-1219.72509765625 -79.12349700927734
-1220.4390869140625 -77.12845611572266
-1219.828857421875 -75.13091278076172
-1221.594970703125 -73.68976593017578
-1219.65869140625 -71.6932144165039
-1220.090087890625 -69.69395446777344
-1218.4283447265625 -67.69464874267578
-1219.0311279296875 -65.72884368896484
-1218.0555419921875 -63.72962951660156
-1216.5614013671875 -61.73137283325195
-1218.15869140625 -59.74232482910156
-1217.166748046875 -57.77609634399414
-1215.1856689453125 -55.78133773803711
-1213.65771484375 -53.78363037109375
-1215.07275390625 -51.805335998535156
-1213.146728515625 -49.94405746459961
-1213.6973876953125 -47.955387115478516
-1212.960205078125 -45.95831298828125
-1214.6143798828125 -44.96881866455078
-1215.021240234375 -42.971031188964844
-1213.152587890625 -41.0506477355957
-1212.8619384765625 -39.054378509521484
-1212.5615234375 -37.0604248046875
-1210.66650390625 -35.06816101074219
-1211.365478515625 -33.11372375488281
-1209.6107177734375 -31.19502067565918
-1210.0889892578125 -29.217735290527344
-1211.99853515625 -27.62944221496582
-1213.493408203125 -25.66347885131836
-1211.7945556640625 -23.66638946533203
-1213.164306640625 -21.698532104492188
-1211.9334716796875 -19.799592971801758
-1210.9332275390625 -17.811981201171875
-1209.3953857421875 -15.868654251098633
-1208.7384033203125 -14.173245429992676
-1210.7286376953125 -12.214468955993652
-1212.5955810546875 -11.147117614746094
-1212.51904296875 -9.166685104370117
-1213.475341796875 -7.303472995758057
-1211.492431640625 -5.568014144897461
-1212.4442138671875 -3.6924140453338623
-1212.09619140625 -1.7230628728866577
-1213.89404296875 0.10236640274524689
-1211.9144287109375 0.924597442150116
-1211.4437255859375 2.4752237796783447
-1210.852783203125 4.189389228820801
-1210.0992431640625 6.137287616729736
-1208.6124267578125 8.006881713867188
-1207.8958740234375 9.721126556396484
-1208.9991455078125 9.954608917236328
-1210.6781005859375 11.88577938079834
-1212.1470947265625 13.87809944152832
-1212.7412109375 15.45330810546875
-1211.659912109375 17.305557250976562
-1210.9739990234375 18.9708251953125
-1208.9788818359375 17.03128433227539
-1208.765625 18.984289169311523
