-1053.9332275390625 -217.3313751220703
-1055.9306640625 -215.5826873779297
-1057.9300537109375 -213.6074981689453
-1059.9300537109375 -215.6074981689453
-1061.8294677734375 -213.8079376220703
-1063.8294677734375 -215.806640625
-1065.8294677734375 -217.62750244140625
-1067.811279296875 -215.79409790039062
-1069.81005859375 -213.80052185058594
-1071.81005859375 -215.8004608154297
-1073.8099365234375 -217.80023193359375
-1075.8099365234375 -216.19671630859375
-1077.8099365234375 -218.19668579101562
-1079.8099365234375 -220.19668579101562
-1081.8023681640625 -218.4312286376953
-1083.8023681640625 -220.4310302734375
-1085.80126953125 -218.52796936035156
-1087.80126953125 -220.52774047851562
-1089.801025390625 -218.53384399414062
-1091.7783203125 -216.54969787597656
-1093.778076171875 -218.54966735839844
-1095.752197265625 -216.56956481933594
-1097.752197265625 -218.56954956054688
-1099.714599609375 -216.794921875
-1101.7054443359375 -214.80862426757812
-1103.704833984375 -216.80780029296875
-1105.68798828125 -214.80938720703125
-1107.687255859375 -216.8055419921875
-1109.6806640625 -214.81842041015625
-1111.6802978515625 -216.818359375
-1113.68017578125 -214.8353729248047
-1115.678466796875 -216.82119750976562
-1117.6778564453125 -214.82345581054688
-1119.6776123046875 -216.8228759765625
-1121.6512451171875 -214.84423828125
-1123.6397705078125 -216.84422302246094
-1124.9249267578125 -214.8509063720703
-1126.726318359375 -216.8502960205078
-1128.6690673828125 -214.8567352294922
-1130.6690673828125 -216.85536193847656
-1132.64306640625 -215.06150817871094
-1134.6419677734375 -213.35919189453125
-1136.6392822265625 -215.35916137695312
-1138.63671875 -213.39202880859375
-1140.635498046875 -215.39199829101562
-1142.62109375 -213.49639892578125
-1144.620849609375 -215.47915649414062
-1146.6185302734375 -213.48106384277344
-1148.6177978515625 -215.47427368164062
-1150.5240478515625 -213.474365234375
-1152.5225830078125 -215.47434997558594
-1154.4210205078125 -213.48387145996094
-1156.411376953125 -215.48374938964844
-1158.36474609375 -213.48667907714844
-1160.359619140625 -215.48245239257812
-1162.3330078125 -213.48377990722656
-1164.324951171875 -215.47552490234375
-1166.319580078125 -217.46804809570312
-1168.2950439453125 -215.52084350585938
-1170.2596435546875 -217.5102081298828
-1169.897705078125 -215.51637268066406
-1171.8974609375 -216.6354217529297
-1173.4822998046875 -214.6580047607422
-1175.4754638671875 -216.6350860595703
-1177.4134521484375 -214.63516235351562
-1179.3846435546875 -216.5093231201172
-1181.37548828125 -214.51019287109375
-1183.336669921875 -216.5095977783203
-1185.3057861328125 -214.97483825683594
-1187.2923583984375 -216.96800231933594
-1189.197265625 -215.65403747558594
-1191.1865234375 -213.65850830078125
-1193.1849365234375 -215.65089416503906
-1195.177001953125 -217.6129913330078
-1197.15966796875 -215.62037658691406
-1199.1580810546875 -217.61672973632812
-1201.1580810546875 -215.72488403320312
-1202.788330078125 -217.7160186767578
-1204.77685546875 -219.6304473876953
-1206.7742919921875 -217.6345672607422
-1208.77294921875 -219.6309814453125
-1210.7568359375 -217.7119598388672
-1212.7559814453125 -219.70765686035156
-1214.7550048828125 -217.7100830078125
-1216.75244140625 -219.70640563964844
-1218.7510986328125 -221.6648406982422
-1220.72119140625 -219.9024200439453
-1222.7119140625 -221.07009887695312
-1224.638671875 -223.0533447265625
-1226.6357421875 -221.05670166015625
-1228.635009765625 -221.424072265625
-1230.6304931640625 -222.6695098876953
-1232.588134765625 -224.62588500976562
-1234.587890625 -222.62721252441406
-1236.5855712890625 -222.93099975585938
-1236.55615234375 -221.873291015625
-1238.524658203125 -220.0422821044922
-1240.0306396484375 -218.93450927734375
-1242.025390625 -216.9791259765625
-1243.9696044921875 -215.017578125
-1244.992919921875 -213.01950073242188
-1246.9791259765625 -211.10308837890625
-1248.1964111328125 -209.10330200195312
-1250.184814453125 -207.1120147705078
-1248.7843017578125 -205.13790893554688
-1248.1636962890625 -203.13858032226562
-1250.162353515625 -201.1387176513672
-1250.5020751953125 -199.1529541015625
-1248.951171875 -197.15377807617188
-1250.9439697265625 -195.18519592285156
-1250.505615234375 -193.24176025390625
-1249.2015380859375 -191.24200439453125
-1247.4156494140625 -189.2533416748047
-1249.3953857421875 -187.26437377929688
-1247.4208984375 -185.26443481445312
-1249.2705078125 -183.26602172851562
-1247.4266357421875 -181.2678680419922
-1249.4112548828125 -179.26861572265625
-1247.4176025390625 -177.2937469482422
-1249.2056884765625 -175.35426330566406
-1248.2135009765625 -173.3592987060547
-1247.170166015625 -171.36032104492188
-1249.1685791015625 -169.36036682128906
-1247.345947265625 -167.38209533691406
-1249.334716796875 -165.38229370117188
-1248.111328125 -163.70248413085938
-1246.35009765625 -161.70361328125
-1246.3251953125 -159.70584106445312
-1248.257568359375 -157.7058868408203
-1246.2579345703125 -155.71165466308594
-1248.2489013671875 -153.7130584716797
-1247.83203125 -151.72125244140625
-1249.8255615234375 -149.7226104736328
-1247.863037109375 -147.72357177734375
-1249.861083984375 -145.7235870361328
-1248.0579833984375 -143.72450256347656
-1248.1153564453125 -141.72451782226562
-1246.53173828125 -139.72547912597656
-1246.529296875 -137.72549438476562
-1247.7979736328125 -135.72689819335938
-1249.724609375 -133.72691345214844
-1248.0418701171875 -131.72708129882812
-1250.0198974609375 -129.72740173339844
-1248.0255126953125 -127.99247741699219
-1249.3267822265625 -125.99263000488281
-1247.38427734375 -124.00862884521484
-1249.3834228515625 -122.01145935058594
-1247.43505859375 -120.01176452636719
-1248.9287109375 -118.01191711425781
-1246.93798828125 -116.0119857788086
-1248.4560546875 -114.01215362548828
-1246.4810791015625 -112.0150146484375
-1248.455322265625 -110.01502227783203
-1246.49462890625 -108.01502990722656
-1246.806640625 -106.01505279541016
-1245.9420166015625 -104.01505279541016
-1247.01904296875 -102.02342224121094
-1248.5006103515625 -100.0234603881836
-1250.429443359375 -98.02346801757812
-1248.67041015625 -96.06550598144531
-1250.6080322265625 -94.0655517578125
-1248.6123046875 -92.07324981689453
-1250.463134765625 -90.07340240478516
-1248.463623046875 -88.07350158691406
-1249.111328125 -86.07352447509766
-1248.229248046875 -84.07356262207031
-1249.4464111328125 -82.07362365722656
-1247.552978515625 -80.07383728027344
-1249.343994140625 -78.07384490966797
-1247.3609619140625 -76.07559204101562
-1245.788330078125 -74.07559967041016
-1246.9415283203125 -72.07560729980469
-1246.1453857421875 -70.07561492919922
-1248.1177978515625 -68.07563018798828
-1249.726318359375 -66.07563781738281
-1247.7288818359375 -64.07594299316406
-1249.2471923828125 -62.07595443725586
-1247.247314453125 -60.09821319580078
-1249.1165771484375 -58.09821319580078
-1247.1295166015625 -56.0990104675293
-1249.0560302734375 -54.09901428222656
-1247.059814453125 -52.09915542602539
-1248.547119140625 -50.09919357299805
-1246.5474853515625 -48.099281311035156
-1245.462890625 -46.09931945800781
-1246.407958984375 -44.09996795654297
-1244.4100341796875 -42.11650466918945
-1244.2440185546875 -40.116512298583984
-1243.1480712890625 -38.11652374267578
-1241.8974609375 -36.11653518676758
-1243.4417724609375 -34.11660385131836
-1244.3662109375 -32.11661148071289
-1244.8372802734375 -30.116615295410156
-1243.76611328125 -28.116615295410156
-1243.597412109375 -26.11662483215332
-1242.7476806640625 -24.116859436035156
-1241.677490234375 -22.117219924926758
-1241.9891357421875 -20.11722183227539
-1240.0855712890625 -18.117223739624023
-1238.783203125 -16.117238998413086
-1237.2684326171875 -14.117246627807617
-1235.3739013671875 -12.12001895904541
-1234.329345703125 -10.120372772216797
-1232.82763671875 -8.12041187286377
-1230.8822021484375 -6.120817184448242
-1229.6219482421875 -4.120846271514893
-1228.6304931640625 -2.121424674987793
-1226.7508544921875 -0.12145949900150299
-1224.88330078125 1.878526210784912
-1222.927734375 3.8785200119018555
-1220.9691162109375 5.878519058227539
-1219.593505859375 7.878413200378418
-1217.7454833984375 9.878406524658203
-1215.7598876953125 11.878402709960938
-1213.8004150390625 13.878400802612305
-1211.9268798828125 15.878398895263672
-1210.403564453125 17.878398895263672
-1208.406494140625 19.878398895263672
