-1053.869140625 -213.49949645996094
-1055.6998291015625 -213.9551239013672
-1055.86181640625 -215.3046112060547
-1057.8411865234375 -215.3931121826172
-1056.4647216796875 -213.39321899414062
-1058.4287109375 -214.62046813964844
-1059.267333984375 -215.2996826171875
-1059.5653076171875 -213.29969787597656
-1061.4669189453125 -211.57334899902344
-1063.4593505859375 -210.911376953125
-1061.4644775390625 -208.94964599609375
-1063.4622802734375 -206.98741149902344
-1065.4591064453125 -205.06822204589844
-1063.9755859375 -203.0711669921875
-1062.2493896484375 -201.1949462890625
-1064.247314453125 -199.2047576904297
-1062.2906494140625 -197.20912170410156
-1064.289794921875 -196.46319580078125
-1062.2994384765625 -194.46490478515625
-1064.2984619140625 -192.47373962402344
-1062.3001708984375 -190.4759521484375
-1064.291015625 -188.5238494873047
-1062.4434814453125 -186.52395629882812
-1064.4429931640625 -184.52792358398438
-1066.4412841796875 -182.63739013671875
-1064.45166015625 -180.70423889160156
-1062.45263671875 -178.7097625732422
-1064.4512939453125 -176.7284698486328
-1062.5048828125 -174.75186157226562
-1064.50048828125 -172.7593994140625
-1062.5379638671875 -170.76791381835938
-1064.537353515625 -168.87181091308594
-1062.5487060546875 -167.07669067382812
-1064.5460205078125 -165.1381378173828
-1062.59375 -163.13845825195312
-1064.5836181640625 -161.19895935058594
-1066.583251953125 -159.23623657226562
-1064.833984375 -157.2364044189453
-1066.823974609375 -155.24044799804688
-1067.8763427734375 -153.24049377441406
-1069.467529296875 -152.7053985595703
-1071.46337890625 -152.20761108398438
-1073.4437255859375 -150.6869659423828
-1075.443603515625 -148.76634216308594
-1073.479736328125 -147.1023712158203
-1075.4300537109375 -145.16912841796875
-1073.43017578125 -143.2815399169922
-1075.42919921875 -141.35528564453125
-1073.43212890625 -139.43283081054688
-1075.431884765625 -137.4336700439453
-1073.4324951171875 -135.44064331054688
-1075.4324951171875 -133.44467163085938
-1073.4324951171875 -131.4536895751953
-1075.4317626953125 -129.4541015625
-1073.4320068359375 -127.47400665283203
-1075.4317626953125 -125.49324798583984
-1073.431884765625 -123.49710845947266
-1075.4317626953125 -121.52596282958984
-1073.4344482421875 -119.57101440429688
-1075.431640625 -117.576416015625
-1073.431884765625 -115.6104965209961
-1074.9281005859375 -113.61083984375
-1073.82861328125 -111.61089324951172
-1075.3623046875 -109.6109619140625
-1077.131591796875 -108.32754516601562
-1077.4276123046875 -106.88178253173828
-1077.7880859375 -106.74842834472656
-1079.1552734375 -108.18287658691406
-1079.3590087890625 -106.83550262451172
-1078.837158203125 -106.83633422851562
-1080.788330078125 -107.72486114501953
-1080.1534423828125 -107.82827758789062
-1079.5550537109375 -108.69252014160156
-1080.4996337890625 -108.58995056152344
-1080.8353271484375 -109.6330795288086
-1080.7186279296875 -108.41258239746094
-1081.8426513671875 -108.82981872558594
-1083.171875 -106.94873046875
-1084.331787109375 -107.55413818359375
-1083.6170654296875 -108.93504333496094
-1084.2777099609375 -107.1133041381836
-1083.677490234375 -108.1883773803711
-1084.595458984375 -108.49930572509766
-1083.0523681640625 -107.8741455078125
-1084.11572265625 -107.04476928710938
-1082.2454833984375 -108.96770477294922
-1083.7437744140625 -108.52162170410156
-1083.4176025390625 -106.80290222167969
-1085.257080078125 -108.7148208618164
-1086.489501953125 -107.89844512939453
-1087.9652099609375 -107.96229553222656
-1089.60546875 -108.28244018554688
-1091.552734375 -106.64476776123047
-1092.911865234375 -107.55545806884766
-1094.8106689453125 -107.58783721923828
-1096.793212890625 -106.15522766113281
-1098.7891845703125 -104.2732162475586
-1096.8101806640625 -102.7483139038086
-1098.809326171875 -100.74927520751953
-1096.814697265625 -98.79315185546875
-1098.814697265625 -96.79684448242188
-1096.814697265625 -94.80472564697266
-1098.81396484375 -92.80876922607422
-1096.814208984375 -90.80944061279297
-1098.8138427734375 -88.81110382080078
-1096.81396484375 -86.81451416015625
-1098.8138427734375 -84.81515502929688
-1096.8140869140625 -82.82020568847656
-1098.8128662109375 -80.82608795166016
-1096.8140869140625 -78.88536834716797
-1098.81396484375 -76.88813018798828
-1097.002197265625 -74.88813781738281
-1098.996337890625 -72.88819122314453
-1096.9969482421875 -70.89037322998047
-1095.181884765625 -68.89289093017578
-1097.180419921875 -66.89315032958984
-1095.1868896484375 -64.89523315429688
-1097.178466796875 -62.8961067199707
-1095.17919921875 -60.901885986328125
-1097.178466796875 -58.9022331237793
-1095.1787109375 -56.90715026855469
-1097.175048828125 -54.90823745727539
-1095.194580078125 -52.90913772583008
-1097.0196533203125 -50.90988540649414
-1097.3909912109375 -48.91032409667969
-1095.548583984375 -47.15779495239258
-1095.593994140625 -45.184242248535156
-1093.7213134765625 -43.196170806884766
-1095.70361328125 -41.204627990722656
-1093.7049560546875 -39.3034782409668
-1095.69677734375 -37.35608673095703
-1093.90966796875 -35.37325668334961
-1095.6505126953125 -33.38628005981445
-1093.669189453125 -31.632423400878906
-1095.6439208984375 -29.640228271484375
-1093.6527099609375 -27.65096092224121
-1095.6435546875 -25.66954231262207
-1097.1668701171875 -23.67431640625
-1095.2506103515625 -21.97810173034668
-1096.9033203125 -20.085039138793945
-1094.915771484375 -18.231107711791992
-1096.892578125 -17.8486385345459
-1098.663330078125 -16.09743881225586
-1100.463134765625 -14.105290412902832
-1098.51904296875 -12.131608009338379
-1100.5067138671875 -10.146865844726562
-1098.9808349609375 -8.352538108825684
-1100.7979736328125 -6.436114311218262
-1098.8388671875 -4.520664691925049
-1100.6732177734375 -2.592928171157837
-1098.7440185546875 -0.7995856404304504
-1100.6416015625 1.1152170896530151
-1098.67431640625 1.3945496082305908
-1097.6290283203125 3.309657335281372
-1099.321533203125 3.693540573120117
-1101.1864013671875 5.55949068069458
-1099.6728515625 5.539425373077393
-1098.8935546875 7.416311264038086
-1098.5323486328125 9.389984130859375
-1100.478515625 9.562943458557129
-1101.8048095703125 11.513854026794434
-1103.792236328125 13.495941162109375
-1104.8802490234375 11.695026397705078
-1106.8280029296875 13.681100845336914
-1108.4305419921875 12.211407661437988
-1110.4078369140625 14.110166549682617
-1112.3592529296875 12.406248092651367
-1114.3345947265625 11.94286060333252
-1116.10302734375 13.923015594482422
-1117.9244384765625 12.370169639587402
-1119.912841796875 13.832006454467773
-1121.885986328125 13.801835060119629
-1123.7078857421875 15.471571922302246
-1125.168212890625 15.317031860351562
-1126.255615234375 17.154298782348633
-1124.9425048828125 15.172537803649902
-1126.72216796875 15.920710563659668
-1125.2879638671875 14.647595405578613
-1126.6502685546875 16.180273056030273
-1126.6483154296875 14.235690116882324
-1126.4278564453125 15.248283386230469
-1128.267578125 13.883694648742676
-1127.5562744140625 12.056536674499512
-1129.54833984375 13.843810081481934
-1128.5924072265625 12.958205223083496
-1130.1895751953125 13.636362075805664
-1128.6812744140625 11.674600601196289
-1130.34375 13.022181510925293
-1129.5667724609375 11.120135307312012
-1131.5457763671875 13.099564552307129
-1132.8037109375 11.150973320007324
-1134.456787109375 13.092024803161621
-1135.8006591796875 11.38606071472168
-1137.6666259765625 13.338003158569336
-1138.4024658203125 12.852887153625488
-1139.57275390625 13.12381362915039
-1139.147705078125 11.552157402038574
-1140.4947509765625 11.922290802001953
-1142.3636474609375 12.371870040893555
-1143.208984375 11.183561325073242
-1145.0556640625 12.62492561340332
-1146.97802734375 13.762056350708008
-1146.96875 11.836907386779785
-1148.7130126953125 13.808070182800293
-1149.15625 12.59814739227295
-1147.7196044921875 10.690577507019043
-1146.4161376953125 12.523051261901855
-1148.37939453125 13.913409233093262
-1147.01806640625 12.87316608428955
-1147.1341552734375 11.10192584991455
-1148.2850341796875 12.963871002197266
-1150.17578125 13.261378288269043
-1151.0615234375 13.215959548950195
-1151.7041015625 12.080663681030273
-1153.0799560546875 12.337979316711426
-1153.6292724609375 13.626981735229492
