-1053.689208984375 -216.59812927246094
-1053.882568359375 -214.60214233398438
-1054.792236328125 -213.83334350585938
-1054.31005859375 -215.28672790527344
-1054.3656005859375 -216.29476928710938
-1053.0096435546875 -214.37359619140625
-1052.8944091796875 -213.10707092285156
-1054.4034423828125 -215.01393127441406
-1053.9576416015625 -214.60987854003906
-1052.948486328125 -213.657470703125
-1051.58642578125 -214.90505981445312
-1053.14453125 -213.99240112304688
-1053.7371826171875 -212.49398803710938
-1052.4586181640625 -214.09181213378906
-1054.1466064453125 -214.91281127929688
-1054.508544921875 -214.82089233398438
-1055.79150390625 -216.66404724121094
-1056.96630859375 -214.69915771484375
-1057.7470703125 -214.80075073242188
-1058.276611328125 -215.09022521972656
-1059.4268798828125 -216.6278533935547
-1060.0506591796875 -214.68138122558594
-1061.8812255859375 -216.09397888183594
-1060.0447998046875 -214.13455200195312
-1062.0191650390625 -215.40573120117188
-1063.701416015625 -213.41127014160156
-1061.713623046875 -211.41558837890625
-1063.675537109375 -209.90040588378906
-1061.677490234375 -207.9014434814453
-1063.675048828125 -206.7872314453125
-1061.691650390625 -204.87033081054688
-1063.69091796875 -202.90298461914062
-1061.6929931640625 -201.04364013671875
-1063.692626953125 -199.06210327148438
-1061.7119140625 -197.069091796875
-1063.7088623046875 -195.73486328125
-1065.7071533203125 -194.3238525390625
-1063.76416015625 -192.32505798339844
-1065.7618408203125 -190.52183532714844
-1063.765869140625 -188.5238800048828
-1065.7655029296875 -187.74795532226562
-1066.65283203125 -185.76199340820312
-1064.654541015625 -184.68988037109375
-1066.6544189453125 -185.37661743164062
-1064.6610107421875 -183.47857666015625
-1062.6649169921875 -181.55870056152344
-1064.6639404296875 -179.77882385253906
-1062.6666259765625 -177.7795867919922
-1064.6552734375 -175.80801391601562
-1062.6580810546875 -173.88670349121094
-1064.65771484375 -171.98358154296875
-1062.6619873046875 -170.00697326660156
-1064.660400390625 -168.43692016601562
-1062.667724609375 -166.44122314453125
-1064.643798828125 -165.09725952148438
-1062.6524658203125 -163.39447021484375
-1064.6510009765625 -164.02098083496094
-1062.662109375 -162.0343780517578
-1064.6549072265625 -160.23361206054688
-1066.654541015625 -158.25372314453125
-1065.4105224609375 -156.25393676757812
-1067.2698974609375 -154.33712768554688
-1067.6024169921875 -152.34605407714844
-1069.40185546875 -153.89556884765625
-1068.706787109375 -151.90464782714844
-1070.684326171875 -153.7381134033203
-1072.637939453125 -151.74098205566406
-1074.3602294921875 -149.746337890625
-1072.364013671875 -147.95359802246094
-1074.3592529296875 -149.85015869140625
-1072.376708984375 -149.45787048339844
-1074.3765869140625 -150.38351440429688
-1072.388916015625 -148.76480102539062
-1074.38525390625 -146.8558349609375
-1072.388427734375 -144.90890502929688
-1074.081787109375 -146.00161743164062
-1072.081787109375 -144.1399383544922
-1073.15185546875 -144.21319580078125
-1075.1514892578125 -143.13180541992188
-1073.1536865234375 -141.14138793945312
-1075.1524658203125 -142.6068878173828
-1073.1568603515625 -140.60740661621094
-1075.1451416015625 -139.08653259277344
-1073.1571044921875 -137.0892333984375
-1075.156494140625 -137.9661407470703
-1073.1634521484375 -135.96717834472656
-1075.1561279296875 -135.32229614257812
-1073.158447265625 -133.32406616210938
-1075.158203125 -131.72056579589844
-1073.1632080078125 -129.72242736816406
-1075.1588134765625 -128.8329620361328
-1073.159912109375 -126.97512817382812
-1075.1536865234375 -125.05067443847656
-1073.1590576171875 -123.0620346069336
-1075.1578369140625 -121.31946563720703
-1073.158935546875 -119.38072204589844
-1075.15771484375 -117.49231719970703
-1073.157958984375 -115.4927749633789
-1075.0955810546875 -113.53385925292969
-1074.064697265625 -111.53502655029297
-1072.9739990234375 -109.5362548828125
-1074.7447509765625 -111.25126647949219
-1073.355224609375 -109.25353240966797
-1073.32470703125 -110.56420135498047
-1074.721923828125 -112.50096130371094
-1073.004150390625 -110.5068130493164
-1072.3896484375 -110.1339340209961
-1074.3721923828125 -110.9931869506836
-1075.8702392578125 -112.8372802734375
-1073.9295654296875 -110.83928680419922
-1075.8631591796875 -112.00625610351562
-1077.4085693359375 -110.00969696044922
-1079.3531494140625 -111.18512725830078
-1077.416015625 -109.18708038330078
-1076.5775146484375 -111.16729736328125
-1078.0401611328125 -109.16786193847656
-1079.9364013671875 -111.01018524169922
-1078.5089111328125 -109.02079010009766
-1079.292724609375 -108.7900161743164
-1080.6544189453125 -109.23285675048828
-1081.7265625 -110.96623992919922
-1083.6610107421875 -108.99432373046875
-1085.51220703125 -110.95596313476562
-1086.775146484375 -108.96556091308594
-1088.0311279296875 -110.52352905273438
-1088.158447265625 -108.52365112304688
-1088.52001953125 -110.32041931152344
-1087.652587890625 -108.57875061035156
-1089.330078125 -110.52808380126953
-1091.280517578125 -108.53034210205078
-1093.2445068359375 -110.42819213867188
-1094.1708984375 -108.47449493408203
-1095.9686279296875 -106.47454071044922
-1097.9642333984375 -106.6087417602539
-1096.848388671875 -104.61579132080078
-1098.8466796875 -105.96105194091797
-1100.6988525390625 -103.97073364257812
-1098.7052001953125 -102.1372299194336
-1096.72216796875 -100.31707000732422
-1098.7193603515625 -98.54218292236328
-1096.7200927734375 -96.54888916015625
-1098.7193603515625 -96.53233337402344
-1096.726806640625 -94.53819274902344
-1098.7266845703125 -92.88175201416016
-1096.7298583984375 -90.88209533691406
-1098.7293701171875 -89.00078582763672
-1096.72998046875 -87.03382110595703
-1098.72998046875 -85.7237777709961
-1096.741455078125 -83.79313659667969
-1098.739990234375 -82.1007308959961
-1096.7435302734375 -80.10552978515625
-1098.7431640625 -81.01792907714844
-1096.7447509765625 -79.02410888671875
-1098.7269287109375 -77.1296157836914
-1097.2393798828125 -75.14407348632812
-1099.2320556640625 -73.18803405761719
-1097.2344970703125 -71.21528625488281
-1095.2349853515625 -69.3406753540039
-1097.22705078125 -70.12342834472656
-1095.2825927734375 -68.30706024169922
-1097.2767333984375 -67.71980285644531
-1095.27880859375 -65.92138671875
-1097.2755126953125 -64.84310913085938
-1095.316650390625 -62.8437385559082
-1097.316162109375 -61.355350494384766
-1095.3590087890625 -59.37667465209961
-1097.31494140625 -57.50020217895508
-1095.4031982421875 -55.520179748535156
-1097.38818359375 -53.617469787597656
-1096.761474609375 -51.636619567871094
-1098.303466796875 -49.64280319213867
-1098.9580078125 -47.643245697021484
-1096.9705810546875 -45.77717208862305
-1095.0782470703125 -43.799442291259766
-1097.061279296875 -42.03242874145508
-1095.13818359375 -40.0325927734375
-1097.121826171875 -39.897674560546875
-1095.1326904296875 -37.9088020324707
-1097.0740966796875 -36.00949478149414
-1096.2457275390625 -34.01023864746094
-1094.771484375 -32.01418685913086
-1096.7576904296875 -30.055015563964844
-1097.7586669921875 -28.0775203704834
-1095.8017578125 -26.079994201660156
-1096.0377197265625 -24.103275299072266
-1094.216796875 -22.1047420501709
-1096.2152099609375 -20.10594367980957
-1098.21240234375 -22.10511016845703
-1096.9583740234375 -20.10686683654785
-1095.2568359375 -18.107561111450195
-1097.25244140625 -19.885299682617188
-1095.6644287109375 -17.885438919067383
-1097.63134765625 -18.690107345581055
-1097.6072998046875 -16.69078826904297
-1099.6072998046875 -15.607428550720215
-1101.5826416015625 -13.607874870300293
-1101.142822265625 -11.609162330627441
-1099.4881591796875 -9.61023998260498
-1101.4873046875 -7.717494487762451
-1100.5391845703125 -5.780442714691162
-1100.901611328125 -3.836172342300415
-1099.1009521484375 -1.8563334941864014
-1101.0748291015625 -0.03229381889104843
-1101.4083251953125 1.9613081216812134
-1102.1910400390625 3.9600918292999268
-1100.495361328125 5.954944133758545
-1099.736083984375 7.915599346160889
-1101.665771484375 9.914815902709961
-1103.31787109375 11.91476058959961
-1105.2867431640625 13.9146146774292
-1107.2781982421875 12.30616283416748
-1109.2767333984375 14.305710792541504
-1111.15234375 12.380414962768555
-1113.1470947265625 14.380188941955566
-1115.143310546875 12.726034164428711
-1117.139404296875 14.712773323059082
-1119.1339111328125 12.717235565185547
-1121.1185302734375 14.71649169921875
-1123.0618896484375 12.718977928161621
-1125.0516357421875 14.699374198913574
-1127.0155029296875 12.703707695007324
-1126.9193115234375 14.620759010314941
-1128.45556640625 13.76563549041748
-1129.916015625 12.154633522033691
-1131.9139404296875 14.122931480407715
-1132.225341796875 12.159100532531738
-1133.8521728515625 10.330995559692383
-1135.847900390625 12.329991340637207
-1137.8394775390625 10.335232734680176
-1139.6903076171875 12.334216117858887
-1141.6318359375 10.338916778564453
-1143.6292724609375 12.336526870727539
-1145.4539794921875 10.336572647094727
-1147.4512939453125 12.328156471252441
-1149.1591796875 10.329587936401367
-1150.9388427734375 12.326289176940918
-1152.867431640625 10.328322410583496
-1154.11328125 10.211416244506836
-1156.0888671875 12.079076766967773
