-859.49169921875 -179.718017578125
-861.2890014648438 -181.4828643798828
-863.2687377929688 -179.83224487304688
-865.2671508789062 -179.02886962890625
-867.0575561523438 -180.70034790039062
-869.0385131835938 -179.5058135986328
-871.0383911132812 -179.30059814453125
-873.0377197265625 -180.6511688232422
-875.037109375 -180.5641632080078
-877.0343627929688 -179.09156799316406
-879.0142211914062 -179.4603729248047
-881.006591796875 -179.40817260742188
-882.9833984375 -180.6186065673828
-884.978759765625 -179.5128631591797
-885.8182983398438 -181.02590942382812
-885.4854125976562 -182.96253967285156
-887.4763793945312 -182.93856811523438
-889.3799438476562 -183.4275360107422
-891.17578125 -183.28961181640625
-893.1704711914062 -183.15370178222656
-893.181884765625 -184.41073608398438
-891.2107543945312 -186.10997009277344
-893.1618041992188 -188.0155029296875
-891.7467041015625 -189.99908447265625
-893.7298583984375 -188.72848510742188
-891.7352294921875 -190.65322875976562
-893.6380004882812 -192.20286560058594
-892.1055297851562 -194.17117309570312
-894.0863037109375 -195.67794799804688
-892.1575927734375 -197.64437866210938
-894.1507568359375 -198.21136474609375
-892.2777709960938 -199.5834503173828
-894.2164916992188 -201.4976348876953
-892.4679565429688 -200.63966369628906
-894.3698120117188 -202.614013671875
-894.9426879882812 -204.526611328125
-893.7578735351562 -206.07144165039062
-893.4605712890625 -207.87611389160156
-891.4942016601562 -208.99526977539062
-893.2553100585938 -209.84622192382812
-891.3613891601562 -211.7760467529297
-892.348876953125 -213.6688995361328
-893.9290771484375 -214.20794677734375
-891.9647827148438 -216.08460998535156
-893.9540405273438 -218.0120849609375
-892.1423950195312 -219.75448608398438
-893.45556640625 -221.64801025390625
-894.4453125 -223.4296112060547
-896.2859497070312 -225.13824462890625
-897.7317504882812 -225.29808044433594
-899.7302856445312 -226.95611572265625
-900.5946044921875 -228.24363708496094
-902.5936279296875 -227.5100860595703
-904.5216674804688 -226.4169158935547
-906.503173828125 -228.3070526123047
-908.502685546875 -226.34967041015625
-909.453857421875 -228.32754516601562
-911.4442749023438 -226.42147827148438
-911.9459838867188 -228.16188049316406
-913.8875122070312 -226.38580322265625
-915.1281127929688 -228.35415649414062
-917.1046752929688 -227.04840087890625
-918.501708984375 -228.8682861328125
-920.4501342773438 -227.8363800048828
-922.3870239257812 -227.56944274902344
-924.3825073242188 -227.47601318359375
-926.3557739257812 -227.06349182128906
-927.8312377929688 -228.87142944335938
-929.8311157226562 -228.4944610595703
-931.826171875 -230.4398651123047
-933.7752685546875 -230.66036987304688
-935.6948852539062 -232.0363006591797
-937.684326171875 -234.0059814453125
-939.6825561523438 -235.62344360351562
-941.6748046875 -237.4793243408203
-943.4130249023438 -239.3946075439453
-945.185791015625 -241.16062927246094
-947.1590576171875 -242.61288452148438
-946.1572875976562 -244.5709686279297
-947.2672729492188 -246.21949768066406
-945.5464477539062 -248.18511962890625
-947.5430297851562 -249.9635772705078
-949.0072631835938 -251.9293670654297
-949.2235107421875 -253.91436767578125
-949.92333984375 -255.73855590820312
-951.5419921875 -256.6365051269531
-953.1105346679688 -258.6134948730469
-953.7179565429688 -260.6023254394531
-955.7169189453125 -259.4591369628906
-954.548828125 -261.4561767578125
-956.5422973632812 -263.05487060546875
-957.32958984375 -261.514404296875
-959.288818359375 -260.67498779296875
-961.2635498046875 -260.354736328125
-961.0965576171875 -262.00433349609375
-961.933837890625 -262.4517822265625
-963.6567993164062 -263.3074645996094
-965.0970458984375 -264.1953125
-966.8005981445312 -265.3581848144531
-964.8563842773438 -266.3562927246094
-963.0457763671875 -266.0442810058594
-964.9012451171875 -267.4007568359375
-963.3759765625 -268.6988830566406
-961.3883666992188 -270.6309814453125
-959.4209594726562 -272.4984130859375
-958.0695190429688 -273.910888671875
-958.76220703125 -275.8862609863281
-958.5756225585938 -277.1667175292969
-959.7083740234375 -278.63177490234375
-959.9370727539062 -280.0855712890625
-961.8831176757812 -279.17059326171875
-960.275634765625 -280.39508056640625
-961.6937255859375 -282.0954895019531
-960.1539306640625 -282.97723388671875
-961.6543579101562 -284.7928771972656
-961.4243774414062 -286.0966491699219
-963.0776977539062 -287.0011901855469
-963.1549682617188 -288.77978515625
-963.669921875 -289.5072021484375
-964.9622192382812 -290.3135986328125
-966.109619140625 -290.3141174316406
-965.4789428710938 -290.9201354980469
-963.8424682617188 -292.3486328125
-962.745361328125 -291.7659606933594
-964.355224609375 -293.09765625
-962.6535034179688 -294.0635986328125
-962.4974365234375 -292.4171142578125
-962.6187133789062 -293.4138488769531
-961.5003051757812 -294.86456298828125
-963.2750854492188 -294.0330810546875
-965.1380004882812 -295.8978271484375
-964.2283325195312 -297.47576904296875
-965.652099609375 -297.05523681640625
-964.3267211914062 -298.4139099121094
-965.0418701171875 -299.6611022949219
-963.1283569335938 -301.0057373046875
-965.1202392578125 -302.8459167480469
-966.1973876953125 -304.04022216796875
-964.4686279296875 -304.5137634277344
-965.2383422851562 -306.3994445800781
-966.8547973632812 -308.3938903808594
-968.3406982421875 -310.39251708984375
-970.03662109375 -312.3918762207031
-971.850830078125 -314.3911437988281
-973.850830078125 -312.53765869140625
-975.7946166992188 -314.536865234375
-977.79443359375 -312.6770324707031
-979.7168579101562 -314.6759338378906
-981.7168579101562 -312.69903564453125
-983.5922241210938 -314.603271484375
-985.5921630859375 -312.80865478515625
-987.5877075195312 -314.80743408203125
-989.5877075195312 -313.0206604003906
-991.57470703125 -315.0159606933594
-993.57470703125 -313.0202331542969
-995.4476318359375 -315.01983642578125
-997.4476318359375 -313.0550537109375
-999.4476318359375 -311.0630798339844
