-859.9757080078125 -180.611328125
-861.9694213867188 -178.61151123046875
-863.9693603515625 -180.6113739013672
-865.9691162109375 -178.61160278320312
-867.9689331054688 -180.61094665527344
-869.9473876953125 -178.61587524414062
-871.9472045898438 -180.61529541015625
-873.9296264648438 -178.61558532714844
-875.9134521484375 -176.62454223632812
-877.9134521484375 -178.6244659423828
-879.9121704101562 -176.6266326904297
-881.8848266601562 -178.32716369628906
-883.8844604492188 -180.3194122314453
-885.873046875 -182.31838989257812
-887.85888671875 -180.3185272216797
-889.8535766601562 -182.31619262695312
-891.8524780273438 -180.31634521484375
-893.8518676757812 -182.316162109375
-895.3695678710938 -180.33013916015625
-896.3408203125 -182.3153533935547
-898.1541137695312 -180.32005310058594
-900.1514282226562 -182.3023223876953
-899.80615234375 -180.3023681640625
-901.6550903320312 -182.2838897705078
-903.6546020507812 -180.28390502929688
-905.6448364257812 -182.2727813720703
-907.5739135742188 -180.27285766601562
-909.5582885742188 -182.2118377685547
-911.5528564453125 -180.21185302734375
-913.5525512695312 -182.20863342285156
-915.5314331054688 -180.20872497558594
-917.4799194335938 -182.20751953125
-918.7634887695312 -180.2079620361328
-920.7581176757812 -182.19900512695312
-922.4215698242188 -180.19908142089844
-924.421142578125 -182.19468688964844
-926.4202880859375 -180.22332763671875
-928.420166015625 -182.21507263183594
-930.4046630859375 -182.7064208984375
-932.4044799804688 -184.42568969726562
-934.4032592773438 -186.33152770996094
-936.4032592773438 -188.06614685058594
-938.40283203125 -190.06443786621094
-940.4020385742188 -191.99229431152344
-942.4008178710938 -193.27639770507812
-944.4003295898438 -195.1252899169922
-946.4000854492188 -197.0799560546875
-948.3809204101562 -198.89324951171875
-948.4369506835938 -200.83523559570312
-950.30322265625 -202.78919982910156
-949.7872314453125 -204.75161743164062
-951.696044921875 -206.73675537109375
-952.7434692382812 -208.5856475830078
-954.7324829101562 -210.55584716796875
-956.7311401367188 -212.42893981933594
-958.681884765625 -214.41683959960938
-960.6813354492188 -216.4058837890625
-962.6124267578125 -214.41847229003906
-964.6115112304688 -216.4145050048828
-966.4406127929688 -214.41542053222656
-968.4249267578125 -216.4066619873047
-970.345947265625 -214.43035888671875
-972.3450317382812 -216.425048828125
-974.2984619140625 -214.4265594482422
-976.29833984375 -216.4192352294922
-978.2981567382812 -218.419189453125
-979.59716796875 -216.42007446289062
-981.5970458984375 -218.42007446289062
-982.9799194335938 -216.42161560058594
-984.9797973632812 -218.41937255859375
-986.8353881835938 -216.4686279296875
-988.7728881835938 -214.4722900390625
-990.7728271484375 -216.47216796875
-992.743408203125 -214.48776245117188
-994.7391357421875 -216.48744201660156
-996.6187744140625 -214.49449157714844
-998.6185913085938 -216.49403381347656
-998.4436645507812 -214.67250061035156
-1000.4434814453125 -216.67234802246094
-1002.4351806640625 -214.70191955566406
-1004.43505859375 -216.7011260986328
-1006.33984375 -214.712158203125
-1008.3385009765625 -216.71212768554688
-1010.2863159179688 -214.7766571044922
-1011.0348510742188 -213.22251892089844
-1013.0347290039062 -215.2217559814453
-1013.8577880859375 -213.2298583984375
-1013.9674682617188 -211.3192901611328
-1015.7606201171875 -213.31590270996094
-1017.6603393554688 -215.3155517578125
-1019.1911010742188 -213.33531188964844
-1021.1875610351562 -215.3342742919922
-1021.8956298828125 -213.42218017578125
-1023.5987548828125 -215.4213409423828
-1024.1058349609375 -213.44625854492188
-1025.947998046875 -215.44590759277344
-1027.8326416015625 -217.44540405273438
-1029.6676025390625 -215.4774932861328
-1030.500244140625 -213.77772521972656
-1032.498779296875 -215.7772674560547
-1032.40576171875 -213.8615264892578
-1034.4046630859375 -215.8593292236328
-1033.6815185546875 -213.88031005859375
-1035.6710205078125 -215.88023376464844
-1036.3604736328125 -213.8850555419922
-1038.356689453125 -215.8843994140625
-1040.33203125 -217.88427734375
-1039.8385009765625 -216.37435913085938
-1041.723876953125 -215.40017700195312
-1042.73779296875 -217.4001007080078
-1044.4716796875 -215.66552734375
-1046.468017578125 -217.66543579101562
-1048.4644775390625 -219.66543579101562
-1050.42431640625 -221.66531372070312
-1048.51318359375 -222.54403686523438
-1050.51220703125 -224.53961181640625
-1050.1793212890625 -226.52862548828125
-1048.536865234375 -228.4527130126953
-1050.5355224609375 -230.4473419189453
-1048.6798095703125 -232.40945434570312
-1050.6795654296875 -234.388427734375
-1048.6990966796875 -236.33065795898438
-1050.6988525390625 -238.32936096191406
-1048.7607421875 -240.3011932373047
-1048.2879638671875 -242.28805541992188
-1046.4276123046875 -243.71966552734375
-1048.4161376953125 -243.56044006347656
-1047.5594482421875 -245.55572509765625
-1049.5567626953125 -247.30116271972656
-1048.629150390625 -249.26283264160156
-1050.6285400390625 -248.2705841064453
-1048.8485107421875 -250.2543487548828
-1050.8447265625 -252.0975341796875
-1048.99853515625 -250.7708282470703
-1050.998046875 -252.7654266357422
-1049.040771484375 -254.1145477294922
-1051.0325927734375 -256.0479736328125
-1049.5040283203125 -258.0360107421875
-1047.5435791015625 -259.9937438964844
-1049.5418701171875 -261.9837951660156
-1047.5758056640625 -263.82025146484375
-1049.5689697265625 -265.8196716308594
-1047.6431884765625 -267.7699890136719
-1049.6348876953125 -269.6684875488281
-1047.9832763671875 -271.5517272949219
-1049.9775390625 -272.4914855957031
-1048.097900390625 -274.4234619140625
-1050.0889892578125 -274.4117126464844
-1048.158447265625 -275.9568176269531
-1050.1485595703125 -276.7856750488281
-1048.3720703125 -278.3260192871094
