-859.9572143554688 -180.47860717773438
-861.5626831054688 -178.5069122314453
-863.3795166015625 -180.5010223388672
-864.9458618164062 -178.50650024414062
-866.9329833984375 -180.4284210205078
-868.8406372070312 -178.4432830810547
-869.6694946289062 -180.34190368652344
-871.5232543945312 -178.49563598632812
-873.3531494140625 -180.49148559570312
-873.9602661132812 -178.56822204589844
-875.7182006835938 -180.33926391601562
-877.2844848632812 -178.35403442382812
-879.2267456054688 -176.37716674804688
-881.1141357421875 -178.14646911621094
-883.1063232421875 -180.14334106445312
-885.09521484375 -182.1373748779297
-887.0885620117188 -180.1805419921875
-888.9265747070312 -182.17691040039062
-890.7597045898438 -180.43353271484375
-892.7291259765625 -182.4190216064453
-890.7689208984375 -184.25384521484375
-892.5804443359375 -182.94017028808594
-890.6475219726562 -184.51718139648438
-892.6471557617188 -183.1399688720703
-890.744384765625 -184.95335388183594
-892.7417602539062 -183.92196655273438
-890.7420043945312 -185.80136108398438
-892.7401123046875 -186.83143615722656
-890.8272705078125 -188.72195434570312
-892.7960205078125 -187.9424285888672
-891.1790771484375 -189.89894104003906
-893.1727905273438 -191.58883666992188
-894.6158447265625 -193.5818634033203
-892.61962890625 -194.9467315673828
-890.6261596679688 -196.75123596191406
-892.6082763671875 -197.32569885253906
-894.5433349609375 -198.79541015625
-892.7910766601562 -200.75108337402344
-890.8519897460938 -202.6724395751953
-892.850830078125 -204.58566284179688
-891.621337890625 -206.48953247070312
-893.6109619140625 -207.5089874267578
-891.69091796875 -207.26904296875
-893.6906127929688 -208.1748046875
-891.8422241210938 -209.60960388183594
-893.8341064453125 -211.28123474121094
-891.8595581054688 -212.4731903076172
-893.4923706054688 -212.57327270507812
-895.4754638671875 -214.45729064941406
-894.1199340820312 -215.57472229003906
-892.3779296875 -217.01878356933594
-894.3764038085938 -215.9962158203125
-892.5044555664062 -216.74172973632812
-894.5035400390625 -218.56944274902344
-892.6267700195312 -220.50453186035156
-893.267333984375 -222.4081268310547
-894.3355102539062 -224.39926147460938
-896.0269775390625 -226.37149047851562
-897.98779296875 -228.36778259277344
-899.694580078125 -226.4958038330078
-901.6741943359375 -228.48486328125
-903.6500244140625 -226.6153106689453
-905.5833129882812 -228.61228942871094
-907.5640869140625 -226.6237030029297
-909.5404052734375 -228.61825561523438
-908.77099609375 -226.78411865234375
-910.6896362304688 -228.75595092773438
-912.62548828125 -226.89035034179688
-914.5621948242188 -228.66603088378906
-916.4418334960938 -226.75997924804688
-918.29150390625 -228.68470764160156
-920.197021484375 -226.7954559326172
-922.197021484375 -228.76353454589844
-923.3104248046875 -228.50865173339844
-924.92138671875 -227.99794006347656
-926.9212036132812 -226.36346435546875
-928.8092651367188 -226.47824096679688
-930.4863891601562 -228.10694885253906
-932.4776611328125 -228.9441375732422
-934.4773559570312 -230.841552734375
-936.4744262695312 -232.8123321533203
-938.4713134765625 -234.59576416015625
-940.470947265625 -236.38926696777344
-942.4677124023438 -238.26966857910156
-944.464599609375 -240.09817504882812
-946.4619750976562 -242.0891571044922
-948.4046020507812 -244.03872680664062
-946.4848022460938 -246.0147247314453
-948.4786376953125 -248.00486755371094
-946.6282348632812 -249.9977264404297
-948.4868774414062 -251.94541931152344
-946.5941162109375 -253.7919921875
-948.542236328125 -255.7789306640625
-946.6041259765625 -257.7735595703125
-947.73388671875 -259.751220703125
-946.2631225585938 -261.73760986328125
-948.2286987304688 -263.7040100097656
-946.3114624023438 -265.4808349609375
-948.2230224609375 -267.2809143066406
-947.1907348632812 -269.2489318847656
-947.6347045898438 -271.2459716796875
-948.1436157226562 -273.215576171875
-946.2767333984375 -275.1861267089844
-948.2654418945312 -277.07550048828125
-948.1412353515625 -279.0520324707031
-946.4276123046875 -281.0419921875
-948.2156372070312 -282.9996337890625
-949.8489990234375 -284.9656066894531
-947.8818359375 -286.9505920410156
-945.8944702148438 -288.9394836425781
-947.8880615234375 -290.8570556640625
-945.9447631835938 -292.80615234375
-947.8836669921875 -294.6363525390625
-946.58740234375 -296.62066650390625
-946.9718017578125 -298.2056884765625
-948.6895751953125 -298.3878173828125
-946.9281616210938 -300.38677978515625
-948.91943359375 -302.34100341796875
-946.99853515625 -303.81591796875
-948.5380859375 -303.9375305175781
-947.5673217773438 -305.8846740722656
-949.5394897460938 -307.3011474609375
-947.7344970703125 -309.26654052734375
-949.3732299804688 -310.1973571777344
-947.5571899414062 -312.1907043457031
-949.3271484375 -313.63616943359375
-950.5445556640625 -315.5760803222656
-952.1792602539062 -314.9171447753906
-951.7192993164062 -313.28802490234375
-952.7406616210938 -315.2223815917969
-952.2769775390625 -313.75494384765625
-953.9664306640625 -315.2971496582031
-955.2401123046875 -313.8592224121094
-955.3659057617188 -315.53753662109375
-956.4777221679688 -315.2428283691406
-958.2638549804688 -313.55126953125
-958.05322265625 -315.42999267578125
-959.7105102539062 -316.4968566894531
-961.1753540039062 -314.5412902832031
-963.122802734375 -313.1237487792969
-965.1063842773438 -315.1198425292969
-967.041259765625 -313.191650390625
-968.91357421875 -314.9814758300781
-970.8587646484375 -313.4109191894531
-972.5059814453125 -315.2253112792969
-974.5021362304688 -315.7060852050781
-976.493896484375 -314.3241882324219
-977.84765625 -316.32318115234375
-979.79833984375 -314.34600830078125
-979.8878173828125 -316.3195495605469
-981.8794555664062 -314.3761901855469
-981.4334106445312 -316.3665466308594
-983.3054809570312 -314.39324951171875
-985.3012084960938 -314.8948669433594
-987.3004760742188 -313.15985107421875
-988.0220947265625 -315.1574401855469
-990.0217895507812 -313.1722717285156
-989.3619384765625 -315.09478759765625
-991.3600463867188 -313.2668151855469
-991.1681518554688 -315.2601623535156
-993.1647338867188 -313.30078125
-993.3172607421875 -315.1455993652344
-995.313232421875 -313.2873229980469
-993.72265625 -315.23681640625
-995.7093505859375 -313.40789794921875
-997.6817016601562 -312.8621520996094
-999.5799560546875 -310.947265625
