-859.9757080078125 -180.44236755371094
-861.9715576171875 -178.51966857910156
-863.9714965820312 -180.46885681152344
-865.9655151367188 -179.81198120117188
-867.6802368164062 -178.0349578857422
-869.6796875 -180.02664184570312
-871.6760864257812 -178.2828369140625
-873.6744384765625 -180.25930786132812
-875.67138671875 -179.23814392089844
-877.6497192382812 -177.31509399414062
-879.6487426757812 -179.30918884277344
-881.6441040039062 -177.3686981201172
-883.6350708007812 -179.36390686035156
-885.6187133789062 -181.33355712890625
-887.5950927734375 -179.45384216308594
-889.5943603515625 -181.44528198242188
-891.593017578125 -182.8030242919922
-892.707763671875 -184.07876586914062
-890.77587890625 -183.23077392578125
-892.7736206054688 -181.51788330078125
-890.9058227539062 -181.85171508789062
-892.9056396484375 -183.841552734375
-891.0057373046875 -185.11155700683594
-893.0054931640625 -186.2036895751953
-891.2254638671875 -187.93324279785156
-893.2254028320312 -188.15452575683594
-891.5325317382812 -189.5952606201172
-893.5221557617188 -191.5561065673828
-894.0459594726562 -193.4857635498047
-892.3931884765625 -193.78817749023438
-894.3931274414062 -195.69711303710938
-894.4041748046875 -197.60496520996094
-893.1387939453125 -199.51394653320312
-891.7984008789062 -201.28468322753906
-893.7862548828125 -202.81057739257812
-892.1883544921875 -204.60179138183594
-894.188232421875 -206.59002685546875
-895.9949951171875 -208.2855224609375
-894.063720703125 -208.7209014892578
-893.6101684570312 -209.171142578125
-892.6111450195312 -210.60275268554688
-894.6090698242188 -212.59121704101562
-895.982421875 -214.30816650390625
-894.1912841796875 -214.97488403320312
-895.3673095703125 -216.69239807128906
-893.6571044921875 -216.06362915039062
-891.85400390625 -216.9745330810547
-893.8538208007812 -218.92340087890625
-892.5203857421875 -220.53086853027344
-894.4808959960938 -222.5250244140625
-896.466552734375 -224.50755310058594
-898.462890625 -226.4966278076172
-900.4579467773438 -228.4226531982422
-902.455322265625 -226.5672607421875
-904.4384765625 -228.562255859375
-906.4337158203125 -226.6447296142578
-908.4313354492188 -228.60389709472656
-910.3683471679688 -226.79835510253906
-912.3666381835938 -228.79319763183594
-914.3652954101562 -227.1079559326172
-916.3643798828125 -229.0685272216797
-918.272705078125 -227.1378631591797
-920.267578125 -228.97555541992188
-922.2667846679688 -227.16627502441406
-924.2644653320312 -229.13601684570312
-926.2439575195312 -227.43154907226562
-928.243896484375 -229.42886352539062
-930.2433471679688 -227.87416076660156
-932.242919921875 -229.37869262695312
-934.2399291992188 -228.0655517578125
-936.2254638671875 -229.73475646972656
-938.2232666015625 -231.652099609375
-940.1928100585938 -233.57215881347656
-942.1748657226562 -235.46630859375
-944.1719970703125 -237.41827392578125
-946.1627807617188 -238.4131317138672
-948.1599731445312 -240.3892059326172
-948.3455200195312 -242.35214233398438
-948.73583984375 -244.3402099609375
-949.3657836914062 -246.32659912109375
-948.6168823242188 -248.24139404296875
-949.0578002929688 -250.206298828125
-950.2682495117188 -252.17369079589844
-948.7499389648438 -254.03463745117188
-950.70361328125 -255.9138946533203
-951.4337158203125 -257.9085388183594
-952.3773803710938 -259.8604431152344
-951.8597412109375 -261.68792724609375
-952.9164428710938 -263.5989685058594
-953.416748046875 -265.56231689453125
-955.1848754882812 -267.3296813964844
-956.1461791992188 -269.3094787597656
-956.7679443359375 -269.641357421875
-956.5045166015625 -271.0690002441406
-958.3796997070312 -272.58441162109375
-959.4036865234375 -272.9759521484375
-961.056884765625 -274.86090087890625
-962.5537109375 -276.24371337890625
-964.2796630859375 -277.8909606933594
-962.5213012695312 -276.6474304199219
-963.397216796875 -277.28643798828125
-963.1205444335938 -278.5697021484375
-965.0562133789062 -277.0118103027344
-964.7679443359375 -276.2747497558594
-965.718017578125 -276.8361511230469
-967.050537109375 -278.3481750488281
-966.3931884765625 -277.69189453125
-965.6477661132812 -278.4996337890625
-964.4628295898438 -280.4017028808594
-965.6859130859375 -280.96173095703125
-967.131103515625 -281.5378723144531
-966.625244140625 -282.65142822265625
-964.9330444335938 -284.30352783203125
-966.6256713867188 -284.3834228515625
-964.96142578125 -284.90399169921875
-966.3407592773438 -285.19085693359375
-966.0479125976562 -285.28875732421875
-967.7496337890625 -284.997802734375
-965.7833862304688 -286.92779541015625
-966.2337036132812 -288.5640563964844
-965.74658203125 -290.43115234375
-964.4022827148438 -289.3016662597656
-963.9011840820312 -290.4706115722656
-964.6356201171875 -290.6799011230469
-966.4043579101562 -290.0780029296875
-965.52685546875 -290.0958557128906
-965.0877075195312 -291.7970886230469
-965.8736572265625 -291.60809326171875
-967.6865844726562 -290.39410400390625
-965.7569580078125 -289.13177490234375
-964.4862060546875 -291.013427734375
-964.485107421875 -291.9972839355469
-963.6023559570312 -292.5168151855469
-963.7879028320312 -294.3159484863281
-965.5243530273438 -295.848876953125
-966.6192626953125 -296.9710388183594
-964.8610229492188 -298.65289306640625
-966.6002807617188 -299.95166015625
-966.49658203125 -301.4312438964844
-964.7711791992188 -302.9256591796875
-964.62255859375 -304.5063171386719
-966.4481811523438 -305.7091064453125
-967.6016235351562 -306.2827453613281
-969.1423950195312 -308.24566650390625
-970.652099609375 -310.2048034667969
-972.5145874023438 -312.1582946777344
-974.139404296875 -314.15234375
-976.0631103515625 -316.13421630859375
-977.872314453125 -314.3121643066406
-979.8680419921875 -316.3069152832031
-979.0443725585938 -314.6202697753906
-980.9467163085938 -313.55926513671875
-982.9449462890625 -315.5583190917969
-984.916259765625 -314.1041564941406
-986.6477661132812 -313.0168762207031
-988.3001098632812 -315.01629638671875
-990.0469360351562 -313.8035888671875
-991.921875 -315.80120849609375
-990.373291015625 -314.0426330566406
-992.2201538085938 -312.1658020019531
-994.2139282226562 -314.1649475097656
-995.1312255859375 -312.2518005371094
-997.0050659179688 -314.2405700683594
-998.783447265625 -313.80743408203125
-1000.084228515625 -315.6258850097656
-1001.630615234375 -313.78125
