-859.974853515625 -180.6116180419922
-861.9747924804688 -178.6480712890625
-863.9743041992188 -180.64804077148438
-865.97412109375 -178.65965270996094
-867.9698486328125 -180.65963745117188
-869.96728515625 -178.6658477783203
-871.9658203125 -176.8596954345703
-873.9623413085938 -178.8596954345703
-875.9620971679688 -177.11427307128906
-877.9501953125 -179.1142120361328
-879.948486328125 -177.12820434570312
-881.7457275390625 -179.1271514892578
-883.1136474609375 -181.12713623046875
-885.1134033203125 -179.12977600097656
-887.1091918945312 -181.1297607421875
-889.1091918945312 -183.12974548339844
-891.108642578125 -181.16091918945312
-893.099853515625 -183.16091918945312
-891.1680908203125 -181.4243927001953
-893.1669921875 -183.4243621826172
-892.5874633789062 -184.131591796875
-890.6686401367188 -185.61801147460938
-892.6686401367188 -183.9291229248047
-890.6732788085938 -185.33021545410156
-892.6732788085938 -183.57481384277344
-891.8929443359375 -182.5895538330078
-890.2677001953125 -182.67527770996094
-892.267578125 -180.7196502685547
-894.2576904296875 -182.71963500976562
-894.2235107421875 -180.8411102294922
-895.8251953125 -182.8098602294922
-896.1854248046875 -180.83241271972656
-898.0387573242188 -182.82833862304688
-899.8049926757812 -180.8285369873047
-901.79296875 -182.82127380371094
-903.5967407226562 -180.8270721435547
-905.56396484375 -182.82164001464844
-907.5591430664062 -180.82205200195312
-909.5467529296875 -182.80345153808594
-911.53564453125 -180.81105041503906
-913.5086669921875 -182.8104705810547
-915.4990844726562 -180.8185272216797
-917.2446899414062 -182.81585693359375
-919.169189453125 -180.8206787109375
-921.03515625 -182.82003784179688
-923.0341186523438 -180.82032775878906
-925.0289916992188 -182.81959533691406
-927.0289916992188 -181.822509765625
-929.0289306640625 -181.2481689453125
-931.0289306640625 -183.24810791015625
-933.0285034179688 -185.21229553222656
-935.0285034179688 -187.20936584472656
-937.0282592773438 -189.20904541015625
-939.0281982421875 -191.2078399658203
-941.0281982421875 -193.20767211914062
-943.027099609375 -195.20721435546875
-945.0265502929688 -197.2069854736328
-947.026123046875 -199.20651245117188
-949.025390625 -201.2062225341797
-950.7470092773438 -203.2013702392578
-952.4835815429688 -205.1897735595703
-953.3781127929688 -207.18385314941406
-955.3536376953125 -209.15399169921875
-954.3143920898438 -211.14981079101562
-955.502197265625 -213.1495819091797
-956.1323852539062 -215.14791870117188
-956.0101318359375 -217.14524841308594
-955.9127807617188 -218.33360290527344
-956.126220703125 -218.71388244628906
-957.7612915039062 -218.9862060546875
-959.2355346679688 -220.7681121826172
-960.9896240234375 -222.55987548828125
-961.9716796875 -223.4402618408203
-961.769775390625 -225.3848419189453
-963.5066528320312 -227.35638427734375
-965.3785400390625 -228.91876220703125
-964.2247924804688 -230.87356567382812
-963.0903930664062 -232.86398315429688
-961.9632568359375 -234.8302764892578
-962.3626098632812 -236.82559204101562
-961.4541625976562 -238.81658935546875
-962.8901977539062 -240.78530883789062
-962.0569458007812 -242.562744140625
-963.9909057617188 -244.54530334472656
-964.9304809570312 -246.5433807373047
-966.3093872070312 -248.54234313964844
-965.9803466796875 -250.53485107421875
-964.343017578125 -252.52902221679688
-962.6251831054688 -254.44082641601562
-961.2334594726562 -256.4200744628906
-961.6451416015625 -258.412109375
-963.3890991210938 -260.40362548828125
-965.2684936523438 -262.2051086425781
-966.9322509765625 -262.7943115234375
-966.479736328125 -263.45721435546875
-964.8515014648438 -264.23046875
-966.3551635742188 -266.0317077636719
-964.7046508789062 -267.9439392089844
-965.9043579101562 -269.16595458984375
-964.6443481445312 -270.5736083984375
-963.9526977539062 -272.03875732421875
-965.5341186523438 -273.59295654296875
-963.7535400390625 -275.44158935546875
-965.4736328125 -277.3831481933594
-963.7282104492188 -279.27337646484375
-965.6953125 -281.0087890625
-966.867431640625 -282.602783203125
-968.8383178710938 -284.52886962890625
-970.2188720703125 -284.927490234375
-969.9109497070312 -286.1578674316406
-968.9818725585938 -287.5021057128906
-968.0411376953125 -289.4149475097656
-968.085205078125 -291.22900390625
-968.7120361328125 -291.46868896484375
-968.4443359375 -291.8393249511719
-969.028076171875 -292.3001708984375
-968.1973266601562 -291.0984802246094
-967.0344848632812 -291.70355224609375
-968.36181640625 -292.3332824707031
-970.3056640625 -292.2761535644531
-969.8342895507812 -292.4939270019531
-969.0963745117188 -292.7666931152344
-969.810546875 -294.5159912109375
-967.8217163085938 -294.8734130859375
-967.546875 -294.67144775390625
-969.2788696289062 -295.8385314941406
-969.9596557617188 -295.09552001953125
-969.8768310546875 -294.8231201171875
-968.78173828125 -296.2561340332031
-968.3457641601562 -294.7689208984375
-967.5220336914062 -295.3197326660156
-968.0049438476562 -295.1218566894531
-969.0994262695312 -296.372314453125
-967.5775756835938 -296.4748840332031
-968.0816650390625 -296.5155029296875
-969.9495849609375 -297.7192077636719
-969.7642822265625 -298.0259704589844
-968.91064453125 -298.0233154296875
-967.0143432617188 -299.85015869140625
-968.3695068359375 -301.5131530761719
-966.9993896484375 -303.05010986328125
-968.3782958984375 -301.521240234375
-966.4866333007812 -300.44287109375
-966.0159912109375 -301.24822998046875
-965.2568969726562 -301.77056884765625
-965.8507080078125 -303.47979736328125
-967.6903686523438 -305.28533935546875
-968.1826782226562 -307.27105712890625
-968.5977172851562 -309.26690673828125
-970.0125122070312 -311.2481384277344
-972.0097045898438 -313.2401123046875
-974.008056640625 -315.2196044921875
-975.9981689453125 -314.11065673828125
-977.9812622070312 -316.1018371582031
-979.1143188476562 -314.3127136230469
-981.0995483398438 -316.3117980957031
-982.965576171875 -317.7684631347656
-984.9635620117188 -315.85430908203125
-986.9617919921875 -314.1021728515625
-988.8175048828125 -315.5594482421875
-989.1847534179688 -316.2034912109375
-991.029052734375 -315.0667419433594
-992.5674438476562 -314.28936767578125
-993.8303833007812 -312.6307678222656
-995.792724609375 -314.6275329589844
-997.5824584960938 -312.6816101074219
-999.5474243164062 -314.3824462890625
-1001.485107421875 -312.7847900390625
