-859.97119140625 -180.61155700683594
-861.9573364257812 -178.6912078857422
-863.9571533203125 -180.6912078857422
-865.91357421875 -178.71417236328125
-867.91357421875 -180.71417236328125
-869.9043579101562 -178.72592163085938
-871.894287109375 -176.9619140625
-873.8927612304688 -178.9618682861328
-875.861083984375 -177.28529357910156
-877.8600463867188 -179.2852783203125
-879.8577270507812 -177.3900909423828
-881.8316650390625 -179.39007568359375
-883.760498046875 -181.39007568359375
-885.730712890625 -179.3942413330078
-887.7078857421875 -181.39413452148438
-889.70751953125 -183.39410400390625
-891.70751953125 -184.980712890625
-893.70751953125 -186.97665405273438
-892.2241821289062 -188.9764862060547
-894.2241821289062 -190.97634887695312
-893.9262084960938 -192.976318359375
-891.9403686523438 -194.95704650878906
-893.9403686523438 -196.95616149902344
-893.6079711914062 -198.95614624023438
-892.4061279296875 -200.9556427001953
-894.4061279296875 -202.9539337158203
-894.248046875 -204.9539337158203
-895.5706787109375 -206.9539337158203
-893.5824584960938 -208.947509765625
-892.8119506835938 -210.94715881347656
-890.9287719726562 -212.94712829589844
-892.9287719726562 -214.94700622558594
-892.2361450195312 -216.94595336914062
-894.236083984375 -218.94558715820312
-895.9092407226562 -220.94552612304688
-897.8749389648438 -222.94552612304688
-899.8748779296875 -224.94552612304688
-901.8748168945312 -226.94549560546875
-903.8748168945312 -228.94544982910156
-905.8746948242188 -226.9456787109375
-907.8743896484375 -228.9456787109375
-909.8319091796875 -226.95034790039062
-911.8318481445312 -228.95033264160156
-913.8245849609375 -227.02365112304688
-915.8245849609375 -229.0236358642578
-917.8222045898438 -227.0464324951172
-919.8221435546875 -229.04629516601562
-921.8208618164062 -227.05819702148438
-923.8206787109375 -229.05819702148438
-925.8202514648438 -227.0763702392578
-927.8201904296875 -229.07635498046875
-929.8201904296875 -231.022705078125
-931.8201904296875 -233.01419067382812
-933.8201904296875 -235.01214599609375
-935.8201293945312 -237.00057983398438
-937.820068359375 -238.9793243408203
-939.8200073242188 -240.96322631835938
-941.8200073242188 -242.9600830078125
-943.8191528320312 -244.9041748046875
-945.8145751953125 -246.79232788085938
-947.814453125 -248.78285217285156
-949.266845703125 -250.77264404296875
-950.3779296875 -252.68746948242188
-950.282958984375 -254.62506103515625
-951.7060546875 -256.513671875
-952.2808227539062 -258.4616394042969
-954.1807250976562 -260.4568176269531
-955.8080444335938 -262.27215576171875
-956.3017578125 -263.78778076171875
-957.818603515625 -265.3977966308594
-959.7333374023438 -267.0166320800781
-959.7919921875 -269.0011291503906
-961.4823608398438 -270.8672790527344
-962.0451049804688 -272.589599609375
-963.56005859375 -274.30059814453125
-964.1815185546875 -276.1340026855469
-966.1074829101562 -278.0845031738281
-967.8236694335938 -279.5833435058594
-965.8651123046875 -280.90789794921875
-967.6171875 -282.89190673828125
-965.6529541015625 -284.20025634765625
-964.5306396484375 -285.86871337890625
-963.4556884765625 -287.6523132324219
-965.3912963867188 -289.3402404785156
-966.50439453125 -291.2688293457031
-968.3502807617188 -292.3283386230469
-966.3716430664062 -294.117431640625
-965.8646240234375 -296.063720703125
-965.0411987304688 -297.9796142578125
-966.4800415039062 -299.3366394042969
-966.45751953125 -301.1820983886719
-968.0574951171875 -303.083251953125
-966.1273193359375 -304.0493469238281
-966.9032592773438 -305.8959045410156
-968.160400390625 -307.8665771484375
-969.7935180664062 -309.86614990234375
-971.7671508789062 -311.8653259277344
-973.7656860351562 -313.86456298828125
-975.7481689453125 -315.8641662597656
-977.6204223632812 -313.8647766113281
-979.5936889648438 -315.8638916015625
-981.4857177734375 -313.86480712890625
-983.4657592773438 -315.86444091796875
-984.8766479492188 -313.8768310546875
-986.8709106445312 -315.8678894042969
-988.7769165039062 -313.86907958984375
-990.6889038085938 -315.86871337890625
-992.353759765625 -313.8766784667969
-994.349365234375 -311.9010314941406
-995.6778564453125 -313.8762512207031
-996.543212890625 -311.8990478515625
-998.5410766601562 -313.8927917480469
-1000.51171875 -312.13482666015625
