-859.7592163085938 -180.61146545410156
-861.707763671875 -180.591796875
-863.68603515625 -179.548095703125
-865.445556640625 -181.54745483398438
-865.1874389648438 -179.55947875976562
-866.2747802734375 -178.0059814453125
-868.2352905273438 -180.0055389404297
-869.3572387695312 -179.13531494140625
-871.3441162109375 -180.0042724609375
-873.2948608398438 -178.6487274169922
-875.2889404296875 -180.31907653808594
-877.258056640625 -180.9928436279297
-878.5816040039062 -179.02381896972656
-880.3081665039062 -179.0430908203125
-880.314208984375 -181.04302978515625
-882.269287109375 -179.16729736328125
-884.203857421875 -181.16725158691406
-886.185302734375 -179.72242736816406
-888.0558471679688 -181.72227478027344
-890.0525512695312 -183.630859375
-892.0204467773438 -184.3572235107422
-890.1390991210938 -185.90406799316406
-892.1099853515625 -187.88162231445312
-894.1098022460938 -189.87937927246094
-892.2813720703125 -191.65232849121094
-894.2096557617188 -193.65077209472656
-894.1998901367188 -193.80267333984375
-892.2996215820312 -193.6468048095703
-894.2985229492188 -195.64633178710938
-892.9776000976562 -196.15243530273438
-891.3943481445312 -198.07986450195312
-893.3906860351562 -200.04595947265625
-891.474365234375 -201.42901611328125
-893.4633178710938 -203.42864990234375
-891.9530029296875 -205.38592529296875
-893.9512939453125 -207.36831665039062
-891.9744262695312 -205.5325469970703
-893.97412109375 -207.5312042236328
-891.9798583984375 -205.9400634765625
-893.9774780273438 -207.89459228515625
-892.0418701171875 -208.5419158935547
-894.04150390625 -210.5394744873047
-892.1066284179688 -211.03404235839844
-893.956787109375 -213.01593017578125
-892.1005859375 -211.35690307617188
-894.1004638671875 -213.35662841796875
-892.123291015625 -211.60154724121094
-894.06787109375 -213.59934997558594
-892.0935668945312 -212.0076446533203
-894.0934448242188 -213.9999542236328
-892.1184692382812 -212.21438598632812
-894.1116333007812 -214.2136688232422
-892.1256103515625 -212.92788696289062
-894.1171264648438 -214.92236328125
-892.2697143554688 -216.03466796875
-894.2635498046875 -218.03343200683594
-892.5835571289062 -217.6971435546875
-890.7351684570312 -217.552978515625
-892.7142333984375 -219.5520782470703
-890.88671875 -221.54251098632812
-892.8861694335938 -223.54119873046875
-894.7425537109375 -225.540771484375
-896.6898193359375 -227.54071044921875
-898.6835327148438 -225.6221923828125
-900.2733764648438 -227.6220245361328
-902.2420043945312 -225.728759765625
-904.2026977539062 -227.7285919189453
-906.1996459960938 -225.74594116210938
-908.09228515625 -227.74574279785156
-910.0917358398438 -225.75247192382812
-912.0753173828125 -227.7523651123047
-914.0385131835938 -225.7582550048828
-915.8125 -227.75558471679688
-917.810302734375 -226.63490295410156
-919.7740478515625 -228.63462829589844
-921.7706909179688 -226.6403045654297
-923.7587280273438 -228.64024353027344
-925.7543334960938 -230.23805236816406
-927.7417602539062 -229.6535186767578
-929.7411499023438 -231.56565856933594
-931.7410278320312 -233.548828125
-933.7408447265625 -235.54493713378906
-935.736572265625 -237.5294189453125
-937.7305297851562 -239.52603149414062
-939.7060546875 -241.50204467773438
-941.699462890625 -243.39984130859375
-943.69873046875 -245.3791961669922
-945.6961059570312 -247.3590850830078
-947.6949462890625 -249.35301208496094
-949.6255493164062 -251.3282470703125
-951.5671997070312 -253.21978759765625
-953.0101928710938 -255.19667053222656
-954.4388427734375 -256.9653625488281
-955.0010986328125 -258.8624267578125
-954.0989379882812 -260.826416015625
-954.3509521484375 -261.9150390625
-956.32470703125 -263.6944274902344
-958.0924682617188 -263.6201477050781
-959.4683227539062 -264.641357421875
-959.6051635742188 -266.3002014160156
-961.5328979492188 -268.16217041015625
-961.0167846679688 -270.0679626464844
-961.367919921875 -272.00390625
-962.3356323242188 -273.5067443847656
-963.0472412109375 -275.49822998046875
-963.193359375 -277.4825134277344
-963.6106567382812 -279.39056396484375
-965.4567260742188 -281.2046203613281
-965.8726806640625 -282.3775939941406
-964.8560180664062 -284.3570251464844
-963.404296875 -284.6806335449219
-965.272705078125 -286.04193115234375
-967.1298828125 -287.2283630371094
-965.7536010742188 -288.9204406738281
-966.5482788085938 -290.0732116699219
-966.2155151367188 -289.9243469238281
-968.0050659179688 -291.3924560546875
-966.60302734375 -292.4510498046875
-965.4552612304688 -290.9231872558594
-965.3890380859375 -291.2910461425781
-966.6348876953125 -291.291748046875
-964.721923828125 -293.18914794921875
-964.0235595703125 -294.49908447265625
-966.0202026367188 -295.2580871582031
-967.4038696289062 -296.92877197265625
-965.5514526367188 -298.414306640625
-964.6517944335938 -300.31341552734375
-966.2818603515625 -298.685546875
-966.128173828125 -299.7427062988281
-966.811279296875 -300.6122741699219
-965.6050415039062 -301.7854919433594
-966.911865234375 -301.669189453125
-966.9392700195312 -302.9565734863281
-967.7093505859375 -302.7261962890625
-969.212646484375 -304.1661071777344
-968.87255859375 -304.9063720703125
-967.6154174804688 -306.86932373046875
-969.4677734375 -308.8687744140625
-971.4359130859375 -310.8685607910156
-973.2564086914062 -312.86688232421875
-974.6539916992188 -314.8529968261719
-976.6522827148438 -312.8597106933594
-978.6417846679688 -314.77081298828125
-980.6350708007812 -313.0262756347656
-982.4688720703125 -315.0057678222656
-984.4173583984375 -313.3429870605469
-986.27783203125 -315.3132629394531
-988.2264404296875 -313.31793212890625
-990.2029418945312 -315.31719970703125
-992.1854858398438 -313.4088439941406
-993.3257446289062 -315.3592529296875
-995.3180541992188 -313.3672180175781
-996.9080810546875 -314.8893737792969
-998.557373046875 -312.8931579589844
-1000.478271484375 -310.9613952636719
