-849.6181640625 -311.27947998046875
-851.6181030273438 -313.27886962890625
-853.5830688476562 -311.5114440917969
-855.572265625 -313.5042419433594
-857.5717163085938 -311.5367431640625
-859.5704345703125 -309.6107482910156
-861.559814453125 -311.6097106933594
-863.55908203125 -313.6003723144531
-865.5427856445312 -311.73980712890625
-867.5422973632812 -313.7388916015625
-869.491455078125 -311.82781982421875
-871.490478515625 -313.82501220703125
-873.488525390625 -311.84930419921875
-875.486328125 -313.8481140136719
-877.348388671875 -311.9658203125
-879.3230590820312 -313.959716796875
-881.314453125 -312.0821228027344
-883.3135986328125 -314.06951904296875
-885.3092041015625 -312.2035217285156
-887.3091430664062 -314.2032470703125
-889.1972045898438 -312.32684326171875
-891.1962890625 -314.3251953125
-893.1685180664062 -312.6546630859375
-895.168212890625 -314.6544494628906
-897.1673583984375 -313.3003845214844
-896.0542602539062 -312.2453308105469
-898.0530395507812 -314.2408447265625
-896.1683349609375 -313.48638916015625
-894.6593627929688 -312.6431884765625
-896.6543579101562 -314.6419372558594
-894.9356689453125 -313.3328857421875
-896.9354248046875 -315.3322448730469
-895.3868408203125 -314.0832214355469
-897.3811645507812 -312.5906982421875
-899.3799438476562 -314.590576171875
-898.0333251953125 -313.4516906738281
-896.5880126953125 -311.7596435546875
-898.5879516601562 -313.7559509277344
-897.615478515625 -312.452880859375
-899.6150512695312 -314.4521789550781
-900.7274780273438 -313.0137939453125
-902.6377563476562 -311.21685791015625
-904.6312255859375 -313.1891784667969
-906.4666137695312 -312.1940002441406
-908.4642944335938 -310.7027893066406
-910.4595947265625 -312.7026062011719
-912.4578857421875 -312.62115478515625
-914.4552612304688 -312.72265625
-916.4534301757812 -310.76068115234375
-918.4506225585938 -312.76043701171875
-920.13037109375 -310.9521789550781
-922.1300048828125 -312.9521484375
-924.1279296875 -311.3476257324219
-926.1276245117188 -313.347412109375
-928.1271362304688 -315.3340759277344
-930.1233520507812 -314.2023620605469
-932.1219482421875 -315.16259765625
-934.1218872070312 -317.1387939453125
-936.1216430664062 -319.12957763671875
-938.1216430664062 -321.1248474121094
-940.1211547851562 -323.12432861328125
-942.1210327148438 -325.1116943359375
-944.1209716796875 -327.1083984375
-946.1209106445312 -329.0967712402344
-948.120849609375 -331.0919189453125
-950.1206665039062 -333.0513610839844
-949.9784545898438 -334.94281005859375
-949.560791015625 -336.91455078125
-948.9019775390625 -338.2196044921875
-949.7990112304688 -340.1703796386719
-947.9581298828125 -341.6850891113281
-949.9580078125 -343.4866027832031
-950.0504150390625 -345.43499755859375
-950.66259765625 -347.2131042480469
-948.9389038085938 -349.1877136230469
-950.6421508789062 -351.09991455078125
-952.0416870117188 -353.0795593261719
-951.2255859375 -355.0165100097656
-950.7146606445312 -356.98162841796875
-951.5009765625 -358.9377746582031
-953.1622924804688 -360.89599609375
-953.4017333984375 -362.7744140625
-954.243896484375 -364.63739013671875
-954.9249877929688 -366.6272888183594
-955.7506103515625 -368.08978271484375
-957.2113647460938 -370.047119140625
-957.3802490234375 -371.8896484375
-959.3685302734375 -373.611083984375
-959.3966064453125 -375.3895568847656
-960.7479858398438 -377.0116271972656
-959.9227294921875 -378.73486328125
-958.6023559570312 -380.4511413574219
-957.1431274414062 -382.3721923828125
-959.1019897460938 -384.34912109375
-960.9375 -386.3320007324219
-962.8978271484375 -388.2773742675781
-964.1820068359375 -390.056396484375
-966.0526733398438 -392.05035400390625
-968.0447998046875 -394.04669189453125
-970.0364379882812 -396.0457763671875
-972.0358276367188 -394.0462341308594
-974.0355834960938 -396.04608154296875
-976.0341796875 -394.0501708984375
-978.0316772460938 -396.0494079589844
-980.0291137695312 -394.04962158203125
-982.0173950195312 -396.04949951171875
-984.0172729492188 -394.0496826171875
-986.0165405273438 -396.0492248535156
-988.0164794921875 -394.04937744140625
-990.0150756835938 -396.0458068847656
-992.0149536132812 -394.04638671875
-994.0006103515625 -396.0415954589844
-995.9547729492188 -394.0438232421875
-997.9214477539062 -396.041748046875
-999.9132080078125 -394.0422668457031
-1001.9119873046875 -396.0415954589844
-1003.905029296875 -394.04180908203125
-1005.9039916992188 -396.0394592285156
-1007.89404296875 -394.0396423339844
-1009.8914794921875 -396.039306640625
-1011.8887329101562 -394.04803466796875
-1013.88720703125 -396.0472412109375
-1015.88623046875 -394.05096435546875
-1017.8771362304688 -396.0424499511719
-1019.8607177734375 -394.04351806640625
-1021.860107421875 -396.0414123535156
-1023.8233642578125 -394.0435791015625
-1025.8193359375 -396.0428771972656
-1027.69775390625 -394.0472717285156
-1029.6781005859375 -396.04638671875
-1031.55322265625 -394.0482177734375
-1033.544677734375 -396.0478515625
-1035.5423583984375 -394.0692443847656
-1037.4913330078125 -396.068603515625
-1039.479736328125 -394.1000061035156
-1041.4744873046875 -396.09991455078125
-1043.4332275390625 -394.1170349121094
-1044.3719482421875 -396.11614990234375
-1046.0328369140625 -394.1214294433594
-1048.0050048828125 -396.1208801269531
-1049.810791015625 -394.4590148925781
-1051.7825927734375 -396.4581604003906
-1052.9549560546875 -394.4875793457031
-1054.6470947265625 -396.4844665527344
-1056.624755859375 -394.60888671875
-1058.5621337890625 -396.6087951660156
-1060.5526123046875 -394.835693359375
-1060.7281494140625 -396.8354797363281
-1062.7154541015625 -395.5188293457031
-1060.7169189453125 -397.0972900390625
-1062.71142578125 -397.1554870605469
-1060.7425537109375 -398.76080322265625
-1062.741943359375 -398.9054870605469
-1060.7763671875 -400.68389892578125
-1062.7760009765625 -401.5440673828125
-1064.7755126953125 -403.3483581542969
-1063.31640625 -401.3627624511719
-1061.3441162109375 -403.3547058105469
-1063.3433837890625 -405.3323974609375
-1061.346923828125 -403.67266845703125
-1063.3443603515625 -405.62384033203125
-1061.4244384765625 -404.06927490234375
-1063.402587890625 -405.9790344238281
-1061.404052734375 -404.387939453125
-1063.4039306640625 -406.3155517578125
-1061.4078369140625 -405.6695556640625
-1063.35595703125 -407.661376953125
-1061.3560791015625 -408.825439453125
-1063.35595703125 -410.24267578125
-1061.356201171875 -411.95465087890625
