-849.60986328125 -311.3114929199219
-851.585205078125 -311.2973937988281
-853.5574951171875 -313.1383056640625
-855.5421142578125 -311.2525634765625
-857.5130004882812 -310.7440490722656
-859.4210815429688 -312.2413024902344
-861.381591796875 -310.3614807128906
-861.2337036132812 -309.6866455078125
-863.2137451171875 -311.53533935546875
-865.0234375 -312.8285217285156
-866.9955444335938 -310.8641357421875
-868.3283081054688 -309.9652404785156
-869.7185668945312 -309.4781799316406
-871.665283203125 -310.48651123046875
-873.5303955078125 -311.5750427246094
-875.472900390625 -313.4388732910156
-877.3899536132812 -311.4674377441406
-879.2813110351562 -313.1532287597656
-881.1094360351562 -311.2166748046875
-883.076416015625 -312.6169128417969
-885.0611572265625 -310.69891357421875
-886.7061767578125 -311.8285217285156
-888.5592651367188 -313.7296447753906
-890.5217895507812 -311.7424011230469
-891.21923828125 -312.7862548828125
-893.1531372070312 -310.92535400390625
-894.908203125 -312.8096923828125
-896.8548583984375 -311.8936462402344
-898.5384521484375 -313.3956604003906
-896.6796264648438 -313.8387145996094
-896.7376708984375 -312.1341552734375
-898.5481567382812 -313.60906982421875
-898.627197265625 -312.0554504394531
-900.5950317382812 -313.8742370605469
-898.6940307617188 -312.01202392578125
-900.1190185546875 -313.44500732421875
-899.4290161132812 -312.1946716308594
-898.6401977539062 -311.13836669921875
-900.5611572265625 -313.1000061035156
-898.9566040039062 -311.170166015625
-900.946533203125 -312.2905578613281
-901.9714965820312 -310.37548828125
-903.9107055664062 -312.2762145996094
-905.8477783203125 -310.3301086425781
-907.6744384765625 -311.4920959472656
-909.6644897460938 -309.5015563964844
-911.63818359375 -311.369384765625
-913.5794067382812 -313.32073974609375
-915.4639282226562 -311.34002685546875
-916.8820190429688 -313.2905578613281
-918.840087890625 -311.2910461425781
-920.7420043945312 -313.0999450683594
-922.6808471679688 -311.1376953125
-924.2081909179688 -312.5908508300781
-926.1615600585938 -312.34442138671875
-927.1856689453125 -314.0928649902344
-929.1640014648438 -312.9759216308594
-930.5 -313.8358459472656
-932.4530639648438 -314.7486267089844
-934.4400024414062 -313.8555603027344
-936.407470703125 -314.22705078125
-938.342529296875 -315.70306396484375
-940.3015747070312 -317.45037841796875
-942.2243041992188 -319.2549133300781
-944.1608276367188 -320.6706237792969
-946.1370849609375 -322.6161804199219
-947.8925170898438 -324.4200744628906
-949.8525390625 -326.3176574707031
-947.9281616210938 -328.0278625488281
-949.7616577148438 -329.98419189453125
-947.8292846679688 -331.9755859375
-949.7762451171875 -333.0949401855469
-948.09326171875 -334.8725280761719
-950.0889282226562 -336.85308837890625
-948.3056030273438 -338.72894287109375
-946.7496948242188 -340.6733703613281
-948.6971435546875 -342.5079040527344
-947.146484375 -344.42462158203125
-948.98388671875 -346.3008117675781
-947.1236572265625 -348.1504211425781
-947.1795043945312 -350.08746337890625
-949.1199340820312 -352.07025146484375
-947.19873046875 -353.00115966796875
-948.8617553710938 -354.8171691894531
-947.2661743164062 -356.6833190917969
-948.288818359375 -357.8209228515625
-949.6361083984375 -359.78857421875
-949.48095703125 -361.6899108886719
-947.6798706054688 -363.660888671875
-949.6334838867188 -365.49713134765625
-949.4588623046875 -366.6627197265625
-948.8841552734375 -368.580810546875
-948.0004272460938 -370.4189453125
-947.25390625 -372.4098205566406
-949.1915893554688 -373.8203125
-948.2493286132812 -375.8175354003906
-947.1089477539062 -377.758544921875
-949.1079711914062 -379.1025085449219
-947.3136596679688 -380.79437255859375
-949.1946411132812 -381.20098876953125
-947.2041625976562 -382.0758972167969
-949.0038452148438 -382.7439270019531
-949.6646728515625 -384.6051025390625
-949.7093505859375 -384.5957336425781
-951.0690307617188 -386.2295227050781
-949.2794799804688 -388.1474609375
-947.4425659179688 -389.1695251464844
-949.21435546875 -389.12957763671875
-948.8796997070312 -391.0423583984375
-948.831298828125 -392.6937255859375
-949.426025390625 -391.886474609375
-947.5012817382812 -393.13079833984375
-949.3619995117188 -392.6991271972656
-950.9174194335938 -394.4684753417969
-949.8433837890625 -395.296142578125
-951.5437622070312 -394.08734130859375
-951.0993041992188 -394.2351379394531
-951.9134521484375 -395.19140625
-953.5379028320312 -397.0218811035156
-955.484619140625 -395.20892333984375
-957.1007080078125 -396.5087890625
-957.761962890625 -394.6474304199219
-959.646240234375 -394.5554504394531
-960.2033081054688 -393.740478515625
-961.897705078125 -394.95098876953125
-963.1415405273438 -396.5156555175781
-965.1248168945312 -394.81640625
-967.0868530273438 -396.29595947265625
-969.0432739257812 -394.32147216796875
-970.5807495117188 -396.1496887207031
-972.510498046875 -394.4722595214844
-973.8305053710938 -396.05328369140625
-975.4383544921875 -395.2812194824219
-976.033447265625 -394.7222900390625
-977.9326171875 -396.43695068359375
-979.857421875 -394.4696350097656
-981.815673828125 -395.8805847167969
-983.75 -397.6376647949219
-985.7483520507812 -395.6517333984375
-986.0516357421875 -397.4678955078125
-988.0490112304688 -396.4087219238281
-990.0208129882812 -394.52178955078125
-991.9732055664062 -396.3184814453125
-993.9723510742188 -394.3620910644531
-995.8485717773438 -396.30828857421875
-997.8268432617188 -394.3527526855469
-999.3560180664062 -396.0605773925781
-1001.3311767578125 -394.6390686035156
-1003.1121215820312 -394.80792236328125
-1004.9739379882812 -392.9058837890625
-1006.864990234375 -394.41961669921875
-1008.7066040039062 -396.2177734375
-1010.2650146484375 -394.2861022949219
-1012.0631103515625 -394.2771301269531
-1012.763916015625 -395.89239501953125
-1014.09423828125 -394.0295715332031
-1015.599853515625 -395.892333984375
-1017.4325561523438 -393.9630432128906
-1019.102294921875 -393.99664306640625
-1020.9579467773438 -395.569580078125
-1021.5534057617188 -397.5523376464844
-1019.9566650390625 -396.61395263671875
-1021.67578125 -395.0625915527344
-1023.0782470703125 -396.751953125
-1024.686279296875 -395.9900817871094
-1025.924072265625 -394.1485290527344
-1027.502685546875 -392.2139587402344
-1028.018798828125 -393.8535461425781
-1029.6009521484375 -395.5233459472656
-1031.37060546875 -393.6165771484375
-1033.166015625 -395.52978515625
-1032.150146484375 -393.8784484863281
-1033.3485107421875 -395.5986022949219
-1034.850830078125 -394.81683349609375
-1035.490234375 -392.8415222167969
-1036.69140625 -394.1211853027344
-1038.4163818359375 -396.05859375
-1040.2315673828125 -394.9859313964844
-1041.8306884765625 -393.7007141113281
-1040.2916259765625 -395.68927001953125
-1041.6083984375 -394.1793518066406
-1041.9024658203125 -396.1229248046875
-1043.7735595703125 -394.8517761230469
-1043.671142578125 -394.435302734375
-1042.76318359375 -396.41363525390625
-1043.0279541015625 -395.1463623046875
-1044.4781494140625 -394.28857421875
-1044.6754150390625 -396.28314208984375
-1042.963134765625 -395.00897216796875
-1044.609375 -393.8022155761719
-1042.7811279296875 -395.72607421875
-1044.6904296875 -393.8250732421875
-1045.3935546875 -395.7571716308594
-1045.014892578125 -393.8238525390625
-1044.9940185546875 -395.82086181640625
-1045.9808349609375 -396.5943298339844
-1047.8424072265625 -394.6947937011719
-1046.1158447265625 -396.67657470703125
-1047.1640625 -395.88201904296875
-1048.6517333984375 -393.9790954589844
-1047.6756591796875 -395.8750305175781
-1048.91064453125 -396.1281433105469
-1049.9212646484375 -394.341064453125
-1049.1392822265625 -396.3062438964844
-1049.9407958984375 -394.4805603027344
-1048.091064453125 -396.2838134765625
-1049.152099609375 -394.9974365234375
-1050.5418701171875 -395.5211486816406
-1052.5284423828125 -395.2987365722656
-1053.7745361328125 -394.4168701171875
-1053.262451171875 -396.33990478515625
-1053.0147705078125 -394.7688293457031
-1054.80517578125 -393.5677795410156
-1053.44677734375 -395.5639953613281
-1053.633056640625 -394.1723937988281
-1053.166259765625 -396.13836669921875
-1052.845703125 -394.21539306640625
-1053.028076171875 -396.21044921875
-1054.1878662109375 -395.03253173828125
-1055.6700439453125 -395.7178955078125
-1057.4161376953125 -395.53302001953125
-1057.695068359375 -396.754150390625
-1059.109375 -394.9853820800781
-1057.9305419921875 -396.9794921875
-1058.619140625 -395.7869567871094
-1059.0213623046875 -395.6283874511719
-1060.739990234375 -396.2229919433594
-1059.3463134765625 -397.75042724609375
-1061.289306640625 -397.56201171875
-1062.8204345703125 -396.2402038574219
-1060.841796875 -396.6080627441406
-1060.643798828125 -396.6478271484375
-1061.681884765625 -398.2834167480469
-1062.5828857421875 -396.9409484863281
-1060.5845947265625 -398.7362060546875
-1061.8104248046875 -397.9105529785156
-1061.136474609375 -398.78485107421875
-1062.6627197265625 -397.9920959472656
-1060.665283203125 -399.82525634765625
-1062.372314453125 -400.6181335449219
-1063.2369384765625 -402.07208251953125
-1061.2669677734375 -404.0609436035156
-1062.183837890625 -405.6875305175781
-1061.629150390625 -405.9412841796875
-1060.3861083984375 -405.8165283203125
-1060.9765625 -406.8066101074219
-1062.3990478515625 -407.71209716796875
-1060.43408203125 -409.6979064941406
-1062.2220458984375 -410.97186279296875
-1060.22900390625 -412.930419921875
