-849.3588256835938 -311.2527160644531
-851.3267211914062 -313.25238037109375
-853.2742919921875 -311.25250244140625
-855.2737426757812 -313.2523193359375
-857.2312622070312 -311.2525939941406
-859.230712890625 -313.25238037109375
-861.20751953125 -311.2525939941406
-863.2057495117188 -313.2525939941406
-865.1959228515625 -311.2637939453125
-867.1953735351562 -313.2637634277344
-869.1224365234375 -311.2732849121094
-871.117431640625 -313.27227783203125
-873.1157836914062 -311.2726745605469
-875.1153564453125 -313.2664794921875
-877.07568359375 -311.2723083496094
-879.0753173828125 -313.27215576171875
-880.986572265625 -311.2756652832031
-882.9812622070312 -313.2680969238281
-884.8800048828125 -311.2701416015625
-886.8475341796875 -313.2682189941406
-888.8176879882812 -311.2685852050781
-890.8173828125 -313.26080322265625
-892.76953125 -311.2609558105469
-894.7686157226562 -313.25732421875
-896.766357421875 -315.2544860839844
-895.4273681640625 -313.6786804199219
-897.4193725585938 -315.6781921386719
-895.532470703125 -313.7586364746094
-895.1021118164062 -314.0155944824219
-897.0482177734375 -312.018798828125
-899.048095703125 -314.0173645019531
-897.0890502929688 -312.07769775390625
-899.0887451171875 -314.05438232421875
-898.3330688476562 -312.244140625
-900.3312377929688 -314.2353515625
-898.3472290039062 -312.24212646484375
-900.3472290039062 -314.240966796875
-898.4692993164062 -312.2570495605469
-900.4658203125 -314.2567138671875
-898.7884521484375 -312.2579650878906
-900.7830200195312 -314.1048889160156
-899.2703247070312 -312.1198425292969
-901.258056640625 -314.1103515625
-901.2398071289062 -312.1161804199219
-902.657958984375 -310.1167297363281
-904.6519775390625 -312.0799865722656
-906.517822265625 -310.0810546875
-908.5076293945312 -312.07452392578125
-910.474365234375 -310.07476806640625
-912.4736328125 -312.0579833984375
-914.4124145507812 -310.0749206542969
-916.4066162109375 -312.068603515625
-918.0737915039062 -310.083984375
-920.0677490234375 -312.07086181640625
-921.9627685546875 -310.1009826660156
-923.9557495117188 -312.07415771484375
-925.933837890625 -313.96563720703125
-927.9203491210938 -312.1439208984375
-929.8952026367188 -314.0455017089844
-931.7453002929688 -312.2151184082031
-933.7449340820312 -313.7624816894531
-935.4449462890625 -314.96661376953125
-937.4356079101562 -313.681640625
-938.910888671875 -315.3652038574219
-940.8621215820312 -316.17510986328125
-942.82666015625 -315.85845947265625
-944.8128662109375 -316.946044921875
-946.7161865234375 -318.90032958984375
-948.7000122070312 -320.79302978515625
-948.9334106445312 -322.7882080078125
-950.661376953125 -324.7806396484375
-951.5499267578125 -326.77825927734375
-953.4876098632812 -328.77752685546875
-954.9246215820312 -330.7392883300781
-954.7507934570312 -332.72760009765625
-956.3997192382812 -334.7042236328125
-957.2650756835938 -336.6059875488281
-958.898681640625 -338.5826416015625
-960.2910766601562 -340.56304931640625
-958.4031982421875 -342.4906311035156
-956.914306640625 -344.13641357421875
-958.7023315429688 -346.0416259765625
-959.1895141601562 -344.91705322265625
-958.327880859375 -346.6094665527344
-959.5009155273438 -348.50909423828125
-960.4530029296875 -350.4769592285156
-960.849609375 -352.46514892578125
-961.6275634765625 -353.7386169433594
-960.746826171875 -355.6106262207031
-962.0711669921875 -357.4433288574219
-961.4125366210938 -358.9313049316406
-959.5239868164062 -360.0964050292969
-958.1497802734375 -360.3740539550781
-956.9476928710938 -362.2393493652344
-957.970458984375 -363.9996337890625
-958.9121704101562 -365.91375732421875
-959.9708862304688 -367.70098876953125
-958.1021118164062 -369.6231689453125
-959.695068359375 -371.0603942871094
-960.198486328125 -372.98321533203125
-961.7496337890625 -371.3699951171875
-961.1282958984375 -373.2239990234375
-959.327880859375 -375.191650390625
-958.3688354492188 -376.78399658203125
-956.7409057617188 -377.7790832519531
-957.5664672851562 -379.5996398925781
-957.884521484375 -381.4286804199219
-959.6776123046875 -383.3659362792969
-959.9596557617188 -385.3555908203125
-960.398681640625 -387.2928161621094
-961.4354248046875 -388.9993591308594
-960.4090576171875 -390.9636535644531
-961.8894653320312 -392.930419921875
-962.1130981445312 -394.9286804199219
-964.0910034179688 -396.9277038574219
-963.5908203125 -394.9993591308594
-963.8057250976562 -396.9981994628906
-963.7821044921875 -395.018798828125
-965.260009765625 -397.00146484375
-966.6805419921875 -395.0024108886719
-968.3582153320312 -396.9850158691406
-970.1947021484375 -394.9851379394531
-971.85302734375 -396.98504638671875
-973.8214111328125 -394.98516845703125
-975.8043823242188 -396.98370361328125
-977.7933349609375 -394.9837951660156
-979.6905517578125 -396.96356201171875
-981.6802368164062 -394.9637145996094
-981.9107055664062 -396.9635009765625
-983.8593139648438 -394.96429443359375
-985.77294921875 -396.9508361816406
-987.7527465820312 -394.95111083984375
-989.6939086914062 -396.95074462890625
-991.6463623046875 -394.95269775390625
-993.6226196289062 -396.9097900390625
-995.2509765625 -394.9110412597656
-997.1942749023438 -396.888427734375
-999.1930541992188 -394.8915100097656
-1001.15673828125 -392.9234619140625
-1003.1438598632812 -394.90380859375
-1005.0765380859375 -392.92120361328125
-1005.6377563476562 -394.80621337890625
-1007.6029052734375 -392.9051513671875
-1008.8839721679688 -394.8880920410156
-1010.64794921875 -392.9354248046875
-1010.8507080078125 -394.91455078125
-1012.7708740234375 -392.9842529296875
-1014.7119140625 -394.9739074707031
-1016.6270751953125 -394.3793640136719
-1018.5289916992188 -396.27960205078125
-1020.0527954101562 -394.3033447265625
-1021.9487915039062 -396.04998779296875
-1023.7096557617188 -394.5887145996094
-1025.5225830078125 -393.63720703125
-1027.388671875 -395.59136962890625
-1028.8360595703125 -393.7046813964844
-1030.8267822265625 -395.1188659667969
-1032.621337890625 -394.0679931640625
-1034.57421875 -396.02215576171875
-1036.4765625 -396.0418395996094
-1037.1287841796875 -395.75775146484375
-1037.5987548828125 -396.004638671875
-1039.569091796875 -394.57763671875
-1041.4339599609375 -396.4840393066406
-1043.028564453125 -397.36309814453125
-1043.3046875 -396.48492431640625
-1043.7852783203125 -395.5205078125
-1045.334716796875 -396.9248046875
-1046.76513671875 -395.3820495605469
-1048.6298828125 -393.9183044433594
-1049.5072021484375 -395.4060363769531
-1049.73046875 -394.4913330078125
-1051.5421142578125 -396.45623779296875
-1053.27783203125 -394.69281005859375
-1053.0211181640625 -395.48779296875
-1054.791015625 -395.2474060058594
-1055.3424072265625 -394.15625
-1056.4482421875 -396.0059509277344
-1057.90283203125 -397.4878845214844
-1057.1944580078125 -395.9797058105469
-1058.32763671875 -397.2493896484375
-1060.2822265625 -396.5832824707031
-1060.4149169921875 -398.0343933105469
-1062.2611083984375 -398.9676208496094
-1060.28857421875 -400.583251953125
-1061.4803466796875 -399.2675476074219
-1062.8924560546875 -399.59417724609375
-1060.8941650390625 -397.6810302734375
-1061.820068359375 -397.9639587402344
-1062.906005859375 -397.79705810546875
-1060.91650390625 -399.512939453125
-1060.85205078125 -399.1493225097656
-1062.7703857421875 -400.47454833984375
-1060.89306640625 -402.0303039550781
-1062.84033203125 -403.75982666015625
-1060.900634765625 -404.8695373535156
-1062.12060546875 -404.6524353027344
-1063.9263916015625 -405.17877197265625
-1062.0478515625 -403.8759765625
-1063.21728515625 -405.2724609375
-1061.2979736328125 -404.19464111328125
-1061.4088134765625 -405.9076843261719
-1061.7579345703125 -405.7115478515625
-1062.7474365234375 -405.8297119140625
-1060.7506103515625 -404.3969421386719
-1062.533447265625 -405.45135498046875
-1060.54296875 -404.3316345214844
-1062.1800537109375 -405.59912109375
-1060.1982421875 -407.39703369140625
-1061.7821044921875 -408.9546203613281
-1059.782958984375 -409.66107177734375
-1059.9932861328125 -411.1918029785156
-1061.53857421875 -412.530029296875
