-849.4259033203125 -311.25262451171875
-851.42529296875 -313.15435791015625
-852.8358154296875 -311.15606689453125
-854.8133544921875 -312.7484130859375
-856.6973266601562 -310.759033203125
-858.6907348632812 -312.2155456542969
-860.4833374023438 -310.2165222167969
-862.4483032226562 -312.18359375
-863.7371215820312 -310.19146728515625
-865.7369384765625 -312.1321716308594
-867.7020263671875 -310.134033203125
-869.7008056640625 -311.95703125
-871.6690673828125 -309.9654541015625
-873.66796875 -311.835205078125
-875.4151611328125 -313.048583984375
-877.3590698242188 -311.0545654296875
-879.3538818359375 -313.0469665527344
-881.3509521484375 -315.0177307128906
-883.2457885742188 -313.06561279296875
-885.2353515625 -311.0721130371094
-887.1849975585938 -312.9832763671875
-889.1539306640625 -310.9870300292969
-891.1533203125 -312.8652648925781
-893.0343017578125 -311.2820129394531
-895.03173828125 -313.24517822265625
-897.0289306640625 -314.997314453125
-898.7469482421875 -314.1468811035156
-897.1311645507812 -312.2615661621094
-899.0432739257812 -314.1611633300781
-901.0225830078125 -312.2369384765625
-902.2314453125 -310.33770751953125
-904.1992797851562 -312.33380126953125
-903.5590209960938 -310.3454284667969
-905.5549926757812 -312.3358459472656
-907.4551391601562 -310.5653991699219
-909.4473266601562 -312.5458984375
-910.025634765625 -311.009521484375
-912.00634765625 -312.8187255859375
-913.93212890625 -310.8277587890625
-915.9310302734375 -312.82354736328125
-917.921142578125 -310.8245849609375
-919.8600463867188 -312.8192443847656
-921.7183227539062 -311.4359436035156
-923.539794921875 -313.305908203125
-925.4010009765625 -311.4493408203125
-927.3983154296875 -313.43939208984375
-929.3662719726562 -315.00390625
-931.3272705078125 -313.16778564453125
-933.1551513671875 -311.5323181152344
-935.1431884765625 -313.4215393066406
-937.0225830078125 -312.4638671875
-939.0204467773438 -314.4341125488281
-941.0181884765625 -315.749755859375
-943.0142211914062 -317.5413513183594
-945.0070190429688 -319.5288391113281
-946.9918823242188 -321.49560546875
-948.9918212890625 -323.41937255859375
-947.63818359375 -325.30841064453125
-949.637939453125 -327.2966613769531
-947.6398315429688 -328.8172607421875
-949.6386108398438 -330.8002014160156
-947.9496459960938 -332.4056091308594
-949.9495239257812 -334.3387145996094
-948.4010009765625 -336.3296203613281
-947.81396484375 -338.3207702636719
-949.8114624023438 -340.166015625
-949.6302490234375 -339.6172790527344
-947.9654541015625 -341.6024475097656
-949.961181640625 -343.5576477050781
-951.1753540039062 -345.42767333984375
-952.7269897460938 -346.98138427734375
-951.7864379882812 -348.8945007324219
-953.1561279296875 -350.54071044921875
-952.3974609375 -352.4439392089844
-953.04833984375 -354.2913818359375
-954.6734008789062 -356.2259521484375
-953.4849853515625 -358.20123291015625
-951.6079711914062 -360.1644287109375
-951.1448974609375 -361.6622009277344
-950.693603515625 -363.1671142578125
-951.906494140625 -365.0790100097656
-952.541259765625 -366.2076110839844
-954.4473876953125 -367.7303466796875
-952.9237060546875 -369.3621826171875
-954.8447875976562 -371.28826904296875
-953.2501220703125 -373.21343994140625
-952.4179077148438 -373.7900085449219
-951.0687255859375 -375.57440185546875
-950.2310791015625 -376.68328857421875
-948.5148315429688 -377.8992004394531
-948.53173828125 -379.2035217285156
-947.7045288085938 -380.612060546875
-949.7037353515625 -380.71112060546875
-948.6038208007812 -381.7940673828125
-948.7876586914062 -383.1872253417969
-948.36181640625 -383.32086181640625
-949.6273803710938 -383.5535888671875
-949.257080078125 -384.0356750488281
-950.041259765625 -383.20086669921875
-950.6865844726562 -384.1390686035156
-952.5326538085938 -383.64697265625
-952.0785522460938 -385.28204345703125
-953.5862426757812 -386.36541748046875
-952.8521118164062 -388.15673828125
-951.958251953125 -390.0704040527344
-952.6234741210938 -391.42657470703125
-954.5570068359375 -391.253662109375
-953.570556640625 -392.0035095214844
-955.4268188476562 -393.7896423339844
-955.439208984375 -395.7626953125
-956.872314453125 -393.7710876464844
-955.8201293945312 -395.7685852050781
-956.8556518554688 -393.7991027832031
-958.6650390625 -395.4716796875
-960.5184326171875 -393.4791564941406
-962.3683471679688 -394.7370300292969
-964.2141723632812 -396.7313537597656
-966.1986694335938 -394.7325134277344
-968.1614379882812 -395.99957275390625
-970.15673828125 -394.04150390625
-972.1322021484375 -396.021728515625
-974.1121215820312 -394.07574462890625
-976.1048583984375 -396.0680847167969
-978.093505859375 -394.1034240722656
-980.0582275390625 -394.3669738769531
-982.0399169921875 -396.18817138671875
-984.0323486328125 -394.1972961425781
-986.0012817382812 -396.18719482421875
-987.8296508789062 -394.2087707519531
-989.4171752929688 -396.1116027832031
-991.3439331054688 -394.11444091796875
-993.189208984375 -393.6913146972656
-995.1876831054688 -395.55206298828125
-997.074951171875 -393.5525817871094
-998.2606811523438 -394.9751281738281
-1000.2562866210938 -396.4496154785156
-1001.4739990234375 -394.4584655761719
-1003.46044921875 -396.4073791503906
-1005.1635131835938 -394.4739074707031
-1007.1085815429688 -396.1513366699219
-1006.690673828125 -394.1564025878906
-1008.6841430664062 -396.1482849121094
-1010.6691284179688 -394.1609802246094
-1012.618896484375 -396.0714111328125
-1014.3547973632812 -394.7060546875
-1016.3536376953125 -392.7631530761719
-1016.1260375976562 -393.80462646484375
-1018.1175537109375 -395.8020324707031
-1019.8234252929688 -394.91668701171875
-1021.7352905273438 -396.90826416015625
-1021.0325317382812 -394.92657470703125
-1022.9566650390625 -396.8873596191406
-1023.8547973632812 -394.894287109375
-1025.5577392578125 -392.89593505859375
-1027.389404296875 -394.8701477050781
-1029.2852783203125 -393.0920715332031
-1031.263671875 -395.0646057128906
-1032.0345458984375 -393.07568359375
-1034.0081787109375 -395.07177734375
-1035.5111083984375 -393.2735900878906
-1037.4329833984375 -395.2730712890625
-1038.8228759765625 -393.48846435546875
-1040.4678955078125 -395.4798583984375
-1042.2821044921875 -393.48504638671875
-1044.211669921875 -395.4814453125
-1045.6253662109375 -393.5547790527344
-1047.5867919921875 -395.5526428222656
-1049.5521240234375 -393.982421875
-1051.4837646484375 -395.9700927734375
-1049.83056640625 -394.50946044921875
-1051.7352294921875 -396.4801330566406
-1052.5325927734375 -394.7592468261719
-1051.173828125 -392.85076904296875
-1053.1219482421875 -394.8455810546875
-1054.4981689453125 -392.8683776855469
-1055.867431640625 -394.85467529296875
-1057.794677734375 -396.8492126464844
-1056.4891357421875 -395.5439147949219
-1058.340576171875 -393.575439453125
-1059.1241455078125 -395.5691833496094
-1060.0743408203125 -394.0834655761719
-1062.0650634765625 -396.0788879394531
-1060.1533203125 -396.7800598144531
-1062.1363525390625 -394.8070373535156
-1063.4024658203125 -396.80072021484375
-1061.517333984375 -395.6740417480469
-1062.093505859375 -397.66900634765625
-1060.2132568359375 -397.8503723144531
-1061.8004150390625 -395.9752502441406
-1059.8590087890625 -394.8733825683594
-1061.589599609375 -396.87091064453125
-1063.482421875 -398.6972961425781
-1061.8701171875 -398.68304443359375
-1063.031494140625 -400.4010925292969
-1061.0599365234375 -401.86334228515625
-1062.7298583984375 -403.12432861328125
-1064.6868896484375 -405.0951232910156
-1066.2940673828125 -403.1220397949219
-1067.6019287109375 -405.0477600097656
-1066.83203125 -403.3384704589844
-1065.081787109375 -405.330322265625
-1063.24560546875 -403.3557434082031
-1062.3897705078125 -401.5860290527344
-1063.822021484375 -403.537841796875
-1062.3795166015625 -401.5450744628906
-1064.071533203125 -403.51043701171875
-1062.225341796875 -403.4005126953125
-1062.4761962890625 -405.2662048339844
-1060.4930419921875 -403.3042297363281
-1062.2572021484375 -404.7117919921875
-1064.1495361328125 -406.53515625
-1062.153564453125 -407.61090087890625
-1060.1815185546875 -406.082275390625
-1058.7232666015625 -407.70025634765625
-1059.9599609375 -409.578857421875
-1061.887451171875 -411.4615783691406
-1061.3916015625 -413.1549072265625
