-849.61865234375 -311.2581481933594
-851.1968994140625 -313.2579040527344
-853.1964721679688 -311.36383056640625
-855.1575317382812 -313.36370849609375
-857.148193359375 -311.59906005859375
-859.1460571289062 -309.6347961425781
-861.14453125 -311.6345520019531
-863.1444091796875 -312.2886657714844
-865.1421508789062 -310.3873291015625
-866.738037109375 -312.38714599609375
-868.731689453125 -312.86895751953125
-870.7305297851562 -311.2987060546875
-872.7286376953125 -313.2981872558594
-874.7276000976562 -313.7840270996094
-876.724853515625 -312.329345703125
-878.5929565429688 -314.3283386230469
-880.5924682617188 -312.4002990722656
-882.590576171875 -314.3996276855469
-883.8439331054688 -312.4027404785156
-885.7659301757812 -314.4026794433594
-887.7647705078125 -312.4687805175781
-889.7245483398438 -310.9607238769531
-891.7178344726562 -312.9596252441406
-893.7177124023438 -312.9990539550781
-895.6868286132812 -314.9990234375
-893.7273559570312 -314.35809326171875
-895.7257080078125 -316.3372497558594
-893.7484741210938 -314.9605712890625
-895.7345581054688 -316.94549560546875
-893.7362670898438 -316.99188232421875
-895.735107421875 -318.95660400390625
-897.73486328125 -320.885986328125
-897.7236938476562 -322.8771057128906
-895.780517578125 -324.0984191894531
-897.7802124023438 -326.098388671875
-895.811767578125 -327.1520080566406
-897.8112182617188 -329.1518859863281
-895.9550170898438 -328.2765808105469
-894.1477661132812 -330.262451171875
-896.1463012695312 -332.25238037109375
-895.02392578125 -334.2489013671875
-896.9631958007812 -336.2481994628906
-895.8928833007812 -334.2525634765625
-897.8927612304688 -336.24322509765625
-896.4046020507812 -334.24822998046875
-896.9633178710938 -332.2587890625
-896.1814575195312 -334.23150634765625
-897.1837158203125 -332.28253173828125
-898.3604736328125 -334.24969482421875
-900.0945434570312 -336.24359130859375
-900.6530151367188 -334.3308410644531
-902.59521484375 -336.3305358886719
-904.593017578125 -334.4306640625
-906.582275390625 -336.4303894042969
-908.5702514648438 -334.7348327636719
-910.5587158203125 -336.7206115722656
-912.4752807617188 -337.1374206542969
-914.1141967773438 -335.22503662109375
-916.0552978515625 -334.6770935058594
-917.9539794921875 -336.6723937988281
-919.886962890625 -334.9951171875
-921.5755615234375 -336.9945373535156
-923.551025390625 -335.5636901855469
-925.541748046875 -337.0285339355469
-927.5367431640625 -339.02056884765625
-929.5341186523438 -341.01953125
-931.5313110351562 -343.0195007324219
-933.5301513671875 -345.0193786621094
-935.5297241210938 -347.01934814453125
-937.528564453125 -349.01885986328125
-939.5274047851562 -351.0187683105469
-941.5271606445312 -353.0185852050781
-943.5249633789062 -355.01849365234375
-945.5247192382812 -357.01812744140625
-947.5243530273438 -359.0180358886719
-949.5219116210938 -361.01800537109375
-951.4351806640625 -362.3699035644531
-951.66796875 -364.3384094238281
-953.5023803710938 -366.3149108886719
-955.0626220703125 -368.3077087402344
-956.5476684570312 -369.6766357421875
-958.4325561523438 -371.4360046386719
-958.505126953125 -373.409912109375
-960.2909545898438 -375.1792297363281
-961.2285766601562 -377.1604309082031
-962.6658935546875 -378.7966613769531
-962.7828369140625 -380.7933349609375
-963.84033203125 -382.7333984375
-962.4342651367188 -384.73095703125
-963.67626953125 -386.6054992675781
-964.1096801757812 -388.58221435546875
-964.604248046875 -390.5733642578125
-965.4501342773438 -392.5722351074219
-967.3547973632812 -394.57147216796875
-969.3478393554688 -396.5693359375
-971.34765625 -394.5697021484375
-973.3306884765625 -396.5693054199219
-975.3298950195312 -394.586669921875
-977.3222045898438 -396.5826416015625
-979.3220825195312 -394.59173583984375
-981.3062744140625 -396.5896911621094
-983.3062744140625 -394.70050048828125
-985.3048095703125 -396.6949157714844
-987.3048095703125 -394.7011413574219
-989.2981567382812 -396.7005615234375
-991.2981567382812 -394.7110900878906
-993.2957763671875 -396.7103271484375
-995.2957153320312 -394.778564453125
-997.2439575195312 -396.7785339355469
-999.2425537109375 -394.7811584472656
-1001.225830078125 -396.78070068359375
-1003.2255249023438 -394.7958679199219
-1005.2252197265625 -392.9385681152344
-1007.2244873046875 -394.93853759765625
-1009.2230834960938 -393.6671447753906
-1011.2164916992188 -395.6667175292969
-1013.2157592773438 -394.1279602050781
-1015.212646484375 -396.1278076171875
-1017.2108764648438 -394.58026123046875
-1019.1475830078125 -396.5802001953125
-1021.1475219726562 -398.54327392578125
-1021.7562866210938 -396.8278503417969
-1023.384521484375 -394.8762512207031
-1025.37646484375 -393.475341796875
-1027.131591796875 -395.47528076171875
-1029.0535888671875 -395.97186279296875
-1031.041015625 -395.24053955078125
-1033.0404052734375 -397.023193359375
-1035.0360107421875 -395.1681823730469
-1037.033935546875 -395.9007263183594
-1039.0313720703125 -395.95159912109375
-1041.0263671875 -396.5196533203125
-1043.0247802734375 -396.73284912109375
-1044.990234375 -397.3908996582031
-1046.9833984375 -398.7662048339844
-1048.9757080078125 -397.7351989746094
-1050.975341796875 -398.49603271484375
-1052.9569091796875 -397.2603759765625
-1054.874755859375 -398.8910217285156
-1056.6964111328125 -399.54840087890625
-1058.6409912109375 -398.5934143066406
-1060.6397705078125 -400.5619201660156
-1062.637451171875 -402.5263366699219
-1064.59716796875 -404.5236511230469
-1065.34326171875 -403.52996826171875
-1064.8896484375 -405.1511535644531
-1065.1156005859375 -403.25286865234375
-1066.505615234375 -403.208740234375
-1064.6312255859375 -405.2059631347656
-1063.052490234375 -405.6015625
-1061.3138427734375 -403.85687255859375
-1063.2838134765625 -405.81756591796875
-1062.9381103515625 -404.52972412109375
-1062.6431884765625 -403.05096435546875
-1064.640625 -405.0398254394531
-1063.770263671875 -403.0482482910156
-1062.5352783203125 -401.5169677734375
-1064.5264892578125 -403.4673156738281
-1066.306396484375 -405.36492919921875
-1066.8275146484375 -403.43682861328125
-1066.9769287109375 -401.46697998046875
-1064.980224609375 -403.46612548828125
-1063.7060546875 -403.71954345703125
-1064.0582275390625 -401.8338928222656
-1062.8714599609375 -403.8271789550781
-1064.6099853515625 -402.17547607421875
-1062.9384765625 -404.17041015625
-1062.17626953125 -404.9759216308594
-1063.888916015625 -406.9587097167969
-1061.89990234375 -405.8270568847656
-1063.873291015625 -407.7602844238281
-1062.05859375 -407.705078125
-1060.138427734375 -409.6154479980469
-1062.1380615234375 -411.5481262207031
