-1109.4422607421875 -545.77294921875
-1107.48046875 -543.7734375
-1109.34326171875 -541.7962646484375
-1107.6234130859375 -539.8034057617188
-1109.5887451171875 -537.8402709960938
-1107.8304443359375 -535.8406372070312
-1109.8284912109375 -533.8836669921875
-1108.2283935546875 -531.8867797851562
-1110.2216796875 -530.445068359375
-1108.906005859375 -528.4486694335938
-1110.901123046875 -527.97119140625
-1109.3323974609375 -525.9781494140625
-1111.2960205078125 -523.988037109375
-1110.3865966796875 -521.9932250976562
-1109.157958984375 -520.0325927734375
-1110.9810791015625 -518.0331420898438
-1109.3865966796875 -516.0340576171875
-1109.07568359375 -514.0394897460938
-1107.254150390625 -512.0397338867188
-1109.2054443359375 -510.0733947753906
-1111.1915283203125 -509.1533508300781
-1109.7186279296875 -507.15374755859375
-1111.7076416015625 -505.3743591308594
-1109.71435546875 -503.56195068359375
-1111.6336669921875 -501.5870056152344
-1111.792724609375 -499.60809326171875
-1110.582275390625 -497.6133728027344
-1108.671630859375 -495.6290283203125
-1110.6495361328125 -493.6820373535156
-1110.13037109375 -491.6827087402344
-1108.37890625 -489.7707824707031
-1110.3671875 -487.7912292480469
-1108.4849853515625 -485.83258056640625
-1106.892822265625 -483.8431701660156
-1108.8831787109375 -481.88372802734375
-1107.2174072265625 -479.8845520019531
-1109.054443359375 -477.88507080078125
-1107.6796875 -476.02716064453125
-1105.780517578125 -474.080810546875
-1107.654052734375 -472.6383972167969
-1105.677001953125 -470.6731872558594
-1107.67333984375 -468.7635192871094
-1105.95654296875 -466.76666259765625
-1107.9154052734375 -464.8608093261719
-1106.08056640625 -462.8652038574219
-1107.57275390625 -461.19989013671875
-1105.625 -459.21051025390625
-1107.619873046875 -457.2253723144531
-1107.87744140625 -455.2314147949219
-1107.079833984375 -453.3727722167969
-1109.07861328125 -451.4349365234375
-1107.549560546875 -450.7136535644531
-1105.720458984375 -448.7232971191406
-1107.666259765625 -446.74755859375
-1105.7154541015625 -444.7507019042969
-1107.7127685546875 -444.5649719238281
-1107.4345703125 -442.5657043457031
-1105.4691162109375 -440.5806884765625
-1107.4678955078125 -439.31817626953125
-1109.4139404296875 -437.4610595703125
-1107.458984375 -435.4753112792969
-1109.442138671875 -433.48602294921875
-1111.439697265625 -431.5497131347656
-1112.0802001953125 -429.55072021484375
-1111.0980224609375 -427.7286071777344
-1109.25927734375 -425.7419738769531
-1111.2547607421875 -423.7427062988281
-1109.2640380859375 -421.7462463378906
-1111.2489013671875 -420.1620178222656
-1109.2667236328125 -418.1629333496094
-1111.2564697265625 -416.2750244140625
-1109.6839599609375 -414.2761535644531
-1111.671630859375 -412.3091735839844
-1109.7174072265625 -410.4219055175781
-1111.68359375 -408.4381408691406
-1109.7501220703125 -406.73870849609375
-1111.7469482421875 -404.774658203125
-1109.797119140625 -402.8402099609375
-1111.7738037109375 -400.86468505859375
-1109.7789306640625 -398.89129638671875
-1108.4229736328125 -396.896484375
-1108.1759033203125 -394.8998718261719
-1110.17431640625 -394.9865417480469
-1108.177734375 -393.0096435546875
-1110.16259765625 -393.1216125488281
-1108.4346923828125 -391.12713623046875
-1110.366943359375 -390.90740966796875
-1108.414306640625 -388.9256286621094
-1110.4061279296875 -387.53851318359375
-1112.4046630859375 -385.5549621582031
-1110.466552734375 -383.5669860839844
-1112.465576171875 -381.6475830078125
-1110.472900390625 -379.7338562011719
-1112.46826171875 -377.76336669921875
-1110.4736328125 -375.7638244628906
-1112.4520263671875 -373.8608093261719
-1110.4647216796875 -371.8796691894531
-1112.4544677734375 -369.9228210449219
-1111.3477783203125 -367.9646911621094
-1111.4512939453125 -366.04901123046875
-1109.5521240234375 -364.0587463378906
-1111.5472412109375 -362.06072998046875
-1109.9744873046875 -360.0661926269531
-1111.961181640625 -358.1752624511719
-1109.975341796875 -356.17596435546875
-1111.9730224609375 -354.2033996582031
-1109.9744873046875 -352.5234069824219
-1111.9671630859375 -350.5433349609375
-1109.989501953125 -348.69903564453125
-1111.97998046875 -349.68841552734375
-1109.9869384765625 -347.70989990234375
-1111.9818115234375 -347.9714660644531
-1110.0679931640625 -345.9941711425781
-1112.0645751953125 -345.4554138183594
-1110.092529296875 -343.49420166015625
-1112.088134765625 -343.2192077636719
-1110.119873046875 -341.252685546875
-1112.1123046875 -339.596435546875
-1110.2359619140625 -337.6047668457031
-1112.2352294921875 -335.6336975097656
-1110.2369384765625 -333.641845703125
-1112.236572265625 -331.66632080078125
-1110.3162841796875 -329.7395324707031
-1112.3162841796875 -327.8226318359375
-1110.32373046875 -325.8240966796875
-1112.323486328125 -323.9028015136719
-1110.40869140625 -321.9043884277344
-1112.408447265625 -320.0093994140625
-1110.4150390625 -318.02069091796875
-1112.4130859375 -316.0235290527344
-1110.51806640625 -314.02484130859375
-1112.5177001953125 -312.0256652832031
-1114.0804443359375 -312.11639404296875
-1115.82861328125 -310.93048095703125
-1115.319091796875 -311.6876220703125
-1117.1702880859375 -310.8772277832031
-1118.853271484375 -311.6654052734375
-1120.811767578125 -311.2582092285156
-1122.624267578125 -312.4841613769531
-1124.544921875 -314.3921813964844
-1125.03466796875 -312.3965148925781
-1126.0784912109375 -310.39813232421875
-1128.0423583984375 -312.3211669921875
-1127.4669189453125 -310.321533203125
-1129.388916015625 -312.2278137207031
-1130.9664306640625 -310.2282409667969
-1132.620849609375 -311.05950927734375
-1133.960205078125 -312.749267578125
-1134.81640625 -310.7494201660156
-1136.708740234375 -311.95654296875
-1138.696044921875 -313.8167419433594
-1140.6925048828125 -311.8171691894531
-1142.6884765625 -310.82440185546875
-1144.685791015625 -309.28814697265625
-1146.68505859375 -307.6918029785156
-1148.682373046875 -305.8022155761719
-1149.271728515625 -303.8589172363281
-1148.76171875 -302.2059020996094
-1148.5809326171875 -301.0323181152344
-1146.803466796875 -299.17919921875
-1145.0975341796875 -297.3934020996094
-1143.1815185546875 -295.53924560546875
-1145.178955078125 -293.5485534667969
-1143.2421875 -291.5604248046875
-1145.2388916015625 -289.58221435546875
-1143.42578125 -287.6355895996094
-1145.3536376953125 -285.666259765625
-1143.4014892578125 -283.6856384277344
-1145.3983154296875 -281.6874694824219
-1144.0953369140625 -279.6939697265625
-1144.8038330078125 -280.7039489746094
-1142.9664306640625 -278.7072448730469
-1144.2330322265625 -280.5047912597656
-1145.129638671875 -279.9284973144531
-1146.724365234375 -278.5865173339844
-1144.870849609375 -276.71063232421875
-1145.37451171875 -278.58502197265625
-1147.3455810546875 -277.64776611328125
-1146.2113037109375 -275.65948486328125
-1148.094970703125 -277.0700988769531
-1146.1751708984375 -275.7862854003906
-1147.7154541015625 -275.2073059082031
-1149.6947021484375 -276.64794921875
-1148.22265625 -274.8894348144531
-1150.19482421875 -274.4773254394531
-1151.552978515625 -272.48797607421875
