-1107.798828125 -545.76904296875
-1109.790283203125 -543.796875
-1107.880615234375 -541.798095703125
-1105.895263671875 -539.7982177734375
-1107.8563232421875 -537.9830322265625
-1109.8262939453125 -535.9865112304688
-1107.91650390625 -533.9869384765625
-1106.072021484375 -531.9869995117188
-1108.0548095703125 -530.0504760742188
-1109.9617919921875 -528.0626220703125
-1108.0299072265625 -526.0637817382812
-1110.0208740234375 -524.0682983398438
-1108.8636474609375 -522.0703735351562
-1110.85009765625 -520.1728515625
-1110.015625 -518.1735229492188
-1108.0357666015625 -516.173583984375
-1110.0306396484375 -514.2137451171875
-1108.0556640625 -512.214111328125
-1109.966552734375 -510.23516845703125
-1111.9354248046875 -508.3762512207031
-1109.963623046875 -506.37841796875
-1111.9461669921875 -504.4244079589844
-1110.1650390625 -502.424560546875
-1108.2044677734375 -500.4246826171875
-1110.05224609375 -498.42694091796875
-1108.0589599609375 -496.4273986816406
-1109.95166015625 -494.4500427246094
-1108.0189208984375 -492.4504699707031
-1109.85986328125 -490.460693359375
-1107.9239501953125 -488.80462646484375
-1109.9219970703125 -488.2480773925781
-1107.925537109375 -486.24847412109375
-1109.9027099609375 -484.25030517578125
-1108.0440673828125 -482.2509460449219
-1110.03857421875 -480.25177001953125
-1109.518798828125 -478.25836181640625
-1109.0723876953125 -476.40472412109375
-1107.083251953125 -474.4438781738281
-1105.0941162109375 -472.4445495605469
-1107.083984375 -470.5661926269531
-1105.08740234375 -468.56634521484375
-1107.05908203125 -467.27130126953125
-1105.0650634765625 -465.2715148925781
-1107.0042724609375 -463.2743835449219
-1105.0064697265625 -461.2803039550781
-1107.0059814453125 -459.59906005859375
-1108.989990234375 -457.6078186035156
-1107.125 -455.60833740234375
-1108.9349365234375 -453.6175842285156
-1106.9403076171875 -451.6207275390625
-1108.93212890625 -449.8076477050781
-1107.0135498046875 -447.816650390625
-1105.0191650390625 -445.8167419433594
-1106.9920654296875 -443.9658203125
-1108.48583984375 -442.83740234375
-1106.4871826171875 -440.839599609375
-1108.218017578125 -441.3594055175781
-1106.219970703125 -439.3600769042969
-1107.970458984375 -437.4063720703125
-1109.9617919921875 -435.50689697265625
-1108.1173095703125 -433.51861572265625
-1110.1121826171875 -431.9957580566406
-1112.107666015625 -430.03509521484375
-1110.1575927734375 -428.0371398925781
-1112.126220703125 -426.77471923828125
-1110.12646484375 -424.8301696777344
-1112.1251220703125 -422.85186767578125
-1110.1279296875 -420.8539123535156
-1108.129638671875 -418.85986328125
-1110.0941162109375 -419.4988098144531
-1112.0926513671875 -418.2371826171875
-1110.0931396484375 -416.2386169433594
-1111.9835205078125 -414.3160705566406
-1109.984619140625 -412.317626953125
-1111.8358154296875 -410.67486572265625
-1109.86083984375 -408.6774597167969
-1111.8551025390625 -406.6847839355469
-1109.87890625 -404.68572998046875
-1111.8787841796875 -402.68621826171875
-1109.8885498046875 -400.6885681152344
-1107.9564208984375 -398.6889953613281
-1109.9544677734375 -396.6893310546875
-1107.95751953125 -394.6935729980469
-1109.93115234375 -394.1579895019531
-1107.9864501953125 -392.15802001953125
-1109.984130859375 -390.2703857421875
-1111.9775390625 -390.8663330078125
-1112.90869140625 -388.86822509765625
-1110.914306640625 -386.8688659667969
-1112.9132080078125 -385.162841796875
-1110.91845703125 -383.1922607421875
-1112.9183349609375 -381.2318115234375
-1110.9344482421875 -379.23248291015625
-1112.93359375 -377.24322509765625
-1110.9339599609375 -375.2514343261719
-1112.933837890625 -373.2568359375
-1110.934814453125 -371.2672119140625
-1112.932373046875 -370.1585388183594
-1110.934814453125 -368.19940185546875
-1112.9307861328125 -366.2978210449219
-1111.245849609375 -364.3702087402344
-1109.24609375 -362.47900390625
-1111.2451171875 -360.506103515625
-1109.3304443359375 -358.50750732421875
-1111.3275146484375 -356.53314208984375
-1109.3297119140625 -354.533203125
-1111.32958984375 -352.8111267089844
-1109.38720703125 -350.8125305175781
-1111.384521484375 -348.905517578125
-1109.4932861328125 -346.90765380859375
-1111.4906005859375 -348.5111999511719
-1109.6988525390625 -346.5117492675781
-1111.6976318359375 -347.5364074707031
-1110.09521484375 -345.5623474121094
-1112.091796875 -344.0115661621094
-1110.0955810546875 -342.0386047363281
-1112.094970703125 -340.0980529785156
-1110.1451416015625 -338.099609375
-1112.14306640625 -336.1067810058594
-1110.149169921875 -334.10736083984375
-1112.148681640625 -332.6246032714844
-1110.1890869140625 -330.6253967285156
-1112.188232421875 -328.85552978515625
-1110.283935546875 -326.8680419921875
-1112.2830810546875 -326.2170104980469
-1112.32373046875 -324.22021484375
-1112.9295654296875 -322.2726135253906
-1111.0966796875 -320.49212646484375
-1113.09619140625 -318.59942626953125
-1114.8056640625 -316.603759765625
-1116.2371826171875 -314.6043395996094
-1118.2254638671875 -312.6043701171875
-1120.123046875 -313.7822265625
-1122.12060546875 -311.7835998535156
-1123.9010009765625 -313.7198791503906
-1125.876708984375 -311.7200927734375
-1127.7490234375 -313.63702392578125
-1129.678955078125 -311.6374206542969
-1131.5550537109375 -313.54888916015625
-1133.5540771484375 -311.55072021484375
-1134.9912109375 -310.3157043457031
-1136.8895263671875 -311.9063720703125
-1138.8804931640625 -313.737548828125
-1140.8717041015625 -311.7498779296875
-1142.870361328125 -311.0458679199219
-1144.8701171875 -309.0462646484375
-1146.8697509765625 -308.3341064453125
-1148.86962890625 -306.3349914550781
-1147.48583984375 -304.74810791015625
-1149.322509765625 -304.883544921875
-1149.6470947265625 -306.0874938964844
-1150.40869140625 -306.6457214355469
-1151.660888671875 -305.8240966796875
-1151.9942626953125 -307.78692626953125
-1153.9935302734375 -305.78704833984375
-1155.210693359375 -306.857666015625
-1157.2069091796875 -308.03668212890625
-1159.2069091796875 -306.0367126464844
-1161.1844482421875 -305.74462890625
-1163.1658935546875 -304.251953125
-1164.8419189453125 -302.31243896484375
-1165.666259765625 -300.3260498046875
-1167.0177001953125 -300.6903991699219
-1166.019287109375 -299.02569580078125
-1167.1422119140625 -298.2867736816406
-1165.7999267578125 -296.2897033691406
-1166.850830078125 -296.6099548339844
-1168.8349609375 -294.98699951171875
-1166.8836669921875 -294.0116882324219
-1168.8507080078125 -292.090087890625
-1166.8680419921875 -290.179443359375
-1168.775146484375 -288.228759765625
-1167.7498779296875 -286.35931396484375
-1169.5360107421875 -284.4759521484375
