-1108.8453369140625 -545.6972045898438
-1106.8453369140625 -543.6985473632812
-1108.81298828125 -541.70751953125
-1106.8131103515625 -539.7080078125
-1108.6744384765625 -537.7080078125
-1106.674560546875 -535.7086181640625
-1108.6220703125 -533.7091674804688
-1106.6221923828125 -531.74853515625
-1108.44580078125 -529.7490234375
-1109.3739013671875 -527.75048828125
-1110.892578125 -525.7550659179688
-1108.892578125 -523.755615234375
-1110.8619384765625 -521.7564086914062
-1108.862060546875 -519.7574462890625
-1110.2763671875 -517.757568359375
-1108.277587890625 -515.7587890625
-1110.1080322265625 -513.7609252929688
-1108.1103515625 -511.7614440917969
-1109.955322265625 -509.7657470703125
-1111.95166015625 -507.76641845703125
-1109.9517822265625 -505.7845458984375
-1111.8040771484375 -503.78912353515625
-1109.80419921875 -501.78955078125
-1107.80419921875 -499.79071044921875
-1109.772705078125 -497.79730224609375
-1107.7728271484375 -495.79791259765625
-1108.9603271484375 -493.7983703613281
-1109.7569580078125 -491.8050537109375
-1107.757080078125 -489.8245849609375
-1109.68017578125 -487.8254699707031
-1107.6802978515625 -485.8293762207031
-1107.8358154296875 -483.8305969238281
-1109.5870361328125 -481.8306884765625
-1107.610107421875 -479.83203125
-1106.0814208984375 -477.8328552246094
-1104.0816650390625 -475.8331298828125
-1106.071044921875 -473.8334045410156
-1108.0655517578125 -471.8365478515625
-1106.066162109375 -469.84130859375
-1108.0623779296875 -467.8426208496094
-1106.0625 -465.8451232910156
-1108.0546875 -463.8590087890625
-1106.0548095703125 -461.8638000488281
-1108.053466796875 -459.8641357421875
-1106.0535888671875 -457.89532470703125
-1108.05029296875 -455.89599609375
-1106.0504150390625 -453.91766357421875
-1108.050048828125 -451.9183044433594
-1106.0501708984375 -449.9210510253906
-1108.044677734375 -447.92205810546875
-1106.044677734375 -445.9261779785156
-1108.043212890625 -443.9283752441406
-1106.044921875 -441.9313659667969
-1108.044189453125 -439.931884765625
-1106.044189453125 -437.9324035644531
-1108.043212890625 -435.93267822265625
-1110.0426025390625 -433.9331359863281
-1108.0576171875 -431.933349609375
-1110.0574951171875 -429.93438720703125
-1112.0555419921875 -427.9344177246094
-1110.0555419921875 -425.93511962890625
-1112.0555419921875 -423.9356384277344
-1110.0556640625 -421.9397277832031
-1108.05615234375 -419.94012451171875
-1110.0557861328125 -417.94036865234375
-1112.0557861328125 -415.9426574707031
-1110.0567626953125 -413.9548645019531
-1112.056640625 -411.95489501953125
-1110.0592041015625 -409.9557189941406
-1112.0592041015625 -407.9557800292969
-1110.060302734375 -405.9617004394531
-1112.060302734375 -403.9617614746094
-1110.060546875 -401.9624938964844
-1108.0675048828125 -399.96337890625
-1110.0625 -397.964111328125
-1108.0628662109375 -395.9643249511719
-1110.0595703125 -393.9644470214844
-1108.0655517578125 -391.9646301269531
-1110.0655517578125 -389.9656066894531
-1112.0655517578125 -387.9656677246094
-1110.0657958984375 -385.96673583984375
-1112.0657958984375 -383.9667663574219
-1110.068603515625 -381.9678649902344
-1112.068603515625 -379.9678955078125
-1110.0718994140625 -377.96795654296875
-1112.07177734375 -375.96795654296875
-1110.0762939453125 -373.9688415527344
-1112.0762939453125 -371.9688720703125
-1110.0772705078125 -369.9699401855469
-1112.0771484375 -367.97052001953125
-1110.077392578125 -366.05926513671875
-1112.0771484375 -364.0592956542969
-1110.0789794921875 -362.0654296875
-1112.078857421875 -360.0654296875
-1110.0794677734375 -358.0657043457031
-1112.0794677734375 -356.0657043457031
-1110.084228515625 -354.06787109375
-1112.084228515625 -352.0679931640625
-1110.0933837890625 -350.068603515625
-1108.093994140625 -348.0723571777344
-1110.0828857421875 -346.7354736328125
-1112.0828857421875 -344.7361145019531
-1110.1021728515625 -342.7406921386719
-1112.1021728515625 -340.7407531738281
-1110.1041259765625 -338.7519836425781
-1112.1041259765625 -336.75201416015625
-1110.1285400390625 -334.75396728515625
-1112.12841796875 -332.754150390625
-1110.22998046875 -330.7591552734375
-1112.22998046875 -328.7591857910156
-1110.2532958984375 -326.76080322265625
-1112.2532958984375 -324.7608947753906
-1110.27978515625 -322.8238525390625
-1112.27978515625 -320.82427978515625
-1110.310791015625 -318.82464599609375
-1112.310791015625 -316.82568359375
-1111.125244140625 -314.8260498046875
-1113.125244140625 -312.8262939453125
-1114.864013671875 -311.44268798828125
-1113.466552734375 -311.34234619140625
-1111.8138427734375 -311.7964172363281
-1111.4228515625 -313.01422119140625
-1109.93359375 -313.0135498046875
-1111.93359375 -311.0137023925781
-1111.44482421875 -312.039306640625
-1109.9686279296875 -310.22705078125
-1111.968505859375 -308.2449645996094
-1110.0452880859375 -309.8923034667969
-1112.044921875 -307.8955993652344
-1110.06201171875 -306.1900939941406
-1112.0614013671875 -304.3346862792969
-1114.0614013671875 -302.3371276855469
-1112.1201171875 -300.4126892089844
-1114.1201171875 -298.4128723144531
-1112.1328125 -297.9989929199219
-1114.1328125 -296.00006103515625
-1112.15771484375 -294.2315979003906
-1114.15771484375 -292.23162841796875
-1112.1766357421875 -290.7110595703125
-1114.1766357421875 -288.71142578125
-1112.1922607421875 -287.8348388671875
-1114.1922607421875 -285.83612060546875
-1112.2139892578125 -284.3233642578125
-1114.2139892578125 -282.32342529296875
-1112.2537841796875 -280.9561462402344
-1111.3084716796875 -279.73876953125
-1109.6427001953125 -278.50286865234375
-1111.642578125 -276.5029296875
-1113.6417236328125 -274.85711669921875
-1115.6416015625 -275.2575378417969
-1117.640380859375 -275.090576171875
-1119.6402587890625 -273.41162109375
-1121.635498046875 -275.0469055175781
-1123.629638671875 -276.6502990722656
-1125.629638671875 -274.650390625
-1126.3243408203125 -276.5293884277344
-1128.294921875 -278.2294616699219
-1130.2947998046875 -276.23065185546875
-1132.2755126953125 -277.3444519042969
-1134.2755126953125 -275.34564208984375
-1136.2576904296875 -276.7995300292969
-1138.2572021484375 -275.891357421875
-1140.256591796875 -277.4769592285156
-1142.2554931640625 -275.7767333984375
-1144.2548828125 -275.3684997558594
-1146.245361328125 -277.0760192871094
-1148.2449951171875 -278.48974609375
-1146.265625 -276.6882019042969
-1148.2652587890625 -275.73822021484375
-1148.0997314453125 -275.37957763671875
-1150.0987548828125 -274.8602294921875
-1152.0826416015625 -272.88818359375
