-1108.1595458984375 -545.71337890625
-1106.1595458984375 -543.7134399414062
-1108.0555419921875 -541.7152099609375
-1106.0555419921875 -539.7152099609375
-1107.429443359375 -537.7305297851562
-1107.2476806640625 -535.7316284179688
-1109.1602783203125 -533.7326049804688
-1107.1602783203125 -531.732666015625
-1107.8212890625 -529.8138427734375
-1109.179443359375 -527.8224487304688
-1110.8702392578125 -525.8325805664062
-1108.8702392578125 -523.8325805664062
-1109.6302490234375 -521.8798828125
-1107.631103515625 -519.8798828125
-1109.4481201171875 -517.8854370117188
-1107.4482421875 -515.8854370117188
-1109.3944091796875 -513.887939453125
-1107.3958740234375 -511.887939453125
-1109.0023193359375 -509.9002380371094
-1110.5748291015625 -507.90191650390625
-1108.5748291015625 -505.9026184082031
-1108.8773193359375 -503.92681884765625
-1110.166259765625 -502.4084167480469
-1108.166259765625 -500.40850830078125
-1109.9447021484375 -498.4108581542969
-1107.9447021484375 -496.410888671875
-1106.793701171875 -494.411865234375
-1105.0247802734375 -492.4123840332031
-1106.0006103515625 -490.4157409667969
-1107.61279296875 -488.4305419921875
-1109.2183837890625 -486.4308166503906
-1107.2183837890625 -484.4308166503906
-1108.3046875 -482.43353271484375
-1106.3193359375 -480.43353271484375
-1105.0831298828125 -478.43359375
-1103.9451904296875 -476.43359375
-1103.7744140625 -475.0127258300781
-1105.553955078125 -473.26171875
-1106.80029296875 -471.44525146484375
-1104.80029296875 -469.4452819824219
-1104.28955078125 -467.44976806640625
-1105.5184326171875 -465.45147705078125
-1107.4144287109375 -463.47845458984375
-1105.41455078125 -461.47845458984375
-1107.2342529296875 -459.4793701171875
-1105.234375 -457.4793701171875
-1107.18017578125 -455.4801330566406
-1109.0743408203125 -453.4820556640625
-1107.0748291015625 -451.48223876953125
-1108.3594970703125 -449.4830322265625
-1106.3594970703125 -447.48309326171875
-1105.7139892578125 -445.4874572753906
-1107.3460693359375 -443.5975036621094
-1105.34619140625 -441.5975341796875
-1107.317138671875 -439.72906494140625
-1109.131591796875 -437.76239013671875
-1107.169921875 -435.76239013671875
-1109.1324462890625 -433.7640075683594
-1111.08740234375 -431.76470947265625
-1110.56103515625 -429.76470947265625
-1112.3741455078125 -427.7792663574219
-1110.374267578125 -425.7794189453125
-1110.245849609375 -423.78192138671875
-1108.24755859375 -421.78204345703125
-1110.1383056640625 -419.7843322753906
-1112.006591796875 -417.89501953125
-1110.0101318359375 -415.89508056640625
-1110.4400634765625 -413.9302062988281
-1112.243896484375 -412.0277404785156
-1110.2451171875 -410.0278625488281
-1111.650146484375 -408.03057861328125
-1109.65673828125 -406.0306701660156
-1111.5357666015625 -404.04638671875
-1109.54052734375 -402.04656982421875
-1111.4791259765625 -400.0467224121094
-1109.5223388671875 -398.0474548339844
-1107.60400390625 -396.0474548339844
-1108.8585205078125 -397.86151123046875
-1106.870849609375 -395.8615417480469
-1108.2723388671875 -395.82757568359375
-1109.8248291015625 -393.8495178222656
-1107.8748779296875 -391.8495178222656
-1109.770751953125 -389.8663024902344
-1111.5709228515625 -387.93572998046875
-1109.7120361328125 -385.9360656738281
-1110.7000732421875 -383.9455871582031
-1112.58349609375 -381.9608459472656
-1110.640625 -379.96099853515625
-1111.4415283203125 -377.9616394042969
-1109.6868896484375 -375.9616394042969
-1111.558349609375 -373.9629821777344
-1109.66552734375 -371.9630432128906
-1110.2860107421875 -369.97412109375
-1111.6617431640625 -367.9851989746094
-1109.6876220703125 -365.9887390136719
-1111.6456298828125 -363.9972229003906
-1109.731201171875 -361.9973449707031
-1111.6717529296875 -359.997802734375
-1109.73486328125 -357.99786376953125
-1111.714599609375 -356.02587890625
-1109.726318359375 -354.0260925292969
-1111.5777587890625 -352.04620361328125
-1112.3355712890625 -350.0465393066406
-1110.370849609375 -348.0497741699219
-1111.7767333984375 -347.8960266113281
-1110.837158203125 -345.8961181640625
-1112.143798828125 -344.2241516113281
-1110.577880859375 -342.2247314453125
-1112.438232421875 -340.25115966796875
-1111.34375 -338.25146484375
-1113.148681640625 -336.2579650878906
-1111.405517578125 -334.2580871582031
-1113.357421875 -332.3701171875
-1111.4150390625 -330.37420654296875
-1113.146728515625 -328.57080078125
-1111.9580078125 -326.5718994140625
-1113.40185546875 -324.5951232910156
-1111.4964599609375 -322.6004638671875
-1113.3060302734375 -320.60467529296875
-1113.411865234375 -318.6056213378906
-1114.0494384765625 -316.6058044433594
-1114.1904296875 -314.60595703125
-1113.5802001953125 -312.6059875488281
-1114.197998046875 -313.412353515625
-1115.865234375 -313.00787353515625
-1117.822265625 -312.2079772949219
-1117.46533203125 -313.8333740234375
-1119.43701171875 -311.8335266113281
-1120.647216796875 -313.4639892578125
-1122.4775390625 -311.46435546875
-1123.93115234375 -310.67962646484375
-1125.6085205078125 -312.66455078125
-1127.5482177734375 -310.6647033691406
-1129.0914306640625 -312.5972595214844
-1130.984375 -310.5976867675781
-1132.9603271484375 -312.58721923828125
-1134.5570068359375 -314.34814453125
-1135.6962890625 -312.34869384765625
-1134.84228515625 -313.77691650390625
-1136.38623046875 -311.7785339355469
-1137.4742431640625 -311.11187744140625
-1138.3687744140625 -312.7713317871094
-1140.3594970703125 -310.77459716796875
-1142.165771484375 -311.7510986328125
-1142.5743408203125 -309.7511291503906
-1143.2767333984375 -308.25360107421875
-1145.273193359375 -307.3080749511719
-1147.1824951171875 -305.3541564941406
-1145.4642333984375 -303.3763732910156
-1147.02001953125 -301.4162292480469
-1147.9556884765625 -299.9883728027344
-1147.13134765625 -298.91595458984375
-1145.5966796875 -298.8675231933594
-1144.9722900390625 -297.0750732421875
-1143.786376953125 -295.1063232421875
-1145.6673583984375 -293.1332702636719
-1143.9442138671875 -291.1365966796875
-1145.75732421875 -289.6867370605469
-1146.4598388671875 -287.6868591308594
-1145.3570556640625 -285.7025146484375
-1143.83447265625 -283.7499694824219
-1145.7276611328125 -282.38934326171875
-1146.128173828125 -280.401123046875
-1145.1607666015625 -278.4142150878906
-1147.1121826171875 -280.26446533203125
-1145.9027099609375 -278.3331604003906
-1147.822998046875 -280.30242919921875
-1146.7998046875 -278.3306884765625
-1146.342529296875 -276.37890625
-1148.142822265625 -278.3730163574219
-1147.418701171875 -277.9048767089844
-1147.2147216796875 -275.91033935546875
-1148.99560546875 -277.9040832519531
-1147.38330078125 -275.9102478027344
-1147.463134765625 -277.8900451660156
-1146.361083984375 -275.9103698730469
-1148.1182861328125 -277.8631896972656
-1147.2783203125 -275.8933410644531
-1149.048828125 -277.84014892578125
-1147.198974609375 -275.9827575683594
-1149.07373046875 -277.9803161621094
-1147.2872314453125 -276.002197265625
-1148.5135498046875 -277.9940490722656
-1149.2593994140625 -276.0065002441406
-1149.1025390625 -274.00830078125
-1148.337646484375 -272.01007080078125
-1150.20458984375 -270.755126953125
