-1109.4794921875 -545.7156982421875
-1109.501953125 -544.5399780273438
-1107.719970703125 -542.5800170898438
-1109.656982421875 -542.26513671875
-1109.3341064453125 -540.3189086914062
-1109.2332763671875 -538.6797485351562
-1107.3466796875 -537.0663452148438
-1109.2476806640625 -536.7257080078125
-1107.640869140625 -534.7517700195312
-1109.0306396484375 -533.7050170898438
-1108.2059326171875 -531.8041381835938
-1110.1510009765625 -530.7698364257812
-1108.1558837890625 -528.8250122070312
-1110.1353759765625 -527.3916015625
-1108.6868896484375 -525.3980712890625
-1110.56591796875 -524.7880249023438
-1108.690185546875 -522.8911743164062
-1110.4425048828125 -522.7221069335938
-1108.6453857421875 -520.91064453125
-1110.6102294921875 -519.0482177734375
-1108.9119873046875 -517.0699462890625
-1110.4996337890625 -518.4995727539062
-1108.6409912109375 -517.0936889648438
-1110.6282958984375 -515.1937255859375
-1111.1466064453125 -516.6502075195312
-1111.69384765625 -514.6573486328125
-1111.099853515625 -512.7388305664062
-1110.7596435546875 -511.7634582519531
-1110.1864013671875 -510.1198425292969
-1112.1806640625 -508.9921569824219
-1110.5015869140625 -507.0293884277344
-1110.1849365234375 -506.6032409667969
-1108.34423828125 -507.290771484375
-1109.968994140625 -505.493408203125
-1111.9454345703125 -503.6006774902344
-1111.0284423828125 -502.47772216796875
-1109.1705322265625 -501.6146545410156
-1108.59423828125 -499.66729736328125
-1110.58984375 -497.9021301269531
-1109.7052001953125 -497.4217224121094
-1107.821044921875 -495.4532165527344
-1109.6915283203125 -493.91351318359375
-1109.9205322265625 -492.3197937011719
-1108.144775390625 -490.4974365234375
-1109.635986328125 -490.0023193359375
-1107.8349609375 -488.13116455078125
-1109.5540771484375 -487.2043151855469
-1108.727783203125 -485.51544189453125
-1108.358154296875 -483.606689453125
-1106.5220947265625 -481.6177673339844
-1108.51318359375 -479.7411193847656
-1109.906982421875 -480.0684814453125
-1109.116455078125 -478.5028991699219
-1109.9716796875 -476.85302734375
-1107.9903564453125 -475.23492431640625
-1106.40625 -473.60711669921875
-1108.403076171875 -471.6147155761719
-1107.5074462890625 -469.65399169921875
-1105.578125 -467.66558837890625
-1107.3074951171875 -466.3705749511719
-1105.3223876953125 -464.4325866699219
-1107.2706298828125 -463.4919738769531
-1105.5494384765625 -461.5824890136719
-1107.5059814453125 -462.4333190917969
-1107.0498046875 -460.6183776855469
-1105.14453125 -459.3360595703125
-1107.1007080078125 -457.4385986328125
-1108.9783935546875 -455.4445495605469
-1107.205078125 -453.6868591308594
-1109.1817626953125 -451.7332763671875
-1107.5936279296875 -451.8254699707031
-1105.79736328125 -449.84722900390625
-1107.4168701171875 -448.4040222167969
-1106.4810791015625 -449.7439270019531
-1107.14794921875 -447.82891845703125
-1105.1767578125 -445.8575744628906
-1107.160888671875 -445.5815734863281
-1105.2115478515625 -443.6435241699219
-1107.205322265625 -441.9160461425781
-1109.06298828125 -440.7987060546875
-1109.89404296875 -439.0468444824219
-1108.8568115234375 -437.0577697753906
-1107.3397216796875 -435.20855712890625
-1108.85693359375 -434.989013671875
-1110.839599609375 -434.0300598144531
-1108.97705078125 -432.0487365722656
-1110.915283203125 -432.68011474609375
-1109.9400634765625 -430.7081298828125
-1111.777587890625 -429.01141357421875
-1110.2769775390625 -427.1326599121094
-1112.2637939453125 -425.9073486328125
-1111.7135009765625 -423.9469909667969
-1109.9364013671875 -422.0423889160156
-1108.3245849609375 -420.5440368652344
-1110.3179931640625 -419.8766174316406
-1109.1124267578125 -417.93865966796875
-1111.1029052734375 -416.1477966308594
-1109.2913818359375 -414.27392578125
-1111.2816162109375 -412.8582458496094
-1109.3123779296875 -411.1810607910156
-1111.161376953125 -409.59185791015625
-1109.1761474609375 -407.60662841796875
-1110.9639892578125 -405.72991943359375
-1109.0234375 -404.04986572265625
-1110.6715087890625 -402.1961669921875
-1110.9970703125 -400.3423156738281
-1109.2825927734375 -398.8853759765625
-1107.317138671875 -396.93115234375
-1108.8885498046875 -394.96734619140625
-1107.332275390625 -393.08245849609375
-1109.156005859375 -391.7077941894531
-1111.140625 -389.8529968261719
-1109.1536865234375 -388.3044128417969
-1110.949951171875 -386.35601806640625
-1112.1009521484375 -386.0294189453125
-1110.1072998046875 -385.4925231933594
-1111.2353515625 -383.509033203125
-1109.2503662109375 -381.62548828125
-1109.7552490234375 -380.0732727050781
-1111.144775390625 -378.1108703613281
-1109.41064453125 -376.1155090332031
-1109.2767333984375 -374.46795654296875
-1111.128173828125 -374.64752197265625
-1110.7628173828125 -372.6795959472656
-1112.41015625 -370.81353759765625
-1110.577880859375 -368.8351135253906
-1112.033203125 -366.8614196777344
-1110.04833984375 -364.9693298339844
-1111.8653564453125 -363.1083984375
-1110.07666015625 -361.32501220703125
-1110.7642822265625 -359.6360168457031
-1108.7890625 -357.6380920410156
-1109.61181640625 -355.7268981933594
-1110.766357421875 -355.7477722167969
-1108.8946533203125 -353.75311279296875
-1109.7088623046875 -351.8408203125
-1108.821533203125 -349.8463134765625
-1108.5611572265625 -347.84991455078125
-1110.5478515625 -349.11663818359375
-1108.62060546875 -347.1234436035156
-1110.5897216796875 -348.42425537109375
-1108.6175537109375 -346.4331359863281
-1110.4896240234375 -346.6498107910156
-1112.4412841796875 -345.4339904785156
-1110.534423828125 -343.5087890625
-1112.2467041015625 -341.9513854980469
-1110.262939453125 -339.9758605957031
-1111.4993896484375 -338.8030700683594
-1112.943603515625 -337.69281005859375
-1112.2540283203125 -335.8700866699219
-1110.2860107421875 -333.8995666503906
-1112.184326171875 -331.9342041015625
-1110.251953125 -329.93927001953125
-1111.9658203125 -328.02801513671875
-1113.2506103515625 -326.9369812011719
-1111.3016357421875 -325.0252990722656
-1113.1290283203125 -323.0637512207031
-1111.1883544921875 -321.0654296875
-1110.0321044921875 -321.8921813964844
-1111.688232421875 -320.6648254394531
-1112.363525390625 -319.4761962890625
-1110.3824462890625 -317.49249267578125
-1111.6185302734375 -315.6191711425781
-1113.10302734375 -313.6388244628906
-1115.094970703125 -314.31097412109375
-1114.641845703125 -312.3111877441406
-1116.601318359375 -313.6513366699219
-1116.368408203125 -311.6513671875
-1118.3287353515625 -313.4051513671875
-1116.947509765625 -311.4053039550781
-1118.9168701171875 -310.7455749511719
-1120.6575927734375 -312.7360534667969
-1122.5693359375 -314.5853271484375
-1122.545654296875 -312.5874938964844
-1124.5435791015625 -314.0364074707031
-1122.7784423828125 -312.0419616699219
-1124.663818359375 -313.5296936035156
-1124.4766845703125 -311.6385498046875
-1126.4547119140625 -313.4071960449219
-1125.3966064453125 -311.40911865234375
-1127.3560791015625 -313.3346252441406
-1125.6348876953125 -311.3351135253906
-1127.6317138671875 -311.65283203125
-1129.6282958984375 -311.6777648925781
-1131.5244140625 -310.06787109375
-1132.1917724609375 -309.11566162109375
-1133.844482421875 -310.21282958984375
-1135.727294921875 -312.14129638671875
-1135.540771484375 -312.611083984375
-1137.53369140625 -313.04632568359375
-1137.486328125 -311.047119140625
-1139.3319091796875 -312.0331726074219
-1141.2335205078125 -311.39471435546875
-1143.20166015625 -310.6054992675781
-1144.6148681640625 -312.29376220703125
-1143.1685791015625 -310.2940368652344
-1144.1195068359375 -310.51495361328125
-1142.4517822265625 -308.518310546875
-1144.3167724609375 -307.3853454589844
-1146.2061767578125 -308.731201171875
-1146.475341796875 -306.7313232421875
-1148.4276123046875 -305.1434326171875
-1150.4144287109375 -306.2247619628906
-1152.3739013671875 -307.62994384765625
-1152.1129150390625 -305.6300354003906
-1154.042724609375 -305.9860534667969
-1155.81884765625 -307.5601806640625
-1153.9405517578125 -305.560546875
-1155.3248291015625 -306.44146728515625
-1157.3056640625 -305.81976318359375
-1159.2943115234375 -307.744384765625
-1158.3333740234375 -305.8603210449219
-1160.3311767578125 -307.41436767578125
-1162.2447509765625 -309.3377380371094
-1160.585205078125 -307.3377685546875
-1162.5787353515625 -309.1302490234375
-1160.737548828125 -307.13153076171875
-1162.7344970703125 -308.069091796875
-1164.566162109375 -309.1318664550781
-1165.6278076171875 -309.2962646484375
-1165.63916015625 -310.6893005371094
-1163.6507568359375 -308.6893615722656
-1164.2960205078125 -309.65185546875
-1162.35205078125 -307.652099609375
-1162.30078125 -307.6505126953125
-1163.885498046875 -305.76092529296875
-1161.993408203125 -303.83984375
-1163.81787109375 -303.4671936035156
-1161.835693359375 -303.2562561035156
-1163.7003173828125 -302.5141906738281
-1165.6971435546875 -303.2450256347656
-1163.9945068359375 -301.3022766113281
-1163.5860595703125 -302.3949279785156
-1165.3255615234375 -303.07940673828125
-1163.396240234375 -301.1539001464844
-1165.37841796875 -300.6739196777344
-1167.1143798828125 -302.04083251953125
-1166.7509765625 -300.0929260253906
-1164.9774169921875 -298.12921142578125
-1166.63134765625 -297.25994873046875
-1165.0833740234375 -297.72802734375
-1164.8955078125 -296.6001281738281
-1166.7398681640625 -298.55902099609375
-1164.9351806640625 -296.5705261230469
-1165.869384765625 -297.4054260253906
-1167.7108154296875 -297.45831298828125
-1168.922119140625 -295.46624755859375
-1167.0008544921875 -293.8244934082031
-1168.8834228515625 -291.84442138671875
-1167.226806640625 -289.8545227050781
-1168.9227294921875 -287.8907775878906
-1167.3885498046875 -286.01544189453125
-1168.6693115234375 -284.0964660644531
