-1109.4635009765625 -545.7077026367188
-1108.727783203125 -546.3986206054688
-1106.9923095703125 -547.5197143554688
-1108.9908447265625 -545.54150390625
-1107.054931640625 -544.3313598632812
-1109.0523681640625 -542.333740234375
-1107.1087646484375 -542.0994262695312
-1109.1070556640625 -540.099853515625
-1107.127197265625 -540.8909301757812
-1109.126953125 -538.8911743164062
-1107.5029296875 -537.6325073242188
-1109.502197265625 -535.6348266601562
-1107.6937255859375 -535.34423828125
-1109.693603515625 -533.344482421875
-1107.7613525390625 -531.9866333007812
-1109.75244140625 -529.9989624023438
-1107.765380859375 -528.16748046875
-1109.7647705078125 -526.170166015625
-1108.5806884765625 -524.234619140625
-1110.5792236328125 -522.2467041015625
-1108.699951171875 -520.2578735351562
-1110.67822265625 -518.2598876953125
-1109.1639404296875 -516.70703125
-1107.665283203125 -514.8735961914062
-1109.659423828125 -512.8746337890625
-1107.714599609375 -510.8800048828125
-1109.709716796875 -508.88055419921875
-1111.7095947265625 -506.9013977050781
-1109.9293212890625 -504.9790344238281
-1111.9266357421875 -502.9790954589844
-1109.9659423828125 -502.4898986816406
-1108.70068359375 -500.5325622558594
-1110.69677734375 -498.53265380859375
-1110.02587890625 -496.89910888671875
-1110.833984375 -494.9020690917969
-1112.7940673828125 -492.9043273925781
-1113.446044921875 -493.707275390625
-1115.15380859375 -491.7076110839844
-1114.646240234375 -490.0837707519531
-1112.7244873046875 -488.6693420410156
-1110.773193359375 -487.3145751953125
-1108.7747802734375 -485.3621520996094
-1106.806640625 -483.395751953125
-1108.8060302734375 -481.3958435058594
-1109.624267578125 -479.39776611328125
-1108.4285888671875 -477.63018798828125
-1106.476806640625 -478.6681213378906
-1108.353515625 -476.6681823730469
-1106.6986083984375 -475.35791015625
-1107.40478515625 -473.3721618652344
-1108.1903076171875 -471.5685729980469
-1106.2047119140625 -469.64178466796875
-1108.2032470703125 -467.6421203613281
-1109.72412109375 -465.65252685546875
-1107.9189453125 -463.69775390625
-1106.5936279296875 -461.7030944824219
-1108.5933837890625 -459.7031555175781
-1107.4241943359375 -457.72259521484375
-1106.084228515625 -455.7232360839844
-1108.0841064453125 -453.7233581542969
-1108.0137939453125 -451.7350769042969
-1106.0677490234375 -449.7532043457031
-1108.0675048828125 -447.7532653808594
-1106.703125 -445.75457763671875
-1108.70166015625 -443.759033203125
-1106.9361572265625 -441.77569580078125
-1108.93603515625 -439.7764892578125
-1107.15771484375 -437.7808532714844
-1109.1357421875 -435.7810363769531
-1109.7874755859375 -433.7810974121094
-1111.56298828125 -431.78143310546875
-1113.3416748046875 -429.7814636230469
-1111.669189453125 -427.8018493652344
-1110.26904296875 -425.8019714355469
-1112.259033203125 -423.80206298828125
-1110.384033203125 -421.8023986816406
-1108.74951171875 -419.80291748046875
-1110.7491455078125 -417.8035888671875
-1108.80078125 -415.80694580078125
-1110.800537109375 -413.80712890625
-1110.92333984375 -411.80731201171875
-1109.028076171875 -409.8075866699219
-1111.0279541015625 -407.8077087402344
-1111.1129150390625 -405.8094177246094
-1110.2230224609375 -403.8096923828125
-1108.4552001953125 -401.8098449707031
-1110.4512939453125 -399.8099060058594
-1109.1365966796875 -397.81060791015625
-1108.6036376953125 -395.8125
-1109.3897705078125 -393.8125305175781
-1110.309814453125 -391.8128356933594
-1112.0904541015625 -389.8128967285156
-1110.3399658203125 -387.8134765625
-1112.3397216796875 -385.8134765625
-1110.5260009765625 -383.8144226074219
-1112.5260009765625 -381.8151550292969
-1112.3062744140625 -379.8152160644531
-1110.89111328125 -377.8153381347656
-1112.89013671875 -375.81536865234375
-1110.9241943359375 -373.8155212402344
-1112.923828125 -371.8157043457031
-1111.2327880859375 -369.81658935546875
-1111.5772705078125 -367.8166198730469
-1112.9532470703125 -365.82733154296875
-1111.4521484375 -363.82867431640625
-1113.19091796875 -361.8288269042969
-1113.542724609375 -359.8293762207031
-1111.564453125 -357.8331298828125
-1110.220947265625 -355.83392333984375
-1112.2196044921875 -353.83392333984375
-1110.2646484375 -351.8370361328125
-1109.7384033203125 -349.83746337890625
-1111.737060546875 -347.8374938964844
-1110.484375 -345.8389892578125
-1112.484375 -343.84039306640625
-1110.933837890625 -341.84112548828125
-1112.933837890625 -339.84185791015625
-1111.2691650390625 -337.842041015625
-1113.2691650390625 -335.85009765625
-1112.1949462890625 -333.8517150878906
-1110.37548828125 -331.8537902832031
-1112.3753662109375 -329.8570861816406
-1110.5867919921875 -327.85845947265625
-1112.586669921875 -325.8722229003906
-1113.2515869140625 -323.8757019042969
-1112.38134765625 -321.88800048828125
-1110.885986328125 -319.88873291015625
-1112.884765625 -317.8921813964844
-1112.5704345703125 -315.8923034667969
-1113.6533203125 -313.8925476074219
-1115.64892578125 -312.34814453125
-1117.64697265625 -311.2487487792969
-1119.6444091796875 -311.6158142089844
-1121.64404296875 -311.0920104980469
-1123.6357421875 -309.9222106933594
-1125.633544921875 -310.7576904296875
-1127.6322021484375 -312.6407775878906
-1129.5350341796875 -310.64453125
-1131.5234375 -310.194091796875
-1133.522216796875 -311.7866516113281
-1135.52099609375 -313.2308349609375
-1137.5040283203125 -311.2311706542969
-1139.5037841796875 -309.36492919921875
-1141.503173828125 -307.5100402832031
-1143.503173828125 -305.5721740722656
-1145.501953125 -303.5830993652344
-1147.5013427734375 -301.587158203125
-1149.4920654296875 -300.01171875
-1150.178466796875 -299.5106506347656
-1152.01904296875 -300.052734375
-1153.87060546875 -301.0721740722656
-1155.8682861328125 -300.869873046875
-1157.8670654296875 -300.2565612792969
-1159.8636474609375 -299.9053955078125
-1161.8492431640625 -299.850341796875
-1163.76416015625 -300.68585205078125
-1165.7569580078125 -300.01544189453125
-1167.74609375 -298.1361999511719
-1165.80078125 -296.1392822265625
-1167.8006591796875 -294.6881408691406
-1166.2777099609375 -292.689697265625
-1168.2747802734375 -290.69635009765625
-1167.0206298828125 -288.781005859375
-1169.0169677734375 -287.7127380371094
-1167.172607421875 -285.7177429199219
-1169.1705322265625 -284.04644775390625
