-1107.7513427734375 -545.7044067382812
-1108.6824951171875 -543.705322265625
-1106.7093505859375 -541.7088623046875
-1105.8758544921875 -539.715576171875
-1107.845458984375 -537.7260131835938
-1109.043701171875 -535.7293090820312
-1107.0440673828125 -533.7302856445312
-1108.9095458984375 -531.7465209960938
-1106.9124755859375 -529.74853515625
-1108.84716796875 -527.7735595703125
-1110.0159912109375 -525.811767578125
-1108.02197265625 -523.850830078125
-1108.5640869140625 -521.8514404296875
-1109.35888671875 -519.878662109375
-1107.8646240234375 -517.8850708007812
-1107.1600341796875 -515.8969116210938
-1108.9111328125 -513.973876953125
-1110.85205078125 -512.0213012695312
-1109.0128173828125 -510.0224304199219
-1111.004638671875 -508.02532958984375
-1109.0048828125 -506.0328369140625
-1109.192626953125 -504.09783935546875
-1111.011474609375 -502.1185302734375
-1109.011474609375 -500.124267578125
-1110.7451171875 -498.1318359375
-1108.767578125 -496.13232421875
-1108.3714599609375 -494.134033203125
-1109.6527099609375 -492.135009765625
-1107.6529541015625 -490.1460266113281
-1109.602783203125 -488.21612548828125
-1107.6029052734375 -486.2248840332031
-1109.5968017578125 -484.22711181640625
-1107.6185302734375 -482.23822021484375
-1109.4476318359375 -480.247314453125
-1107.4622802734375 -478.2521057128906
-1105.46240234375 -476.2632751464844
-1107.4591064453125 -474.26702880859375
-1105.4595947265625 -472.2709045410156
-1107.459228515625 -470.3271789550781
-1105.459228515625 -468.3285217285156
-1107.4549560546875 -466.419189453125
-1105.455078125 -464.4212646484375
-1107.4478759765625 -462.46563720703125
-1105.447998046875 -460.471923828125
-1107.39208984375 -458.4797668457031
-1105.3948974609375 -456.4826965332031
-1107.3927001953125 -454.6186828613281
-1109.27490234375 -452.626220703125
-1107.2752685546875 -450.6321716308594
-1105.275634765625 -448.6330871582031
-1107.264404296875 -446.63372802734375
-1105.2645263671875 -444.6407470703125
-1107.264404296875 -442.6606750488281
-1109.259765625 -440.7921447753906
-1107.260986328125 -438.7947692871094
-1109.252685546875 -436.8220520019531
-1107.2550048828125 -434.8224182128906
-1109.2535400390625 -432.8240051269531
-1111.25341796875 -430.8255310058594
-1109.2535400390625 -428.8285217285156
-1111.2427978515625 -426.8364562988281
-1109.244140625 -424.84967041015625
-1111.214599609375 -422.8592224121094
-1109.2476806640625 -420.8670959472656
-1111.2474365234375 -418.8686828613281
-1109.2518310546875 -416.8854675292969
-1111.2518310546875 -414.8859558105469
-1109.252685546875 -412.8891906738281
-1111.2525634765625 -410.8920593261719
-1109.2528076171875 -408.9030456542969
-1111.2525634765625 -406.90374755859375
-1109.2532958984375 -404.9039001464844
-1111.251708984375 -402.9090881347656
-1109.2520751953125 -400.91363525390625
-1107.252197265625 -398.91876220703125
-1109.2520751953125 -396.92279052734375
-1107.2530517578125 -394.9292297363281
-1109.2530517578125 -392.97344970703125
-1111.2529296875 -390.97442626953125
-1110.029541015625 -388.9775390625
-1112.0294189453125 -386.9778747558594
-1110.0306396484375 -384.9813232421875
-1112.0306396484375 -382.9829406738281
-1110.0400390625 -380.9844055175781
-1112.0400390625 -378.9844970703125
-1110.080322265625 -376.9856872558594
-1112.080322265625 -374.9857177734375
-1110.0823974609375 -372.9861755371094
-1112.0823974609375 -370.98626708984375
-1110.109130859375 -368.9876403808594
-1112.1090087890625 -366.9877014160156
-1110.1099853515625 -364.9935607910156
-1112.10986328125 -362.9936828613281
-1110.11083984375 -361.0010070800781
-1112.11083984375 -359.0014343261719
-1110.1112060546875 -357.0022277832031
-1112.1112060546875 -355.0023193359375
-1110.1148681640625 -353.0289306640625
-1112.1148681640625 -351.0289306640625
-1110.119384765625 -349.06292724609375
-1112.1165771484375 -347.8458557128906
-1110.139892578125 -345.8507995605469
-1112.139892578125 -343.8525390625
-1110.15576171875 -341.9102478027344
-1112.1556396484375 -339.91033935546875
-1110.163330078125 -337.9713439941406
-1112.163330078125 -335.9718322753906
-1110.2200927734375 -334.0099182128906
-1112.2200927734375 -332.010009765625
-1110.375732421875 -330.0148620605469
-1112.375732421875 -328.01507568359375
-1110.4910888671875 -326.0289001464844
-1112.490966796875 -324.030517578125
-1110.5089111328125 -322.08837890625
-1112.5089111328125 -320.08978271484375
-1110.5841064453125 -318.12066650390625
-1112.5841064453125 -316.12109375
-1112.831298828125 -314.1218566894531
-1114.783935546875 -314.96319580078125
-1116.70458984375 -312.96331787109375
-1118.650634765625 -314.0421447753906
-1120.649169921875 -312.04608154296875
-1122.3258056640625 -312.45263671875
-1124.260009765625 -312.7477111816406
-1126.2547607421875 -310.7478332519531
-1127.17578125 -311.7823486328125
-1128.9259033203125 -311.09149169921875
-1129.621826171875 -311.84466552734375
-1131.165771484375 -312.6322326660156
-1133.1649169921875 -310.6325378417969
-1135.092529296875 -311.81243896484375
-1137.0447998046875 -311.6014404296875
-1139.0357666015625 -310.5809020996094
-1141.015625 -312.001708984375
-1143.014404296875 -310.4454345703125
-1145.0103759765625 -308.8484802246094
-1147.0103759765625 -306.8724365234375
-1149.0103759765625 -304.87249755859375
-1147.3865966796875 -304.7748107910156
-1149.13525390625 -306.7279968261719
-1148.7374267578125 -306.6385803222656
-1147.2115478515625 -305.6814880371094
-1149.2115478515625 -303.6815490722656
-1148.1990966796875 -302.8477783203125
-1146.634521484375 -304.025146484375
-1148.634521484375 -302.02532958984375
-1146.6402587890625 -303.875
-1148.6402587890625 -301.87506103515625
-1146.6448974609375 -303.8509826660156
-1148.6448974609375 -301.8518371582031
-1146.646728515625 -303.7197265625
-1148.646728515625 -301.7205505371094
-1146.654052734375 -303.5735778808594
-1148.654052734375 -301.5736083984375
-1146.6612548828125 -303.47039794921875
-1148.6612548828125 -301.4706726074219
-1146.784912109375 -303.2215270996094
-1144.8193359375 -304.506591796875
-1146.8193359375 -302.5068054199219
-1144.8538818359375 -303.87884521484375
-1146.8538818359375 -301.8796691894531
-1144.92236328125 -303.63116455078125
-1146.92236328125 -301.63128662109375
-1144.92626953125 -303.5940246582031
-1146.92626953125 -301.59405517578125
-1144.9552001953125 -303.4788513183594
-1146.9552001953125 -301.4793395996094
-1144.967041015625 -303.4345703125
-1146.967041015625 -301.4347229003906
-1144.9697265625 -303.0122375488281
-1146.9697265625 -301.0130310058594
-1145.01806640625 -302.6029357910156
-1147.01806640625 -300.60394287109375
-1145.018310546875 -302.25732421875
-1147.018310546875 -300.25732421875
-1145.02001953125 -301.8699645996094
-1147.02001953125 -299.8702697753906
-1145.0347900390625 -301.7098388671875
-1147.0347900390625 -299.7100830078125
-1145.0357666015625 -301.4848327636719
-1147.0357666015625 -299.4895935058594
-1145.0367431640625 -301.4096984863281
-1147.0367431640625 -299.4098815917969
-1145.03955078125 -301.18597412109375
-1147.03955078125 -299.1861267089844
-1145.0418701171875 -300.90386962890625
-1147.0418701171875 -298.9045104980469
-1145.04248046875 -300.68878173828125
-1147.04248046875 -298.6893615722656
-1145.042724609375 -298.1605224609375
-1143.07373046875 -296.68170166015625
-1145.07373046875 -294.6817626953125
-1143.07666015625 -293.40789794921875
-1145.07666015625 -291.4107666015625
-1143.1466064453125 -289.631591796875
-1145.1466064453125 -287.63818359375
-1144.2049560546875 -286.3403625488281
-1146.2049560546875 -284.34197998046875
-1144.21044921875 -282.6208801269531
-1146.21044921875 -280.6274108886719
-1144.310791015625 -278.70947265625
-1146.310791015625 -278.2253112792969
-1148.3106689453125 -276.4134216308594
-1146.53515625 -276.07476806640625
-1148.5211181640625 -277.90203857421875
-1146.587890625 -276.4371643066406
-1148.5877685546875 -276.9743347167969
-1147.1776123046875 -277.0733642578125
-1149.177490234375 -277.0433349609375
-1147.4287109375 -278.88336181640625
-1145.9205322265625 -277.55328369140625
-1147.918212890625 -277.1983337402344
-1146.843994140625 -278.7723083496094
-1145.12353515625 -279.56878662109375
-1147.12255859375 -277.6787414550781
-1146.0947265625 -278.3054504394531
-1148.0938720703125 -277.31671142578125
-1146.1943359375 -278.40740966796875
-1148.1942138671875 -277.4126281738281
-1146.8912353515625 -277.261474609375
-1148.8909912109375 -275.6712646484375
-1147.3922119140625 -274.0466613769531
-1149.3922119140625 -274.4324951171875
-1151.265380859375 -272.445068359375
