-1050.1463623046875 -271.9375
-1049.6934814453125 -273.4573669433594
-1049.4329833984375 -274.94622802734375
-1051.192626953125 -275.72198486328125
-1052.6802978515625 -277.6158752441406
-1051.81103515625 -278.4424133300781
-1050.4937744140625 -280.4248046875
-1051.5269775390625 -282.2442321777344
-1051.8514404296875 -284.22802734375
-1050.0841064453125 -286.02679443359375
-1049.8021240234375 -287.9967956542969
-1049.1007080078125 -289.95172119140625
-1050.07421875 -291.94970703125
-1050.5086669921875 -293.9478454589844
-1052.3388671875 -295.9122619628906
-1051.466796875 -297.7428894042969
-1050.1402587890625 -299.72003173828125
-1051.2158203125 -301.6667785644531
-1051.5579833984375 -303.6358642578125
-1053.417724609375 -305.6236267089844
-1055.0133056640625 -307.61444091796875
-1055.806396484375 -309.6081848144531
-1056.35888671875 -311.35113525390625
-1058.2840576171875 -309.35748291015625
-1059.68310546875 -311.35699462890625
-1061.609619140625 -309.3631896972656
-1062.2620849609375 -311.3456726074219
-1064.073974609375 -313.3419189453125
-1065.3109130859375 -311.3562927246094
-1067.203125 -313.2757873535156
-1069.19921875 -313.84442138671875
-1067.392578125 -312.4386291503906
-1067.618408203125 -314.42095947265625
-1069.6146240234375 -316.31622314453125
-1067.7720947265625 -316.1185302734375
-1069.7711181640625 -318.1141662597656
-1068.2396240234375 -319.913818359375
-1070.0523681640625 -321.9124755859375
-1068.0670166015625 -323.8826599121094
-1069.879150390625 -325.8680114746094
-1069.0462646484375 -327.7940673828125
-1067.61572265625 -329.7717590332031
-1069.5360107421875 -331.75860595703125
-1069.9794921875 -333.751708984375
-1067.98486328125 -335.568359375
-1069.9786376953125 -337.326171875
-1068.2301025390625 -339.27325439453125
-1070.2274169921875 -341.0621337890625
-1068.2437744140625 -343.0586242675781
-1070.11474609375 -342.02630615234375
-1068.70361328125 -344.0239562988281
-1070.6644287109375 -342.28546142578125
-1069.743408203125 -344.2801208496094
-1071.7432861328125 -345.9051513671875
-1069.7576904296875 -347.89178466796875
-1071.7315673828125 -349.88427734375
-1070.2117919921875 -351.87652587890625
-1072.20751953125 -353.8603515625
-1070.2188720703125 -355.83526611328125
-1072.207763671875 -357.7782897949219
-1070.313720703125 -359.45660400390625
-1072.309814453125 -361.4263610839844
-1070.3311767578125 -362.9731140136719
-1072.33056640625 -364.8958740234375
-1070.3514404296875 -366.37835693359375
-1072.3499755859375 -367.63037109375
-1070.4041748046875 -369.1390686035156
-1072.3720703125 -371.0716247558594
-1070.397216796875 -371.1046447753906
-1072.370361328125 -373.1015625
-1070.390380859375 -374.58575439453125
-1068.7740478515625 -374.481689453125
-1070.768798828125 -376.36773681640625
-1068.8099365234375 -378.3113708496094
-1070.7982177734375 -379.5392761230469
-1068.8336181640625 -381.37786865234375
-1070.830322265625 -383.13116455078125
-1069.8046875 -382.7005615234375
-1071.8016357421875 -384.4486389160156
-1072.66357421875 -383.5752868652344
-1070.96142578125 -385.04559326171875
-1069.42529296875 -386.82574462890625
-1071.4246826171875 -388.6896667480469
-1071.7791748046875 -390.6849365234375
-1073.4637451171875 -392.6719970703125
-1075.4608154296875 -390.67205810546875
-1077.2608642578125 -392.66107177734375
-1079.2197265625 -394.657958984375
-1081.2197265625 -392.66778564453125
-1083.2149658203125 -394.6642761230469
-1085.0804443359375 -392.6654052734375
-1087.0369873046875 -394.6595764160156
-1089.0299072265625 -392.65966796875
-1091.0291748046875 -394.6573181152344
-1092.9970703125 -396.6551513671875
-1094.97607421875 -394.6621398925781
-1096.970458984375 -396.66156005859375
-1098.94580078125 -394.66510009765625
-1100.93994140625 -396.6646728515625
-1102.939697265625 -395.614501953125
-1104.9395751953125 -397.6009826660156
-1106.9393310546875 -399.53759765625
-1108.9384765625 -400.51873779296875
-1110.9383544921875 -402.49420166015625
-1109.2049560546875 -404.43048095703125
-1111.204833984375 -406.41680908203125
-1110.146728515625 -408.4166564941406
-1112.146728515625 -410.41534423828125
-1111.970458984375 -412.3973693847656
-1110.1129150390625 -414.2821350097656
-1112.1129150390625 -416.2789611816406
-1110.283935546875 -418.2718200683594
-1112.283935546875 -420.2442626953125
-1114.0782470703125 -422.22833251953125
-1113.1890869140625 -424.2086486816406
-1111.4293212890625 -426.17449951171875
-1110.220703125 -428.1665344238281
-1112.220703125 -430.1391296386719
-1110.5335693359375 -432.1292419433594
-1112.3289794921875 -431.49261474609375
-1113.552734375 -432.3255310058594
-1115.54833984375 -430.5159606933594
-1116.24755859375 -432.51165771484375
-1117.31494140625 -434.5116271972656
-1119.2454833984375 -432.5211181640625
-1121.0791015625 -434.5207824707031
-1123.0657958984375 -432.5253601074219
-1124.924072265625 -434.52532958984375
-1126.9041748046875 -436.5252380371094
-1126.8411865234375 -434.5740051269531
-1128.7520751953125 -436.57391357421875
-1130.7330322265625 -434.60443115234375
-1132.6812744140625 -436.6041564941406
-1134.541259765625 -434.6293640136719
-1135.867431640625 -432.8135986328125
-1137.16357421875 -434.8134460449219
-1138.7591552734375 -432.9359436035156
-1140.64990234375 -434.934326171875
-1138.6541748046875 -436.762939453125
-1140.65380859375 -435.09442138671875
-1138.9661865234375 -436.9641418457031
-1140.966064453125 -436.64605712890625
-1138.9822998046875 -438.635986328125
-1140.9822998046875 -440.5843200683594
-1138.9925537109375 -442.5384826660156
-1140.5638427734375 -444.5368347167969
-1142.5628662109375 -446.52264404296875
-1140.658447265625 -448.5189514160156
-1142.6583251953125 -450.4757080078125
-1140.7076416015625 -452.3420104980469
-1142.7076416015625 -454.28399658203125
-1140.723876953125 -456.17437744140625
-1142.723876953125 -457.988037109375
-1140.7606201171875 -459.55816650390625
-1142.7606201171875 -460.39715576171875
-1141.0531005859375 -462.1236572265625
-1143.0531005859375 -463.8673400878906
-1141.05517578125 -463.9618225097656
-1143.05517578125 -465.6558532714844
-1141.065673828125 -467.11187744140625
-1143.065673828125 -468.1636962890625
-1141.06884765625 -469.76324462890625
-1143.0687255859375 -471.725830078125
-1144.0987548828125 -473.7247314453125
-1142.1324462890625 -475.7216491699219
-1144.124267578125 -477.6884460449219
-1145.1756591796875 -478.4030456542969
-1146.2591552734375 -476.77679443359375
-1148.1134033203125 -478.7760314941406
-1148.4974365234375 -477.5526123046875
-1149.1251220703125 -479.5510559082031
-1150.2208251953125 -479.1977844238281
-1151.229736328125 -477.528564453125
-1149.882568359375 -479.5267333984375
-1149.754638671875 -477.6727600097656
-1148.5059814453125 -479.6720886230469
-1149.359130859375 -478.78662109375
-1149.5743408203125 -477.2338562011719
-1149.625244140625 -479.2337951660156
-1151.3349609375 -479.37982177734375
-1153.29345703125 -478.3480529785156
-1153.9049072265625 -480.34796142578125
-1155.762451171875 -480.5049743652344
-1157.736328125 -481.34393310546875
-1159.7308349609375 -482.6963806152344
-1161.7291259765625 -482.799560546875
-1162.837158203125 -484.7986145019531
-1161.2386474609375 -486.7972412109375
-1163.22998046875 -488.4217224121094
-1161.25732421875 -488.6571960449219
-1163.2493896484375 -489.5621032714844
-1161.2532958984375 -490.3966369628906
-1159.33447265625 -489.7961730957031
-1161.333251953125 -489.50811767578125
-1159.606689453125 -488.6165466308594
-1161.513671875 -490.1308288574219
-1159.607421875 -492.0013122558594
