-1049.6868896484375 -271.9410400390625
-1047.6895751953125 -273.929931640625
-1046.81103515625 -275.9299011230469
-1046.6162109375 -277.92669677734375
-1044.901611328125 -279.9264831542969
-1043.8055419921875 -281.9248046875
-1044.586669921875 -283.9245300292969
-1042.6517333984375 -285.92431640625
-1040.69580078125 -287.92388916015625
-1042.0970458984375 -289.92388916015625
-1042.6204833984375 -291.9238586425781
-1043.9493408203125 -293.9233703613281
-1045.424072265625 -295.9158935546875
-1047.021240234375 -297.9138488769531
-1048.9754638671875 -299.9134826660156
-1046.998046875 -301.8727722167969
-1048.9407958984375 -303.86468505859375
-1047.021484375 -305.8237609863281
-1047.2113037109375 -307.7655029296875
-1045.3126220703125 -306.37420654296875
-1043.5174560546875 -308.3734436035156
-1041.5562744140625 -307.27618408203125
-1040.3187255859375 -309.2610778808594
-1038.3265380859375 -308.72869873046875
-1036.6551513671875 -310.72723388671875
-1034.7030029296875 -310.49468994140625
-1033.1551513671875 -312.38543701171875
-1031.1923828125 -313.7061462402344
-1029.19287109375 -314.1676330566406
-1027.19921875 -315.9196472167969
-1025.2005615234375 -317.8740234375
-1023.2181396484375 -319.6638488769531
-1021.22021484375 -321.6551818847656
-1019.5276489257812 -323.6192932128906
-1017.5565795898438 -325.5998840332031
-1015.5707397460938 -327.5940246582031
-1017.5021362304688 -329.5857849121094
-1016.289306640625 -331.5374755859375
-1018.2415161132812 -333.5352478027344
-1016.67236328125 -335.5315246582031
-1018.4029541015625 -337.53045654296875
-1016.5552368164062 -339.5223693847656
-1018.537109375 -341.5072021484375
-1016.6618041992188 -343.405517578125
-1014.9382934570312 -345.4039611816406
-1016.8311157226562 -347.40130615234375
-1015.5350952148438 -349.3969421386719
-1015.1774291992188 -351.395751953125
-1016.3728637695312 -350.1394958496094
-1014.5328979492188 -352.13885498046875
-1014.6923828125 -351.0115966796875
-1016.680908203125 -352.9847717285156
-1017.8372802734375 -352.1770935058594
-1016.6089477539062 -354.16998291015625
-1017.4218139648438 -353.0196228027344
-1015.8865966796875 -354.48809814453125
-1016.1848754882812 -353.7914733886719
-1015.6491088867188 -353.3382263183594
-1016.708251953125 -352.60235595703125
-1016.6173706054688 -352.97686767578125
-1017.35302734375 -351.6948547363281
-1015.7482299804688 -353.6646728515625
-1015.4223022460938 -352.18292236328125
-1016.3858032226562 -351.55718994140625
-1014.5271606445312 -353.5555114746094
-1016.0450439453125 -354.8377990722656
-1017.74365234375 -355.8102722167969
-1019.5421752929688 -355.1175537109375
-1018.0806884765625 -357.081787109375
-1018.2017822265625 -355.4424743652344
-1019.1265869140625 -354.4119567871094
-1017.2120361328125 -356.4028625488281
-1017.5821533203125 -355.3996887207031
-1019.2700805664062 -354.5862121582031
-1017.6254272460938 -356.5365295410156
-1018.289794921875 -357.8376159667969
-1019.3873291015625 -358.6392517089844
-1021.2160034179688 -359.953857421875
-1023.1767578125 -361.8315734863281
-1021.3108520507812 -363.8199768066406
-1023.189697265625 -365.8177490234375
-1021.2013549804688 -367.8091125488281
-1022.8577270507812 -369.8083190917969
-1024.781982421875 -371.796630859375
-1026.6932373046875 -373.7962951660156
-1025.11279296875 -375.7881164550781
-1023.2459106445312 -377.5291442871094
-1025.2435302734375 -379.4897766113281
-1024.761962890625 -381.4403381347656
-1024.1962890625 -383.42919921875
-1024.9739990234375 -385.3782958984375
-1023.0193481445312 -387.3583068847656
-1024.9656982421875 -389.357177734375
-1023.9024047851562 -391.35430908203125
-1025.0887451171875 -393.3541564941406
-1026.2001953125 -395.35028076171875
-1028.114990234375 -393.9847412109375
-1029.841064453125 -395.9822998046875
-1031.8316650390625 -394.11114501953125
-1033.754150390625 -396.109130859375
-1035.713134765625 -394.37567138671875
-1036.66259765625 -396.3606262207031
-1038.1954345703125 -395.8284912109375
-1039.8697509765625 -393.9330139160156
-1041.1390380859375 -395.92828369140625
-1042.9083251953125 -395.5979919433594
-1044.840576171875 -396.7994079589844
-1046.30078125 -396.3467102050781
-1048.201904296875 -395.3071594238281
-1050.0213623046875 -393.5527648925781
-1051.557861328125 -395.5503234863281
-1053.5556640625 -395.90966796875
-1055.364501953125 -394.41339111328125
-1057.12158203125 -396.4109191894531
-1058.3984375 -395.56475830078125
-1060.33642578125 -393.7127380371094
-1059.7803955078125 -395.7122497558594
-1061.7069091796875 -395.5946350097656
-1063.505615234375 -397.5755615234375
-1062.839111328125 -399.56982421875
-1061.06640625 -401.5696105957031
-1063.0660400390625 -403.5635070800781
-1061.4654541015625 -405.19476318359375
-1063.46484375 -407.19384765625
-1061.837646484375 -409.1370849609375
-1060.622802734375 -411.13671875
-1062.619384765625 -413.1346130371094
-1060.9940185546875 -415.1265563964844
-1062.98828125 -417.1231384277344
-1061.3165283203125 -419.1065673828125
-1063.3160400390625 -421.10223388671875
-1061.32958984375 -423.0477600097656
-1063.3289794921875 -425.00030517578125
-1061.4747314453125 -426.9921569824219
-1063.472900390625 -427.30126953125
-1061.72998046875 -429.283935546875
-1063.726318359375 -431.2812805175781
-1061.7603759765625 -433.1993408203125
-1063.7442626953125 -435.1077575683594
-1061.7611083984375 -437.0191650390625
-1063.760986328125 -439.0066223144531
-1061.9024658203125 -440.9864807128906
-1063.902099609375 -442.9686584472656
-1062.044921875 -444.9441833496094
-1064.0443115234375 -446.9337463378906
-1062.157958984375 -448.68017578125
-1064.1571044921875 -450.67083740234375
-1062.568115234375 -452.2080383300781
-1062.8912353515625 -454.2004089355469
-1060.9326171875 -456.1939697265625
-1062.9324951171875 -458.1502380371094
-1060.94921875 -458.80169677734375
-1059.246826171875 -460.4169616699219
-1061.2432861328125 -462.414306640625
-1060.23046875 -464.4073181152344
-1062.2303466796875 -466.36846923828125
-1061.200927734375 -467.9664001464844
-1059.5838623046875 -469.2548828125
-1061.5831298828125 -471.24029541015625
-1059.719970703125 -472.5770263671875
-1061.7198486328125 -474.5682373046875
-1062.9727783203125 -476.567138671875
-1064.9677734375 -478.556640625
-1066.9676513671875 -480.5561828613281
-1068.9674072265625 -482.5514221191406
-1070.9674072265625 -484.4735107421875
-1072.9674072265625 -486.4440612792969
-1074.9674072265625 -487.5751647949219
-1076.9674072265625 -488.1996154785156
-1078.9674072265625 -488.85772705078125
-1080.96728515625 -488.72705078125
-1082.96728515625 -489.9227294921875
-1084.96728515625 -489.3748474121094
-1086.0770263671875 -491.25
-1088.0770263671875 -489.6050720214844
-1087.8927001953125 -491.54913330078125
-1089.5595703125 -493.2322998046875
-1091.3328857421875 -495.15045166015625
-1093.3323974609375 -493.1628112792969
-1095.322998046875 -495.1490478515625
-1097.3226318359375 -493.3799133300781
-1099.3218994140625 -495.2740478515625
-1101.3214111328125 -493.41961669921875
-1103.3165283203125 -495.3734436035156
-1105.316162109375 -493.4262390136719
-1107.316162109375 -491.71124267578125
-1109.315673828125 -491.2554016113281
-1111.3125 -493.2506408691406
-1113.3125 -493.02001953125
-1115.3016357421875 -495.0177917480469
-1117.301513671875 -494.2512512207031
-1119.3006591796875 -492.33050537109375
-1121.2843017578125 -494.1731872558594
