-1050.166015625 -271.9405822753906
-1048.268310546875 -273.9315490722656
-1050.26806640625 -275.87493896484375
-1048.38916015625 -277.8744812011719
-1050.38916015625 -279.87091064453125
-1049.4649658203125 -281.8448181152344
-1048.2523193359375 -283.83966064453125
-1050.2520751953125 -285.7624816894531
-1048.396728515625 -287.762451171875
-1046.4954833984375 -289.7615051269531
-1048.479248046875 -291.76104736328125
-1049.2274169921875 -293.76068115234375
-1047.54443359375 -295.7598571777344
-1049.542236328125 -297.7595520019531
-1049.740234375 -299.75732421875
-1047.8759765625 -301.7569885253906
-1049.8758544921875 -303.7396545410156
-1049.2310791015625 -305.7386169433594
-1047.8668212890625 -307.73809814453125
-1049.4927978515625 -308.42816162109375
-1050.514404296875 -309.80584716796875
-1048.84326171875 -311.23492431640625
-1047.21533203125 -312.86468505859375
-1047.2998046875 -312.76336669921875
-1049.175048828125 -312.8892822265625
-1050.979736328125 -312.005126953125
-1050.4486083984375 -310.0803527832031
-1049.46923828125 -310.3114013671875
-1048.7437744140625 -310.1521301269531
-1050.533935546875 -311.7195129394531
-1050.7677001953125 -311.59228515625
-1049.38818359375 -309.767578125
-1049.6112060546875 -311.3578186035156
-1049.6141357421875 -310.22283935546875
-1050.10546875 -311.1966247558594
-1052.0377197265625 -312.2323303222656
-1053.46875 -310.5812072753906
-1055.15625 -311.509765625
-1055.785400390625 -311.595458984375
-1054.99755859375 -312.4158935546875
-1056.708984375 -310.7565002441406
-1057.35986328125 -309.07623291015625
-1056.0042724609375 -311.06951904296875
-1057.1651611328125 -309.2744445800781
-1056.0457763671875 -311.2738342285156
-1055.4227294921875 -311.0032653808594
-1054.2369384765625 -310.6940612792969
-1053.72119140625 -311.4186706542969
-1054.3115234375 -310.4869384765625
-1056.12646484375 -311.9159851074219
-1057.9024658203125 -311.1288146972656
-1059.3411865234375 -309.2436828613281
-1058.9193115234375 -311.2425537109375
-1057.9102783203125 -310.23553466796875
-1057.4068603515625 -312.2267761230469
-1058.52294921875 -312.45947265625
-1057.59423828125 -313.5030212402344
-1058.780517578125 -312.911865234375
-1058.529541015625 -310.984130859375
-1057.6990966796875 -312.97674560546875
-1058.582275390625 -311.6123962402344
-1058.626953125 -312.7209777832031
-1058.69140625 -311.1103820800781
-1060.6365966796875 -311.0946350097656
-1061.7701416015625 -313.0941162109375
-1062.91943359375 -311.29571533203125
-1064.3848876953125 -313.2908935546875
-1066.28369140625 -311.34344482421875
-1067.6466064453125 -313.3426818847656
-1069.64599609375 -314.9888000488281
-1067.6531982421875 -316.9850158691406
-1069.653076171875 -318.955322265625
-1067.6806640625 -320.9548034667969
-1069.6805419921875 -322.9461669921875
-1067.8255615234375 -324.9447937011719
-1069.825439453125 -326.91070556640625
-1067.8472900390625 -328.9004211425781
-1069.845703125 -330.8982238769531
-1068.009521484375 -332.8974914550781
-1070.003662109375 -334.89385986328125
-1068.004638671875 -336.88348388671875
-1070.004150390625 -338.7750244140625
-1068.056884765625 -340.7237548828125
-1070.056640625 -342.7121276855469
-1070.6300048828125 -344.7120666503906
-1070.0469970703125 -346.7119140625
-1072.046875 -348.6878662109375
-1070.06298828125 -350.67327880859375
-1072.0621337890625 -352.662841796875
-1070.091796875 -354.656005859375
-1072.0875244140625 -356.6556091308594
-1070.0963134765625 -358.6517333984375
-1072.0953369140625 -360.6317443847656
-1070.107177734375 -362.5953674316406
-1072.1063232421875 -364.56732177734375
-1070.1136474609375 -366.55950927734375
-1072.113037109375 -368.5023193359375
-1070.191162109375 -370.4928894042969
-1072.16455078125 -372.49176025390625
-1070.1778564453125 -374.4842224121094
-1068.230712890625 -376.4828796386719
-1070.2305908203125 -377.0602111816406
-1072.22998046875 -379.01861572265625
-1070.3095703125 -381.0069274902344
-1072.306396484375 -383.00421142578125
-1070.3671875 -385.00164794921875
-1068.434326171875 -386.9939270019531
-1070.4329833984375 -388.9915771484375
-1068.49755859375 -390.9817810058594
-1069.4619140625 -389.0911865234375
-1071.4501953125 -391.0869445800781
-1069.6971435546875 -393.0869140625
-1067.830810546875 -391.10040283203125
-1069.828369140625 -393.0976257324219
-1070.86572265625 -391.1319580078125
-1072.14697265625 -389.1387023925781
-1070.1654052734375 -391.1386413574219
-1069.0772705078125 -389.2795715332031
-1071.07275390625 -391.27642822265625
-1072.8056640625 -389.2882385253906
-1071.3426513671875 -391.2869567871094
-1070.53466796875 -389.30999755859375
-1068.557861328125 -391.3096923828125
-1069.326171875 -389.4103698730469
-1071.2635498046875 -391.4100646972656
-1073.0345458984375 -389.4369812011719
-1072.28662109375 -391.4369812011719
-1072.556640625 -393.4369201660156
-1073.1259765625 -391.4513244628906
-1073.4525146484375 -393.4512939453125
-1073.7669677734375 -391.4557189941406
-1074.78173828125 -393.4556884765625
-1076.6263427734375 -391.4709167480469
-1077.3426513671875 -393.47064208984375
-1079.3218994140625 -391.6394348144531
-1081.07763671875 -393.6374816894531
-1082.69873046875 -395.63739013671875
-1082.909912109375 -393.9284362792969
-1084.8009033203125 -395.9283752441406
-1083.973388671875 -393.9494934082031
-1085.4197998046875 -395.94927978515625
-1086.41357421875 -394.15283203125
-1087.6229248046875 -396.1527404785156
-1087.8912353515625 -394.2319030761719
-1089.5225830078125 -396.23150634765625
-1091.044189453125 -394.34588623046875
-1092.963134765625 -396.3456115722656
-1094.92724609375 -394.42877197265625
-1096.9232177734375 -396.42852783203125
-1097.92822265625 -394.8746337890625
-1099.16015625 -396.8743896484375
-1099.82666015625 -395.1034851074219
-1101.789306640625 -397.1013488769531
-1103.71533203125 -398.51611328125
-1105.71435546875 -400.1224670410156
-1107.6180419921875 -401.9031066894531
-1109.5709228515625 -403.8994445800781
-1111.56884765625 -405.8969421386719
-1109.7598876953125 -407.8965148925781
-1111.759033203125 -409.8907775878906
-1110.910400390625 -411.89044189453125
-1110.746826171875 -413.8861999511719
-1108.871337890625 -415.8828125
-1110.8709716796875 -417.7222595214844
-1109.357177734375 -419.7208557128906
-1111.357177734375 -421.68359375
-1109.4442138671875 -423.682373046875
-1111.444091796875 -425.6775817871094
-1110.48193359375 -427.67724609375
-1112.47900390625 -429.6647644042969
-1110.5189208984375 -431.6585388183594
-1109.9710693359375 -433.57061767578125
-1110.4532470703125 -435.445068359375
-1108.5040283203125 -437.4206237792969
-1110.503662109375 -439.4190979003906
-1108.520751953125 -441.4106140136719
-1106.5428466796875 -443.40789794921875
-1108.542724609375 -445.3375549316406
-1106.5653076171875 -447.33026123046875
-1106.0709228515625 -449.3287353515625
-1108.0701904296875 -451.2751159667969
-1106.3651123046875 -453.2746887207031
-1108.36474609375 -454.6618957519531
-1106.4100341796875 -456.6519470214844
-1108.409912109375 -458.6374206542969
-1106.46533203125 -460.45587158203125
-1108.4581298828125 -462.4393310546875
-1106.6181640625 -464.43353271484375
-1108.615966796875 -466.4002990722656
-1106.7481689453125 -468.3385009765625
-1108.74658203125 -470.272216796875
-1106.7520751953125 -472.21929931640625
-1104.960205078125 -474.21771240234375
-1106.9525146484375 -476.1969299316406
-1106.486328125 -478.19659423828125
-1107.8466796875 -480.1960144042969
-1109.8424072265625 -481.92706298828125
-1111.4052734375 -483.87457275390625
-1109.788818359375 -483.7627258300781
-1108.201416015625 -485.05743408203125
-1110.19873046875 -483.7006530761719
-1109.51611328125 -485.4940490722656
-1107.784423828125 -487.0609436035156
-1109.7830810546875 -487.3861389160156
-1108.2705078125 -489.3588562011719
-1110.2674560546875 -488.869140625
-1108.5352783203125 -490.18902587890625
-1110.5347900390625 -490.2047119140625
-1110.3831787109375 -492.1727294921875
-1112.1947021484375 -494.1601257324219
-1114.0142822265625 -492.4395446777344
-1115.744384765625 -494.431396484375
-1117.7440185546875 -492.4546813964844
-1119.6920166015625 -494.4537048339844
-1121.6339111328125 -492.46343994140625
-1123.615478515625 -494.4631652832031
