-1050.048583984375 -271.667724609375
-1048.0762939453125 -273.6648864746094
-1049.5870361328125 -275.6538391113281
-1047.588623046875 -277.6204528808594
-1049.484619140625 -279.61114501953125
-1047.55078125 -281.5718994140625
-1049.4642333984375 -283.557861328125
-1047.4932861328125 -285.5426330566406
-1048.1226806640625 -287.54119873046875
-1046.163818359375 -289.5379638671875
-1047.5869140625 -291.5228271484375
-1047.286376953125 -293.5210876464844
-1049.2774658203125 -295.3766784667969
-1047.2978515625 -297.36956787109375
-1049.1949462890625 -299.18035888671875
-1047.37646484375 -301.1783752441406
-1049.373779296875 -303.1021423339844
-1047.4129638671875 -305.0966796875
-1049.3687744140625 -307.0718688964844
-1049.13818359375 -309.0373840332031
-1050.6234130859375 -307.6560363769531
-1052.2261962890625 -309.64984130859375
-1053.897705078125 -307.9532775878906
-1055.571533203125 -309.9530944824219
-1055.5308837890625 -311.9515380859375
-1056.0552978515625 -309.9531555175781
-1057.53857421875 -311.9523010253906
-1058.119140625 -309.972412109375
-1059.9097900390625 -311.97125244140625
-1060.2462158203125 -309.9764404296875
-1061.833740234375 -311.97283935546875
-1061.268310546875 -309.97723388671875
-1063.0064697265625 -311.97705078125
-1064.5062255859375 -309.9925231933594
-1066.3135986328125 -311.99078369140625
-1068.1162109375 -313.9787292480469
-1070.11328125 -315.5521240234375
-1068.1146240234375 -315.23828125
-1070.1029052734375 -316.8488464355469
-1068.111083984375 -318.45416259765625
-1070.1011962890625 -319.8769836425781
-1068.1561279296875 -321.7893981933594
-1070.1546630859375 -323.7879943847656
-1069.0462646484375 -325.7867431640625
-1067.1220703125 -327.6952819824219
-1068.9310302734375 -329.6783752441406
-1067.10546875 -331.657470703125
-1069.094482421875 -333.62969970703125
-1067.2491455078125 -335.4447021484375
-1069.23291015625 -337.35235595703125
-1067.7821044921875 -339.2987365722656
-1069.7646484375 -341.29754638671875
-1068.59228515625 -343.2928771972656
-1070.5599365234375 -341.9412536621094
-1071.890625 -343.9411926269531
-1073.775390625 -345.9411315917969
-1073.6561279296875 -347.9344482421875
-1072.1495361328125 -349.9342041015625
-1070.259033203125 -351.92620849609375
-1072.2415771484375 -353.9017028808594
-1071.7684326171875 -355.8900146484375
-1070.07958984375 -357.8548583984375
-1072.0760498046875 -359.84527587890625
-1070.2593994140625 -361.83941650390625
-1072.24267578125 -363.7288818359375
-1070.3267822265625 -365.03619384765625
-1072.322998046875 -367.0254821777344
-1070.634033203125 -368.9830017089844
-1072.6209716796875 -370.9791259765625
-1071.443359375 -372.9765319824219
-1070.4239501953125 -374.55670166015625
-1068.4744873046875 -376.14337158203125
-1070.473876953125 -377.90692138671875
-1072.4659423828125 -379.72674560546875
-1070.6279296875 -381.512451171875
-1068.74853515625 -383.3604431152344
-1070.7275390625 -385.3565368652344
-1068.9136962890625 -387.3143310546875
-1070.898193359375 -389.309814453125
-1072.071533203125 -391.3062744140625
-1074.016357421875 -393.3062744140625
-1075.90380859375 -391.3065185546875
-1077.8936767578125 -393.3064880371094
-1079.87158203125 -395.3062744140625
-1081.871337890625 -395.83929443359375
-1083.5352783203125 -393.8446960449219
-1085.5289306640625 -395.8446350097656
-1086.546142578125 -393.8450622558594
-1088.5191650390625 -395.84503173828125
-1090.5072021484375 -393.89556884765625
-1092.4732666015625 -395.89544677734375
-1094.422119140625 -393.89703369140625
-1096.400146484375 -395.8970031738281
-1097.451171875 -393.9071350097656
-1099.371337890625 -395.9071044921875
-1101.340576171875 -393.90869140625
-1103.311767578125 -395.90863037109375
-1105.2996826171875 -397.9082336425781
-1107.2994384765625 -398.93255615234375
-1109.2926025390625 -397.1660461425781
-1107.3182373046875 -396.52667236328125
-1109.3148193359375 -398.5260925292969
-1107.3228759765625 -400.4563293457031
-1109.3177490234375 -398.5227966308594
-1107.43603515625 -399.4026184082031
-1109.41552734375 -397.4232482910156
-1107.4251708984375 -398.40850830078125
-1109.4248046875 -400.04974365234375
-1107.43798828125 -400.8127746582031
-1109.4366455078125 -398.9230041503906
-1107.4476318359375 -400.7251281738281
-1109.4246826171875 -399.1727600097656
-1107.5032958984375 -401.02593994140625
-1109.5020751953125 -399.5094909667969
-1107.5355224609375 -401.37890625
-1109.5352783203125 -399.6646728515625
-1107.5621337890625 -401.2250061035156
-1109.558349609375 -399.6840515136719
-1107.59423828125 -401.5684814453125
-1109.5936279296875 -399.7210693359375
-1107.602294921875 -401.5306701660156
-1109.5989990234375 -399.9002380371094
-1107.61083984375 -401.41839599609375
-1109.609130859375 -401.25128173828125
-1107.6453857421875 -402.9302062988281
-1109.64501953125 -403.696533203125
-1111.6448974609375 -405.01019287109375
-1109.650634765625 -406.36322021484375
-1111.650390625 -406.438232421875
-1109.6878662109375 -407.9671325683594
-1111.6878662109375 -409.6668701171875
-1110.5181884765625 -410.83624267578125
-1112.5179443359375 -412.69793701171875
-1110.520263671875 -414.5403137207031
-1112.5201416015625 -416.5003967285156
-1110.6705322265625 -418.4305419921875
-1108.71826171875 -419.8122863769531
-1110.7156982421875 -421.8102111816406
-1108.81201171875 -421.45367431640625
-1110.8070068359375 -423.4522705078125
-1108.8941650390625 -425.1997985839844
-1110.8935546875 -425.2332763671875
-1109.1038818359375 -425.72589111328125
-1111.1026611328125 -426.31451416015625
-1109.117919921875 -428.1193542480469
-1111.117919921875 -429.3603820800781
-1109.1485595703125 -431.29888916015625
-1111.1484375 -433.03302001953125
-1112.47119140625 -431.0628662109375
-1111.6558837890625 -433.0501403808594
-1113.6329345703125 -431.05914306640625
-1114.49755859375 -433.0579528808594
-1116.19140625 -431.0657958984375
-1117.8629150390625 -433.0651550292969
-1119.8486328125 -435.0651550292969
-1121.80908203125 -433.072509765625
-1123.69921875 -435.072509765625
-1125.69091796875 -433.0967712402344
-1127.543212890625 -435.0967102050781
-1129.536865234375 -437.0966796875
-1130.528076171875 -435.1497497558594
-1132.4091796875 -433.15167236328125
-1134.4027099609375 -435.1516418457031
-1135.6890869140625 -433.1658020019531
-1137.6678466796875 -435.1655578613281
-1139.62158203125 -433.1767272949219
-1137.634765625 -435.08294677734375
-1139.5811767578125 -433.1072692871094
-1141.53564453125 -435.1072692871094
-1139.548095703125 -437.02001953125
-1141.5455322265625 -435.4878845214844
-1139.548095703125 -437.47296142578125
-1141.494873046875 -438.8108825683594
-1139.58837890625 -440.8061218261719
-1141.5869140625 -442.7995910644531
-1140.089111328125 -444.7994384765625
-1142.0577392578125 -446.7966003417969
-1141.0252685546875 -448.7964782714844
-1143.0245361328125 -450.7893981933594
-1141.0299072265625 -450.09259033203125
-1143.0213623046875 -451.98455810546875
-1141.0234375 -453.79669189453125
-1142.9537353515625 -455.7913818359375
-1140.9903564453125 -457.7833251953125
-1142.988037109375 -459.7673645019531
-1140.9945068359375 -461.7610778808594
-1142.9891357421875 -463.7582702636719
-1140.991455078125 -465.4425354003906
-1142.934814453125 -467.4301452636719
-1140.9571533203125 -469.2857971191406
-1142.953125 -471.27923583984375
-1143.0167236328125 -473.27874755859375
-1143.3994140625 -475.2787170410156
-1145.2666015625 -477.2785339355469
-1147.136962890625 -479.27850341796875
-1148.1708984375 -477.3514709472656
-1149.7008056640625 -479.35125732421875
-1149.8853759765625 -477.55364990234375
-1151.8109130859375 -479.5534973144531
-1153.1614990234375 -477.6081237792969
-1155.109375 -479.6080322265625
-1156.352294921875 -481.60784912109375
-1158.0560302734375 -482.7861633300781
-1160.0447998046875 -484.6310119628906
-1161.76611328125 -486.5158996582031
-1163.36474609375 -488.42474365234375
-1161.4993896484375 -488.2672424316406
-1162.173828125 -490.2660827636719
-1160.4349365234375 -490.370849609375
-1162.1282958984375 -492.367919921875
-1160.14013671875 -490.5242004394531
-1161.374267578125 -492.5229187011719
-1160.116455078125 -491.2592468261719
-1158.1533203125 -489.9087219238281
-1160.0728759765625 -491.9070129394531
