-1050.166015625 -271.9250793457031
-1048.4273681640625 -273.2288818359375
-1050.427001953125 -275.2127990722656
-1048.6265869140625 -276.41607666015625
-1050.62646484375 -278.26409912109375
-1048.9984130859375 -280.2203063964844
-1050.9920654296875 -282.1058654785156
-1049.02880859375 -284.0142822265625
-1047.1572265625 -285.6824951171875
-1048.5848388671875 -287.67999267578125
-1046.5933837890625 -289.6770324707031
-1048.5841064453125 -291.67633056640625
-1048.2249755859375 -293.67047119140625
-1046.2657470703125 -295.6595153808594
-1048.2630615234375 -297.6551818847656
-1046.26513671875 -299.65087890625
-1048.263671875 -301.6355285644531
-1046.2801513671875 -303.62957763671875
-1048.2799072265625 -305.6293029785156
-1046.9061279296875 -307.628173828125
-1047.061279296875 -307.8728942871094
-1048.7232666015625 -308.71923828125
-1050.5355224609375 -309.65960693359375
-1052.5321044921875 -310.3863830566406
-1054.486328125 -312.1106262207031
-1055.3692626953125 -310.40472412109375
-1054.7493896484375 -309.4341735839844
-1053.0020751953125 -311.4250793457031
-1054.0765380859375 -309.9429931640625
-1056.062744140625 -308.2245788574219
-1055.5396728515625 -310.21710205078125
-1057.41064453125 -312.2156982421875
-1059.3759765625 -310.2497863769531
-1058.35498046875 -312.2456359863281
-1059.2060546875 -310.7041015625
-1057.443603515625 -312.69183349609375
-1059.039306640625 -310.8872375488281
-1060.3712158203125 -312.8849182128906
-1061.7425537109375 -310.9259338378906
-1062.1917724609375 -312.9234924316406
-1064.0782470703125 -311.462890625
-1062.35400390625 -313.4599609375
-1064.32666015625 -311.46661376953125
-1062.5098876953125 -313.46600341796875
-1064.4512939453125 -311.6036682128906
-1065.5010986328125 -313.6031494140625
-1067.500732421875 -314.39996337890625
-1069.4920654296875 -314.99725341796875
-1067.7340087890625 -314.5325927734375
-1069.7335205078125 -316.51324462890625
-1068.6446533203125 -317.4256591796875
-1066.6883544921875 -318.51043701171875
-1068.687744140625 -320.2947082519531
-1066.7159423828125 -321.8284912109375
-1068.7156982421875 -323.6238098144531
-1067.271484375 -325.34136962890625
-1069.271484375 -327.2646484375
-1067.2789306640625 -329.23760986328125
-1069.27880859375 -330.5852966308594
-1067.385498046875 -332.46197509765625
-1069.38525390625 -334.4461364746094
-1067.4747314453125 -336.2638244628906
-1069.4744873046875 -338.21929931640625
-1067.849853515625 -340.1244812011719
-1069.8497314453125 -342.0970764160156
-1068.6014404296875 -344.0566101074219
-1070.6011962890625 -345.98114013671875
-1072.6011962890625 -347.9167175292969
-1072.02587890625 -349.7862548828125
-1070.122314453125 -351.2563171386719
-1072.122314453125 -353.162353515625
-1070.1380615234375 -353.828857421875
-1072.1380615234375 -355.8170471191406
-1070.1798095703125 -357.59527587890625
-1072.1798095703125 -359.54644775390625
-1070.2021484375 -361.2177734375
-1072.2021484375 -363.16302490234375
-1070.2545166015625 -363.45977783203125
-1072.2545166015625 -365.2655029296875
-1070.266357421875 -365.8537902832031
-1072.266357421875 -367.8528137207031
-1070.5311279296875 -369.04925537109375
-1072.5299072265625 -371.03424072265625
-1070.7847900390625 -372.0543518066406
-1068.80322265625 -373.77239990234375
-1070.8031005859375 -375.77166748046875
-1068.8170166015625 -377.5408020019531
-1070.816650390625 -379.495849609375
-1068.81689453125 -380.22479248046875
-1070.8167724609375 -382.0088806152344
-1068.8812255859375 -383.3120422363281
-1070.8812255859375 -385.3034362792969
-1068.8817138671875 -387.2254943847656
-1070.881591796875 -389.1966857910156
-1069.367919921875 -391.1808166503906
-1071.1837158203125 -389.87091064453125
-1069.406494140625 -391.8502197265625
-1071.403564453125 -390.3570556640625
-1069.4710693359375 -392.3464050292969
-1071.453369140625 -390.3814697265625
-1069.705810546875 -392.3777160644531
-1071.6556396484375 -390.45391845703125
-1069.6671142578125 -392.4307556152344
-1071.6629638671875 -390.5062255859375
-1069.8145751953125 -392.4908447265625
-1071.8033447265625 -390.50115966796875
-1069.9342041015625 -392.4804992675781
-1071.8966064453125 -390.6451721191406
-1069.99072265625 -392.61993408203125
-1071.96923828125 -390.6444396972656
-1071.7403564453125 -392.54534912109375
-1073.739990234375 -390.5923767089844
-1071.9302978515625 -392.57171630859375
-1073.9285888671875 -390.6030578613281
-1072.97802734375 -392.5805358886719
-1074.9757080078125 -391.84130859375
-1073.1729736328125 -393.8202819824219
-1075.1663818359375 -392.0164794921875
-1073.43310546875 -393.99359130859375
-1075.429931640625 -392.0063171386719
-1073.496826171875 -393.9945068359375
-1075.4932861328125 -392.23736572265625
-1074.7120361328125 -394.2363586425781
-1076.7120361328125 -392.265380859375
-1078.257568359375 -394.2449645996094
-1080.2574462890625 -395.55718994140625
-1082.2574462890625 -397.17547607421875
-1082.7493896484375 -395.2136535644531
-1084.1689453125 -394.15118408203125
-1082.1766357421875 -396.14422607421875
-1083.5640869140625 -394.18914794921875
-1083.6837158203125 -396.1878356933594
-1085.544189453125 -394.1897888183594
-1083.580078125 -396.1894226074219
-1085.5286865234375 -394.3414306640625
-1087.5211181640625 -394.0312805175781
-1085.536376953125 -396.02703857421875
-1087.515869140625 -394.17999267578125
-1085.5404052734375 -396.1770324707031
-1087.4971923828125 -394.259521484375
-1085.5975341796875 -396.2546081542969
-1087.587890625 -394.3067932128906
-1089.5780029296875 -392.4647216796875
-1090.4344482421875 -394.4588928222656
-1090.624267578125 -396.40966796875
-1092.624267578125 -398.3113708496094
-1094.611083984375 -397.05450439453125
-1096.5819091796875 -395.6953125
-1098.5789794921875 -395.59002685546875
-1098.0537109375 -397.58990478515625
-1100.0396728515625 -397.90899658203125
-1102.0394287109375 -399.3394775390625
-1104.0390625 -401.3310852050781
-1106.0377197265625 -403.3145751953125
-1108.033203125 -405.30316162109375
-1110.020263671875 -407.2955322265625
-1112.016845703125 -409.29547119140625
-1110.0185546875 -411.2727966308594
-1111.8497314453125 -413.27276611328125
-1109.8614501953125 -415.2720947265625
-1111.843017578125 -417.27142333984375
-1109.8465576171875 -419.2576904296875
-1111.8289794921875 -421.25750732421875
-1109.8392333984375 -423.2562561035156
-1111.8248291015625 -425.256103515625
-1109.8345947265625 -427.2531433105469
-1111.8333740234375 -429.25299072265625
-1109.8380126953125 -431.208251953125
-1111.6309814453125 -433.20794677734375
-1113.421630859375 -433.75299072265625
-1115.12744140625 -435.4349365234375
-1117.0887451171875 -433.8675231933594
-1118.908447265625 -433.7782287597656
-1120.8946533203125 -433.7840881347656
-1119.0245361328125 -435.61651611328125
-1120.6976318359375 -436.2546081542969
-1122.678955078125 -434.844970703125
-1124.6707763671875 -433.738525390625
-1124.595947265625 -435.7259826660156
-1126.5887451171875 -435.3445739746094
-1124.7083740234375 -437.3331604003906
-1126.6998291015625 -435.38037109375
-1124.729248046875 -437.34234619140625
-1126.7203369140625 -436.029296875
-1128.4803466796875 -434.06732177734375
-1126.786865234375 -435.9815979003906
-1128.6961669921875 -434.5656433105469
-1126.8330078125 -436.5525817871094
-1128.5802001953125 -435.0638122558594
-1126.675537109375 -437.0469055175781
-1128.5028076171875 -435.56805419921875
-1130.476318359375 -434.9047546386719
-1128.8902587890625 -436.89215087890625
-1130.864990234375 -434.91351318359375
-1129.44384765625 -436.9119873046875
-1131.43310546875 -435.0821838378906
-1133.2425537109375 -434.3804931640625
-1131.27294921875 -436.3804016113281
-1133.261474609375 -434.67218017578125
-1134.9888916015625 -436.1048889160156
-1136.1483154296875 -436.48370361328125
-1138.142333984375 -434.89453125
-1140.0723876953125 -434.0232849121094
-1138.9986572265625 -435.11956787109375
-1140.875732421875 -437.0445251464844
-1138.884033203125 -438.93310546875
-1140.8782958984375 -440.5477600097656
-1142.876953125 -442.482421875
-1140.9224853515625 -443.1327209472656
-1142.922119140625 -445.0931701660156
-1141.0692138671875 -447.0089416503906
-1143.069091796875 -448.9840087890625
-1141.0701904296875 -450.9491271972656
-1143.062744140625 -452.87689208984375
-1141.06494140625 -453.8089599609375
-1143.0477294921875 -455.76416015625
-1141.053955078125 -457.59893798828125
-1143.05029296875 -459.5773620605469
-1141.052734375 -461.5307922363281
-1143.034912109375 -463.5267639160156
-1141.0418701171875 -463.9693603515625
-1143.041015625 -465.9662170410156
-1141.0416259765625 -465.18109130859375
-1143.0408935546875 -467.17041015625
-1141.0751953125 -468.7659606933594
-1143.0706787109375 -470.7601318359375
-1141.07421875 -472.7115783691406
-1143.0693359375 -474.70892333984375
-1141.0703125 -476.69061279296875
-1139.760986328125 -478.6905822753906
-1141.7469482421875 -480.5857238769531
-1143.7467041015625 -482.15447998046875
-1145.6917724609375 -484.0877380371094
-1147.6883544921875 -482.2564392089844
-1149.6876220703125 -480.9488525390625
-1151.6868896484375 -482.8753356933594
-1153.6641845703125 -484.86669921875
-1155.6529541015625 -486.8660583496094
-1157.6146240234375 -488.8656311035156
-1156.9398193359375 -490.8656005859375
