-1050.1641845703125 -271.92333984375
-1048.1898193359375 -273.9204406738281
-1050.17431640625 -275.81414794921875
-1048.3685302734375 -277.81341552734375
-1050.345947265625 -279.7906799316406
-1048.3779296875 -281.77825927734375
-1049.9337158203125 -283.75848388671875
-1048.0771484375 -285.7521667480469
-1049.346435546875 -287.7506103515625
-1048.090087890625 -289.7475280761719
-1047.865234375 -291.7410583496094
-1049.3665771484375 -293.7405700683594
-1051.1419677734375 -295.7402648925781
-1049.165771484375 -297.7358703613281
-1047.2607421875 -299.73443603515625
-1049.2099609375 -301.7221374511719
-1047.2353515625 -303.7213439941406
-1049.17431640625 -305.4666748046875
-1050.5321044921875 -307.4635009765625
-1052.21142578125 -309.4634094238281
-1053.010986328125 -310.66326904296875
-1051.9168701171875 -308.85760498046875
-1053.0584716796875 -310.5107116699219
-1053.1468505859375 -310.25665283203125
-1053.2576904296875 -308.4921569824219
-1055.0673828125 -310.4886474609375
-1054.2667236328125 -308.97869873046875
-1055.7999267578125 -310.9772644042969
-1057.5794677734375 -312.1783447265625
-1056.6309814453125 -310.86370849609375
-1056.6383056640625 -309.686279296875
-1058.5535888671875 -311.6854248046875
-1057.6787109375 -312.45343017578125
-1056.946533203125 -310.61846923828125
-1058.1641845703125 -312.6156921386719
-1059.7822265625 -311.99078369140625
-1061.6558837890625 -310.45306396484375
-1062.7786865234375 -312.43890380859375
-1064.241943359375 -310.8438415527344
-1065.6680908203125 -312.8403015136719
-1067.217041015625 -314.4613342285156
-1069.2000732421875 -315.5721130371094
-1067.2835693359375 -317.42535400390625
-1069.2777099609375 -319.42364501953125
-1068.87255859375 -321.4234619140625
-1067.0579833984375 -323.4229736328125
-1068.7838134765625 -325.4170837402344
-1066.8414306640625 -327.4151306152344
-1068.556396484375 -329.4105224609375
-1066.67138671875 -331.4069519042969
-1068.5950927734375 -333.3937683105469
-1067.1322021484375 -335.3811340332031
-1069.1142578125 -337.3501892089844
-1068.293701171875 -339.349365234375
-1070.2730712890625 -341.3285217285156
-1070.4810791015625 -343.32843017578125
-1072.1654052734375 -345.3266296386719
-1070.6844482421875 -347.3265075683594
-1072.68212890625 -349.29296875
-1071.297607421875 -351.28790283203125
-1069.8961181640625 -353.2867126464844
-1071.88818359375 -355.2851867675781
-1072.7340087890625 -357.2850341796875
-1071.773681640625 -359.2842712402344
-1071.30029296875 -361.2835998535156
-1069.5760498046875 -363.2786865234375
-1071.574462890625 -365.2737121582031
-1072.0521240234375 -367.27117919921875
-1070.206298828125 -369.2663879394531
-1072.17529296875 -371.26513671875
-1070.449951171875 -373.23260498046875
-1069.532470703125 -375.2315979003906
-1071.5322265625 -377.123046875
-1069.769287109375 -379.1185607910156
-1071.767333984375 -381.1025695800781
-1071.4188232421875 -383.1015319824219
-1072.86474609375 -385.0573425292969
-1072.6552734375 -387.05718994140625
-1072.62451171875 -389.0565490722656
-1074.503662109375 -391.05596923828125
-1076.4698486328125 -393.055908203125
-1078.0743408203125 -391.05859375
-1079.887451171875 -393.0585632324219
-1081.8602294921875 -395.0579528808594
-1083.2923583984375 -393.14306640625
-1085.2596435546875 -395.1428527832031
-1086.9171142578125 -393.15850830078125
-1088.6741943359375 -395.1582946777344
-1090.5167236328125 -393.44903564453125
-1092.1094970703125 -395.4481506347656
-1094.1005859375 -394.4835205078125
-1096.074951171875 -396.48321533203125
-1097.6363525390625 -395.4947204589844
-1099.63525390625 -397.4940185546875
-1101.495849609375 -395.698974609375
-1103.49169921875 -397.69873046875
-1105.486328125 -399.54962158203125
-1107.4835205078125 -401.5292663574219
-1109.3050537109375 -402.2017822265625
-1111.303466796875 -404.0639953613281
-1109.477783203125 -406.0499267578125
-1111.4774169921875 -407.8663024902344
-1109.9156494140625 -409.8642272949219
-1111.9139404296875 -411.6490478515625
-1110.5584716796875 -413.6277160644531
-1112.5577392578125 -415.1289978027344
-1113.1387939453125 -417.11004638671875
-1112.4930419921875 -419.10858154296875
-1112.139404296875 -421.0776672363281
-1110.39208984375 -423.0686950683594
-1109.6512451171875 -425.06103515625
-1111.6507568359375 -427.0
-1110.0458984375 -428.99212646484375
-1112.044677734375 -430.9736328125
-1113.629638671875 -432.9693908691406
-1115.3526611328125 -430.97467041015625
-1117.1700439453125 -432.97454833984375
-1118.56396484375 -434.9742736816406
-1120.528076171875 -434.2014465332031
-1122.438232421875 -432.49072265625
-1124.4273681640625 -434.4903869628906
-1126.3740234375 -436.4903259277344
-1127.2930908203125 -437.4075927734375
-1127.980224609375 -437.91357421875
-1128.1944580078125 -436.2987060546875
-1129.56640625 -434.3522644042969
-1130.840087890625 -436.35211181640625
-1132.1937255859375 -436.03265380859375
-1133.44580078125 -434.7178955078125
-1135.3111572265625 -433.8874816894531
-1136.59423828125 -435.88458251953125
-1137.709716796875 -434.68060302734375
-1137.9803466796875 -432.8447265625
-1139.6376953125 -434.84027099609375
-1138.2408447265625 -436.73272705078125
-1139.625732421875 -434.8605041503906
-1137.7728271484375 -435.7749938964844
-1139.27880859375 -433.8093566894531
-1137.5731201171875 -435.7147216796875
-1139.4443359375 -434.4784240722656
-1137.931640625 -436.20733642578125
-1139.51025390625 -434.90362548828125
-1137.5321044921875 -436.885986328125
-1139.2633056640625 -435.20550537109375
-1140.6864013671875 -433.22723388671875
-1138.7471923828125 -435.220703125
-1140.46484375 -433.3646240234375
-1138.48095703125 -434.8079528808594
-1140.2730712890625 -432.9532165527344
-1138.5599365234375 -434.9375915527344
-1140.2327880859375 -433.51861572265625
-1138.9072265625 -435.3725891113281
-1140.072998046875 -433.5196838378906
-1138.098876953125 -435.12237548828125
-1139.751953125 -434.5653076171875
-1137.8255615234375 -436.5610656738281
-1139.1793212890625 -437.6064453125
-1141.0792236328125 -436.79144287109375
-1139.2108154296875 -438.77557373046875
-1141.1824951171875 -440.4630126953125
-1140.392822265625 -442.445068359375
-1142.390625 -444.442138671875
-1140.946044921875 -446.3263854980469
-1142.93408203125 -448.3193664550781
-1144.7796630859375 -450.3191223144531
-1142.824462890625 -451.2657775878906
-1140.9517822265625 -453.1809387207031
-1142.9468994140625 -455.1765441894531
-1141.48583984375 -457.02099609375
-1143.4794921875 -459.009033203125
-1141.59130859375 -460.971923828125
-1143.580078125 -462.9656066894531
-1141.8746337890625 -464.9433898925781
-1140.102294921875 -466.88671875
-1142.06689453125 -468.86053466796875
-1140.6832275390625 -470.5945739746094
-1142.681640625 -472.58758544921875
-1142.3424072265625 -474.5857849121094
-1144.303955078125 -476.5565185546875
-1144.074462890625 -478.5542297363281
-1145.1986083984375 -476.6126403808594
-1146.8341064453125 -478.61212158203125
-1147.7381591796875 -477.3759460449219
-1148.93603515625 -479.37548828125
-1150.2181396484375 -477.40240478515625
-1150.6912841796875 -479.3958435058594
-1149.0313720703125 -477.5685119628906
-1151.0228271484375 -479.5618591308594
-1152.1207275390625 -477.95233154296875
-1153.9456787109375 -479.9491271972656
-1155.125244140625 -478.1005859375
-1155.3421630859375 -480.0918884277344
-1157.2265625 -479.5942687988281
-1157.398681640625 -481.5845031738281
-1159.1739501953125 -482.94866943359375
-1159.363037109375 -484.9049987792969
-1160.3280029296875 -486.8866271972656
-1161.6405029296875 -488.87103271484375
-1161.044921875 -490.7426452636719
-1159.0775146484375 -490.1973876953125
-1160.9833984375 -492.1858215332031
-1158.984375 -491.35272216796875
