-1050.1650390625 -271.9408874511719
-1048.1827392578125 -273.9383850097656
-1050.1815185546875 -275.93255615234375
-1048.2198486328125 -277.916259765625
-1050.2193603515625 -279.9132080078125
-1048.76513671875 -281.9130554199219
-1050.76318359375 -283.912841796875
-1049.0687255859375 -285.91278076171875
-1047.198974609375 -287.91180419921875
-1049.152587890625 -289.9109802246094
-1048.4078369140625 -291.91021728515625
-1049.615234375 -293.9098205566406
-1048.5074462890625 -295.89697265625
-1046.7177734375 -297.8934631347656
-1048.7174072265625 -299.8829040527344
-1046.8233642578125 -301.87237548828125
-1048.822998046875 -303.87091064453125
-1048.492431640625 -305.87060546875
-1049.580322265625 -307.8623352050781
-1050.585205078125 -305.9646301269531
-1050.9010009765625 -307.9626159667969
-1051.583251953125 -309.9626159667969
-1053.4486083984375 -308.8752746582031
-1053.22216796875 -310.8744812011719
-1055.1527099609375 -309.0126953125
-1055.5179443359375 -311.0121765136719
-1056.4903564453125 -309.1737976074219
-1057.022705078125 -311.173583984375
-1058.9637451171875 -309.2206115722656
-1058.8243408203125 -311.2178955078125
-1060.7490234375 -309.22418212890625
-1061.6121826171875 -311.22418212890625
-1062.731201171875 -313.2235107421875
-1063.7850341796875 -311.67926025390625
-1065.7108154296875 -309.9351806640625
-1066.2025146484375 -311.93487548828125
-1067.1893310546875 -313.9347229003906
-1069.1883544921875 -315.8582458496094
-1067.2122802734375 -317.8312072753906
-1069.212158203125 -319.8147888183594
-1067.2489013671875 -321.8140563964844
-1069.2412109375 -323.8114318847656
-1067.368896484375 -325.8111267089844
-1069.3431396484375 -327.81048583984375
-1069.0601806640625 -329.80975341796875
-1068.2491455078125 -331.8092956542969
-1070.248779296875 -333.7998352050781
-1068.56591796875 -335.7992858886719
-1066.8726806640625 -337.79901123046875
-1068.8541259765625 -339.79888916015625
-1066.865966796875 -341.7964172363281
-1068.8643798828125 -343.79620361328125
-1070.86328125 -344.443603515625
-1070.312744140625 -346.4426574707031
-1072.312744140625 -348.43475341796875
-1070.3157958984375 -350.4344482421875
-1072.3150634765625 -352.4331359863281
-1070.3309326171875 -354.43304443359375
-1072.2838134765625 -356.4326477050781
-1070.346435546875 -358.43255615234375
-1072.343994140625 -360.4319152832031
-1071.51904296875 -362.43182373046875
-1069.754150390625 -364.431640625
-1071.7421875 -366.42022705078125
-1069.9169921875 -368.41888427734375
-1071.9146728515625 -370.4187927246094
-1069.9730224609375 -372.417724609375
-1071.9342041015625 -374.4176330566406
-1070.654296875 -376.41754150390625
-1068.71044921875 -378.4172668457031
-1070.709716796875 -380.4158020019531
-1070.786376953125 -382.415771484375
-1068.93505859375 -384.41522216796875
-1070.911865234375 -386.4151916503906
-1069.56689453125 -388.41510009765625
-1071.562255859375 -390.4149169921875
-1073.5057373046875 -392.4149169921875
-1075.33984375 -390.4186096191406
-1077.28564453125 -392.4186096191406
-1079.2730712890625 -394.4185791015625
-1081.25 -394.8410339355469
-1083.20361328125 -396.8409729003906
-1081.530029296875 -395.6229553222656
-1082.0633544921875 -395.8047180175781
-1083.9591064453125 -395.69476318359375
-1085.7991943359375 -394.1784362792969
-1087.767822265625 -396.1784362792969
-1089.744873046875 -394.2691955566406
-1091.6783447265625 -396.2691955566406
-1093.6776123046875 -397.73541259765625
-1095.5694580078125 -395.7701416015625
-1097.4366455078125 -394.00323486328125
-1099.4349365234375 -396.0032043457031
-1101.4132080078125 -394.4646301269531
-1103.4075927734375 -396.464599609375
-1105.40380859375 -398.2271728515625
-1107.4036865234375 -400.0565185546875
-1109.402587890625 -402.01116943359375
-1111.402587890625 -403.9520568847656
-1110.59423828125 -405.9518737792969
-1110.25537109375 -407.951171875
-1112.25537109375 -409.8697204589844
-1113.282470703125 -411.8687438964844
-1113.7193603515625 -413.86865234375
-1111.8314208984375 -415.86865234375
-1110.7005615234375 -417.8684387207031
-1109.507080078125 -419.8683776855469
-1111.507080078125 -421.864501953125
-1112.3260498046875 -423.8606872558594
-1112.3656005859375 -425.8604431152344
-1111.2437744140625 -427.8596496582031
-1111.9346923828125 -429.859619140625
-1110.565673828125 -431.8595886230469
-1111.3870849609375 -432.07818603515625
-1112.1806640625 -430.45770263671875
-1111.6678466796875 -432.4576721191406
-1111.7862548828125 -430.65399169921875
-1112.0609130859375 -432.65380859375
-1113.1993408203125 -432.775146484375
-1115.1778564453125 -431.0365295410156
-1115.6917724609375 -433.0365295410156
-1117.642333984375 -432.6247863769531
-1119.5340576171875 -434.6247863769531
-1121.498779296875 -433.3681945800781
-1122.946044921875 -435.3681945800781
-1124.945556640625 -434.1656799316406
-1126.7320556640625 -436.1656799316406
-1127.5484619140625 -436.7730712890625
-1127.4970703125 -436.3988037109375
-1129.40625 -435.6069030761719
-1131.38232421875 -433.67340087890625
-1133.3494873046875 -435.67333984375
-1134.6417236328125 -435.5509948730469
-1136.59228515625 -433.7145080566406
-1137.681884765625 -435.7145080566406
-1139.6036376953125 -434.3728942871094
-1138.1976318359375 -436.36407470703125
-1140.177978515625 -435.4834289550781
-1138.3804931640625 -437.4828796386719
-1140.3746337890625 -438.3121032714844
-1142.3741455078125 -440.19525146484375
-1140.4107666015625 -442.1946105957031
-1142.3895263671875 -444.1935729980469
-1140.4256591796875 -446.1926574707031
-1142.42431640625 -448.18621826171875
-1141.5926513671875 -450.1861877441406
-1143.5894775390625 -452.1650695800781
-1141.5966796875 -454.1630859375
-1143.5938720703125 -456.10552978515625
-1141.812255859375 -458.1052551269531
-1139.8519287109375 -460.105224609375
-1141.8438720703125 -462.0478820800781
-1139.9539794921875 -464.0477600097656
-1141.939208984375 -466.0226745605469
-1139.9598388671875 -468.02252197265625
-1141.94775390625 -470.0190124511719
-1140.0865478515625 -472.0190124511719
-1142.0516357421875 -474.0152587890625
-1144.0477294921875 -476.01397705078125
-1145.313232421875 -478.0139465332031
-1147.183837890625 -478.36151123046875
-1148.1446533203125 -480.005615234375
-1147.577880859375 -481.05267333984375
-1145.670654296875 -479.2783203125
-1147.4927978515625 -480.50836181640625
-1147.0001220703125 -481.72430419921875
-1146.7071533203125 -480.9596252441406
-1146.908935546875 -479.19659423828125
-1148.8394775390625 -480.5492248535156
-1148.1748046875 -480.4479064941406
-1147.22314453125 -479.8561706542969
-1145.8245849609375 -480.84759521484375
-1146.1898193359375 -479.2037353515625
-1144.3936767578125 -477.42572021484375
-1145.5484619140625 -479.42572021484375
-1147.3157958984375 -479.4090270996094
-1146.801513671875 -481.0472106933594
-1148.0396728515625 -479.49639892578125
-1149.8309326171875 -477.9350280761719
-1148.5709228515625 -479.93499755859375
-1148.289306640625 -481.40625
-1146.655517578125 -480.01348876953125
-1148.3017578125 -481.18328857421875
-1149.334228515625 -481.8916320800781
-1150.0950927734375 -480.5654296875
-1151.8287353515625 -478.7740783691406
-1152.2989501953125 -479.70013427734375
-1154.1932373046875 -478.797607421875
-1155.053466796875 -480.7975769042969
-1156.6846923828125 -482.0103759765625
-1158.510498046875 -484.0008239746094
-1159.6854248046875 -485.7020263671875
-1161.2403564453125 -487.4433288574219
-1162.8055419921875 -489.101318359375
-1160.854248046875 -489.1004333496094
-1161.9674072265625 -491.0677185058594
-1160.0401611328125 -492.5524597167969
