-1050.094482421875 -271.9385986328125
-1048.18212890625 -273.8822326660156
-1050.178955078125 -275.8742980957031
-1048.1953125 -277.7453308105469
-1050.1199951171875 -279.7196350097656
-1048.122802734375 -281.6826171875
-1050.1025390625 -283.6821594238281
-1048.432373046875 -285.3821716308594
-1046.59521484375 -287.33709716796875
-1048.5914306640625 -289.3365783691406
-1048.4549560546875 -291.0240478515625
-1049.66064453125 -292.9716796875
-1051.65234375 -294.94866943359375
-1049.8505859375 -296.9404296875
-1048.0308837890625 -298.8376770019531
-1050.0198974609375 -300.8335876464844
-1048.0372314453125 -302.7425842285156
-1046.5621337890625 -304.2172546386719
-1048.5401611328125 -306.21368408203125
-1047.9984130859375 -308.19671630859375
-1049.7269287109375 -309.26959228515625
-1051.713623046875 -310.9396667480469
-1053.697265625 -311.18292236328125
-1055.6727294921875 -310.8515625
-1057.6319580078125 -310.647705078125
-1059.5535888671875 -312.6376037597656
-1061.546875 -314.32012939453125
-1063.5238037109375 -315.0
-1065.50634765625 -316.61907958984375
-1067.503662109375 -318.3446044921875
-1069.5030517578125 -320.2038879394531
-1068.7672119140625 -322.1988830566406
-1067.648681640625 -323.0379333496094
-1069.6485595703125 -325.02740478515625
-1067.675048828125 -326.5164489746094
-1069.67431640625 -328.4945068359375
-1068.362548828125 -330.3306579589844
-1067.1566162109375 -332.2674560546875
-1069.156494140625 -334.2591552734375
-1067.2308349609375 -336.10919189453125
-1069.21875 -338.05169677734375
-1067.2197265625 -339.62091064453125
-1069.2197265625 -341.4499816894531
-1067.74169921875 -341.4287109375
-1069.737060546875 -343.3883361816406
-1069.8387451171875 -345.1770935058594
-1071.8359375 -347.0835266113281
-1069.853271484375 -348.74285888671875
-1071.8531494140625 -350.6725158691406
-1070.0078125 -350.3978271484375
-1072.0078125 -352.2183837890625
-1070.04638671875 -353.5946350097656
-1072.0458984375 -355.0593566894531
-1070.0458984375 -356.2950439453125
-1072.0455322265625 -358.2269592285156
-1070.1558837890625 -359.3243713378906
-1072.1556396484375 -361.05535888671875
-1070.1915283203125 -362.4009094238281
-1072.190673828125 -364.3464050292969
-1070.194091796875 -365.89697265625
-1072.1939697265625 -367.6235046386719
-1070.195556640625 -369.4849548339844
-1072.1939697265625 -371.4723815917969
-1070.3531494140625 -371.9573669433594
-1068.474609375 -373.3976135253906
-1070.474365234375 -375.34918212890625
-1069.127197265625 -374.0159606933594
-1071.126953125 -375.928466796875
-1069.1278076171875 -377.2908630371094
-1071.1275634765625 -379.2830810546875
-1069.3941650390625 -379.2426452636719
-1071.3941650390625 -381.20697021484375
-1069.3944091796875 -383.06097412109375
-1071.39404296875 -385.00115966796875
-1069.8365478515625 -386.0888366699219
-1071.8363037109375 -387.9999694824219
-1070.1046142578125 -389.94110107421875
-1069.4962158203125 -390.7464294433594
-1071.4837646484375 -389.3406066894531
-1069.9827880859375 -391.2770690917969
-1071.9801025390625 -390.8392333984375
-1070.0107421875 -392.838623046875
-1071.9945068359375 -391.69464111328125
-1073.98779296875 -390.03094482421875
-1075.5711669921875 -391.92437744140625
-1077.5032958984375 -393.91131591796875
-1079.503173828125 -393.6990966796875
-1081.4798583984375 -395.6985778808594
-1082.6512451171875 -394.2468566894531
-1084.6495361328125 -396.2456970214844
-1086.5631103515625 -394.685302734375
-1088.4083251953125 -394.6720886230469
-1090.407958984375 -394.687744140625
-1091.32080078125 -396.68603515625
-1093.3206787109375 -397.6195068359375
-1095.177734375 -397.6615905761719
-1097.0927734375 -397.9389343261719
-1099.0902099609375 -398.654296875
-1101.0899658203125 -400.4542541503906
-1103.08984375 -402.205322265625
-1105.0882568359375 -402.0407409667969
-1107.0877685546875 -403.7705383300781
-1109.085205078125 -405.7592468261719
-1111.085205078125 -407.2079772949219
-1109.0888671875 -408.4063720703125
-1111.086181640625 -410.406005859375
-1109.4918212890625 -412.1535339355469
-1111.4605712890625 -413.9710693359375
-1109.4912109375 -415.82568359375
-1111.4912109375 -417.8254089355469
-1109.5606689453125 -418.98687744140625
-1111.559814453125 -420.9858703613281
-1110.4029541015625 -422.9521179199219
-1108.782470703125 -424.9331359863281
-1110.7808837890625 -426.60601806640625
-1108.82275390625 -428.3519287109375
-1110.8018798828125 -430.3479309082031
-1112.6846923828125 -432.3470764160156
-1114.409423828125 -433.4822692871094
-1116.2894287109375 -434.00244140625
-1118.2764892578125 -433.7950439453125
-1119.1470947265625 -435.7166748046875
-1121.1298828125 -434.1949768066406
-1123.0921630859375 -436.1911315917969
-1125.08251953125 -434.98876953125
-1126.0272216796875 -436.9881896972656
-1128.0220947265625 -437.5697021484375
-1130.018310546875 -436.6859436035156
-1131.8458251953125 -437.51690673828125
-1133.7415771484375 -436.2048034667969
-1134.3465576171875 -436.40032958984375
-1136.228759765625 -437.04022216796875
-1138.22412109375 -437.192626953125
-1140.2239990234375 -436.71826171875
-1138.332763671875 -438.6374206542969
-1140.3326416015625 -440.1114501953125
-1142.332275390625 -442.104736328125
-1140.337890625 -444.0897521972656
-1142.3350830078125 -446.085693359375
-1140.3355712890625 -448.06219482421875
-1142.3350830078125 -450.052734375
-1140.34765625 -450.442138671875
-1142.3409423828125 -452.44171142578125
-1140.3837890625 -453.81298828125
-1142.3834228515625 -455.7012634277344
-1140.387451171875 -457.46453857421875
-1142.3873291015625 -459.4278259277344
-1140.407958984375 -461.1990966796875
-1142.4073486328125 -463.1964416503906
-1140.4075927734375 -462.0644836425781
-1142.400390625 -463.98968505859375
-1140.67578125 -464.42584228515625
-1142.6756591796875 -464.36395263671875
-1140.67626953125 -466.3528137207031
-1142.6761474609375 -468.1724853515625
-1140.680908203125 -470.1136779785156
-1142.666748046875 -472.0827941894531
-1140.7186279296875 -473.9582824707031
-1142.7135009765625 -475.9566345214844
-1144.3160400390625 -477.94549560546875
-1142.4666748046875 -479.87786865234375
-1143.529296875 -481.5001525878906
-1143.855712890625 -480.6355285644531
-1145.7703857421875 -481.2113342285156
-1143.9638671875 -479.68212890625
-1145.2325439453125 -481.1526794433594
-1146.8836669921875 -480.4693603515625
-1148.865478515625 -480.75323486328125
-1150.54248046875 -479.8722839355469
-1149.0894775390625 -481.2015075683594
-1150.96728515625 -481.5302734375
-1152.511962890625 -482.4552307128906
-1154.5113525390625 -484.40087890625
-1156.49951171875 -486.0333557128906
-1158.498779296875 -487.964599609375
-1160.4949951171875 -489.8348388671875
-1161.9595947265625 -491.8272705078125
-1159.9901123046875 -492.8695373535156
