-1050.103271484375 -271.92071533203125
-1048.1600341796875 -273.9201965332031
-1050.14111328125 -275.81341552734375
-1048.273193359375 -277.81072998046875
-1050.2528076171875 -279.7803039550781
-1048.528564453125 -281.7782897949219
-1050.4337158203125 -283.7342529296875
-1048.4986572265625 -285.7158203125
-1046.7684326171875 -287.71429443359375
-1048.521728515625 -289.70947265625
-1047.9403076171875 -291.7094421386719
-1048.50537109375 -293.6994323730469
-1047.30078125 -295.698486328125
-1049.294189453125 -297.6214599609375
-1048.0396728515625 -299.61785888671875
-1049.873046875 -301.5752868652344
-1047.8934326171875 -303.5748291015625
-1045.94384765625 -305.5726318359375
-1047.7847900390625 -307.5501403808594
-1049.4295654296875 -308.7505187988281
-1049.188720703125 -307.10882568359375
-1050.673828125 -305.47357177734375
-1050.177490234375 -307.47149658203125
-1050.598876953125 -309.471435546875
-1049.642333984375 -309.36993408203125
-1050.430419921875 -307.60003662109375
-1052.2628173828125 -309.5997009277344
-1050.6561279296875 -308.0060729980469
-1051.039794921875 -307.28643798828125
-1052.6627197265625 -309.28594970703125
-1053.9400634765625 -308.11181640625
-1055.5906982421875 -310.1114196777344
-1057.0853271484375 -312.11102294921875
-1058.2320556640625 -310.32635498046875
-1060.115234375 -312.3250732421875
-1060.1290283203125 -310.44549560546875
-1061.705322265625 -312.4415588378906
-1060.333984375 -311.0262756347656
-1062.33056640625 -313.02520751953125
-1062.9893798828125 -311.2404479980469
-1062.9368896484375 -313.2322082519531
-1063.5418701171875 -313.2969055175781
-1064.0386962890625 -312.0863342285156
-1064.9881591796875 -313.087158203125
-1066.5625 -313.6576232910156
-1068.5418701171875 -315.6102600097656
-1066.54443359375 -317.6087646484375
-1068.4375 -319.5836181640625
-1066.6912841796875 -321.5819396972656
-1068.6146240234375 -323.5788269042969
-1067.6571044921875 -325.57708740234375
-1069.256591796875 -327.5767822265625
-1068.9969482421875 -329.5755920410156
-1067.288818359375 -331.5741882324219
-1069.2655029296875 -333.5699157714844
-1067.391845703125 -335.5639343261719
-1069.3505859375 -337.54449462890625
-1067.84716796875 -339.543212890625
-1069.8272705078125 -341.5398254394531
-1071.194091796875 -343.5395812988281
-1073.105224609375 -345.5391540527344
-1071.992919921875 -347.5381774902344
-1071.6302490234375 -349.53643798828125
-1071.9796142578125 -351.5252685546875
-1071.3624267578125 -353.5245361328125
-1071.562744140625 -355.5211486816406
-1070.4637451171875 -357.50830078125
-1072.447021484375 -359.5027160644531
-1073.4041748046875 -361.5025939941406
-1071.762451171875 -363.5013732910156
-1070.207275390625 -365.4936828613281
-1072.167236328125 -367.4915466308594
-1071.34814453125 -369.4832458496094
-1069.599853515625 -371.47320556640625
-1071.5177001953125 -373.472900390625
-1069.9791259765625 -375.47064208984375
-1071.89306640625 -377.4015197753906
-1070.2960205078125 -379.3822326660156
-1072.291015625 -381.3710632324219
-1071.380615234375 -383.36737060546875
-1072.454345703125 -385.3636779785156
-1070.9554443359375 -387.175537109375
-1070.91845703125 -389.17083740234375
-1072.828857421875 -391.1674499511719
-1074.793701171875 -393.16729736328125
-1076.7335205078125 -391.24261474609375
-1078.6724853515625 -393.24249267578125
-1080.6456298828125 -395.2410583496094
-1082.6453857421875 -397.1019592285156
-1082.9500732421875 -395.2474060058594
-1084.37548828125 -393.3098449707031
-1086.2982177734375 -395.30950927734375
-1087.4671630859375 -393.3184814453125
-1089.4185791015625 -395.317138671875
-1091.3455810546875 -393.4648742675781
-1093.30859375 -395.46429443359375
-1095.2769775390625 -397.46075439453125
-1096.9962158203125 -395.4666748046875
-1098.9786376953125 -397.46588134765625
-1100.8504638671875 -397.1258850097656
-1102.7532958984375 -395.1658935546875
-1104.7509765625 -397.15460205078125
-1106.7318115234375 -398.6261901855469
-1108.7298583984375 -400.1632995605469
-1110.698486328125 -398.9098815917969
-1109.0137939453125 -400.88873291015625
-1111.0009765625 -399.59600830078125
-1110.2081298828125 -401.5516357421875
-1108.301025390625 -403.5171203613281
-1110.3001708984375 -405.3165588378906
-1112.2996826171875 -407.2531433105469
-1111.9852294921875 -409.2513732910156
-1110.77392578125 -411.232421875
-1109.580810546875 -413.21771240234375
-1111.5799560546875 -415.2009582519531
-1109.7481689453125 -417.1553955078125
-1111.747802734375 -419.1537170410156
-1110.668212890625 -421.11053466796875
-1108.922607421875 -423.0993957519531
-1110.9205322265625 -425.0842590332031
-1111.3973388671875 -427.0685729980469
-1110.8206787109375 -428.97802734375
-1111.98779296875 -430.9703369140625
-1113.6053466796875 -432.9588928222656
-1114.9425048828125 -431.0797424316406
-1116.6785888671875 -433.07763671875
-1118.0557861328125 -431.13623046875
-1119.193603515625 -433.13604736328125
-1121.122314453125 -435.1358947753906
-1121.3583984375 -433.1497802734375
-1123.235595703125 -435.1496276855469
-1124.2056884765625 -434.4096984863281
-1126.12548828125 -436.40966796875
-1125.949951171875 -434.6519470214844
-1127.146240234375 -436.6513366699219
-1126.3604736328125 -435.3852233886719
-1127.9879150390625 -437.3851623535156
-1129.406494140625 -436.1933898925781
-1131.103515625 -434.36029052734375
-1133.07568359375 -436.3592834472656
-1134.0804443359375 -435.4249572753906
-1135.7021484375 -433.4550476074219
-1137.405517578125 -435.4547424316406
-1137.478515625 -433.47406005859375
-1139.1702880859375 -435.4726867675781
-1140.9964599609375 -433.8897399902344
-1139.0189208984375 -435.3854675292969
-1139.892333984375 -433.4000244140625
-1138.0064697265625 -434.6745910644531
-1139.489501953125 -432.7226867675781
-1141.42041015625 -434.7203674316406
-1139.7493896484375 -436.44146728515625
-1141.6123046875 -435.16046142578125
-1139.9532470703125 -436.9624328613281
-1141.533203125 -437.5700988769531
-1140.002685546875 -439.5452575683594
-1141.9986572265625 -441.5418395996094
-1141.8707275390625 -443.5201721191406
-1142.755859375 -445.52008056640625
-1141.9844970703125 -447.47845458984375
-1143.2801513671875 -449.4776306152344
-1142.63671875 -450.70538330078125
-1140.69921875 -451.4568786621094
-1142.696533203125 -453.3721923828125
-1140.7510986328125 -455.3081970214844
-1142.71728515625 -457.3014221191406
-1141.2598876953125 -459.1346740722656
-1143.2403564453125 -461.1249694824219
-1141.29541015625 -463.0032653808594
-1143.267578125 -464.9466857910156
-1141.6685791015625 -466.9140625
-1139.7921142578125 -468.8512878417969
-1141.7879638671875 -470.835693359375
-1143.6824951171875 -472.8299865722656
-1142.7120361328125 -474.82928466796875
-1144.3807373046875 -476.82879638671875
-1146.271728515625 -478.8276062011719
-1146.02197265625 -476.90838623046875
-1145.994873046875 -478.9039306640625
-1147.4022216796875 -477.0414733886719
-1147.3709716796875 -479.0306091308594
-1148.213134765625 -477.64605712890625
-1150.164794921875 -479.6438293457031
-1149.7447509765625 -477.8988342285156
-1150.4351806640625 -479.8976745605469
-1149.43310546875 -478.3819580078125
-1150.072509765625 -477.03533935546875
-1151.8697509765625 -479.0350036621094
-1153.7662353515625 -479.3675231933594
-1154.0947265625 -479.4427185058594
-1155.2940673828125 -478.37579345703125
-1156.70947265625 -480.3754577636719
-1158.5966796875 -482.375244140625
-1159.677490234375 -484.1951599121094
-1161.40576171875 -485.5927429199219
-1162.0712890625 -487.5853271484375
-1161.735595703125 -489.4284362792969
-1159.7547607421875 -488.52325439453125
-1160.771240234375 -490.5072021484375
-1158.7752685546875 -488.85516357421875
-1160.646728515625 -490.81439208984375
-1158.7620849609375 -489.1142883300781
-1158.145751953125 -491.08807373046875
