-805.9778442382812 -456.0477294921875
-807.7449340820312 -458.0032043457031
-807.93505859375 -459.99609375
-806.518310546875 -461.9517517089844
-808.069091796875 -463.87896728515625
-806.4803466796875 -465.8681945800781
-804.9161987304688 -467.6891174316406
-806.3550415039062 -467.1033020019531
-808.0259399414062 -467.7214050292969
-806.087158203125 -469.6376953125
-807.439208984375 -469.4437561035156
-805.637939453125 -471.1769104003906
-805.3246459960938 -472.6799621582031
-806.9207763671875 -474.57659912109375
-808.6881103515625 -476.4690246582031
-810.5297241210938 -478.4689636230469
-812.5291748046875 -480.4689636230469
-814.5283203125 -482.46832275390625
-816.5281982421875 -484.4682922363281
-818.5194091796875 -486.4682312011719
-820.5182495117188 -488.4418640136719
-822.516845703125 -486.44256591796875
-824.5158081054688 -488.4425048828125
-826.5155639648438 -486.4444580078125
-828.5133666992188 -488.4444274902344
-830.5111694335938 -486.4444885253906
-832.5079956054688 -488.443115234375
-834.50732421875 -486.4432067871094
-836.50634765625 -488.4391784667969
-838.4857788085938 -486.44305419921875
-840.4855346679688 -488.4390563964844
-842.4848022460938 -486.4393005371094
-844.4844360351562 -484.4397277832031
-846.4771118164062 -486.43389892578125
-848.47607421875 -484.4374084472656
-850.4429321289062 -486.4372863769531
-852.4425659179688 -484.4374694824219
-854.4307861328125 -486.4337158203125
-856.4265747070312 -484.43743896484375
-858.4175415039062 -486.4322509765625
-860.4161987304688 -484.4337158203125
-862.4130249023438 -486.4327392578125
-864.2535400390625 -484.4328918457031
-866.2166748046875 -486.425048828125
-868.16552734375 -484.4254150390625
-870.1600341796875 -486.29498291015625
-872.1058959960938 -484.3043212890625
-874.09423828125 -486.2829895019531
-876.0856323242188 -484.2853698730469
-878.0264282226562 -486.2573547363281
-879.9024658203125 -484.2618103027344
-881.8839111328125 -486.2478332519531
-883.864501953125 -488.1880798339844
-885.8640747070312 -486.2157897949219
-887.4421997070312 -488.1716613769531
-889.429443359375 -486.1737976074219
-891.4177856445312 -487.7226867675781
-893.1218872070312 -485.7344665527344
-895.0908203125 -486.3785095214844
-897.0620727539062 -488.2784729003906
-899.0177612304688 -486.28179931640625
-901.0036010742188 -484.3017883300781
-902.9918212890625 -485.9352722167969
-904.984130859375 -487.90362548828125
-906.8261108398438 -485.9163513183594
-908.7183837890625 -487.896240234375
-910.4483642578125 -485.9151916503906
-911.9942626953125 -487.8433837890625
-913.9379272460938 -485.849853515625
-915.5966186523438 -486.45721435546875
-916.8294067382812 -485.04705810546875
-918.785888671875 -486.9534606933594
-920.7633056640625 -484.95452880859375
-922.7611083984375 -486.8105773925781
-924.0533447265625 -484.83135986328125
-926.0478515625 -486.72802734375
-928.0241088867188 -484.7365417480469
-930.0215454101562 -486.641357421875
-931.173828125 -484.6441650390625
-933.1685180664062 -484.1729736328125
-935.16845703125 -484.92376708984375
-937.1660766601562 -485.2242736816406
-939.166015625 -484.01123046875
-941.1659545898438 -482.21209716796875
-943.1658935546875 -480.2605895996094
-945.1656494140625 -478.2677307128906
-947.16552734375 -476.9644470214844
-949.1652221679688 -476.23406982421875
-949.6027221679688 -474.23919677734375
-951.0425415039062 -472.2423400878906
-952.9783935546875 -470.2432861328125
-954.9070434570312 -468.2433166503906
-956.3217163085938 -466.2493896484375
-956.9058837890625 -464.25732421875
-955.7156982421875 -462.25762939453125
-954.3016967773438 -460.26312255859375
-956.2100219726562 -458.2718811035156
-956.7530517578125 -456.41729736328125
-957.8824462890625 -454.7344970703125
-958.5201416015625 -452.74139404296875
-957.1253051757812 -450.7433166503906
-956.925048828125 -448.7514343261719
-958.23974609375 -446.7523193359375
-960.1521606445312 -444.7733154296875
-959.042236328125 -442.7737121582031
-958.5626831054688 -440.7964782714844
-957.6127319335938 -438.8919982910156
-958.6619873046875 -437.7610778808594
-959.6805419921875 -435.82110595703125
-960.5059204101562 -433.8237609863281
-960.9014282226562 -431.830322265625
-960.328369140625 -429.848388671875
-958.6707763671875 -427.8736877441406
-960.2399291992188 -426.1422119140625
-959.5137329101562 -424.1603698730469
-961.2083740234375 -423.9575500488281
-959.4053955078125 -422.0096130371094
-960.8428955078125 -420.2068176269531
-960.6176147460938 -418.4422607421875
-962.4981689453125 -416.49285888671875
-961.9170532226562 -415.08026123046875
-963.6641235351562 -413.51763916015625
-961.714599609375 -411.61773681640625
-961.85009765625 -410.45904541015625
-963.3005981445312 -408.5073547363281
-961.8338012695312 -407.3362121582031
-963.0993041992188 -407.7236633300781
-961.2431030273438 -406.486328125
-961.8729248046875 -404.52301025390625
-962.8477172851562 -403.1894226074219
-964.3817138671875 -401.7822265625
-963.1575317382812 -400.9854431152344
-964.1574096679688 -400.20977783203125
-964.8522338867188 -399.5375671386719
-966.4967041015625 -398.02734375
-968.4686279296875 -396.1363830566406
-970.4649047851562 -394.54364013671875
-972.4437255859375 -396.5350646972656
-974.4429321289062 -394.5462646484375
-976.4315185546875 -396.5388488769531
-978.4267578125 -394.5891418457031
-980.4216918945312 -396.56414794921875
-982.4132690429688 -394.9996337890625
-984.3604736328125 -396.97991943359375
-986.3298950195312 -395.42523193359375
-988.2628784179688 -395.986572265625
-989.9356079101562 -394.5599060058594
-991.9034423828125 -396.393798828125
-993.8953857421875 -395.7253723144531
-994.367919921875 -394.03668212890625
-996.3595581054688 -394.2370300292969
-998.329345703125 -394.656005859375
-1000.29541015625 -395.4861145019531
-1002.2567138671875 -394.0899963378906
-1004.200927734375 -394.0713806152344
-1005.13671875 -393.0605163574219
-1005.8650512695312 -392.7613220214844
-1007.7852783203125 -390.98712158203125
-1006.7222290039062 -390.9422912597656
-1007.391357421875 -389.4820556640625
-1005.8352661132812 -390.694580078125
-1007.7200317382812 -390.8753662109375
-1008.3074951171875 -391.7113952636719
-1008.65283203125 -392.98504638671875
-1010.222412109375 -393.961669921875
-1012.1675415039062 -395.7004699707031
-1014.09326171875 -393.9005432128906
-1014.8561401367188 -393.9099426269531
-1015.4760131835938 -394.3340148925781
-1016.5244140625 -394.6116638183594
-1015.6082763671875 -392.8472595214844
-1014.3897094726562 -391.14642333984375
-1013.4630737304688 -390.7251892089844
-1014.9773559570312 -391.5333251953125
-1016.7559814453125 -393.07733154296875
-1017.2498168945312 -392.2775573730469
-1018.1972045898438 -390.4490051269531
-1018.223876953125 -392.1340026855469
-1018.7001342773438 -393.1369934082031
-1017.8576049804688 -393.4475402832031
-1019.5370483398438 -392.5196838378906
-1021.0421142578125 -391.28228759765625
-1022.8174438476562 -392.027099609375
-1024.314208984375 -391.8892517089844
-1026.252197265625 -390.01629638671875
-1024.263671875 -388.8966369628906
-1026.2447509765625 -386.9394226074219
