-802.635498046875 -456.3382263183594
-801.19384765625 -458.2748107910156
-800.3082275390625 -457.72943115234375
-799.529296875 -458.75
-801.2265625 -459.68975830078125
-802.458251953125 -460.61273193359375
-802.634765625 -462.5862731933594
-802.8357543945312 -463.0414733886719
-804.0479125976562 -465.0181579589844
-805.580810546875 -466.8927307128906
-803.7764282226562 -468.3807067871094
-803.868408203125 -469.0860900878906
-802.3800659179688 -470.74951171875
-802.54931640625 -472.5743408203125
-802.6944580078125 -474.5712585449219
-803.8099365234375 -476.5594482421875
-805.7027587890625 -478.5579833984375
-807.4432373046875 -480.5572204589844
-809.43359375 -482.55718994140625
-811.4224853515625 -484.5558776855469
-813.3099975585938 -486.552978515625
-815.2896728515625 -488.5524597167969
-817.2493896484375 -486.565673828125
-819.2130737304688 -488.5653381347656
-821.0968017578125 -486.565673828125
-823.09375 -488.5610656738281
-825.0478515625 -486.5625305175781
-827.0235595703125 -488.5521240234375
-828.407470703125 -486.5669860839844
-830.3968505859375 -488.4602966308594
-832.3919067382812 -486.4756774902344
-834.2463989257812 -488.465576171875
-836.2315673828125 -486.4683837890625
-838.2032470703125 -488.46661376953125
-840.1693725585938 -486.51617431640625
-842.1649169921875 -488.27276611328125
-843.9788208007812 -486.2728576660156
-845.689453125 -484.2952880859375
-847.531494140625 -486.2877502441406
-849.530517578125 -484.3168029785156
-851.482177734375 -486.238525390625
-853.3873291015625 -484.24127197265625
-855.3712768554688 -486.2311706542969
-857.328857421875 -484.24224853515625
-859.3150024414062 -486.1755065917969
-860.1103515625 -484.18072509765625
-862.0885009765625 -486.11016845703125
-864.045166015625 -484.1122741699219
-865.916015625 -486.07183837890625
-867.8770751953125 -484.48052978515625
-869.86962890625 -486.4637451171875
-871.7315673828125 -484.4709777832031
-873.6825561523438 -486.4493408203125
-875.5504150390625 -484.4998779296875
-877.54443359375 -486.4954833984375
-879.4906616210938 -484.63348388671875
-881.453369140625 -486.4801330566406
-883.4434814453125 -484.5572204589844
-885.421630859375 -486.4719543457031
-887.384765625 -488.30029296875
-889.0265502929688 -486.40631103515625
-891.0204467773438 -488.3954772949219
-892.9725952148438 -486.4161376953125
-894.9458618164062 -488.38226318359375
-896.5708618164062 -486.3961181640625
-898.3589477539062 -484.84600830078125
-900.3497924804688 -486.77606201171875
-902.341796875 -484.8617248535156
-904.3353881835938 -486.51678466796875
-906.16162109375 -484.53765869140625
-908.0529174804688 -486.41497802734375
-910.0057373046875 -487.29791259765625
-911.800048828125 -485.3158264160156
-913.7972412109375 -486.9150085449219
-915.5966796875 -485.1760559082031
-917.5863647460938 -486.9640808105469
-919.5498657226562 -485.07861328125
-921.5313110351562 -485.8170166015625
-923.5020751953125 -487.56658935546875
-924.9693603515625 -485.57550048828125
-926.862548828125 -484.94512939453125
-928.859375 -486.7664489746094
-930.6950073242188 -484.76904296875
-932.6837158203125 -483.1522216796875
-934.672607421875 -481.1793518066406
-936.6668090820312 -479.1878967285156
-938.6535034179688 -477.1885681152344
-940.5611572265625 -475.1889343261719
-942.5379028320312 -473.1892395019531
-944.5345458984375 -471.1893310546875
-946.5287475585938 -469.1893615722656
-948.4752807617188 -467.1893615722656
-950.3208618164062 -465.26361083984375
-952.1356201171875 -463.33648681640625
-953.5117797851562 -461.3414001464844
-955.412841796875 -459.3561706542969
-954.0711059570312 -457.4605407714844
-954.5567016601562 -455.92523193359375
-954.9656982421875 -453.9965515136719
-954.1930541992188 -452.1847229003906
-955.581787109375 -450.3374328613281
-956.5259399414062 -448.3499755859375
-956.48388671875 -446.3665466308594
-957.7507934570312 -444.37554931640625
-957.3700561523438 -442.37677001953125
-956.8793334960938 -441.1440124511719
-957.707275390625 -439.29290771484375
-958.6600341796875 -437.3503723144531
-956.8999633789062 -435.501708984375
-956.1441040039062 -433.76373291015625
-956.129638671875 -431.8135070800781
-955.0687866210938 -429.82598876953125
-953.5684204101562 -427.8529052734375
-955.183349609375 -425.8596496582031
-957.0392456054688 -423.9444580078125
-958.8892211914062 -421.9627685546875
-958.5902099609375 -420.0224914550781
-957.779052734375 -418.1007385253906
-956.9073486328125 -416.1881408691406
-957.4315185546875 -414.43707275390625
-956.760498046875 -412.5554504394531
-956.2282104492188 -410.8680419921875
-956.9974365234375 -409.2413635253906
-958.0265502929688 -407.2525634765625
-958.298583984375 -405.2953796386719
-959.6598510742188 -404.4679870605469
-961.0389404296875 -402.6813659667969
-961.837158203125 -400.71331787109375
-962.0848999023438 -398.7330017089844
-963.1766967773438 -396.7447204589844
-964.6121215820312 -394.7447204589844
-964.6431274414062 -396.08465576171875
-966.013671875 -394.0846862792969
-967.509033203125 -395.8682861328125
-967.4374389648438 -393.8682861328125
-969.331298828125 -395.6416931152344
-970.6332397460938 -397.4526672363281
-972.602783203125 -395.45269775390625
-974.2610473632812 -397.24359130859375
-976.1556396484375 -395.24359130859375
-978.133544921875 -395.88397216796875
-980.079345703125 -397.8011169433594
-982.0465698242188 -395.8011474609375
-983.8339233398438 -397.58984375
-985.8156127929688 -395.5898742675781
-987.5737915039062 -397.3648681640625
-989.5234985351562 -395.3648681640625
-991.1773071289062 -397.013427734375
-993.1510009765625 -395.01348876953125
-994.9736938476562 -396.6054992675781
-996.6930541992188 -394.6054992675781
-998.3961791992188 -396.0072937011719
-999.65087890625 -394.00732421875
-1001.6290893554688 -395.804443359375
-1003.1658935546875 -393.80450439453125
-1004.8330688476562 -394.9533996582031
-1006.8269653320312 -392.9533996582031
-1007.7693481445312 -394.4130554199219
-1008.3843994140625 -395.41741943359375
-1010.3450927734375 -393.4175109863281
-1012.2562255859375 -394.6745910644531
-1013.478759765625 -392.6751708984375
-1015.4203491210938 -393.8634033203125
-1017.3970947265625 -395.56072998046875
-1017.8931274414062 -393.5607604980469
-1019.4642333984375 -395.48968505859375
-1020.768798828125 -397.43896484375
-1020.9915161132812 -395.43902587890625
-1022.6111450195312 -396.9500732421875
-1023.5281982421875 -394.9501037597656
-1025.4281005859375 -392.950439453125
-1026.796142578125 -394.9314270019531
-1027.7098388671875 -392.93145751953125
-1029.3251953125 -394.8988952636719
-1031.21142578125 -392.8989562988281
-1033.100830078125 -394.7968444824219
-1034.986328125 -392.797119140625
