-802.316162109375 -456.4824523925781
-800.3179321289062 -458.3952941894531
-798.4756469726562 -460.38519287109375
-796.4952392578125 -462.3595886230469
-794.816162109375 -464.2364807128906
-793.9884643554688 -466.19659423828125
-792.0086669921875 -468.1850891113281
-790.4768676757812 -469.6558532714844
-789.6080322265625 -471.5078125
-789.3848266601562 -472.71795654296875
-787.4793701171875 -474.1890869140625
-787.3480834960938 -475.87774658203125
-787.2573852539062 -477.5091247558594
-787.1475830078125 -479.1637268066406
-787.80322265625 -479.0127868652344
-788.5641479492188 -480.39642333984375
-788.23828125 -482.0372619628906
-787.1741333007812 -484.03411865234375
-788.7181396484375 -485.983642578125
-790.7032470703125 -487.9634704589844
-792.7015991210938 -487.1001281738281
-794.5899658203125 -489.0646667480469
-796.5859375 -489.93145751953125
-798.5842895507812 -490.04119873046875
-800.5791015625 -489.2141418457031
-802.57763671875 -489.89923095703125
-804.5762939453125 -488.51287841796875
-806.5758056640625 -486.6020812988281
-808.070556640625 -488.5849609375
-810.05615234375 -486.6207580566406
-811.4087524414062 -488.5695495605469
-813.408203125 -486.5798034667969
-814.904541015625 -488.54852294921875
-816.9041137695312 -486.5514831542969
-818.3021850585938 -488.3259582519531
-820.2966918945312 -486.340087890625
-821.2531127929688 -488.3297119140625
-823.2517700195312 -486.3323974609375
-825.24755859375 -488.3283996582031
-827.2447509765625 -486.3358154296875
-829.2404174804688 -488.3343200683594
-831.236328125 -486.3360595703125
-832.7264404296875 -488.3028564453125
-834.7005004882812 -486.3099365234375
-836.6395263671875 -488.2599792480469
-838.5982666015625 -486.2603454589844
-840.576904296875 -488.0764465332031
-842.5748901367188 -486.07696533203125
-844.5314331054688 -488.0628356933594
-846.4790649414062 -486.1681213378906
-848.4559326171875 -488.107666015625
-850.4518432617188 -486.1105651855469
-852.2993774414062 -484.1550598144531
-851.024658203125 -482.3551025390625
-852.8261108398438 -484.35333251953125
-853.8117065429688 -486.276123046875
-855.7780151367188 -484.28948974609375
-857.5003662109375 -485.3016662597656
-859.407958984375 -486.9087829589844
-861.4005126953125 -484.9131164550781
-863.3123168945312 -486.7461242675781
-865.2789916992188 -484.74615478515625
-867.127685546875 -486.722900390625
-869.12060546875 -484.7342834472656
-871.0670776367188 -486.7127380371094
-873.0431518554688 -484.7210388183594
-872.0838012695312 -486.6568908691406
-874.0830688476562 -484.65814208984375
-876.0628662109375 -483.97576904296875
-876.91015625 -483.711669921875
-878.0704956054688 -485.1794128417969
-879.9132690429688 -486.3196105957031
-881.8768310546875 -487.1589050292969
-883.8742065429688 -485.1644287109375
-884.971923828125 -486.7546081542969
-886.8502197265625 -485.2130432128906
-888.8267211914062 -486.73211669921875
-890.6846923828125 -486.8404846191406
-892.6555786132812 -488.3931579589844
-894.2039184570312 -486.3948974609375
-896.1950073242188 -487.61383056640625
-898.0365600585938 -485.61383056640625
-899.10009765625 -487.0472106933594
-901.0689697265625 -485.0472717285156
-903.0289306640625 -484.8210754394531
-903.7130126953125 -483.39459228515625
-904.961181640625 -484.8895568847656
-906.0045776367188 -485.2178039550781
-907.2332763671875 -484.78778076171875
-909.1748046875 -484.8272705078125
-910.4501953125 -484.6352844238281
-912.2083740234375 -486.4283447265625
-914.1085815429688 -485.5330810546875
-915.5963745117188 -486.0110168457031
-917.44921875 -487.0044250488281
-919.3866577148438 -485.0052795410156
-921.2205200195312 -484.7951354980469
-922.9253540039062 -485.6426086425781
-924.8447875976562 -486.3196105957031
-926.83203125 -484.82647705078125
-928.7841186523438 -485.63897705078125
-930.7743530273438 -484.56646728515625
-932.77001953125 -485.3265075683594
-934.7684326171875 -483.3616638183594
-936.766845703125 -481.3822326660156
-938.7664794921875 -479.7657165527344
-940.7622680664062 -477.7842712402344
-942.7620239257812 -475.814697265625
-944.761962890625 -473.81976318359375
-946.761962890625 -471.8674621582031
-948.761962890625 -469.87322998046875
-949.2078247070312 -467.8740234375
-950.493896484375 -465.87603759765625
-950.2021484375 -463.87847900390625
-948.6298217773438 -461.87890625
-950.1105346679688 -459.8791809082031
-950.00244140625 -457.8792419433594
-948.2305908203125 -455.8813781738281
-947.01318359375 -453.88433837890625
-945.264892578125 -451.8901062011719
-947.264892578125 -449.894287109375
-949.23388671875 -447.8957214355469
-948.3397216796875 -446.3011779785156
-950.322021484375 -444.3036193847656
-952.3196411132812 -442.3037414550781
-952.3931274414062 -440.3130187988281
-952.8841552734375 -438.3249206542969
-952.6773681640625 -436.3252258300781
-953.5589599609375 -434.3387145996094
-954.167724609375 -432.3497619628906
-954.7467041015625 -430.3570251464844
-954.2699584960938 -428.3707275390625
-952.8421020507812 -426.3794250488281
-952.3847045898438 -424.3981628417969
-951.9493408203125 -422.45819091796875
-953.6087646484375 -420.4737548828125
-954.5969848632812 -418.4892578125
-954.8989868164062 -416.4901123046875
-956.2805786132812 -414.4906005859375
-954.611572265625 -412.5738525390625
-956.1614379882812 -410.57537841796875
-957.3226318359375 -408.57733154296875
-955.65576171875 -406.8336486816406
-955.0430908203125 -405.07366943359375
-956.6365356445312 -403.0772705078125
-958.2523803710938 -401.11358642578125
-960.0374755859375 -399.1322021484375
-962.0208740234375 -397.13311767578125
-964.0206909179688 -395.1430969238281
-965.27880859375 -396.1124572753906
-967.2785034179688 -394.114013671875
-967.42626953125 -395.0357666015625
-967.5996704101562 -394.60003662109375
-969.4431762695312 -396.25787353515625
-971.4180908203125 -394.258544921875
-970.9818725585938 -396.06427001953125
-972.9815673828125 -394.0644226074219
-973.98193359375 -393.6403503417969
-975.8517456054688 -395.4989318847656
-976.6591186523438 -396.32940673828125
-978.6588134765625 -394.330322265625
-980.19482421875 -395.9940490722656
-981.7880249023438 -397.1717224121094
-983.7875366210938 -395.18505859375
-985.7507934570312 -395.48114013671875
-987.63720703125 -396.8685302734375
-989.6361694335938 -394.8696594238281
-990.3646850585938 -396.1216735839844
-992.3642578125 -394.12176513671875
-993.28173828125 -395.8601989746094
-995.2816772460938 -393.86041259765625
-997.2073974609375 -393.975830078125
-999.1975708007812 -395.1873474121094
-1001.1971435546875 -393.22625732421875
-1002.8932495117188 -394.1560363769531
-1004.7423706054688 -392.55828857421875
-1006.4876708984375 -392.449951171875
-1008.0366821289062 -393.716064453125
-1009.5028686523438 -392.45660400390625
-1010.3546752929688 -391.9986267089844
-1010.2904663085938 -392.6679992675781
-1011.7935791015625 -393.8122253417969
-1013.4331665039062 -394.2518310546875
-1015.375 -393.5283508300781
-1013.936767578125 -392.5401306152344
-1013.73388671875 -393.9900817871094
-1015.5504150390625 -392.94805908203125
-1015.2282104492188 -393.8102111816406
-1016.9479370117188 -395.2547607421875
-1018.9479370117188 -393.2551574707031
-1020.6051635742188 -393.6460876464844
-1022.595458984375 -394.91937255859375
-1024.59521484375 -392.91943359375
-1024.3319091796875 -391.138916015625
-1026.3077392578125 -391.7634582519531
-1026.286865234375 -389.8964538574219
-1024.4765625 -389.54931640625
-1024.8367919921875 -387.6961364746094
