-802.8681640625 -452.8062438964844
-801.849365234375 -450.86639404296875
-800.8648681640625 -449.01007080078125
-799.2201538085938 -447.1510314941406
-797.7852783203125 -445.2608337402344
-796.2171020507812 -443.40460205078125
-795.17431640625 -441.4300537109375
-796.0285034179688 -439.56719970703125
-794.1842041015625 -437.5802307128906
-793.3404541015625 -435.6354064941406
-794.2449340820312 -433.657470703125
-793.5496826171875 -431.6595458984375
-795.29638671875 -429.6739807128906
-794.5399780273438 -427.7706298828125
-795.5267944335938 -425.7910461425781
-796.9284057617188 -424.37823486328125
-798.8887329101562 -422.4095153808594
-800.8716430664062 -420.4330749511719
-800.388427734375 -418.8385925292969
-798.5311279296875 -416.9549865722656
-797.987548828125 -415.05023193359375
-799.64453125 -413.0705261230469
-799.0457153320312 -411.092041015625
-797.84521484375 -409.1709899902344
-796.3353271484375 -407.2765197753906
-798.3345336914062 -406.2475891113281
-800.3214721679688 -408.0283508300781
-801.5818481445312 -406.2298278808594
-801.7113647460938 -404.24188232421875
-803.693115234375 -405.5834655761719
-802.0007934570312 -403.6142883300781
-803.998291015625 -405.1181945800781
-803.7760620117188 -404.2133483886719
-803.60693359375 -402.2348327636719
-805.6004638671875 -402.77203369140625
-807.6001586914062 -403.2177734375
-805.990234375 -401.23699951171875
-807.9877319335938 -402.509765625
-808.687744140625 -400.6346130371094
-810.6476440429688 -401.8274230957031
-812.3360595703125 -399.8365783691406
-813.8505249023438 -397.87310791015625
-815.1893310546875 -398.3500671386719
-816.82080078125 -396.3555908203125
-818.597412109375 -395.40985107421875
-820.5860595703125 -393.4207763671875
-822.3712158203125 -391.6089172363281
-824.36669921875 -390.59124755859375
-825.327392578125 -390.86798095703125
-824.8333129882812 -392.7339782714844
-826.7916870117188 -394.2327575683594
-827.8453979492188 -394.5824279785156
-828.1536254882812 -396.0404357910156
-830.10791015625 -394.0416564941406
-832.0508422851562 -395.9425354003906
-832.8316650390625 -397.887451171875
-834.7261962890625 -395.95074462890625
-836.1160278320312 -397.8453674316406
-838.0328979492188 -395.8478088378906
-839.9716186523438 -396.8239440917969
-841.9571533203125 -397.09722900390625
-843.9517211914062 -395.0990905761719
-844.914306640625 -397.00726318359375
-846.9046630859375 -395.0179138183594
-848.7625732421875 -396.8096008300781
-850.7483520507812 -394.8916015625
-852.5950927734375 -396.38116455078125
-854.593994140625 -394.4529724121094
-856.5875244140625 -393.95611572265625
-858.5030517578125 -393.8204040527344
-859.3800659179688 -395.1515197753906
-861.217529296875 -395.873291015625
-862.9314575195312 -397.63275146484375
-864.8727416992188 -395.67822265625
-866.794921875 -396.7962341308594
-868.4136352539062 -394.8086242675781
-869.6375122070312 -396.7110900878906
-871.505126953125 -394.7452392578125
-873.39599609375 -394.9036865234375
-875.3240356445312 -395.7356262207031
-877.3134155273438 -396.3073425292969
-879.1904907226562 -394.4242248535156
-881.1088256835938 -394.5800476074219
-883.0994873046875 -392.633056640625
-884.8401489257812 -393.7718505859375
-886.7483520507812 -391.7807312011719
-887.2409057617188 -393.3753356933594
-888.1262817382812 -394.5312805175781
-889.99755859375 -392.53564453125
-890.3516235351562 -393.51617431640625
-889.8917846679688 -394.80419921875
-891.881103515625 -392.8679504394531
-893.8123168945312 -394.19482421875
-895.6414794921875 -395.4922790527344
-897.6326904296875 -397.4717102050781
-899.4313354492188 -395.6248779296875
-901.34375 -397.3047180175781
-903.3128051757812 -395.3177490234375
-904.7088623046875 -397.19403076171875
-906.169921875 -395.216796875
-907.2060546875 -396.9591979980469
-909.1720581054688 -395.0038146972656
-908.656982421875 -396.7952575683594
-910.5370483398438 -394.8675231933594
-911.3720092773438 -395.6797180175781
-910.705322265625 -396.4154357910156
-911.9896850585938 -398.3143615722656
-913.9347534179688 -396.4524230957031
-915.6492919921875 -397.4000244140625
-917.6484985351562 -395.55902099609375
-919.3506469726562 -396.8003234863281
-920.7523803710938 -395.28173828125
-920.6614990234375 -396.743896484375
-922.652099609375 -395.30767822265625
-924.6026611328125 -397.120361328125
-926.4199829101562 -395.19989013671875
-926.5266723632812 -395.9840087890625
-928.44091796875 -396.11102294921875
-929.7684326171875 -397.33251953125
-931.6699829101562 -395.3966064453125
-933.6624145507812 -394.0589904785156
-935.2205810546875 -393.8847961425781
-937.2120361328125 -393.8531188964844
-939.1710815429688 -392.52081298828125
-941.0930786132812 -390.56243896484375
-942.9566650390625 -388.6780700683594
-944.9351196289062 -386.6949462890625
-946.9332275390625 -384.6993103027344
-948.87255859375 -382.7096862792969
-950.3229370117188 -380.73602294921875
-952.2899780273438 -378.7633361816406
-953.1644287109375 -377.0212707519531
-954.9528198242188 -375.29144287109375
-956.9323120117188 -373.5444641113281
-958.1327514648438 -371.96929931640625
-959.55517578125 -370.2503967285156
-961.4838256835938 -368.6187744140625
-963.4443359375 -367.197509765625
-964.8243408203125 -367.4103698730469
-966.6801147460938 -365.5547180175781
-968.10986328125 -366.4306335449219
-966.532958984375 -365.3791809082031
-966.995361328125 -366.0664978027344
-965.588623046875 -367.0987854003906
-966.2973022460938 -366.50164794921875
-965.1333618164062 -365.01220703125
-966.533447265625 -363.6027526855469
-966.4376831054688 -365.0171813964844
-967.8221435546875 -365.402099609375
-968.046875 -365.7288818359375
-968.6910400390625 -365.3497619628906
-966.7374877929688 -367.2936096191406
-968.5108032226562 -366.8420715332031
-967.199462890625 -366.0887451171875
-965.8050537109375 -364.4845275878906
-967.1251831054688 -363.4142150878906
-967.3970336914062 -362.00439453125
-966.1651611328125 -361.47564697265625
-967.5714111328125 -359.61077880859375
-968.4222412109375 -359.4815368652344
-969.5134887695312 -357.9342956542969
-970.7930297851562 -356.4003601074219
-968.9696044921875 -357.55780029296875
-970.0681762695312 -359.45697021484375
-970.1017456054688 -358.6065979003906
-972.0015869140625 -358.6230163574219
-973.5415649414062 -359.18634033203125
-974.1405029296875 -357.4427795410156
-974.7691040039062 -359.19732666015625
-976.739501953125 -357.435302734375
-975.5687866210938 -359.1995849609375
-977.5645141601562 -359.2672424316406
-979.5573120117188 -357.6268615722656
-981.3501586914062 -358.9532775878906
-983.2987060546875 -357.30224609375
-982.6282348632812 -359.2931823730469
-984.6151733398438 -358.0720520019531
-986.5975341796875 -357.0856018066406
-987.0719604492188 -359.06842041015625
-988.201904296875 -358.04248046875
-990.1795654296875 -357.5837097167969
-992.12939453125 -355.7769470214844
-993.3206787109375 -357.7298583984375
-995.3095092773438 -357.18359375
-997.0774536132812 -359.0437316894531
-999.030517578125 -357.5983581542969
-1001.027099609375 -357.7497863769531
-1003.0196533203125 -355.82611083984375
-1002.6260986328125 -357.7771911621094
-1004.2947998046875 -355.95904541015625
-1002.9903564453125 -357.8551025390625
-1004.9794921875 -356.49090576171875
-1004.5534057617188 -358.4749755859375
-1006.5354614257812 -357.0914001464844
-1008.5173950195312 -356.08203125
-1009.3007202148438 -354.816162109375
-1011.0595092773438 -355.0419006347656
-1013.0240478515625 -354.0743103027344
