-940.9481201171875 -88.34050750732422
-942.9479370117188 -90.34038543701172
-944.9478149414062 -92.3403091430664
-946.9476928710938 -94.33948516845703
-945.6818237304688 -96.337646484375
-947.6807861328125 -98.3373794555664
-948.0007934570312 -100.33243560791016
-949.2972412109375 -102.33014678955078
-947.6692504882812 -104.19281768798828
-946.6195068359375 -106.1864013671875
-945.6710815429688 -108.15348815917969
-947.6708984375 -110.15345001220703
-949.4083862304688 -112.09193420410156
-950.143310546875 -114.08960723876953
-951.0062866210938 -116.08777618408203
-949.80029296875 -118.05057525634766
-947.8462524414062 -120.0453872680664
-949.6194458007812 -121.90400695800781
-950.7359619140625 -123.89170837402344
-952.14404296875 -125.89098358154297
-953.2654418945312 -127.87232971191406
-954.7034912109375 -129.74746704101562
-953.189453125 -131.73602294921875
-952.5778198242188 -133.6104278564453
-951.6854248046875 -135.58877563476562
-952.0514526367188 -137.46356201171875
-950.7928466796875 -139.4625244140625
-951.6436157226562 -141.41510009765625
-953.0436401367188 -143.1800079345703
-953.4877319335938 -145.12733459472656
-955.1890258789062 -147.09811401367188
-953.8673706054688 -149.09230041503906
-955.3966674804688 -151.07778930664062
-954.4915161132812 -152.9756622314453
-953.4710083007812 -154.8628692626953
-953.390625 -156.86219787597656
-955.25390625 -158.85296630859375
-954.3461303710938 -160.83534240722656
-953.234619140625 -162.7763671875
-952.2625732421875 -164.6678009033203
-954.2200317382812 -166.59169006347656
-953.4649047851562 -168.5460205078125
-954.7694702148438 -170.49642944335938
-956.2902221679688 -171.4708709716797
-955.8317260742188 -173.2333984375
-954.6731567382812 -174.10821533203125
-955.8392333984375 -175.4406280517578
-955.080322265625 -177.31253051757812
-957.0118408203125 -179.1314697265625
-958.731689453125 -180.9082489013672
-960.0821533203125 -182.87884521484375
-959.6268920898438 -184.81494140625
-961.62646484375 -186.8060760498047
-959.7471313476562 -184.8953399658203
-961.6930541992188 -186.8922882080078
-961.95654296875 -185.94476318359375
-961.9237060546875 -186.612060546875
-960.3069458007812 -187.78392028808594
-959.3923950195312 -189.668701171875
-957.8240966796875 -190.3639373779297
-959.2152709960938 -191.80247497558594
-961.0753173828125 -190.63401794433594
-959.4408569335938 -192.40032958984375
-960.5767211914062 -194.0625762939453
-960.3174438476562 -192.95335388183594
-961.3919677734375 -193.0306396484375
-961.0931396484375 -191.9319610595703
-962.3574829101562 -192.72007751464844
-963.0526733398438 -193.41966247558594
-962.7604370117188 -193.66888427734375
-960.8253173828125 -195.32440185546875
-961.162841796875 -193.83975219726562
-961.9222412109375 -193.74693298339844
-961.483642578125 -194.99801635742188
-959.5753784179688 -194.71434020996094
-959.1077880859375 -195.1653289794922
-960.5247192382812 -196.30242919921875
-960.223876953125 -195.35362243652344
-961.0645141601562 -194.61427307128906
-962.748779296875 -193.844970703125
-961.9749755859375 -194.17071533203125
-963.8577880859375 -194.58103942871094
-962.4053955078125 -195.70602416992188
-963.2710571289062 -195.6578369140625
-962.0335693359375 -197.26754760742188
-963.6793212890625 -198.06182861328125
-965.4208984375 -199.79653930664062
-967.415283203125 -201.574951171875
-966.9598999023438 -202.74505615234375
-966.3292236328125 -204.61880493164062
-968.1047973632812 -206.5883026123047
-970.0442504882812 -208.5366668701172
-972.043701171875 -210.53636169433594
-973.3088989257812 -212.5206298828125
-975.2902221679688 -214.5167999267578
-977.2792358398438 -216.51632690429688
-979.2758178710938 -218.5149688720703
-981.235107421875 -216.5161895751953
-983.2327270507812 -218.51519775390625
-985.2237548828125 -216.52667236328125
-987.2191162109375 -214.53147888183594
-989.2163696289062 -216.5294189453125
-991.2117309570312 -214.5418243408203
-993.2040405273438 -216.5415802001953
-995.0884399414062 -214.5459747314453
-997.0825805664062 -216.54576110839844
-999.062255859375 -214.54603576660156
-1001.0615844726562 -216.5448455810547
-1003.0277709960938 -214.54969787597656
-1005.0269165039062 -216.5496826171875
-1007.026611328125 -214.56629943847656
-1009.0205078125 -216.56625366210938
-1010.9661254882812 -214.5686492919922
-1012.93994140625 -212.57081604003906
-1014.937744140625 -214.57044982910156
-1016.9243774414062 -212.5814666748047
-1018.9148559570312 -214.5793914794922
-1020.9116821289062 -212.58004760742188
-1022.9055786132812 -214.50645446777344
-1024.8980712890625 -216.5054168701172
-1026.761962890625 -214.50941467285156
-1028.7586669921875 -216.50875854492188
-1030.7530517578125 -214.51173400878906
-1032.75244140625 -216.50897216796875
-1034.6427001953125 -214.5098876953125
-1036.6419677734375 -216.5048828125
-1038.639892578125 -214.50521850585938
-1040.6163330078125 -216.4943084716797
-1042.582763671875 -214.51873779296875
-1044.5213623046875 -216.4993438720703
-1046.5133056640625 -218.49176025390625
-1048.4991455078125 -220.49148559570312
-1050.479736328125 -218.74961853027344
-1048.862060546875 -216.8008575439453
-1050.8580322265625 -218.7987823486328
-1051.2562255859375 -216.81414794921875
-1053.254150390625 -218.8125762939453
-1051.6173095703125 -217.1337890625
-1053.5487060546875 -219.13307189941406
-1054.7335205078125 -217.1361846923828
-1056.4345703125 -215.15664672851562
-1058.4154052734375 -217.15606689453125
-1060.3968505859375 -215.15951538085938
-1062.2850341796875 -213.22610473632812
-1064.279296875 -215.2176971435547
-1066.2786865234375 -213.2396697998047
-1068.2464599609375 -215.2275390625
-1070.2447509765625 -217.2268524169922
-1072.0675048828125 -215.23245239257812
-1073.745361328125 -217.23130798339844
-1075.7384033203125 -215.33836364746094
-1077.717041015625 -217.335693359375
-1079.711669921875 -219.3337860107422
-1081.3963623046875 -217.6107635498047
-1083.39599609375 -219.6100311279297
-1085.2889404296875 -217.79559326171875
-1087.216796875 -219.79551696777344
-1087.0302734375 -219.9139404296875
-1088.6832275390625 -218.5800018310547
-1090.6546630859375 -218.6058807373047
-1092.35888671875 -218.38995361328125
-1092.92041015625 -216.82408142089844
-1094.9046630859375 -218.82388305664062
