-940.2444458007812 -88.32916259765625
-942.1552124023438 -90.23004150390625
-944.0126953125 -92.21439361572266
-945.96728515625 -94.19660949707031
-947.9353637695312 -96.13707733154297
-949.4114379882812 -98.12732696533203
-950.3897705078125 -100.11795806884766
-950.0487060546875 -102.1082763671875
-949.1135864257812 -104.0412826538086
-947.2330932617188 -105.9368896484375
-945.293212890625 -107.71282958984375
-947.1632690429688 -109.48499298095703
-947.7303466796875 -111.39205169677734
-948.9885864257812 -113.32267761230469
-947.484375 -114.97245788574219
-948.6172485351562 -116.7921142578125
-949.98828125 -118.47782897949219
-951.9418334960938 -120.18653869628906
-953.2454833984375 -122.1439208984375
-955.21533203125 -124.10948181152344
-956.9779052734375 -125.89025115966797
-955.0980834960938 -127.85122680664062
-954.8670654296875 -129.70523071289062
-954.7924194335938 -131.68783569335938
-956.6585693359375 -133.5714569091797
-956.9529418945312 -135.20106506347656
-958.1610717773438 -136.83251953125
-957.626708984375 -138.6073760986328
-957.9414672851562 -140.60049438476562
-956.3990478515625 -142.19308471679688
-957.4111328125 -143.91732788085938
-957.1636352539062 -145.63348388671875
-956.4912109375 -147.4913330078125
-958.4453735351562 -146.68173217773438
-957.473388671875 -148.67393493652344
-959.3287353515625 -149.96656799316406
-958.5504760742188 -151.71450805664062
-957.3290405273438 -153.67852783203125
-959.1751708984375 -155.41734313964844
-957.6846313476562 -157.25146484375
-956.056640625 -157.98080444335938
-954.5076904296875 -159.9405059814453
-954.5599975585938 -160.1031951904297
-955.289794921875 -161.54417419433594
-957.26806640625 -163.53884887695312
-958.5955200195312 -165.4464874267578
-958.1392211914062 -166.28697204589844
-956.60791015625 -165.4541778564453
-958.1727905273438 -166.60015869140625
-959.4779052734375 -167.76071166992188
-960.173095703125 -168.83746337890625
-960.977294921875 -170.80291748046875
-960.6206665039062 -172.478515625
-958.7884521484375 -174.24710083007812
-959.3410034179688 -172.49801635742188
-957.9879150390625 -173.90203857421875
-959.896484375 -175.64291381835938
-958.424072265625 -176.89500427246094
-957.7515869140625 -178.76223754882812
-958.019287109375 -180.26113891601562
-959.5889892578125 -181.87501525878906
-959.5618896484375 -183.85525512695312
-958.8444213867188 -185.84620666503906
-960.7713623046875 -186.63644409179688
-961.125 -186.47251892089844
-961.0716552734375 -187.91427612304688
-962.6780395507812 -189.272216796875
-961.7164916992188 -191.1303253173828
-959.9381103515625 -191.70411682128906
-959.97265625 -193.6060028076172
-961.919189453125 -194.01902770996094
-961.6737670898438 -193.99754333496094
-961.6270141601562 -195.96182250976562
-960.2481079101562 -197.5334014892578
-962.0391235351562 -196.5972442626953
-963.4397583007812 -196.74612426757812
-962.6392211914062 -198.41033935546875
-963.7135009765625 -199.85960388183594
-963.263916015625 -201.75193786621094
-963.906005859375 -203.6653289794922
-963.2998046875 -205.2204132080078
-965.0213623046875 -206.9351806640625
-965.550537109375 -208.76625061035156
-967.1998901367188 -208.5688934326172
-969.168212890625 -210.4296875
-971.165771484375 -210.37274169921875
-972.471435546875 -211.10328674316406
-970.6708374023438 -212.05856323242188
-971.0468139648438 -213.58966064453125
-972.6787109375 -212.70037841796875
-974.0504760742188 -213.65455627441406
-975.8361206054688 -215.6020050048828
-977.8150024414062 -216.9319610595703
-979.81494140625 -214.94764709472656
-981.8137817382812 -215.60284423828125
-983.5664672851562 -216.38294982910156
-985.547607421875 -218.27561950683594
-987.4824829101562 -216.2757110595703
-989.482421875 -214.28378295898438
-991.4785766601562 -216.22232055664062
-993.4785766601562 -214.22340393066406
-995.4718017578125 -216.10963439941406
-997.4713745117188 -214.10971069335938
-999.4028930664062 -214.81150817871094
-1001.3800048828125 -216.438232421875
-1003.3739013671875 -214.43838500976562
-1005.3646850585938 -216.17462158203125
-1007.3645629882812 -214.17544555664062
-1009.3204345703125 -215.949951171875
-1011.3189086914062 -213.9506378173828
-1013.318603515625 -211.9508056640625
-1015.1806030273438 -212.4893798828125
-1016.286376953125 -212.9284210205078
-1018.28271484375 -212.42269897460938
-1020.2083129882812 -214.37860107421875
-1022.1135864257812 -216.32603454589844
-1024.1131591796875 -214.32606506347656
-1026.0792236328125 -215.81350708007812
-1028.073486328125 -213.81358337402344
-1029.9344482421875 -215.49293518066406
-1031.9337158203125 -213.49339294433594
-1033.3243408203125 -215.12066650390625
-1035.2652587890625 -217.04469299316406
-1037.262451171875 -215.04656982421875
-1039.165771484375 -216.49684143066406
-1041.155517578125 -214.49705505371094
-1042.9298095703125 -216.0852813720703
-1044.8717041015625 -218.0485382080078
-1046.87109375 -216.1023406982422
-1048.8258056640625 -217.95947265625
-1050.4674072265625 -219.82675170898438
-1052.0357666015625 -218.1092987060547
-1053.1107177734375 -216.11671447753906
-1055.108642578125 -216.98504638671875
-1056.9906005859375 -214.98512268066406
-1058.9814453125 -216.9054412841797
-1060.9720458984375 -214.9066162109375
-1062.96044921875 -212.90855407714844
-1064.9390869140625 -213.4940643310547
-1066.1380615234375 -215.19334411621094
-1068.136962890625 -213.24229431152344
-1067.61376953125 -214.90220642089844
-1069.5733642578125 -216.89404296875
-1071.563232421875 -214.89639282226562
-1073.55029296875 -216.89430236816406
-1075.5496826171875 -214.93226623535156
-1077.2705078125 -216.91653442382812
-1079.2667236328125 -218.9110870361328
-1081.243408203125 -216.91867065429688
-1083.239501953125 -218.66177368164062
-1085.1572265625 -216.68434143066406
-1087.120849609375 -218.6703338623047
-1089.119384765625 -217.2042236328125
-1091.016357421875 -219.1911163330078
-1092.994140625 -217.19961547851562
-1093.623046875 -219.19862365722656
