-940.9473266601562 -88.3118896484375
-942.947021484375 -90.30817413330078
-944.9468994140625 -92.30650329589844
-946.9461059570312 -94.30415344238281
-944.97509765625 -96.24897003173828
-946.9679565429688 -98.24308776855469
-945.0469360351562 -100.04730987548828
-947.0464477539062 -102.04566192626953
-947.1650390625 -103.73783874511719
-946.6546630859375 -105.42813873291016
-948.1246337890625 -105.7174072265625
-946.1744384765625 -107.68492126464844
-945.2775268554688 -109.67735290527344
-947.2772827148438 -111.65550231933594
-945.7246704101562 -112.87519073486328
-947.436767578125 -114.85906982421875
-945.5762939453125 -116.75714874267578
-947.5762329101562 -118.75325012207031
-946.0191040039062 -120.69774627685547
-944.8255615234375 -122.51911163330078
-946.8253784179688 -124.51631164550781
-947.9514770507812 -126.16293334960938
-948.85693359375 -127.25215148925781
-949.35302734375 -129.08645629882812
-951.2063598632812 -130.71505737304688
-949.2141723632812 -132.5051727294922
-949.162109375 -132.76068115234375
-950.8251953125 -133.797119140625
-952.5018920898438 -135.54812622070312
-953.7115478515625 -136.52967834472656
-951.8850708007812 -138.3408203125
-950.2199096679688 -139.64462280273438
-948.6094970703125 -141.5200653076172
-947.3229370117188 -142.3998565673828
-946.176513671875 -141.38327026367188
-948.1757202148438 -142.9928436279297
-946.453857421875 -144.11416625976562
-948.44970703125 -145.9966583251953
-950.365966796875 -147.18763732910156
-952.2513427734375 -148.51275634765625
-953.401611328125 -149.65538024902344
-953.6595458984375 -151.4582977294922
-952.2474365234375 -153.16766357421875
-951.9774169921875 -154.5525665283203
-953.9390869140625 -153.227783203125
-952.3839111328125 -152.52639770507812
-953.7946166992188 -152.98426818847656
-953.0197143554688 -153.0020751953125
-953.5819702148438 -153.84121704101562
-954.7816162109375 -154.6946563720703
-955.9089965820312 -156.14633178710938
-954.7061767578125 -157.053466796875
-953.908447265625 -158.47398376464844
-955.8584594726562 -158.5399169921875
-957.2548217773438 -159.14842224121094
-958.6381225585938 -160.57891845703125
-956.9656372070312 -162.47293090820312
-958.5825805664062 -161.51434326171875
-957.79052734375 -160.77442932128906
-958.5170288085938 -162.48414611816406
-958.677734375 -161.43258666992188
-956.8822631835938 -163.25289916992188
-958.7542114257812 -162.1057891845703
-957.9659423828125 -163.09507751464844
-959.801513671875 -164.79510498046875
-961.7702026367188 -165.23287963867188
-960.6998291015625 -166.9449462890625
-959.0401611328125 -168.80166625976562
-957.33544921875 -170.59385681152344
-958.7955932617188 -169.0213165283203
-960.5054321289062 -169.44387817382812
-961.7088623046875 -170.90113830566406
-960.9464721679688 -170.25840759277344
-960.2008056640625 -171.47958374023438
-959.0419921875 -172.53152465820312
-958.0346069335938 -171.3621368408203
-957.0089111328125 -172.5118408203125
-957.8897094726562 -172.61155700683594
-959.435791015625 -171.0539093017578
-958.4171752929688 -172.47743225097656
-960.1356201171875 -172.36737060546875
-958.3194580078125 -173.18702697753906
-958.0726318359375 -172.32196044921875
-959.3944702148438 -173.19479370117188
-957.742431640625 -174.42041015625
-959.1175537109375 -175.86573791503906
-961.0481567382812 -177.62979125976562
-962.5684204101562 -178.02308654785156
-963.209228515625 -177.09056091308594
-964.7393798828125 -178.20489501953125
-964.3487548828125 -179.94442749023438
-965.6054077148438 -181.90350341796875
-967.5388793945312 -183.85784912109375
-969.3272094726562 -185.8445281982422
-969.6629638671875 -185.78305053710938
-968.3275756835938 -185.59434509277344
-966.5928344726562 -186.15745544433594
-967.500244140625 -186.9138946533203
-965.5816040039062 -186.7100372314453
-965.1357421875 -186.36595153808594
-965.981201171875 -185.89964294433594
-966.0733032226562 -186.59506225585938
-966.9627685546875 -186.4284210205078
-968.5410766601562 -186.009033203125
-966.5916137695312 -187.0313262939453
-968.2174682617188 -186.1611328125
-970.1094970703125 -184.4075927734375
-968.2291259765625 -182.73838806152344
-966.36962890625 -184.73641967773438
-967.2011108398438 -185.03897094726562
-965.3482666015625 -185.59764099121094
-967.2660522460938 -184.82565307617188
-966.0189208984375 -184.51943969726562
-967.9218139648438 -185.56455993652344
-966.5238647460938 -187.37864685058594
-966.3572387695312 -188.5419464111328
-967.1917114257812 -189.88113403320312
-965.256103515625 -189.72183227539062
-966.3153686523438 -191.31076049804688
-965.9303588867188 -192.51687622070312
-964.2381591796875 -191.28640747070312
-965.9884643554688 -191.68992614746094
-964.4402465820312 -192.49354553222656
-963.4929809570312 -193.3969268798828
-962.9434814453125 -194.84353637695312
-962.1041259765625 -194.3848114013672
-960.438720703125 -193.85072326660156
-959.0164794921875 -192.2151336669922
-960.2733154296875 -190.2645721435547
-961.814208984375 -190.27203369140625
-963.7182006835938 -189.61569213867188
-965.3748168945312 -189.29110717773438
-966.93994140625 -190.21127319335938
-966.0143432617188 -191.25555419921875
-966.3461303710938 -192.0886688232422
-966.470947265625 -191.9125518798828
-965.4108276367188 -192.22821044921875
-964.7119140625 -193.9293212890625
-966.0239868164062 -193.83538818359375
-964.374267578125 -195.16970825195312
-963.82763671875 -195.2256622314453
-964.5441284179688 -196.9051971435547
-966.4254150390625 -197.1163330078125
-967.05908203125 -198.6422882080078
-965.7093505859375 -200.481689453125
-966.787353515625 -202.4745330810547
-965.7869262695312 -202.7925262451172
-966.4028930664062 -203.68850708007812
-967.103759765625 -205.58908081054688
-968.478271484375 -207.55105590820312
-969.4933471679688 -209.4431610107422
-971.4564208984375 -211.4351043701172
-973.3932495117188 -213.3655548095703
-975.2559814453125 -215.3031005859375
-977.0925903320312 -217.30238342285156
-979.0924072265625 -215.4008026123047
-980.9854125976562 -217.3863983154297
-982.9851684570312 -216.574951171875
-984.695068359375 -218.53651428222656
-986.695068359375 -216.9329376220703
-988.6950073242188 -214.94891357421875
-990.3268432617188 -216.9445037841797
-992.3267822265625 -216.3843994140625
-994.3267822265625 -214.66383361816406
-996.2264404296875 -216.65895080566406
-998.2264404296875 -215.28831481933594
-1000.2092895507812 -217.28472900390625
-1002.209228515625 -215.54518127441406
-1004.2091674804688 -214.2213897705078
-1006.205322265625 -216.2140655517578
-1008.205322265625 -214.26927185058594
-1010.1915893554688 -216.26358032226562
-1012.1915893554688 -214.36227416992188
-1014.1915893554688 -213.0452423095703
-1016.1908569335938 -212.12625122070312
-1017.9547119140625 -214.11386108398438
-1019.1687622070312 -216.11219787597656
-1021.1687622070312 -214.47422790527344
-1023.0708618164062 -216.46575927734375
-1025.07080078125 -214.524169921875
-1026.9761962890625 -216.5120086669922
-1028.9761962890625 -214.61038208007812
-1030.94775390625 -216.60910034179688
-1032.947509765625 -214.79185485839844
-1034.912109375 -216.7854461669922
-1036.912109375 -215.0378875732422
-1038.8782958984375 -217.03692626953125
-1040.8782958984375 -215.44993591308594
-1042.8511962890625 -217.43531799316406
-1044.85107421875 -215.85879516601562
-1046.770263671875 -217.8551483154297
-1048.7681884765625 -219.8543243408203
-1050.7672119140625 -217.98011779785156
-1052.75830078125 -219.90614318847656
-1054.6119384765625 -217.91246032714844
-1056.6058349609375 -215.92425537109375
-1058.605712890625 -213.97836303710938
-1060.6004638671875 -215.97586059570312
-1062.6004638671875 -214.1971435546875
-1064.596923828125 -216.1803741455078
-1066.5968017578125 -216.6857452392578
-1068.595947265625 -215.50856018066406
-1070.5841064453125 -217.40382385253906
-1072.583984375 -215.4342498779297
-1073.5008544921875 -217.40200805664062
-1075.50048828125 -216.05563354492188
-1077.167236328125 -218.0461883544922
-1079.094970703125 -219.57232666015625
-1081.06494140625 -217.72689819335938
-1083.056396484375 -219.69068908691406
-1085.000244140625 -217.8467254638672
-1086.9334716796875 -219.8414306640625
-1088.7899169921875 -218.60037231445312
-1090.7767333984375 -217.72543334960938
-1092.6436767578125 -219.67955017089844
-1094.3759765625 -217.9888458251953
