-940.8673706054688 -88.31010437011719
-942.6602783203125 -90.30059814453125
-944.6007080078125 -92.29667663574219
-946.4744262695312 -94.29508209228516
-948.4630737304688 -96.2916259765625
-946.4721069335938 -98.28453063964844
-948.4464111328125 -100.28040313720703
-946.4596557617188 -102.2741928100586
-944.5067138671875 -104.19441986083984
-946.5010375976562 -106.19366455078125
-944.505126953125 -108.1931381225586
-946.4435424804688 -110.1915283203125
-944.4986572265625 -112.09130859375
-946.1753540039062 -114.08393859863281
-944.1831665039062 -116.08202362060547
-946.1417846679688 -118.0774154663086
-945.8646240234375 -120.07609558105469
-944.3155517578125 -122.07247924804688
-946.2874755859375 -124.00900268554688
-944.9248657226562 -125.97686767578125
-946.6421508789062 -127.91708374023438
-945.1477661132812 -129.90902709960938
-946.9885864257812 -131.90692138671875
-947.3128662109375 -133.8839874267578
-946.2374267578125 -135.87966918945312
-948.1502685546875 -137.8795928955078
-946.4965209960938 -139.654296875
-948.0762329101562 -141.59866333007812
-949.8151245117188 -143.4127960205078
-948.3060302734375 -145.40850830078125
-949.5960693359375 -146.29293823242188
-949.542236328125 -148.2244415283203
-949.7930908203125 -150.1878662109375
-949.8001708984375 -152.09768676757812
-950.1541137695312 -154.0363311767578
-950.791748046875 -155.03604125976562
-950.308349609375 -156.90843200683594
-948.6654052734375 -158.72784423828125
-949.5802612304688 -159.96212768554688
-950.6324462890625 -161.50607299804688
-949.812744140625 -161.3712921142578
-950.86328125 -161.75791931152344
-952.5467529296875 -163.3935546875
-951.3585205078125 -163.98011779785156
-953.2958374023438 -165.6755828857422
-954.8881225585938 -167.49404907226562
-956.15478515625 -169.3196258544922
-957.0499267578125 -171.21717834472656
-956.7672119140625 -173.14915466308594
-958.4556884765625 -175.05148315429688
-958.015380859375 -176.6855010986328
-956.74169921875 -178.49404907226562
-956.8381958007812 -180.25076293945312
-956.1946411132812 -181.12718200683594
-958.1871337890625 -181.2948455810547
-956.5736694335938 -182.6853790283203
-957.5758056640625 -184.47059631347656
-959.0252685546875 -186.1923370361328
-961.0177001953125 -184.75717163085938
-962.8154907226562 -185.54391479492188
-964.5883178710938 -186.44830322265625
-962.6231689453125 -186.55557250976562
-962.5681762695312 -187.5825958251953
-963.3900146484375 -186.28111267089844
-964.9002685546875 -185.99496459960938
-963.527587890625 -184.60511779785156
-965.1873168945312 -186.4434356689453
-963.2633056640625 -187.81118774414062
-963.93701171875 -189.65919494628906
-964.0404663085938 -191.59304809570312
-962.6117553710938 -190.75277709960938
-962.2872314453125 -190.65794372558594
-963.9487915039062 -191.39918518066406
-963.8440551757812 -190.57470703125
-965.0073852539062 -191.4165802001953
-963.79833984375 -190.496826171875
-961.9530029296875 -192.21401977539062
-963.7398681640625 -191.44052124023438
-963.1559448242188 -192.77732849121094
-964.0637817382812 -193.50433349609375
-962.1845703125 -194.4515380859375
-964.1356201171875 -193.7371368408203
-965.4768676757812 -195.6630859375
-964.2373046875 -197.27685546875
-963.9246215820312 -196.8878631591797
-963.0283203125 -195.90740966796875
-964.7220458984375 -194.5673828125
-962.839599609375 -193.91534423828125
-964.61962890625 -194.02500915527344
-966.228515625 -195.75729370117188
-965.7149047851562 -197.7296142578125
-965.4846801757812 -198.78395080566406
-967.4608764648438 -200.2462921142578
-969.1253051757812 -202.1987762451172
-967.6318969726562 -203.66346740722656
-969.424072265625 -204.935791015625
-971.062744140625 -206.3192596435547
-972.8988647460938 -208.1591339111328
-973.4617919921875 -207.7993621826172
-974.5389404296875 -209.76788330078125
-975.7890014648438 -211.70127868652344
-977.714599609375 -213.6879425048828
-979.7105102539062 -215.6084442138672
-981.7042846679688 -217.50001525878906
-983.6122436523438 -215.50448608398438
-985.6048583984375 -217.49868774414062
-987.5806884765625 -215.60647583007812
-989.531982421875 -217.58456420898438
-991.495849609375 -215.58799743652344
-993.4735107421875 -213.58999633789062
-995.24951171875 -215.5218963623047
-997.2423706054688 -217.39244079589844
-999.2306518554688 -215.3925323486328
-1001.2282104492188 -217.34695434570312
-1003.2269287109375 -215.3562774658203
-1005.2241821289062 -213.36138916015625
-1007.2218017578125 -215.0416717529297
-1009.180908203125 -213.0513916015625
-1011.0791015625 -214.644287109375
-1013.0673828125 -212.66758728027344
-1014.9782104492188 -210.66976928710938
-1016.7079467773438 -212.2645263671875
-1018.7039794921875 -213.85171508789062
-1020.6253662109375 -215.80459594726562
-1022.6231689453125 -213.80874633789062
-1024.616943359375 -215.5720977783203
-1026.6153564453125 -213.5895538330078
-1028.5548095703125 -215.58865356445312
-1030.5521240234375 -213.58892822265625
-1032.2974853515625 -215.57008361816406
-1034.2838134765625 -213.5780029296875
-1035.8992919921875 -215.4131317138672
-1037.3759765625 -213.41526794433594
-1038.501220703125 -215.32730102539062
-1040.3892822265625 -217.3004150390625
-1042.3876953125 -215.3054962158203
-1044.0714111328125 -217.29690551757812
-1046.020751953125 -219.16183471679688
-1048.01513671875 -217.3086700439453
-1049.7322998046875 -218.17691040039062
-1051.5570068359375 -220.1686248779297
-1050.341796875 -218.2332000732422
-1052.278564453125 -219.57229614257812
-1051.330078125 -217.57601928710938
-1053.3111572265625 -219.54197692871094
-1053.722412109375 -217.5453643798828
-1055.37744140625 -215.54803466796875
-1057.3665771484375 -217.5394744873047
-1059.3216552734375 -215.54779052734375
-1061.3214111328125 -213.55421447753906
-1063.30810546875 -215.55348205566406
-1065.1202392578125 -213.5561981201172
-1066.38232421875 -215.07337951660156
-1067.239990234375 -217.05128479003906
-1069.2379150390625 -215.05235290527344
-1071.2010498046875 -217.0392608642578
-1073.150390625 -215.05197143554688
-1074.1217041015625 -217.04531860351562
-1076.022216796875 -215.5564727783203
-1077.74560546875 -217.54542541503906
-1079.739501953125 -219.51295471191406
-1081.6392822265625 -218.75143432617188
-1083.6162109375 -219.96913146972656
-1085.60693359375 -218.86370849609375
-1087.580322265625 -218.54541015625
-1089.2459716796875 -220.5374298095703
-1091.232421875 -220.2101287841797
-1092.599853515625 -218.81854248046875
-1094.18798828125 -216.86569213867188
-1094.91748046875 -218.86241149902344
