-940.9443969726562 -88.34050750732422
-942.9423217773438 -90.31798553466797
-944.94189453125 -92.31786346435547
-946.941650390625 -94.31651306152344
-944.9762573242188 -96.3138198852539
-946.9761352539062 -98.31324005126953
-946.1441650390625 -100.30870819091797
-948.1439819335938 -102.30867004394531
-946.2799682617188 -104.26252746582031
-944.4275512695312 -105.94267272949219
-946.4275512695312 -107.88570404052734
-944.585693359375 -109.8699722290039
-946.584228515625 -111.8669204711914
-944.64501953125 -113.83129119873047
-946.644775390625 -115.82967376708984
-945.0888671875 -117.72518920898438
-947.088623046875 -119.7241439819336
-945.1519165039062 -121.72036743164062
-947.1519165039062 -123.71961975097656
-945.9249267578125 -125.70491790771484
-947.9246215820312 -127.69557189941406
-949.1399536132812 -129.6919403076172
-948.0032958984375 -131.67440795898438
-946.1666870117188 -133.57638549804688
-948.1666259765625 -135.575927734375
-947.01171875 -137.44725036621094
-946.7433471679688 -139.44558715820312
-944.9546508789062 -141.3883514404297
-946.9545288085938 -143.3846893310547
-946.5640869140625 -145.11993408203125
-947.5725708007812 -147.11880493164062
-948.3809814453125 -149.0586700439453
-947.90576171875 -151.05526733398438
-947.8983764648438 -153.01370239257812
-949.7490844726562 -154.99024963378906
-949.6051635742188 -156.966064453125
-948.0679931640625 -158.91525268554688
-949.2421264648438 -160.87063598632812
-949.1099853515625 -162.852783203125
-949.2730712890625 -164.4094696044922
-951.201171875 -166.0645751953125
-951.435546875 -167.9859161376953
-952.7353515625 -169.82928466796875
-954.5421142578125 -170.67791748046875
-956.0103149414062 -172.6724090576172
-954.4256591796875 -174.2642059326172
-955.1878051757812 -175.77430725097656
-953.5184936523438 -177.72540283203125
-955.3500366210938 -179.4638214111328
-956.5428466796875 -181.25791931152344
-957.7984619140625 -183.1372528076172
-958.3388061523438 -185.13323974609375
-960.254638671875 -184.59140014648438
-959.209716796875 -186.59056091308594
-958.5057373046875 -186.54025268554688
-958.5425415039062 -187.8930206298828
-958.0143432617188 -188.94041442871094
-959.5521850585938 -190.8093719482422
-958.3810424804688 -192.06524658203125
-959.864501953125 -190.31326293945312
-959.25390625 -189.028564453125
-959.7599487304688 -188.29757690429688
-961.4761962890625 -189.82337951660156
-960.1962890625 -189.32699584960938
-962.056884765625 -190.64044189453125
-960.8624877929688 -192.41053771972656
-962.0721435546875 -191.5833282470703
-960.5150756835938 -193.2222137451172
-961.2139282226562 -194.88522338867188
-963.0531616210938 -195.74713134765625
-962.741455078125 -194.1902313232422
-964.4713745117188 -195.8159942626953
-964.1209716796875 -194.0522003173828
-963.4939575195312 -195.4370574951172
-964.5515747070312 -197.40469360351562
-965.3719482421875 -197.44644165039062
-965.2951049804688 -199.4013671875
-965.779052734375 -201.393310546875
-964.7021484375 -202.7721710205078
-965.102294921875 -203.1781005859375
-965.4761962890625 -205.03797912597656
-966.9998168945312 -206.97653198242188
-967.2638549804688 -208.96246337890625
-969.0543212890625 -210.9622802734375
-968.210205078125 -212.91798400878906
-968.2634887695312 -214.9170684814453
-970.0496826171875 -216.91506958007812
-971.9647827148438 -214.91513061523438
-973.60546875 -216.91441345214844
-975.60498046875 -214.9147491455078
-977.4417114257812 -216.91348266601562
-979.4367065429688 -214.91436767578125
-980.5750122070312 -216.91429138183594
-982.1476440429688 -218.91371154785156
-984.14501953125 -216.9164276123047
-986.1424560546875 -214.91664123535156
-988.0792846679688 -216.91592407226562
-990.077392578125 -214.91600036621094
-992.0247802734375 -216.9159698486328
-994.024169921875 -214.91632080078125
-995.9389038085938 -216.91595458984375
-997.9207153320312 -214.9196014404297
-999.9082641601562 -216.91876220703125
-1001.8560180664062 -214.9228515625
-1003.7890625 -216.92225646972656
-1005.7847290039062 -214.93174743652344
-1007.7833862304688 -212.93228149414062
-1007.955810546875 -214.9319610595703
-1009.9554443359375 -212.93299865722656
-1011.90234375 -214.93157958984375
-1013.8982543945312 -212.9341278076172
-1015.8840942382812 -210.95697021484375
-1017.5982666015625 -212.95489501953125
-1019.4981689453125 -214.946044921875
-1021.4901123046875 -212.94752502441406
-1021.3721313476562 -214.9471435546875
-1023.1558837890625 -216.9470977783203
-1025.1544189453125 -214.98269653320312
-1027.1356201171875 -216.98219299316406
-1029.1331787109375 -214.9870147705078
-1031.1202392578125 -216.9864044189453
-1033.10986328125 -215.02447509765625
-1034.1964111328125 -217.01693725585938
-1036.1893310546875 -215.03826904296875
-1038.155029296875 -217.0376739501953
-1040.15478515625 -215.03823852539062
-1041.9891357421875 -217.02947998046875
-1043.9873046875 -215.168212890625
-1045.872314453125 -217.16746520996094
-1047.4473876953125 -219.1657257080078
-1049.447021484375 -219.1619110107422
-1050.65771484375 -221.1616668701172
-1051.875732421875 -219.2532958984375
-1053.8626708984375 -217.5763397216797
-1055.729248046875 -215.5814666748047
-1057.582275390625 -213.58297729492188
-1056.26513671875 -215.58001708984375
-1058.2642822265625 -213.6071319580078
-1058.5201416015625 -215.59112548828125
-1060.5196533203125 -213.6101531982422
-1062.47900390625 -215.60813903808594
-1064.4736328125 -213.6246795654297
-1065.83056640625 -215.62265014648438
-1067.8218994140625 -213.6259002685547
-1068.3397216796875 -215.6256866455078
-1070.3388671875 -213.7664794921875
-1072.2860107421875 -215.7652587890625
-1074.159423828125 -217.76490783691406
-1076.155517578125 -216.66500854492188
-1077.9981689453125 -218.66497802734375
-1079.9859619140625 -220.5930633544922
-1081.985595703125 -218.60923767089844
-1083.985595703125 -216.67410278320312
-1085.89599609375 -218.6737518310547
-1087.87646484375 -220.66900634765625
-1089.8763427734375 -218.67933654785156
-1091.8763427734375 -217.44200134277344
-1092.6055908203125 -219.4416961669922
-1094.5615234375 -217.4446563720703
-1096.5576171875 -215.4791717529297
-1098.4984130859375 -217.4779052734375
