-940.9127807617188 -88.28314208984375
-942.9127807617188 -90.24937438964844
-944.9127197265625 -90.72207641601562
-946.912353515625 -92.66291809082031
-947.8748168945312 -94.66063690185547
-947.5516967773438 -96.65899658203125
-946.81201171875 -98.65821838378906
-945.5451049804688 -100.65292358398438
-947.5364379882812 -101.31983947753906
-948.6742553710938 -103.31854248046875
-946.76318359375 -105.3080062866211
-947.3497924804688 -107.30184173583984
-945.9605102539062 -109.30156707763672
-946.6895751953125 -111.29978942871094
-947.2164916992188 -113.29655456542969
-949.1567993164062 -115.29071807861328
-947.597412109375 -117.2845230102539
-949.1009521484375 -119.24957275390625
-948.6151733398438 -121.2491683959961
-950.4176025390625 -123.24903869628906
-948.65234375 -125.24862670898438
-950.2843627929688 -127.24732971191406
-952.0032958984375 -129.24696350097656
-952.4959716796875 -131.24595642089844
-954.4546508789062 -133.24533081054688
-954.1080932617188 -135.2380828857422
-955.2334594726562 -137.22686767578125
-956.8364868164062 -139.18240356445312
-955.3806762695312 -140.65078735351562
-956.92626953125 -142.64578247070312
-958.7456665039062 -144.6428985595703
-958.4597778320312 -146.64093017578125
-956.5258178710938 -148.640625
-958.0541381835938 -150.6396484375
-959.8368530273438 -152.63575744628906
-958.0650024414062 -154.62353515625
-959.0889282226562 -156.57223510742188
-959.9732666015625 -158.5716552734375
-960.98681640625 -160.5166473388672
-959.8886108398438 -162.5134735107422
-958.3261108398438 -164.35777282714844
-956.3330078125 -165.9141845703125
-958.0233764648438 -167.68113708496094
-957.0970458984375 -169.65518188476562
-958.7726440429688 -171.65333557128906
-958.0097045898438 -173.64744567871094
-956.457763671875 -175.58702087402344
-957.845703125 -177.55148315429688
-959.7841186523438 -179.47821044921875
-960.1754150390625 -181.47254943847656
-961.3499145507812 -183.46856689453125
-962.6668701171875 -185.46722412109375
-962.6146240234375 -184.73802185058594
-964.2669067382812 -186.73643493652344
-962.4797973632812 -188.66615295410156
-963.2931518554688 -189.52426147460938
-961.5880737304688 -191.41737365722656
-960.2459106445312 -193.4136962890625
-962.144287109375 -195.1546173095703
-961.1995239257812 -197.0847930908203
-959.9563598632812 -198.86338806152344
-958.54248046875 -200.71556091308594
-957.5155639648438 -202.71144104003906
-958.93505859375 -204.62265014648438
-960.622314453125 -206.60067749023438
-962.4468383789062 -208.5963134765625
-964.4464111328125 -210.59043884277344
-966.446044921875 -212.58950805664062
-968.4458618164062 -214.58908081054688
-970.4457397460938 -216.5861358642578
-972.1458129882812 -214.8733367919922
-974.1456298828125 -216.87315368652344
-975.9873046875 -215.1552734375
-977.9857177734375 -217.15493774414062
-979.80908203125 -215.2480926513672
-981.8089599609375 -217.24801635742188
-983.7772216796875 -215.32473754882812
-985.7771606445312 -217.32408142089844
-987.736572265625 -215.34609985351562
-989.736572265625 -217.34605407714844
-991.3510131835938 -215.43565368652344
-993.3510131835938 -217.43492126464844
-995.2782592773438 -215.56076049804688
-997.27783203125 -217.5593719482422
-997.9138793945312 -215.6012725830078
-999.913818359375 -217.60118103027344
-1001.8338012695312 -215.63015747070312
-1003.8321533203125 -213.70030212402344
-1005.8311767578125 -215.69888305664062
-1006.4927978515625 -213.81890869140625
-1008.4738159179688 -215.8188018798828
-1010.43212890625 -213.8439483642578
-1012.396240234375 -211.86854553222656
-1014.396240234375 -213.82461547851562
-1016.3675537109375 -211.82701110839844
-1018.3674926757812 -213.82254028320312
-1020.3670654296875 -215.82217407226562
-1021.02490234375 -214.7435302734375
-1023.0248413085938 -216.74111938476562
-1024.95947265625 -214.786865234375
-1026.9593505859375 -216.7864990234375
-1028.8248291015625 -214.92430114746094
-1030.8248291015625 -216.9234619140625
-1032.77978515625 -214.95982360839844
-1034.779541015625 -216.9595184326172
-1035.9710693359375 -216.55657958984375
-1037.9669189453125 -214.8220977783203
-1039.96240234375 -216.82159423828125
-1041.96240234375 -215.62896728515625
-1043.9622802734375 -217.61146545410156
-1045.9268798828125 -217.21246337890625
-1047.9163818359375 -219.18820190429688
-1049.9163818359375 -221.1880340576172
-1051.2177734375 -221.14083862304688
-1051.6396484375 -219.740966796875
-1052.1549072265625 -220.03428649902344
-1052.5341796875 -218.8478240966797
-1054.4810791015625 -219.8153839111328
-1056.479248046875 -218.88055419921875
-1058.35107421875 -217.02102661132812
-1060.346435546875 -216.91546630859375
-1062.3363037109375 -217.98043823242188
-1063.7509765625 -217.4590301513672
-1065.73876953125 -216.27670288085938
-1067.7188720703125 -218.0186767578125
-1069.7127685546875 -217.5436553955078
-1071.4825439453125 -215.6512908935547
-1073.4815673828125 -217.64085388183594
-1075.4503173828125 -215.87130737304688
-1077.4503173828125 -217.8704376220703
-1079.4503173828125 -219.84829711914062
-1081.0238037109375 -220.51760864257812
-1082.90087890625 -219.20884704589844
-1084.870849609375 -218.22869873046875
-1086.870849609375 -220.2178192138672
-1088.7393798828125 -220.4081268310547
-1090.674072265625 -220.90834045410156
-1092.674072265625 -221.07620239257812
