-940.918212890625 -88.27014923095703
-942.8145141601562 -90.263671875
-943.57666015625 -92.19014739990234
-945.3355712890625 -94.18273162841797
-947.2275390625 -96.13609313964844
-947.5092163085938 -97.80723571777344
-949.3812866210938 -99.68553924560547
-949.4887084960938 -101.62948608398438
-951.2822265625 -103.61102294921875
-953.0587158203125 -104.78081512451172
-954.398193359375 -106.61804962158203
-956.2344360351562 -108.1174545288086
-956.2928466796875 -110.10396575927734
-957.593994140625 -112.03247833251953
-956.111572265625 -113.98746490478516
-956.5283813476562 -115.67472839355469
-957.2557373046875 -117.6348876953125
-956.7468872070312 -119.54063415527344
-955.9942016601562 -121.39263153076172
-955.5560302734375 -122.69196319580078
-955.2735595703125 -124.49009704589844
-955.3932495117188 -126.43306732177734
-955.158447265625 -126.23478698730469
-956.6302490234375 -128.17120361328125
-955.8057861328125 -129.9228973388672
-957.330078125 -131.73667907714844
-955.4570922851562 -131.95045471191406
-957.1602172851562 -133.9112091064453
-958.5594482421875 -134.77479553222656
-960.18603515625 -136.73025512695312
-960.2178344726562 -138.2555694580078
-962.014892578125 -138.9241943359375
-962.8096313476562 -140.8241424560547
-963.9677734375 -142.6679229736328
-963.4984741210938 -144.5348358154297
-964.5868530273438 -145.9666290283203
-966.179931640625 -147.92503356933594
-965.7886352539062 -149.84442138671875
-964.30029296875 -151.7680206298828
-962.6746215820312 -153.72738647460938
-964.48876953125 -155.55374145507812
-965.4986572265625 -157.34719848632812
-965.42626953125 -159.27098083496094
-966.6439208984375 -161.05917358398438
-966.6353759765625 -162.9373779296875
-965.4219360351562 -164.9241485595703
-966.4684448242188 -166.77279663085938
-965.0994262695312 -168.73309326171875
-963.1941528320312 -170.3011016845703
-962.448486328125 -171.61630249023438
-964.2137451171875 -173.25949096679688
-963.2991943359375 -175.03961181640625
-965.2434692382812 -176.89785766601562
-963.4104614257812 -178.7273406982422
-963.0969848632812 -179.87277221679688
-962.7763061523438 -181.7276153564453
-962.8722534179688 -183.46502685546875
-964.0956420898438 -185.42959594726562
-962.7152709960938 -184.12281799316406
-964.5869140625 -186.05966186523438
-962.96044921875 -186.48104858398438
-963.3803100585938 -187.66566467285156
-962.9215087890625 -189.4176483154297
-961.99755859375 -191.15574645996094
-963.2265625 -192.25881958007812
-964.1420288085938 -193.78945922851562
-965.4745483398438 -195.76153564453125
-964.4820556640625 -196.77720642089844
-964.1588134765625 -197.7944793701172
-964.0127563476562 -198.76356506347656
-965.7659912109375 -200.39425659179688
-966.8920288085938 -202.12118530273438
-965.4365234375 -203.65411376953125
-966.8719482421875 -205.21804809570312
-967.4935913085938 -206.8933868408203
-969.2749633789062 -208.673095703125
-970.7297973632812 -210.2728271484375
-969.815673828125 -211.75262451171875
-971.767578125 -213.7178955078125
-973.555419921875 -215.5970916748047
-975.2408447265625 -217.5653076171875
-977.234619140625 -215.60264587402344
-979.1913452148438 -217.47532653808594
-981.021240234375 -215.49075317382812
-982.8858032226562 -217.14881896972656
-984.87158203125 -215.3402557373047
-986.8441772460938 -216.33981323242188
-988.8319091796875 -214.492919921875
-990.5182495117188 -216.09396362304688
-992.4620361328125 -214.41177368164062
-994.3460083007812 -215.02154541015625
-995.7514038085938 -216.5633087158203
-997.6755981445312 -215.736572265625
-999.6121826171875 -214.10195922851562
-1000.5579833984375 -215.1244659423828
-1002.4623413085938 -217.05455017089844
-1004.3229370117188 -216.28939819335938
-1006.3155517578125 -214.9276885986328
-1008.286865234375 -213.08526611328125
-1010.2570190429688 -214.50244140625
-1012.24853515625 -214.202880859375
-1014.2188720703125 -212.9321746826172
-1013.1265258789062 -214.9058074951172
-1015.1040649414062 -213.32513427734375
-1016.4921264648438 -214.97833251953125
-1018.2952880859375 -213.66958618164062
-1020.2123413085938 -215.61959838867188
-1022.192138671875 -214.49928283691406
-1023.0953979492188 -216.2838897705078
-1025.089599609375 -214.35585021972656
-1025.3895263671875 -215.55282592773438
-1027.388916015625 -213.59915161132812
-1029.2197265625 -214.4439239501953
-1029.3084716796875 -216.212890625
-1031.2994384765625 -214.67213439941406
-1032.214111328125 -216.1966552734375
-1034.1982421875 -214.3995361328125
-1033.7830810546875 -215.30294799804688
-1035.7340087890625 -217.28329467773438
-1037.7183837890625 -215.59292602539062
-1038.8829345703125 -217.4787139892578
-1040.8431396484375 -217.10723876953125
-1042.8338623046875 -216.0126190185547
-1044.6993408203125 -218.0023956298828
-1046.6248779296875 -218.15847778320312
-1047.09912109375 -219.58529663085938
-1049.047607421875 -220.32933044433594
-1051.0120849609375 -220.73109436035156
-1050.6927490234375 -218.8225860595703
-1051.831787109375 -217.27857971191406
-1052.8480224609375 -218.0377197265625
-1052.6253662109375 -218.10890197753906
-1054.488525390625 -216.82730102539062
-1056.484130859375 -215.94117736816406
-1058.478759765625 -215.14830017089844
-1060.4505615234375 -213.41168212890625
-1062.28759765625 -214.46832275390625
-1064.2862548828125 -215.20095825195312
-1066.2822265625 -213.712890625
-1066.2772216796875 -215.6361541748047
-1068.275634765625 -213.90621948242188
-1068.7340087890625 -215.8778839111328
-1070.71044921875 -214.33546447753906
-1069.3568115234375 -216.30496215820312
-1071.35400390625 -214.91603088378906
-1069.5985107421875 -216.47439575195312
-1071.5943603515625 -215.02969360351562
-1073.4815673828125 -216.9212646484375
-1075.477294921875 -215.43331909179688
-1074.648193359375 -217.29734802246094
-1076.4019775390625 -215.69186401367188
-1077.976318359375 -217.67356872558594
-1079.88427734375 -218.77203369140625
-1081.8719482421875 -217.3741912841797
-1081.5557861328125 -218.4940948486328
-1082.27978515625 -216.86581420898438
-1081.3731689453125 -218.82618713378906
-1083.3575439453125 -219.29525756835938
-1084.9619140625 -219.75814819335938
-1086.9312744140625 -220.3509979248047
-1087.9403076171875 -218.81430053710938
-1089.817626953125 -220.59597778320312
-1091.6182861328125 -218.91856384277344
-1093.24267578125 -217.5635223388672
-1091.380126953125 -219.34808349609375
-1092.6815185546875 -219.9819793701172
