-1038.754150390625 -393.169189453125
-1036.754638671875 -394.57586669921875
-1034.76220703125 -396.565185546875
-1033.84375 -394.5865478515625
-1031.8619384765625 -396.57025146484375
-1033.46240234375 -394.5723876953125
-1031.47216796875 -396.5706787109375
-1033.204833984375 -394.576171875
-1031.207275390625 -396.3928527832031
-1030.2781982421875 -394.4027099609375
-1028.2906494140625 -396.38897705078125
-1026.653076171875 -394.3942565917969
-1024.65771484375 -392.3947448730469
-1022.6578979492188 -394.3882141113281
-1020.6593017578125 -396.3706970214844
-1018.6967163085938 -394.3749694824219
-1016.7125244140625 -396.3677978515625
-1014.761962890625 -394.370849609375
-1012.7626953125 -396.2715148925781
-1010.782958984375 -394.2731628417969
-1008.783447265625 -396.2681884765625
-1008.8287353515625 -394.2709045410156
-1006.8289794921875 -396.2581787109375
-1004.9315795898438 -394.2607727050781
-1002.933349609375 -396.2284240722656
-1001.8468017578125 -394.27532958984375
-999.8471069335938 -396.2333068847656
-997.8915405273438 -394.2341613769531
-995.8915405273438 -396.2165832519531
-993.8922119140625 -394.2174072265625
-991.89306640625 -396.2051696777344
-989.9448852539062 -394.2078552246094
-988.1470336914062 -395.9765930175781
-986.1724243164062 -393.9786682128906
-984.1847534179688 -395.4443054199219
-982.1986694335938 -396.8924865722656
-980.2025146484375 -394.8985290527344
-978.2067260742188 -396.8768005371094
-976.2144775390625 -394.8773498535156
-974.2225341796875 -396.8215637207031
-972.2601318359375 -394.82373046875
-970.2619018554688 -396.79736328125
-968.273193359375 -394.7984924316406
-966.273193359375 -396.7855529785156
-964.9408569335938 -394.7857971191406
-962.95068359375 -396.78564453125
-960.99072265625 -394.7864074707031
-958.9912109375 -396.78558349609375
-956.99755859375 -394.82855224609375
-954.9979858398438 -396.8262634277344
-953.0054931640625 -395.0045166015625
-951.0054931640625 -396.9898376464844
-949.0174560546875 -395.08551025390625
-947.0176391601562 -397.00616455078125
-946.9375 -397.3393859863281
-945.3416748046875 -395.3636779785156
-945.58056640625 -395.1917419433594
-944.53759765625 -393.2849426269531
-942.7039794921875 -391.31640625
-941.4091186523438 -389.3836975097656
-941.1983032226562 -387.7333068847656
-942.4166259765625 -385.83331298828125
-941.6565551757812 -383.8633117675781
-939.758056640625 -381.88787841796875
-941.036376953125 -379.9734802246094
-941.198974609375 -378.0446472167969
-943.0689086914062 -376.1248779296875
-943.1676025390625 -374.2159118652344
-941.49609375 -372.2225341796875
-940.1376953125 -370.9636535644531
-938.5265502929688 -369.6419372558594
-936.7938232421875 -367.9981384277344
-938.4633178710938 -366.9465026855469
-939.5438232421875 -365.1225280761719
-941.0950927734375 -363.34967041015625
-942.3778686523438 -361.61395263671875
-941.1594848632812 -359.7533264160156
-942.2919921875 -358.10064697265625
-942.3714599609375 -358.2555847167969
-940.39208984375 -356.3275451660156
-939.5220336914062 -354.4976501464844
-938.4296264648438 -352.7683410644531
-938.3275146484375 -351.65692138671875
-938.9741821289062 -351.15509033203125
-938.759765625 -349.5875244140625
-939.2744140625 -347.89093017578125
-940.5319213867188 -347.1346435546875
-940.7453002929688 -345.85986328125
-940.4818725585938 -344.0944519042969
-941.9016723632812 -342.4691467285156
-943.3567504882812 -340.8379821777344
-942.1038818359375 -339.0849914550781
-941.14404296875 -337.129638671875
-941.3032836914062 -335.2489318847656
-941.4295043945312 -333.62408447265625
-939.9265747070312 -335.1542663574219
-938.0274658203125 -333.39263916015625
-937.5802001953125 -333.4742126464844
-936.9189453125 -334.28253173828125
-935.9255981445312 -335.7939453125
-934.8670654296875 -336.2699890136719
-935.5661010742188 -334.33758544921875
-934.1360473632812 -334.2124328613281
-932.4114379882812 -333.2784118652344
-933.9249267578125 -334.4810485839844
-932.3973388671875 -335.4541931152344
-934.052734375 -336.7677307128906
-933.6080322265625 -335.2157287597656
-934.0076904296875 -334.83538818359375
-935.2901000976562 -334.8343811035156
-934.8567504882812 -336.5477294921875
-935.9258422851562 -334.61260986328125
-935.5022583007812 -335.5464172363281
-935.8389282226562 -335.6313781738281
-933.9564819335938 -336.26715087890625
-933.5203857421875 -334.3828125
-935.3453369140625 -333.1211853027344
-936.6810302734375 -332.4411926269531
-936.7645874023438 -331.0386657714844
-938.1922607421875 -329.21295166015625
-936.6889038085938 -327.5440979003906
-935.973876953125 -326.9231872558594
-935.957275390625 -327.5646057128906
-934.7492065429688 -326.0650939941406
-936.235107421875 -325.96478271484375
-936.1434936523438 -326.7261962890625
-934.2295532226562 -325.25006103515625
-932.6160278320312 -324.5219421386719
-933.3995361328125 -323.09393310546875
-934.1082763671875 -321.736083984375
-935.5205688476562 -319.94403076171875
-936.0499267578125 -318.15081787109375
-937.4486083984375 -316.24371337890625
-938.8433837890625 -314.5532531738281
-940.7820434570312 -313.1134033203125
-940.0068359375 -311.1690368652344
-938.0181274414062 -312.0327453613281
-936.0894165039062 -313.9947814941406
-936.2048950195312 -312.02081298828125
-935.251220703125 -313.9656677246094
-936.3792724609375 -311.9687805175781
-935.4569702148438 -313.2852478027344
-933.9776000976562 -311.3147277832031
-932.0432739257812 -313.2379150390625
-930.106201171875 -311.2386779785156
-928.3417358398438 -313.21368408203125
-929.0153198242188 -311.2304382324219
-927.0187377929688 -313.22991943359375
-928.838623046875 -311.2404479980469
-926.8939208984375 -313.1817321777344
-928.4847412109375 -311.18798828125
-928.7176513671875 -313.1612548828125
-929.1997680664062 -311.1847229003906
-927.5628051757812 -313.18206787109375
-929.5501708984375 -311.2107849121094
-927.7628173828125 -313.2089538574219
-929.7249145507812 -311.228515625
-928.6403198242188 -313.2088928222656
-930.5140380859375 -311.2276611328125
-928.6182861328125 -313.2191467285156
-930.5780639648438 -311.2380676269531
-929.6331176757812 -313.1323547363281
-927.6370849609375 -311.1352844238281
-925.9447631835938 -313.1316223144531
-924.5281372070312 -311.1388244628906
-922.5363159179688 -313.1190185546875
-920.56005859375 -311.12078857421875
-918.5721435546875 -313.12078857421875
-916.9025268554688 -311.1291809082031
-914.90869140625 -313.12860107421875
-913.0327758789062 -311.1292419433594
-911.0435180664062 -313.1291809082031
-909.2710571289062 -311.12939453125
-907.2716064453125 -313.129150390625
-905.3255004882812 -311.1371765136719
-903.362060546875 -313.1368103027344
-901.3714599609375 -311.13739013671875
-899.373046875 -313.1373596191406
-897.6695556640625 -311.15020751953125
-895.6703491210938 -313.14990234375
-893.6732177734375 -315.14971923828125
-893.95068359375 -313.1527099609375
-891.9598999023438 -315.1499938964844
-890.3069458007812 -313.1502990722656
-888.3082885742188 -311.1600341796875
-886.308349609375 -313.1582336425781
-884.3180541992188 -311.19976806640625
-882.3184814453125 -313.19970703125
-880.321044921875 -311.2117919921875
-878.3211669921875 -313.20989990234375
-876.3271484375 -311.402587890625
-874.3276977539062 -313.4023132324219
-872.3536376953125 -311.4192810058594
-870.3567504882812 -313.4189147949219
-868.40380859375 -311.5368347167969
-866.4080200195312 -313.5365905761719
-864.618896484375 -311.5531921386719
-862.6219482421875 -313.53912353515625
-860.6431274414062 -311.5965576171875
-858.6471557617188 -309.6311950683594
-856.6474609375 -311.6220703125
-854.6710205078125 -313.6078186035156
-852.724365234375 -311.6172180175781
-850.746337890625 -313.6164245605469
-848.8657836914062 -311.64080810546875
-846.866455078125 -313.63922119140625
-844.869140625 -311.84820556640625
-842.8845825195312 -313.8447570800781
-840.8851318359375 -311.8868713378906
-838.8865356445312 -313.8861389160156
-836.8948364257812 -312.27447509765625
-834.9009399414062 -314.27386474609375
-832.93701171875 -312.2936706542969
-830.9400024414062 -314.29345703125
-828.9529418945312 -312.32489013671875
-826.9534301757812 -314.3205871582031
-824.95703125 -312.32476806640625
-823.1665649414062 -310.5833435058594
-821.4075317382812 -312.5206298828125
-819.4122924804688 -314.51458740234375
-817.4239501953125 -312.7226867675781
-815.4678955078125 -314.7098083496094
-813.5267944335938 -313.07684326171875
-811.5313720703125 -315.0748596191406
-810.0125122070312 -313.2112731933594
-808.1570434570312 -315.210693359375
-806.1858520507812 -313.2330017089844
-804.1913452148438 -315.2226257324219
-802.2785034179688 -313.5689392089844
