-1038.63720703125 -393.1684265136719
-1036.6392822265625 -394.40777587890625
-1034.6939697265625 -396.3815612792969
-1032.756591796875 -394.3824768066406
-1030.790283203125 -396.07696533203125
-1028.9588623046875 -394.0772399902344
-1026.9749755859375 -395.8817138671875
-1025.0067138671875 -393.8817443847656
-1023.0238037109375 -391.8824768066406
-1021.3921508789062 -393.4158935546875
-1019.4041137695312 -395.3653259277344
-1017.407958984375 -397.3428955078125
-1015.4755249023438 -395.3431091308594
-1013.5835571289062 -393.3455505371094
-1011.6030883789062 -395.3070068359375
-1009.686767578125 -393.30743408203125
-1007.7135620117188 -395.2680358886719
-1005.74462890625 -393.2681884765625
-1003.745361328125 -395.07562255859375
-1001.7482299804688 -393.0757751464844
-999.791015625 -394.9342956542969
-997.7930297851562 -392.934326171875
-995.8146362304688 -394.9128112792969
-993.8159790039062 -396.904052734375
-992.402099609375 -394.9043273925781
-990.4630126953125 -396.88922119140625
-988.4869384765625 -394.8892517089844
-986.489990234375 -396.8060607910156
-984.4974975585938 -394.8060607910156
-982.4976806640625 -396.8016662597656
-980.5449829101562 -394.80169677734375
-978.5479736328125 -396.79296875
-976.55712890625 -394.7929992675781
-974.736328125 -396.6451110839844
-972.7954711914062 -394.64520263671875
-970.8016357421875 -396.6060791015625
-968.9840698242188 -394.6060791015625
-966.9840698242188 -396.6038513183594
-964.9844970703125 -394.60418701171875
-962.9844970703125 -396.48919677734375
-961.0040893554688 -394.51068115234375
-959.0072021484375 -394.5385437011719
-957.008544921875 -393.17156982421875
-955.00927734375 -393.64044189453125
-953.0094604492188 -392.64385986328125
-951.0094604492188 -390.8902893066406
-949.0451049804688 -389.18670654296875
-947.046142578125 -389.24896240234375
-948.9848022460938 -387.28985595703125
-946.9857788085938 -385.4729309082031
-948.6912231445312 -383.51971435546875
-946.7094116210938 -381.5375671386719
-945.72509765625 -379.7276611328125
-947.3997192382812 -377.7427062988281
-946.197021484375 -375.7665710449219
-944.5542602539062 -373.7882385253906
-944.6069946289062 -371.8380432128906
-946.4218139648438 -369.9947814941406
-947.3485107421875 -368.0669250488281
-948.8351440429688 -366.3487243652344
-946.9127807617188 -364.4447021484375
-945.8193969726562 -362.5640869140625
-944.069091796875 -360.581787109375
-944.41015625 -358.58648681640625
-944.9039916992188 -356.6377258300781
-943.5267333984375 -354.7500305175781
-941.6087036132812 -353.8812255859375
-941.2955932617188 -351.8953857421875
-943.1181640625 -350.5209045410156
-941.168701171875 -349.289306640625
-939.5250244140625 -347.3167724609375
-938.4720458984375 -345.780517578125
-938.8299560546875 -344.1023254394531
-937.6270751953125 -343.15631103515625
-936.0994262695312 -341.47119140625
-935.5803833007812 -339.57232666015625
-933.6375732421875 -337.7298278808594
-932.5482177734375 -336.7843017578125
-930.6867065429688 -334.79901123046875
-929.0460815429688 -336.7662048339844
-927.720947265625 -334.92279052734375
-926.23681640625 -336.7750244140625
-924.3436279296875 -334.7803955078125
-922.5481567382812 -336.7427978515625
-920.5535888671875 -334.742919921875
-918.802490234375 -336.7275695800781
-916.8026123046875 -334.7283935546875
-914.8756103515625 -336.7125244140625
-912.8770141601562 -334.7148742675781
-910.89013671875 -336.6906433105469
-908.891357421875 -334.7019348144531
-906.9042358398438 -336.6322937011719
-904.9050903320312 -334.63238525390625
-902.9076538085938 -336.6300048828125
-900.9202270507812 -334.630126953125
-898.9213256835938 -336.6137390136719
-896.922119140625 -334.6153564453125
-894.9223022460938 -332.6453857421875
-896.2678833007812 -331.6003723144531
-894.2680053710938 -330.6627197265625
-895.5592041015625 -331.977294921875
-894.3339233398438 -330.5684814453125
-895.1156005859375 -331.5746154785156
-896.2708129882812 -329.6277770996094
-894.2708129882812 -329.07354736328125
-893.9791870117188 -327.63653564453125
-892.7281494140625 -328.76580810546875
-893.262451171875 -327.0960998535156
-894.0685424804688 -325.6652526855469
-895.47265625 -323.7934875488281
-896.2112426757812 -323.5740966796875
-894.2112426757812 -322.8446960449219
-893.366455078125 -320.9662780761719
-891.5467529296875 -319.4522705078125
-889.6080322265625 -317.52825927734375
-887.6353149414062 -315.5283203125
-885.6356811523438 -313.5345153808594
-883.6360473632812 -311.5431213378906
-881.642578125 -313.5423889160156
-879.6433715820312 -311.5436096191406
-877.64501953125 -313.536865234375
-875.6461181640625 -311.61767578125
-873.6461181640625 -313.61737060546875
-871.646484375 -311.6225280761719
-869.6466674804688 -313.6219177246094
-867.6468505859375 -311.62554931640625
-865.6471557617188 -313.62457275390625
-863.6488647460938 -311.6645202636719
-861.6490478515625 -313.6641540527344
-859.65185546875 -311.7214050292969
-857.6575927734375 -310.0617370605469
-855.65771484375 -312.055908203125
-853.6689453125 -314.05181884765625
-851.6690063476562 -312.0521240234375
-849.6787719726562 -314.04681396484375
-847.67919921875 -312.05926513671875
-845.680908203125 -314.0572509765625
-843.682373046875 -312.0997314453125
-841.6834716796875 -314.09912109375
-839.6973266601562 -312.23828125
-837.701171875 -314.2358703613281
-835.7125244140625 -312.3319091796875
-833.7163696289062 -314.3306884765625
-831.7181396484375 -312.58685302734375
-829.7469482421875 -314.58544921875
-827.74853515625 -312.6407775878906
-825.749267578125 -310.68084716796875
-823.7499389648438 -312.6791076660156
-821.7503051757812 -310.8678894042969
-822.7088623046875 -312.8637390136719
-820.7152709960938 -310.87542724609375
-818.7760009765625 -312.8703308105469
-816.9048461914062 -314.8695983886719
-814.9212646484375 -313.06207275390625
-812.9236450195312 -315.0567321777344
-810.9414672851562 -313.0992431640625
-808.9650268554688 -315.09869384765625
-806.9675903320312 -313.1744079589844
-804.9683227539062 -315.1531066894531
-802.9738159179688 -313.28778076171875
