-1038.6348876953125 -393.1794738769531
-1036.765869140625 -395.1791687011719
-1034.7662353515625 -393.183349609375
-1032.8043212890625 -395.18328857421875
-1030.805908203125 -393.18450927734375
-1028.8531494140625 -395.18438720703125
-1026.8648681640625 -393.1938781738281
-1025.1248779296875 -395.19384765625
-1023.140380859375 -393.199462890625
-1021.2230834960938 -395.1990661621094
-1019.233642578125 -397.19879150390625
-1017.2534790039062 -395.2020568847656
-1015.2590942382812 -393.20379638671875
-1013.3133544921875 -395.2037048339844
-1011.314453125 -393.20489501953125
-1009.8414916992188 -395.2043151855469
-1007.8473510742188 -393.20611572265625
-1006.5297241210938 -395.2059631347656
-1004.565673828125 -393.2064514160156
-1002.6136474609375 -395.206298828125
-1000.6869506835938 -393.2063903808594
-999.226318359375 -395.2054443359375
-997.2286376953125 -393.2067565917969
-995.3766479492188 -395.20599365234375
-993.3772583007812 -393.2066650390625
-991.6417236328125 -395.20648193359375
-989.6427001953125 -393.2066650390625
-988.03955078125 -395.1966247558594
-986.04345703125 -397.1963806152344
-984.3933715820312 -395.2005310058594
-982.4620971679688 -397.1998291015625
-980.466064453125 -395.2013244628906
-979.1646728515625 -397.19873046875
-977.2003173828125 -395.19952392578125
-975.2523193359375 -397.19903564453125
-973.2527465820312 -395.19976806640625
-971.3587646484375 -397.19927978515625
-969.361328125 -395.2176513671875
-967.3756103515625 -397.217529296875
-965.381591796875 -395.2183837890625
-963.3822021484375 -397.2123107910156
-961.3941650390625 -395.3037109375
-959.3995361328125 -397.3005065917969
-957.541748046875 -395.3157653808594
-955.5438842773438 -397.2928161621094
-953.547119140625 -395.3786926269531
-951.7401733398438 -393.4172058105469
-949.7579956054688 -394.850341796875
-947.7694702148438 -396.61431884765625
-947.0588989257812 -394.6530456542969
-949.0536499023438 -392.6549987792969
-947.0557861328125 -392.84930419921875
-948.6303100585938 -390.85089111328125
-946.6581420898438 -391.02862548828125
-948.2359619140625 -389.02880859375
-946.2379760742188 -387.33599853515625
-945.2522583007812 -385.3363952636719
-944.9859008789062 -383.3365478515625
-944.5375366210938 -381.3384704589844
-944.5685424804688 -379.338623046875
-943.3746948242188 -377.3424377441406
-943.6703491210938 -375.34405517578125
-945.5830078125 -373.3467102050781
-945.4580688476562 -371.36669921875
-947.0258178710938 -369.38385009765625
-948.82763671875 -367.384521484375
-947.1917724609375 -367.6099548339844
-948.5743408203125 -365.6109313964844
-946.5761108398438 -367.1683349609375
-947.3438720703125 -365.1687316894531
-947.2799072265625 -363.184326171875
-946.1318969726562 -361.2112121582031
-944.4353637695312 -359.213134765625
-944.9155883789062 -357.24554443359375
-943.2505493164062 -355.2625427246094
-943.2825927734375 -353.2760314941406
-942.5635375976562 -351.2785949707031
-943.7024536132812 -349.3359680175781
-944.5763549804688 -347.339599609375
-943.5897216796875 -345.4208068847656
-943.184814453125 -343.4427185058594
-942.4405517578125 -341.6405029296875
-942.3143920898438 -339.7823181152344
-942.8314208984375 -337.9511413574219
-942.32421875 -335.9869689941406
-943.7742309570312 -337.8243408203125
-944.7325439453125 -335.8941345214844
-945.7387084960938 -334.96771240234375
-944.1884765625 -333.3193359375
-945.1500244140625 -331.4923400878906
-944.2298583984375 -330.6324768066406
-942.8485717773438 -328.94061279296875
-942.7673950195312 -328.28668212890625
-942.640380859375 -327.87481689453125
-941.72900390625 -327.38836669921875
-940.7859497070312 -327.12982177734375
-942.2457885742188 -325.9095153808594
-942.535400390625 -324.6759338378906
-943.1029052734375 -323.9963073730469
-941.21435546875 -323.1138000488281
-940.1658935546875 -323.63397216796875
-941.929931640625 -321.7067565917969
-941.8890380859375 -319.8282775878906
-940.1506958007812 -318.0392150878906
-938.2700805664062 -316.09552001953125
-937.806884765625 -314.2249755859375
-935.9151000976562 -312.2264709472656
-937.6416015625 -314.2236633300781
-935.8280639648438 -312.27178955078125
-937.8208618164062 -314.2482604980469
-936.9405517578125 -312.2579650878906
-938.6416015625 -314.25335693359375
-936.7141723632812 -312.2676696777344
-938.5478515625 -314.18768310546875
-937.4669189453125 -312.19769287109375
-936.6982421875 -314.189697265625
-935.2101440429688 -312.2189025878906
-934.1525268554688 -314.2166442871094
-932.5493774414062 -312.22564697265625
-933.5374145507812 -314.2251281738281
-931.6481323242188 -312.22589111328125
-933.1444091796875 -314.2213134765625
-931.8585815429688 -312.22283935546875
-930.2650756835938 -314.22265625
-928.5233154296875 -312.22271728515625
-930.0783081054688 -314.2207336425781
-929.1044311523438 -312.22100830078125
-928.954345703125 -314.2198486328125
-927.0791625976562 -312.22015380859375
-926.2977905273438 -314.2200622558594
-927.6787109375 -312.22027587890625
-929.2221069335938 -314.2198181152344
-927.2345581054688 -312.220947265625
-927.2783813476562 -314.2186584472656
-927.2146606445312 -312.2254638671875
-928.7284545898438 -314.2251892089844
-926.8416748046875 -312.2254333496094
-926.6292114257812 -314.2244567871094
-925.082763671875 -312.2403259277344
-923.5646362304688 -314.23907470703125
-922.9625854492188 -312.2445373535156
-920.9943237304688 -310.24505615234375
-919.0505981445312 -312.2440185546875
-917.1194458007812 -310.2458190917969
-918.8394775390625 -312.2445068359375
-916.8697509765625 -310.24700927734375
-915.2196655273438 -312.24578857421875
-913.24658203125 -310.2460021972656
-911.9118041992188 -312.2458801269531
-909.9608154296875 -310.248779296875
-908.1659545898438 -312.24859619140625
-906.1889038085938 -310.255126953125
-905.2465209960938 -312.254150390625
-903.2500610351562 -310.2564392089844
-902.5286865234375 -312.2561950683594
-900.53759765625 -310.25848388671875
-899.9351806640625 -312.25830078125
-897.9508666992188 -310.27093505859375
-896.0033569335938 -312.26934814453125
-894.0978393554688 -314.2688903808594
-894.8389892578125 -312.2690734863281
-892.8833618164062 -314.2675476074219
-891.060546875 -312.2678527832031
-892.3724365234375 -314.2677917480469
-890.4928588867188 -312.2751770019531
-889.6449584960938 -314.27496337890625
-887.9502563476562 -312.2757263183594
-887.2821044921875 -314.27490234375
-885.3675537109375 -312.2754211425781
-883.369140625 -314.2752990722656
-881.6983642578125 -312.2756042480469
-879.8155517578125 -314.2755126953125
-880.1026000976562 -312.275634765625
-878.19189453125 -314.27532958984375
-876.2708740234375 -312.2753601074219
-874.5562133789062 -314.27520751953125
-872.8096313476562 -312.27569580078125
-870.8419799804688 -310.27752685546875
-869.0414428710938 -312.27716064453125
-868.6053466796875 -310.28009033203125
-866.607666015625 -312.27978515625
-867.2391357421875 -310.2839050292969
-866.1317749023438 -312.2835388183594
-864.1552124023438 -310.28387451171875
-862.3740234375 -312.2828674316406
-860.3970947265625 -310.28399658203125
-859.2738647460938 -312.2837219238281
-857.3953247070312 -310.2872619628906
-855.4237060546875 -312.2865295410156
-854.3470458984375 -310.2948913574219
-853.163818359375 -312.2887878417969
-851.2929077148438 -314.2856750488281
-849.9971923828125 -312.2862548828125
-848.0445556640625 -314.2857666015625
-846.0467529296875 -312.291015625
-844.18212890625 -314.2864990234375
-842.7745971679688 -312.2876892089844
-840.80810546875 -314.28692626953125
-839.3143310546875 -312.2884826660156
-837.9900512695312 -314.2875061035156
-837.1383056640625 -312.3021545410156
-835.1949462890625 -314.28582763671875
-833.9065551757812 -312.2859802246094
-831.9696655273438 -314.2841796875
-832.4695434570312 -312.28790283203125
-831.0390014648438 -314.2869567871094
-830.9754028320312 -312.2936706542969
-829.8158569335938 -314.2935485839844
-829.0213012695312 -312.2961730957031
-827.2535400390625 -314.29547119140625
-825.9943237304688 -312.3143005371094
-824.0262451171875 -310.31719970703125
-822.03125 -312.3129577636719
-820.4992065429688 -314.3092041015625
-818.5339965820312 -312.31451416015625
-816.7897338867188 -314.31298828125
-814.8333740234375 -312.31634521484375
-812.8375244140625 -314.3161315917969
-810.9163818359375 -312.3179016113281
-809.0174560546875 -314.3167724609375
-807.1891479492188 -312.3216552734375
-805.274169921875 -314.31182861328125
-803.6122436523438 -312.33123779296875
