-1038.7474365234375 -393.16619873046875
-1036.810546875 -395.0654296875
-1035.245361328125 -393.0670471191406
-1033.3018798828125 -394.6824951171875
-1031.8587646484375 -392.6825866699219
-1029.888671875 -394.07318115234375
-1028.02197265625 -395.9516906738281
-1026.40576171875 -393.95172119140625
-1024.409912109375 -393.85357666015625
-1022.441162109375 -391.8536071777344
-1021.2066650390625 -393.8173828125
-1019.2430419921875 -395.72052001953125
-1020.930908203125 -393.72509765625
-1019.379150390625 -395.42779541015625
-1017.3900756835938 -397.41522216796875
-1016.7528686523438 -395.4157409667969
-1015.905517578125 -393.4159851074219
-1013.9302978515625 -395.3670349121094
-1013.091796875 -393.3670654296875
-1011.6665649414062 -395.18524169921875
-1010.5427856445312 -393.1884460449219
-1008.5697021484375 -394.93511962890625
-1008.9183349609375 -392.9353942871094
-1006.9319458007812 -392.9757080078125
-1004.9659423828125 -394.9288635253906
-1004.6082153320312 -392.92889404296875
-1002.7340087890625 -394.4726867675781
-1001.7542114257812 -394.19598388671875
-1000.0153198242188 -395.1937561035156
-998.3215942382812 -393.19384765625
-996.3356323242188 -395.0683288574219
-994.3861694335938 -396.78692626953125
-993.19287109375 -394.78692626953125
-991.5642700195312 -394.4212951660156
-989.5703125 -395.276611328125
-987.6806030273438 -395.4969787597656
-985.7103881835938 -397.23870849609375
-983.9552001953125 -395.240478515625
-982.5433959960938 -396.0249328613281
-981.3614501953125 -394.0251159667969
-980.4802856445312 -394.59619140625
-978.5897827148438 -396.014404296875
-977.2596435546875 -394.0144348144531
-975.6948852539062 -394.0841064453125
-973.7236328125 -393.177734375
-971.728515625 -394.0392761230469
-970.3353271484375 -395.915283203125
-968.489990234375 -393.9153747558594
-966.4942626953125 -392.06829833984375
-964.49658203125 -390.076416015625
-962.5050048828125 -388.081298828125
-960.5114135742188 -386.0826416015625
-958.5143432617188 -384.0826721191406
-956.5512084960938 -382.0829772949219
-955.1820678710938 -380.0829772949219
-953.1997680664062 -378.08306884765625
-951.2303466796875 -376.0831298828125
-949.2318115234375 -374.08380126953125
-947.2656860351562 -372.0838928222656
-947.1353149414062 -370.1092224121094
-946.0098266601562 -368.127197265625
-945.0272827148438 -366.15283203125
-944.3984985351562 -364.19873046875
-942.4669799804688 -362.2398376464844
-940.878173828125 -360.3638000488281
-939.785400390625 -358.7475280761719
-940.2645874023438 -356.7818603515625
-939.2723388671875 -354.8748474121094
-937.4528198242188 -353.0987243652344
-936.2710571289062 -351.1819763183594
-936.623291015625 -349.83990478515625
-935.1932983398438 -347.8511047363281
-934.1499633789062 -345.9609680175781
-933.0723876953125 -344.2501220703125
-932.1098022460938 -342.3668212890625
-932.5817260742188 -340.41912841796875
-932.4090576171875 -338.5257873535156
-931.3834228515625 -336.6687316894531
-930.3965454101562 -334.6800537109375
-929.3035278320312 -335.6700439453125
-930.122802734375 -333.9130859375
-931.6759643554688 -333.130615234375
-930.35400390625 -333.4759216308594
-930.7202758789062 -331.9947204589844
-929.4903564453125 -331.58953857421875
-929.2990112304688 -330.9444885253906
-928.9797973632812 -329.3701477050781
-929.1102905273438 -327.3905944824219
-930.6812744140625 -325.464111328125
-930.073974609375 -324.2930908203125
-931.1661376953125 -322.5040283203125
-932.565673828125 -321.4786682128906
-931.0045166015625 -319.8036193847656
-929.228271484375 -317.86456298828125
-927.7368774414062 -315.8871154785156
-926.2041015625 -313.89093017578125
-924.2691650390625 -311.8929443359375
-922.3643798828125 -313.89276123046875
-920.6803588867188 -311.8929748535156
-919.8668212890625 -313.8917236328125
-917.8709106445312 -311.8923645019531
-915.95703125 -313.8922119140625
-913.960693359375 -311.8923034667969
-911.9737548828125 -313.8897705078125
-910.8972778320312 -311.8900146484375
-908.8983154296875 -309.8905944824219
-906.9898681640625 -311.8901672363281
-905.30712890625 -309.8920593261719
-903.4769897460938 -311.8920593261719
-901.55712890625 -309.89208984375
-899.8334350585938 -311.8920593261719
-897.9318237304688 -313.89019775390625
-895.9356689453125 -311.8909606933594
-895.3377075195312 -313.8872985839844
-893.3474731445312 -311.90057373046875
-891.353271484375 -313.9000244140625
-889.4736328125 -311.9026794433594
-887.4879150390625 -313.9012756347656
-885.5034790039062 -311.9016418457031
-883.5252075195312 -313.9008483886719
-881.5275268554688 -311.9009704589844
-879.8568115234375 -313.90008544921875
-877.8732299804688 -311.900146484375
-875.8862915039062 -313.9000244140625
-873.9157104492188 -311.9001159667969
-871.9547119140625 -313.8380126953125
-869.968994140625 -311.8381042480469
-867.9737548828125 -313.8375244140625
-865.9943237304688 -311.8377685546875
-864.0012817382812 -309.8614807128906
-862.3175048828125 -311.8609619140625
-860.3265991210938 -309.86376953125
-858.3275756835938 -311.8634948730469
-856.3345947265625 -309.8778381347656
-855.2096557617188 -311.8776550292969
-853.233154296875 -313.87762451171875
-851.39697265625 -311.8895263671875
-849.504638671875 -313.8894958496094
-847.658935546875 -311.9095153808594
-845.7536010742188 -313.9088439941406
-843.7615966796875 -311.90911865234375
-841.7636108398438 -313.9089050292969
-839.7779541015625 -311.9090881347656
-837.8838500976562 -313.9089660644531
-835.8876953125 -311.91632080078125
-833.9024658203125 -313.916259765625
-831.9061889648438 -311.918212890625
-830.0799560546875 -313.918212890625
-828.1171264648438 -311.9202575683594
-826.1357421875 -313.919921875
-824.3116455078125 -311.923583984375
-822.345703125 -309.95684814453125
-820.5337524414062 -311.956787109375
-818.6362915039062 -313.95672607421875
-816.9517822265625 -311.9831848144531
-815.092529296875 -313.9831848144531
-813.1069946289062 -311.985595703125
-811.4406127929688 -313.9854431152344
-810.4290161132812 -311.9871826171875
-808.4319458007812 -313.98712158203125
-808.25439453125 -311.9948425292969
-806.3682861328125 -313.9946594238281
-804.6502075195312 -312.0010070800781
-802.6697387695312 -314.00079345703125
