-1038.635009765625 -393.3316650390625
-1036.852783203125 -395.2245788574219
-1034.85595703125 -393.3696594238281
-1032.8592529296875 -395.35186767578125
-1032.425537109375 -394.02447509765625
-1030.4473876953125 -395.9935302734375
-1030.35009765625 -394.0765380859375
-1028.367919921875 -396.07568359375
-1026.4510498046875 -394.31390380859375
-1024.45703125 -392.8506774902344
-1022.4581298828125 -394.8445129394531
-1020.4657592773438 -396.8392028808594
-1018.6332397460938 -395.4898986816406
-1016.7528076171875 -397.47735595703125
-1014.9937133789062 -395.87481689453125
-1013.0541381835938 -394.2701110839844
-1011.0635986328125 -396.26202392578125
-1009.2381591796875 -394.3787841796875
-1007.2388916015625 -396.3721008300781
-1005.2493896484375 -395.26763916015625
-1003.989990234375 -394.103271484375
-1001.9912719726562 -396.0971374511719
-1000.2185668945312 -394.516357421875
-998.2202758789062 -396.42431640625
-996.2757568359375 -394.4422912597656
-994.2779541015625 -396.4352111816406
-992.3868408203125 -394.602294921875
-990.4472045898438 -396.53302001953125
-988.6073608398438 -394.7348327636719
-986.70849609375 -396.58367919921875
-984.7335815429688 -394.65771484375
-982.7342529296875 -396.6551208496094
-980.871826171875 -394.6787109375
-979.4400634765625 -396.6573181152344
-977.48876953125 -394.7625732421875
-975.6323852539062 -396.7598876953125
-973.6546630859375 -395.20166015625
-971.673095703125 -397.1419677734375
-969.7529907226562 -395.2032165527344
-967.8244018554688 -397.2020568847656
-965.8287963867188 -396.61810302734375
-965.1301879882812 -394.62213134765625
-963.1304931640625 -396.6162414550781
-961.1473999023438 -394.7296142578125
-959.1881713867188 -396.314697265625
-957.2340087890625 -394.4176025390625
-955.630615234375 -396.3128356933594
-953.799072265625 -395.17340087890625
-951.9639892578125 -396.9884033203125
-949.9823608398438 -398.71563720703125
-948.9635620117188 -398.3638916015625
-947.1404418945312 -398.9068603515625
-945.42578125 -398.664306640625
-943.4542846679688 -396.6869812011719
-941.5817260742188 -394.7794189453125
-940.5841064453125 -392.8218994140625
-939.1810913085938 -390.962646484375
-937.215087890625 -389.0177307128906
-936.1184692382812 -387.0279235839844
-934.4136352539062 -385.5572204589844
-932.826416015625 -383.5785827636719
-933.9247436523438 -381.6329345703125
-932.1561889648438 -379.668701171875
-932.0416259765625 -377.7419128417969
-930.2671508789062 -376.056884765625
-931.4201049804688 -374.4849548339844
-932.2833251953125 -372.78692626953125
-933.369384765625 -370.9915466308594
-934.0851440429688 -369.3802795410156
-932.8618774414062 -369.2225341796875
-934.8120727539062 -368.3271484375
-935.1769409179688 -366.8370666503906
-935.1932373046875 -364.8990173339844
-933.7283935546875 -363.0787658691406
-932.9938354492188 -361.46575927734375
-931.497802734375 -361.240966796875
-929.58251953125 -360.614990234375
-930.2020874023438 -359.01519775390625
-931.928955078125 -358.0008850097656
-933.4608154296875 -356.2279968261719
-935.3345336914062 -355.3257141113281
-934.6146850585938 -355.5029296875
-935.98193359375 -353.6766052246094
-934.096435546875 -352.1255798339844
-933.764404296875 -350.44781494140625
-932.5086059570312 -351.7228698730469
-933.1942749023438 -351.1368713378906
-931.8897094726562 -350.2598571777344
-932.4452514648438 -350.83642578125
-931.759521484375 -348.87921142578125
-932.2667236328125 -347.2367858886719
-932.6248779296875 -346.5190124511719
-932.6806030273438 -345.2586669921875
-931.6082763671875 -344.2069091796875
-931.3632202148438 -344.6156921386719
-932.912353515625 -345.6333312988281
-934.7499389648438 -344.2532653808594
-935.5263671875 -343.7786560058594
-933.8128662109375 -342.77850341796875
-932.5938720703125 -341.1357727050781
-931.0603637695312 -340.82330322265625
-931.1039428710938 -339.18804931640625
-932.7940063476562 -338.605712890625
-932.8218994140625 -337.5388488769531
-930.9336547851562 -335.82330322265625
-929.123046875 -333.9051818847656
-930.59765625 -335.2048034667969
-929.2796020507812 -337.0865173339844
-930.9873046875 -335.1589660644531
-930.1483764648438 -336.919921875
-930.7254028320312 -334.96466064453125
-932.7161254882812 -335.3387145996094
-931.9124145507812 -336.2991638183594
-932.2763671875 -336.322509765625
-930.3128051757812 -335.47540283203125
-928.6583862304688 -337.2164001464844
-927.17236328125 -335.35443115234375
-925.4239501953125 -337.2678527832031
-927.3424072265625 -335.31378173828125
-925.8185424804688 -336.7319030761719
-927.6248168945312 -335.3661804199219
-929.35107421875 -337.1838073730469
-929.5751953125 -335.5946044921875
-930.5771484375 -334.1155700683594
-929.1471557617188 -332.8924255371094
-930.9440307617188 -334.33282470703125
-931.9387817382812 -335.51446533203125
-930.3572998046875 -335.47845458984375
-930.3175659179688 -337.22711181640625
-929.8682250976562 -335.25006103515625
-927.9971923828125 -336.88336181640625
-927.1146850585938 -335.01129150390625
-925.7254028320312 -336.8876953125
-927.5257568359375 -334.974365234375
-927.2197875976562 -336.8928527832031
-927.5504150390625 -335.16607666015625
-927.5103759765625 -337.01531982421875
-929.4050903320312 -335.7061462402344
-931.27294921875 -334.6336975097656
-930.0491943359375 -334.26348876953125
-929.8713989257812 -333.9000244140625
-929.61767578125 -334.1864318847656
-928.2236328125 -336.0816955566406
-929.4346923828125 -334.1803283691406
-929.8681640625 -335.1768493652344
-931.3117065429688 -337.1130676269531
-932.8054809570312 -335.7922058105469
-933.2593994140625 -333.92645263671875
-932.98095703125 -333.2417297363281
-934.7743530273438 -332.7098693847656
-934.5009765625 -334.1915588378906
-932.5526733398438 -333.29095458984375
-931.5219116210938 -332.7747802734375
-932.5911254882812 -334.3071594238281
-931.7335815429688 -332.761474609375
-930.4580688476562 -334.097900390625
-928.5934448242188 -335.61956787109375
-930.4408569335938 -334.77740478515625
-930.1785888671875 -335.21343994140625
-928.3844604492188 -337.1549072265625
-930.095947265625 -335.75701904296875
-930.28466796875 -333.7931823730469
-931.3919067382812 -335.4915771484375
-932.3294677734375 -335.8163146972656
-931.7025756835938 -334.5374450683594
-932.9087524414062 -333.041259765625
-932.7564697265625 -331.6239318847656
-931.1368408203125 -330.0772705078125
-929.5177001953125 -328.2369689941406
-931.5149536132812 -326.4876403808594
-929.8917846679688 -326.1014099121094
-931.829345703125 -324.31414794921875
-931.950439453125 -323.0916442871094
-931.59423828125 -323.2939758300781
-932.3687744140625 -322.1368408203125
-933.5408935546875 -320.1478576660156
-931.6581420898438 -321.0114440917969
-932.576416015625 -319.6272888183594
-931.30029296875 -319.7012634277344
-929.36767578125 -317.844482421875
-930.760009765625 -316.0928649902344
-929.2545776367188 -314.1644287109375
-927.5138549804688 -312.6786193847656
-925.5217895507812 -311.4647521972656
-923.5933227539062 -313.4305114746094
-921.6171875 -311.44091796875
-919.625 -313.41241455078125
-917.6807250976562 -311.5426940917969
-915.7290649414062 -313.54083251953125
-916.4085083007812 -311.5446472167969
-914.45947265625 -313.5372619628906
-912.7163696289062 -311.70465087890625
-910.7896728515625 -313.57891845703125
-909.0884399414062 -311.60638427734375
-907.097412109375 -309.6332702636719
-906.3883056640625 -311.5027160644531
-904.6978759765625 -309.5178527832031
-902.7906494140625 -311.43768310546875
-900.7950439453125 -313.42901611328125
-898.8034057617188 -311.5357360839844
-896.8501586914062 -313.50860595703125
-895.1156005859375 -311.5333251953125
-893.1636962890625 -313.4333801269531
-891.2685546875 -311.73577880859375
-889.3397827148438 -313.623291015625
-887.374267578125 -312.3380126953125
-885.4190063476562 -314.320068359375
-883.4857788085938 -312.352294921875
-881.4862060546875 -314.33148193359375
-879.502685546875 -312.4126892089844
-877.5052490234375 -314.27728271484375
-875.5111694335938 -312.37152099609375
-873.5115966796875 -314.3686218261719
-871.5186157226562 -313.0081481933594
-869.6090698242188 -311.269775390625
-867.6116943359375 -313.236083984375
-865.613037109375 -311.58343505859375
-863.6150512695312 -313.5179443359375
-861.6181640625 -311.53656005859375
-859.6452026367188 -313.524169921875
-857.8630981445312 -312.6789245605469
-855.9790649414062 -310.8501281738281
-854.6738891601562 -312.62335205078125
-852.6835327148438 -311.4628601074219
-850.685302734375 -313.2583923339844
-848.7736206054688 -313.29669189453125
-846.7741088867188 -311.4446716308594
-844.7744750976562 -312.87225341796875
-842.8346557617188 -314.7964172363281
-840.853759765625 -313.4031066894531
-838.856689453125 -311.4838562011719
-836.8594970703125 -313.37908935546875
-834.872314453125 -311.7431335449219
-832.877197265625 -313.6650085449219
-830.8798217773438 -311.82244873046875
-828.8919067382812 -313.7925109863281
-826.8947143554688 -311.8222961425781
-824.89501953125 -313.7342224121094
-822.9055786132812 -311.9020690917969
-820.9083251953125 -313.0797424316406
-818.9425659179688 -314.2171936035156
-816.944091796875 -313.6931457519531
-814.9469604492188 -313.4010925292969
-812.9470825195312 -315.3914489746094
-810.9475708007812 -314.40802001953125
-808.9506225585938 -312.45330810546875
-806.9520874023438 -314.39599609375
-804.9718017578125 -312.71990966796875
-802.9757690429688 -314.6947326660156
-800.9804077148438 -313.4147033691406
