-1038.642333984375 -393.1660461425781
-1036.674560546875 -395.0371398925781
-1034.678466796875 -393.0371398925781
-1032.6873779296875 -392.7133483886719
-1030.708251953125 -394.3171691894531
-1028.792236328125 -395.00164794921875
-1026.8050537109375 -393.0016784667969
-1024.80517578125 -392.13177490234375
-1022.8076782226562 -391.1231384277344
-1023.7011108398438 -392.94122314453125
-1024.6263427734375 -394.9100646972656
-1022.6470947265625 -392.9100646972656
-1021.2265625 -394.7197265625
-1019.2391357421875 -395.96484375
-1017.371826171875 -393.9649353027344
-1015.5928344726562 -395.5914611816406
-1013.593017578125 -393.5914611816406
-1011.59619140625 -392.23175048828125
-1009.6198120117188 -393.4076232910156
-1007.6378784179688 -393.98809814453125
-1005.6382446289062 -393.5675354003906
-1003.6516723632812 -393.47686767578125
-1001.6571655273438 -394.7601013183594
-999.6597900390625 -392.7601318359375
-997.6681518554688 -391.9906921386719
-995.6754760742188 -393.0889587402344
-993.7542114257812 -394.8868408203125
-991.7550659179688 -396.2806701660156
-989.7615356445312 -394.28076171875
-987.9382934570312 -396.0299377441406
-985.941162109375 -394.030029296875
-983.9629516601562 -393.0620422363281
-981.9885864257812 -394.9937438964844
-980.127685546875 -395.8536376953125
-978.1323852539062 -397.52642822265625
-976.175048828125 -395.52655029296875
-974.1989135742188 -396.1293640136719
-972.2039794921875 -394.1295166015625
-970.2042846679688 -393.1129150390625
-968.2369384765625 -394.6442565917969
-966.2378540039062 -395.6889953613281
-964.23828125 -394.2893981933594
-962.2387084960938 -393.14801025390625
-960.2391967773438 -391.6611328125
-958.240478515625 -389.6673889160156
-956.2511596679688 -387.6788330078125
-954.2522583007812 -385.6807861328125
-952.2611694335938 -383.6807861328125
-950.2612915039062 -381.6831970214844
-948.2662963867188 -379.6841735839844
-946.2675170898438 -377.6842041015625
-944.2886352539062 -375.6842041015625
-942.2994995117188 -373.68426513671875
-940.3757934570312 -371.6848449707031
-938.444091796875 -369.7004089355469
-936.5869750976562 -367.7046203613281
-934.6060791015625 -365.7052001953125
-932.6173095703125 -363.8753967285156
-930.7711181640625 -361.9803771972656
-931.1390380859375 -359.9811096191406
-929.3515625 -357.9820556640625
-930.9013671875 -356.0600280761719
-930.40380859375 -354.0660705566406
-929.447509765625 -352.92578125
-930.2728271484375 -350.939208984375
-929.0908813476562 -349.280517578125
-928.8078002929688 -347.3982238769531
-930.1615600585938 -345.41845703125
-929.6226196289062 -343.5292053222656
-930.0350952148438 -341.5364685058594
-931.4947509765625 -339.6181945800781
-929.56005859375 -337.6761474609375
-929.3728637695312 -335.7114562988281
-930.4526977539062 -333.7133483886719
-931.693115234375 -333.2816467285156
-932.793701171875 -332.3688049316406
-931.8140869140625 -330.91668701171875
-930.0970458984375 -329.1261291503906
-928.6931762695312 -327.141845703125
-926.709716796875 -325.9727783203125
-926.8703002929688 -324.83941650390625
-928.7208251953125 -325.16717529296875
-927.5484619140625 -323.5537414550781
-927.0128173828125 -321.8348388671875
-928.6256103515625 -319.9709167480469
-930.2369384765625 -317.97125244140625
-930.32275390625 -316.0016174316406
-928.381591796875 -314.001708984375
-927.5233154296875 -312.001708984375
-926.89501953125 -313.92755126953125
-924.9555053710938 -311.927978515625
-923.124267578125 -313.8562927246094
-922.1727294921875 -311.8562927246094
-920.3838500976562 -313.8492126464844
-920.0530395507812 -311.8492431640625
-918.06201171875 -313.7838134765625
-919.9571533203125 -311.7839050292969
-918.1778564453125 -313.6717834472656
-916.8805541992188 -311.67181396484375
-915.3059692382812 -313.3455505371094
-913.7259521484375 -311.345703125
-911.7551879882812 -313.2819519042969
-913.1033935546875 -311.28204345703125
-911.333251953125 -313.2688293457031
-912.6791381835938 -311.2690124511719
-910.9032592773438 -313.2348327636719
-909.2647094726562 -311.23486328125
-907.2665405273438 -313.1803894042969
-908.8287353515625 -311.18121337890625
-906.8508911132812 -313.0872497558594
-906.9961547851562 -311.0872802734375
-905.0866088867188 -313.08367919921875
-903.383056640625 -311.0845947265625
-901.3848266601562 -313.0785827636719
-901.2103271484375 -311.0787048339844
-899.2174072265625 -313.06036376953125
-898.1445922851562 -311.060546875
-896.1469116210938 -313.0209045410156
-894.2802124023438 -314.98675537109375
-893.6473388671875 -312.9869689941406
-891.6475219726562 -314.76678466796875
-889.694580078125 -312.76678466796875
-890.1788330078125 -310.767578125
-888.2409057617188 -312.69940185546875
-887.9393920898438 -310.6997375488281
-886.1251831054688 -312.6383056640625
-885.3555297851562 -310.6383056640625
-884.24072265625 -312.62408447265625
-883.9367065429688 -310.6241149902344
-881.9464111328125 -312.5903625488281
-879.9481201171875 -314.4628601074219
-878.072998046875 -312.4628601074219
-876.0750122070312 -314.36004638671875
-875.2711791992188 -312.36004638671875
-873.2757568359375 -314.24853515625
-871.316650390625 -312.24853515625
-870.927978515625 -310.24908447265625
-869.683349609375 -312.07830810546875
-867.7152709960938 -310.0783386230469
-865.73095703125 -312.0461730957031
-864.9800415039062 -310.04620361328125
-863.015380859375 -312.0223693847656
-861.4412231445312 -310.0225524902344
-859.443359375 -311.71185302734375
-857.757568359375 -309.7118835449219
-855.799560546875 -311.348876953125
-854.2167358398438 -312.4922790527344
-855.8892211914062 -310.4924621582031
-857.240478515625 -311.3886413574219
-855.8442993164062 -313.3858337402344
-855.2042236328125 -311.38592529296875
-854.8827514648438 -313.32208251953125
-855.9691162109375 -311.3221130371094
-854.6686401367188 -313.28863525390625
-852.9323120117188 -311.28961181640625
-851.2850341796875 -313.2576904296875
-849.4974975585938 -311.2586975097656
-847.5601196289062 -313.2071533203125
-845.680908203125 -311.2071838378906
-843.7831420898438 -313.1367492675781
-844.9263916015625 -311.1367492675781
-843.1387329101562 -313.0578308105469
-841.14794921875 -315.0050354003906
-839.9762573242188 -313.0052490234375
-837.9805908203125 -312.56390380859375
-835.9913940429688 -314.55548095703125
-836.9407958984375 -312.5555114746094
-834.9463500976562 -313.60528564453125
-833.0861206054688 -311.6053161621094
-831.1217041015625 -312.9364013671875
-831.3967895507812 -310.9368896484375
-829.873779296875 -312.7561950683594
-831.3024291992188 -310.7561950683594
-829.4300537109375 -312.306884765625
-827.4550170898438 -313.24212646484375
-828.6065673828125 -311.2421569824219
-826.6292724609375 -312.8739318847656
-825.0492553710938 -310.8739318847656
-823.2312622070312 -311.4137268066406
-822.7302856445312 -310.0962829589844
-824.48828125 -311.66766357421875
-822.846923828125 -313.37017822265625
-823.4337158203125 -311.37017822265625
-821.5764770507812 -312.47869873046875
-822.28955078125 -313.15264892578125
-820.9535522460938 -311.15264892578125
-821.9706420898438 -312.6709899902344
-823.9119873046875 -310.6709899902344
-822.3175048828125 -311.3883361816406
-822.0484008789062 -312.14874267578125
-822.4599609375 -314.12255859375
-822.8126220703125 -312.12255859375
-822.6934814453125 -310.1228332519531
-823.6092529296875 -310.5147399902344
-821.61279296875 -310.2067565917969
-823.365478515625 -311.853271484375
-824.1723022460938 -309.853271484375
-822.1742553710938 -310.59356689453125
-823.9511108398438 -311.83856201171875
-825.1171875 -309.83856201171875
-823.1583862304688 -310.86932373046875
-822.3466796875 -312.2155456542969
-823.4224243164062 -313.31011962890625
-821.63623046875 -311.31011962890625
-821.4761962890625 -312.09906005859375
-819.9037475585938 -313.0460205078125
-818.291748046875 -311.47479248046875
-816.4653930664062 -313.1288757324219
-814.7196044921875 -312.1499938964844
-812.8919067382812 -310.5777587890625
-810.8992309570312 -311.5378723144531
-808.9378662109375 -312.2760925292969
-807.08203125 -311.1480407714844
-807.984619140625 -311.12725830078125
-809.4566040039062 -311.6300048828125
-808.1749877929688 -309.91619873046875
-806.54638671875 -308.6396179199219
