-1038.635009765625 -393.18865966796875
-1036.6351318359375 -395.18865966796875
-1034.635498046875 -393.1968994140625
-1032.635498046875 -395.1968688964844
-1030.635498046875 -393.2005310058594
-1028.6356201171875 -395.199951171875
-1026.6361083984375 -393.31121826171875
-1024.6363525390625 -395.3109436035156
-1022.636474609375 -393.32177734375
-1020.6365966796875 -395.3217468261719
-1018.6369018554688 -397.3217468261719
-1016.63720703125 -395.3283996582031
-1014.6373291015625 -393.3284606933594
-1012.6378173828125 -395.3274841308594
-1010.6393432617188 -393.3336181640625
-1008.6437377929688 -395.3335876464844
-1006.6439208984375 -393.3394470214844
-1004.659912109375 -395.33929443359375
-1002.6616821289062 -393.3454895019531
-1000.6626586914062 -395.3454895019531
-998.6627197265625 -393.3665466308594
-996.6650390625 -395.3665466308594
-994.6651000976562 -393.6739501953125
-992.6697998046875 -395.6739196777344
-990.6700439453125 -393.67559814453125
-989.0505981445312 -395.6748962402344
-987.05224609375 -397.6747741699219
-985.0532836914062 -395.6862487792969
-983.0533447265625 -397.68621826171875
-981.0540771484375 -395.6959228515625
-979.0581665039062 -397.69586181640625
-977.0590209960938 -395.7016906738281
-975.05908203125 -397.70166015625
-973.0592041015625 -395.72186279296875
-971.0592041015625 -397.7200927734375
-969.0594482421875 -395.844482421875
-967.0596313476562 -393.9433898925781
-965.0596923828125 -395.9407653808594
-963.0608520507812 -393.99176025390625
-961.0609741210938 -395.9883728027344
-959.06103515625 -393.9916687011719
-957.06103515625 -395.2066650390625
-955.062744140625 -397.1950378417969
-953.062744140625 -395.20062255859375
-951.062744140625 -394.5529479980469
-949.062744140625 -393.08575439453125
-947.0628051757812 -391.23956298828125
-947.4671630859375 -389.23992919921875
-947.1810302734375 -387.239990234375
-945.1948852539062 -385.239990234375
-945.8065185546875 -383.2401123046875
-944.133056640625 -381.24041748046875
-943.0072631835938 -379.24078369140625
-941.1026000976562 -377.24078369140625
-940.3555908203125 -375.24267578125
-939.1777954101562 -373.2427673339844
-938.6720581054688 -371.2427978515625
-939.8062744140625 -369.2716979980469
-940.434814453125 -367.2989196777344
-939.541259765625 -365.3165283203125
-940.604736328125 -363.3243103027344
-939.148681640625 -361.32440185546875
-937.693115234375 -359.3253173828125
-936.927734375 -357.3267517089844
-938.2252807617188 -355.3305969238281
-939.7946166992188 -353.4391174316406
-937.901123046875 -351.4391174316406
-938.7333374023438 -349.4549560546875
-937.0425415039062 -347.46063232421875
-935.5047607421875 -345.59033203125
-933.7477416992188 -343.5906982421875
-932.54443359375 -341.5931701660156
-934.4046020507812 -339.6233825683594
-934.122802734375 -337.7539978027344
-935.49755859375 -335.7686767578125
-933.523681640625 -336.1294860839844
-932.2273559570312 -334.3063049316406
-931.810546875 -335.9668884277344
-932.8574829101562 -333.9771423339844
-934.6768188476562 -332.57623291015625
-933.7288818359375 -330.6489562988281
-932.7449340820312 -328.84295654296875
-930.7796630859375 -327.4548645019531
-929.7842407226562 -326.2927551269531
-930.385498046875 -325.0131530761719
-931.3154296875 -325.42169189453125
-932.1190185546875 -324.7537841796875
-932.431884765625 -324.3251037597656
-933.0035400390625 -322.7286682128906
-933.4970092773438 -320.86700439453125
-931.8970947265625 -318.8802795410156
-931.1791381835938 -316.89666748046875
-929.442138671875 -314.89678955078125
-927.4440307617188 -312.91461181640625
-925.4495239257812 -310.91937255859375
-923.4645385742188 -312.91827392578125
-921.5331420898438 -310.918701171875
-919.5863647460938 -312.90289306640625
-917.5866088867188 -310.9029846191406
-915.60205078125 -312.90283203125
-913.6174926757812 -310.9029541015625
-911.6185302734375 -312.9029235839844
-909.6193237304688 -310.9029235839844
-907.6310424804688 -312.90289306640625
-905.63232421875 -310.9043273925781
-904.4408569335938 -312.9043273925781
-902.44091796875 -310.9231872558594
-900.456787109375 -312.9230041503906
-898.4573364257812 -310.92303466796875
-896.5051879882812 -312.92279052734375
-894.5054931640625 -314.9200439453125
-892.7633666992188 -312.9206237792969
-890.7844848632812 -314.92047119140625
-888.7935180664062 -312.9230041503906
-886.7935180664062 -310.9230651855469
-884.8553466796875 -312.9227294921875
-882.8555297851562 -310.9227600097656
-880.869140625 -312.922607421875
-878.869140625 -310.9228820800781
-876.8717651367188 -312.9226989746094
-874.8817138671875 -310.9231872558594
-872.8817749023438 -312.91949462890625
-870.8824462890625 -310.9196472167969
-868.9295043945312 -312.8935852050781
-866.9306030273438 -310.8935852050781
-864.9395141601562 -312.8569030761719
-862.9400634765625 -310.8577880859375
-860.9425659179688 -312.85614013671875
-858.943359375 -310.8562316894531
-856.9437866210938 -312.8172912597656
-854.9526977539062 -310.81732177734375
-854.85302734375 -312.80322265625
-852.8868408203125 -310.8032531738281
-851.3878173828125 -312.7644958496094
-849.4764404296875 -314.60687255859375
-847.5167846679688 -312.60693359375
-845.52294921875 -314.6061096191406
-843.53759765625 -312.60614013671875
-841.5382080078125 -314.551025390625
-839.5413818359375 -312.5510559082031
-837.6210327148438 -314.5329284667969
-835.6312255859375 -312.533447265625
-833.9213256835938 -314.45989990234375
-831.9391479492188 -312.4599304199219
-829.9986572265625 -312.5159912109375
-828.0248413085938 -314.51568603515625
-827.968017578125 -312.51605224609375
-825.9733276367188 -310.51617431640625
-823.9994506835938 -312.4641418457031
-822.01123046875 -310.4641418457031
-821.1595458984375 -312.4046936035156
-819.9312133789062 -311.9055480957031
-821.6607666015625 -312.7754821777344
-819.6640014648438 -310.7754821777344
-818.8333740234375 -312.3613586425781
-816.85498046875 -312.77105712890625
-814.8564453125 -311.29229736328125
-812.87646484375 -311.3604736328125
-810.8976440429688 -309.8633728027344
-811.236572265625 -311.768310546875
-809.2373046875 -312.9800109863281
-807.2398071289062 -312.9839172363281
-806.3096923828125 -311.9482116699219
-804.3364868164062 -312.2139587402344
