-938.1222534179688 -427.43511962890625
-940.1207885742188 -425.7340087890625
-942.0541381835938 -423.756591796875
-944.0523681640625 -421.7566833496094
-946.0509643554688 -419.75872802734375
-947.7030029296875 -417.7588806152344
-949.69384765625 -415.7596740722656
-951.6841430664062 -413.7596740722656
-951.0735473632812 -411.76104736328125
-952.7052612304688 -409.7611083984375
-954.6242065429688 -407.7707824707031
-956.4710693359375 -405.7709655761719
-958.0836181640625 -403.8467712402344
-959.736572265625 -401.8567810058594
-961.0167846679688 -399.857666015625
-962.67333984375 -397.8582763671875
-964.5512084960938 -395.8607177734375
-966.5355224609375 -393.86077880859375
-968.5322265625 -394.03778076171875
-969.7426147460938 -395.9154968261719
-971.7402954101562 -393.9162292480469
-973.7186279296875 -393.4275207519531
-973.6644287109375 -391.8611755371094
-974.2913208007812 -393.2200622558594
-976.28857421875 -394.9465026855469
-977.6497802734375 -396.6573181152344
-979.648193359375 -394.6575012207031
-981.6030883789062 -396.1467590332031
-983.5968017578125 -394.1468200683594
-985.1277465820312 -396.0992126464844
-987.123046875 -394.0993347167969
-988.2192993164062 -395.3376770019531
-990.1934204101562 -397.2359924316406
-992.1204833984375 -395.23602294921875
-994.1123046875 -393.2366027832031
-995.7545166015625 -394.6209716796875
-997.5397338867188 -396.26251220703125
-999.5300903320312 -394.2627868652344
-1001.5220336914062 -396.21136474609375
-1003.3350219726562 -394.2128601074219
-1005.2022705078125 -395.7127380371094
-1007.1717529296875 -393.717529296875
-1009.1697387695312 -395.51800537109375
-1011.1688232421875 -393.5206298828125
-1009.7678833007812 -394.7463684082031
-1011.7635498046875 -392.7467346191406
-1013.7406616210938 -394.709228515625
-1014.7265014648438 -392.70977783203125
-1015.6143798828125 -394.2376708984375
-1017.5518188476562 -396.1385803222656
-1019.55126953125 -394.1399841308594
-1021.1349487304688 -395.3531188964844
-1022.9476318359375 -397.330810546875
-1023.2327880859375 -395.3308410644531
-1023.787353515625 -393.33099365234375
-1025.7760009765625 -395.1853332519531
-1027.1124267578125 -393.185546875
-1025.864013671875 -391.218017578125
-1024.1409912109375 -389.8420104980469
-1026.140625 -388.8935241699219
-1026.7606201171875 -389.2647705078125
-1024.8394775390625 -390.8767395019531
-1025.42138671875 -392.622802734375
-1025.9903564453125 -393.93646240234375
-1026.5806884765625 -395.6622619628906
-1028.5511474609375 -393.6624755859375
-1029.0113525390625 -392.5796203613281
-1029.2880859375 -391.1958312988281
-1031.1378173828125 -391.87255859375
-1033.0880126953125 -393.6549987792969
-1034.9893798828125 -395.5981750488281
-1036.19970703125 -393.6003112792969
-1034.9300537109375 -395.4859924316406
-1036.7979736328125 -393.48614501953125
-1038.6851806640625 -395.4468078613281
-1040.3406982421875 -393.44708251953125
-1041.43701171875 -392.802001953125
-1041.735595703125 -394.7918395996094
-1043.05224609375 -392.7953796386719
-1044.189697265625 -394.236328125
-1044.46875 -396.0229797363281
-1044.14990234375 -394.0234069824219
-1045.954345703125 -395.7861328125
-1047.9520263671875 -393.7861633300781
-1048.907958984375 -394.96240234375
-1050.54345703125 -392.96331787109375
-1052.423828125 -394.85015869140625
-1054.3974609375 -392.8502197265625
-1056.3759765625 -394.6290283203125
-1058.1822509765625 -396.29437255859375
-1060.1575927734375 -394.3017883300781
-1061.845703125 -394.6609802246094
-1061.3880615234375 -396.186767578125
-1063.338134765625 -394.18768310546875
-1061.776611328125 -396.08392333984375
-1061.354736328125 -394.08416748046875
-1062.089599609375 -394.4229431152344
-1063.112060546875 -396.34954833984375
-1061.1689453125 -394.369384765625
-1060.5216064453125 -396.36181640625
-1062.49267578125 -394.3620910644531
-1064.2802734375 -393.5587158203125
-1063.3321533203125 -395.4668273925781
-1061.381591796875 -393.46746826171875
-1063.2979736328125 -395.3991394042969
-1061.36376953125 -393.4014892578125
-1061.4278564453125 -392.5662536621094
-1062.2906494140625 -393.76641845703125
-1063.90234375 -394.70709228515625
-1064.151123046875 -393.0763244628906
-1065.8389892578125 -392.09423828125
-1067.68359375 -394.09246826171875
-1068.4813232421875 -392.0962829589844
-1070.29541015625 -390.09649658203125
-1068.451171875 -388.18170166015625
-1070.450927734375 -387.08880615234375
-1068.4822998046875 -385.0983581542969
-1070.4818115234375 -383.1211853027344
-1068.9912109375 -381.1228942871094
-1070.9853515625 -379.1375427246094
-1069.00048828125 -377.16058349609375
-1070.99853515625 -375.1663513183594
-1069.781982421875 -373.2252197265625
-1071.7740478515625 -371.32147216796875
-1069.789306640625 -369.3436584472656
-1071.7244873046875 -368.9111022949219
-1069.7310791015625 -366.9183349609375
-1071.729736328125 -364.96343994140625
-1069.762939453125 -363.0382995605469
-1071.5106201171875 -361.15008544921875
-1070.0361328125 -359.35357666015625
-1072.01220703125 -357.3853759765625
-1070.161376953125 -355.573486328125
-1072.1536865234375 -353.586669921875
-1070.168701171875 -351.6919250488281
-1072.168701171875 -349.74114990234375
-1070.3123779296875 -347.842041015625
-1072.2989501953125 -345.85308837890625
-1070.372802734375 -344.6243896484375
-1069.5777587890625 -346.5237121582031
-1071.5738525390625 -344.52532958984375
-1069.8072509765625 -344.0232849121094
-1068.3209228515625 -343.4740295410156
-1069.900390625 -341.48486328125
-1068.0159912109375 -341.0036926269531
-1069.9827880859375 -339.01739501953125
-1070.221923828125 -337.83416748046875
-1069.9554443359375 -335.9051818847656
-1068.0306396484375 -334.1430969238281
-1069.982666015625 -334.4324035644531
-1067.9930419921875 -332.8992614746094
-1069.98291015625 -331.130859375
-1068.1373291015625 -329.24920654296875
-1069.86328125 -328.9902648925781
-1067.9039306640625 -327.4379577636719
-1069.7257080078125 -325.4945983886719
-1070.033935546875 -324.9010009765625
-1068.4693603515625 -324.61297607421875
-1066.5537109375 -322.8272399902344
-1068.361328125 -320.858642578125
-1067.85791015625 -319.1253967285156
-1069.85107421875 -317.1330871582031
-1068.271484375 -315.1917724609375
-1069.034423828125 -313.19207763671875
-1070.792236328125 -311.1935729980469
-1071.6661376953125 -312.7496337890625
-1073.54248046875 -310.7862243652344
-1075.373779296875 -311.93841552734375
-1077.317626953125 -309.9433898925781
