-938.107177734375 -428.6114501953125
-940.1055908203125 -429.6058044433594
-942.0980224609375 -428.9455871582031
-944.0962524414062 -427.05596923828125
-946.0947265625 -425.640869140625
-948.0944213867188 -423.6502990722656
-950.0923461914062 -421.6766357421875
-951.079833984375 -419.7627258300781
-950.9417724609375 -417.79046630859375
-951.0988159179688 -415.8170166015625
-949.639404296875 -413.84130859375
-951.639404296875 -411.8525695800781
-951.392333984375 -410.5875549316406
-950.2974243164062 -408.8626708984375
-949.3881225585938 -406.8634338378906
-950.9798583984375 -406.778076171875
-952.151611328125 -404.8302917480469
-952.2283935546875 -402.83843994140625
-953.379638671875 -400.8453369140625
-953.9899291992188 -398.8475646972656
-955.9846801757812 -396.848876953125
-957.9725341796875 -394.8498840332031
-956.0203857421875 -395.959716796875
-957.994873046875 -393.95977783203125
-956.2003784179688 -393.2657775878906
-954.4163818359375 -392.84613037109375
-952.4273071289062 -390.9020690917969
-950.80419921875 -388.9816589355469
-949.4522705078125 -387.0711669921875
-949.675048828125 -385.0865478515625
-948.134765625 -383.13507080078125
-946.473388671875 -381.15155029296875
-948.4732055664062 -379.1864013671875
-946.85986328125 -377.3033447265625
-948.8596801757812 -375.3907775878906
-948.3519287109375 -373.3932189941406
-949.1362915039062 -371.39642333984375
-947.8886108398438 -369.4010925292969
-949.8707275390625 -367.4339294433594
-948.4324340820312 -365.4342346191406
-948.494140625 -363.4373779296875
-946.6382446289062 -361.4376525878906
-948.6343383789062 -359.4458312988281
-950.5574951171875 -357.4459533691406
-952.4487915039062 -355.4473876953125
-950.7363891601562 -353.6044616699219
-950.2388305664062 -351.6358947753906
-948.3036499023438 -349.64349365234375
-948.5584716796875 -347.6485595703125
-946.74365234375 -345.6534118652344
-948.7291259765625 -344.0777587890625
-947.2476806640625 -342.0812072753906
-949.2452392578125 -340.48260498046875
-947.447265625 -338.48626708984375
-949.4254150390625 -336.6669006347656
-950.7371826171875 -334.67431640625
-949.0731201171875 -332.6814270019531
-947.4807739257812 -330.6910705566406
-949.4722290039062 -329.0198974609375
-948.6557006835938 -327.0238952636719
-947.9557495117188 -325.03228759765625
-949.9537353515625 -323.1985778808594
-950.62158203125 -321.2017517089844
-951.4939575195312 -319.2017822265625
-953.331787109375 -317.20196533203125
-955.3086547851562 -315.2020568847656
-957.308349609375 -313.2025451660156
-955.828857421875 -315.1667175292969
-957.8281860351562 -313.166748046875
-956.0226440429688 -315.0324401855469
-958.0108642578125 -313.032470703125
-958.1771240234375 -315.01690673828125
-960.1724853515625 -313.01715087890625
-960.0771484375 -314.914306640625
-962.0738525390625 -312.9143371582031
-960.8429565429688 -314.9066467285156
-962.82470703125 -312.9067077636719
-964.6008911132812 -314.90545654296875
-966.6007690429688 -312.9054870605469
-967.8978881835938 -314.90496826171875
-969.8975830078125 -312.9050598144531
-971.2481689453125 -314.9050598144531
-973.2478637695312 -312.90509033203125
-974.889892578125 -314.9046630859375
-976.889892578125 -312.9046630859375
-978.4675903320312 -314.9035949707031
-980.4674682617188 -312.90362548828125
-981.4906005859375 -314.900634765625
-983.4898681640625 -312.9010009765625
-985.3734741210938 -314.9009094238281
-987.369140625 -312.9013977050781
-989.2811279296875 -314.90130615234375
-991.28076171875 -312.9013671875
-993.26318359375 -314.8897399902344
-995.2623901367188 -312.8897705078125
-997.2235717773438 -314.8890380859375
-999.222900390625 -312.8892822265625
-1001.2208251953125 -310.8893737792969
-1003.2174072265625 -312.8887023925781
-1005.2174072265625 -310.88922119140625
-1007.2139892578125 -312.8715515136719
-1009.2138671875 -310.87158203125
-1009.8040161132812 -312.8647766113281
-1011.748779296875 -314.86260986328125
-1013.748779296875 -312.8642272949219
-1015.35205078125 -314.86407470703125
-1017.1329956054688 -316.8639831542969
-1018.9340209960938 -318.8630065917969
-1017.4210815429688 -316.88323974609375
-1019.2164916992188 -318.8818664550781
-1017.3668212890625 -316.8984375
-1019.2249145507812 -318.89825439453125
-1018.1071166992188 -316.8985900878906
-1020.1044311523438 -318.8985595703125
-1018.2445068359375 -316.90594482421875
-1018.830322265625 -314.90606689453125
-1020.6780395507812 -316.905029296875
-1021.808349609375 -314.9051513671875
-1023.7600708007812 -312.9052734375
-1025.7274169921875 -314.90411376953125
-1027.7159423828125 -312.9051513671875
-1029.7156982421875 -310.9051513671875
-1031.7130126953125 -312.8426513671875
-1033.7130126953125 -310.84271240234375
-1035.594482421875 -312.82843017578125
-1037.5943603515625 -310.82965087890625
-1039.5943603515625 -308.8296813964844
-1041.5926513671875 -310.6324462890625
-1043.5926513671875 -308.6324768066406
-1045.5926513671875 -306.6325378417969
-1047.5916748046875 -308.19573974609375
-1049.591552734375 -306.19573974609375
-1047.7119140625 -304.26165771484375
-1045.9031982421875 -302.33648681640625
-1047.902099609375 -301.24652099609375
-1049.8892822265625 -299.83746337890625
-1048.5406494140625 -297.8416748046875
-1049.07080078125 -295.8533935546875
-1047.61474609375 -293.86126708984375
-1049.6146240234375 -292.17645263671875
-1051.4239501953125 -293.6761169433594
-1049.6624755859375 -291.69287109375
-1051.1468505859375 -293.3948974609375
-1053.1158447265625 -295.25299072265625
-1054.7764892578125 -293.3274230957031
-1056.67919921875 -291.3414001464844
-1058.5411376953125 -292.3352355957031
-1060.5216064453125 -290.453857421875
-1062.5194091796875 -288.4563293457031
-1064.4984130859375 -290.1861572265625
-1066.490966796875 -288.19561767578125
-1068.422607421875 -289.7472229003906
-1070.4105224609375 -287.7850646972656
