-938.1236572265625 -429.32147216796875
-940.1235961914062 -428.92987060546875
-942.1229858398438 -430.6185607910156
-944.1228637695312 -431.6352844238281
-946.1226806640625 -431.2163391113281
-948.1224975585938 -429.7410583496094
-950.1215209960938 -427.8697814941406
-948.3355102539062 -425.8819274902344
-950.3319091796875 -424.4234313964844
-948.53564453125 -422.44866943359375
-950.5317993164062 -420.4647521972656
-951.3643798828125 -418.5668029785156
-950.63671875 -416.57659912109375
-949.3809814453125 -414.8349914550781
-951.380859375 -412.8633117675781
-949.5736694335938 -410.95025634765625
-949.2149658203125 -408.9657287597656
-948.977294921875 -407.0001525878906
-949.2312622070312 -405.1719665527344
-947.8123168945312 -403.1829833984375
-946.229248046875 -401.1863098144531
-948.2288208007812 -399.18701171875
-949.2399291992188 -397.1873779296875
-951.03466796875 -395.4206848144531
-952.4231567382812 -393.4212646484375
-952.4061889648438 -392.2864074707031
-952.4529418945312 -392.62127685546875
-954.1494750976562 -391.0555419921875
-954.5690307617188 -389.1834411621094
-953.3182983398438 -388.059326171875
-951.4109497070312 -386.0888366699219
-949.772705078125 -384.5967712402344
-950.8821411132812 -382.822998046875
-952.1480102539062 -381.9095153808594
-953.3104248046875 -379.9476013183594
-953.9083251953125 -378.18487548828125
-955.4793090820312 -376.81207275390625
-953.8694458007812 -374.9252624511719
-952.0526123046875 -373.1209411621094
-950.9878540039062 -371.8118591308594
-951.6617431640625 -369.8196716308594
-951.63037109375 -367.8309020996094
-951.6005249023438 -366.00421142578125
-953.3347778320312 -365.1212158203125
-954.2241821289062 -364.2350158691406
-955.2393798828125 -362.3099365234375
-956.0626220703125 -360.9760437011719
-957.848876953125 -359.1513977050781
-959.2938232421875 -357.451171875
-960.1741943359375 -355.46209716796875
-960.4832763671875 -355.613525390625
-962.1517333984375 -355.3071594238281
-963.7722778320312 -357.15399169921875
-965.770751953125 -359.0973815917969
-967.3292846679688 -357.10418701171875
-969.3250122070312 -359.09747314453125
-971.262451171875 -357.1002502441406
-973.2411499023438 -359.091552734375
-975.2220458984375 -357.092529296875
-977.2215576171875 -359.082275390625
-978.3463745117188 -357.08270263671875
-980.3424072265625 -359.05224609375
-982.3186645507812 -357.05877685546875
-984.3056640625 -359.0439758300781
-986.2810668945312 -357.0469665527344
-988.2721557617188 -359.0454406738281
-990.2504272460938 -357.0523681640625
-992.240478515625 -359.0451965332031
-994.230224609375 -357.0625915527344
-996.2164306640625 -359.041748046875
-998.21484375 -357.0423278808594
-1000.1923217773438 -359.0362548828125
-1002.19189453125 -357.0442199707031
-1004.1776733398438 -359.0440979003906
-1005.7471923828125 -357.0594482421875
-1007.7166748046875 -359.04229736328125
-1009.7164306640625 -357.0802001953125
-1011.5399780273438 -355.083740234375
-1013.2896728515625 -353.1004943847656
-1015.2332153320312 -351.10321044921875
-1017.2327270507812 -349.1366882324219
-1015.338623046875 -347.45953369140625
-1017.3385009765625 -347.4429016113281
-1016.4129638671875 -345.7930908203125
-1016.9127807617188 -343.8047180175781
-1018.6017456054688 -341.8644104003906
-1020.4572143554688 -339.8680419921875
-1018.4820556640625 -338.3359680175781
-1016.50927734375 -336.72821044921875
-1018.5091552734375 -336.4852600097656
-1018.4905395507812 -334.5155334472656
-1019.879638671875 -333.111328125
-1020.1615600585938 -331.18359375
-1018.3665771484375 -330.1035461425781
-1019.3816528320312 -328.2289123535156
-1018.355712890625 -326.8575744628906
-1018.0338745117188 -327.5106506347656
-1017.048583984375 -326.0213623046875
-1015.9404296875 -324.5802001953125
-1017.9387817382812 -325.33880615234375
-1016.8910522460938 -323.7029724121094
-1015.2033081054688 -321.7849426269531
-1017.2033081054688 -319.88092041015625
-1018.240966796875 -318.58978271484375
-1016.747802734375 -316.755126953125
-1018.7474975585938 -318.7549133300781
-1017.0064697265625 -317.6077880859375
-1019.0016479492188 -319.607666015625
-1018.6123657226562 -318.1187438964844
-1017.1325073242188 -316.2054443359375
-1019.1317749023438 -318.20208740234375
-1018.7568359375 -316.2328796386719
-1020.2144165039062 -318.2325744628906
-1020.7794799804688 -316.262451171875
-1021.949951171875 -314.2687072753906
-1023.949462890625 -316.263916015625
-1023.3743896484375 -314.2779846191406
-1023.8484497070312 -312.28045654296875
-1025.816650390625 -314.2798767089844
-1027.7900390625 -312.3060302734375
-1029.781005859375 -314.2938232421875
-1031.25 -312.3702392578125
-1033.114013671875 -310.4105224609375
-1035.1094970703125 -312.4101867675781
-1036.759765625 -310.4105224609375
-1038.758056640625 -308.42449951171875
-1040.7578125 -310.17584228515625
-1042.66943359375 -308.2288818359375
-1044.6690673828125 -306.2431945800781
-1046.654296875 -308.24200439453125
-1048.6533203125 -306.2809143066406
-1047.756591796875 -308.22979736328125
-1049.7406005859375 -306.26641845703125
-1048.6495361328125 -308.2198791503906
-1050.5030517578125 -306.2253112792969
-1051.35302734375 -308.2214660644531
-1051.9521484375 -310.2135925292969
-1053.9024658203125 -308.26239013671875
-1055.565185546875 -310.2620544433594
-1057.5321044921875 -312.2615661621094
-1059.5211181640625 -310.3183898925781
-1061.3961181640625 -312.3183898925781
-1063.389892578125 -311.2748107910156
-1064.6763916015625 -313.2748107910156
-1066.676025390625 -311.53460693359375
-1068.676025390625 -313.534423828125
-1070.5001220703125 -311.7651672363281
-1072.043701171875 -313.7651062011719
-1074.0185546875 -312.0171203613281
-1075.7818603515625 -310.09808349609375
-1077.06103515625 -312.0980224609375
-1078.8250732421875 -310.6622314453125
