-936.4376831054688 -426.59027099609375
-938.0637817382812 -424.6077575683594
-940.0521850585938 -422.8038024902344
-941.8673095703125 -420.8525085449219
-943.5802001953125 -419.0458068847656
-944.7542114257812 -417.09619140625
-946.75 -415.0977783203125
-948.7130126953125 -413.25933837890625
-950.3115234375 -411.26708984375
-948.4859008789062 -409.2760314941406
-950.4744873046875 -407.28033447265625
-948.5679931640625 -405.29925537109375
-947.4917602539062 -403.3173828125
-945.9953002929688 -401.3177490234375
-947.9078979492188 -399.3292541503906
-947.4413452148438 -397.3299865722656
-948.939208984375 -395.3306884765625
-950.7955322265625 -393.3309326171875
-948.9288330078125 -391.7535400390625
-948.359619140625 -389.7677307128906
-947.4019165039062 -387.781982421875
-949.0726928710938 -385.8053894042969
-950.6699829101562 -383.846923828125
-951.3218383789062 -381.8490295410156
-952.7755737304688 -379.8507385253906
-953.31787109375 -377.8686218261719
-953.7811889648438 -375.8748474121094
-953.4060668945312 -373.8769226074219
-952.0822143554688 -371.8797302246094
-951.3458862304688 -369.87994384765625
-950.988525390625 -367.97802734375
-949.2572021484375 -366.0674743652344
-950.6170043945312 -364.12982177734375
-952.1112060546875 -362.216796875
-954.0440063476562 -360.2503356933594
-953.7908325195312 -358.2737731933594
-952.2951049804688 -356.27593994140625
-954.1295776367188 -354.7579345703125
-953.1531372070312 -352.7758483886719
-954.7536010742188 -350.7821960449219
-955.2289428710938 -348.9996643066406
-956.84521484375 -347.0718688964844
-956.2296142578125 -345.0843505859375
-956.5377197265625 -343.1318664550781
-956.9296264648438 -341.3062744140625
-958.2081909179688 -339.3536682128906
-959.2018432617188 -337.4329528808594
-961.0125732421875 -335.4773864746094
-959.040771484375 -333.5084533691406
-957.677978515625 -331.52447509765625
-959.2276000976562 -329.94677734375
-960.988037109375 -328.0094909667969
-961.1207275390625 -326.0382995605469
-959.8233642578125 -324.1005554199219
-960.3363647460938 -322.5956115722656
-962.1212158203125 -320.75836181640625
-963.2518310546875 -318.7873229980469
-962.79052734375 -316.7897033691406
-963.8914184570312 -314.78997802734375
-965.8782958984375 -312.7900695800781
-965.789306640625 -314.72393798828125
-966.0264282226562 -312.72393798828125
-967.9459838867188 -314.48870849609375
-969.9070434570312 -312.48870849609375
-971.8792114257812 -314.4519348144531
-973.8093872070312 -312.4519348144531
-974.7954711914062 -314.3582458496094
-976.7789306640625 -312.3582763671875
-978.7647094726562 -314.34344482421875
-980.6917724609375 -316.32958984375
-982.5524291992188 -314.32958984375
-984.5486450195312 -316.3119812011719
-986.5293579101562 -314.3121032714844
-988.525390625 -312.3121032714844
-990.4797973632812 -314.2578125
-992.2633666992188 -312.2582702636719
-993.775146484375 -314.25726318359375
-995.7739868164062 -312.2574157714844
-997.6873779296875 -314.2527770996094
-999.6866455078125 -312.2527770996094
-1001.675537109375 -314.0855712890625
-1003.50341796875 -312.0856018066406
-1005.4872436523438 -310.0860595703125
-1007.4253540039062 -312.0096435546875
-1009.171142578125 -314.00286865234375
-1011.1654052734375 -312.0064392089844
-1012.9317016601562 -313.9237060546875
-1014.7630615234375 -315.90570068359375
-1014.4767456054688 -317.8399658203125
-1016.4561157226562 -315.8885192871094
-1018.2351684570312 -317.7813415527344
-1020.0501098632812 -315.8140869140625
-1020.2011108398438 -313.8731994628906
-1022.1430053710938 -315.8607482910156
-1021.2171630859375 -313.900146484375
-1023.2095336914062 -315.8994140625
-1021.9483032226562 -313.9001159667969
-1023.8255004882812 -315.88238525390625
-1022.6694946289062 -313.8843078613281
-1022.4287109375 -315.79510498046875
-1023.35595703125 -313.79827880859375
-1025.347412109375 -315.7846984863281
-1023.3758544921875 -313.784912109375
-1025.34912109375 -315.7813720703125
-1024.4512939453125 -313.7843322753906
-1024.489990234375 -311.78509521484375
-1026.3282470703125 -313.7809143066406
-1027.3309326171875 -311.78094482421875
-1029.2281494140625 -313.77569580078125
-1029.9921875 -311.7757263183594
-1031.961181640625 -309.7762451171875
-1032.998779296875 -311.7682189941406
-1034.9920654296875 -309.7682189941406
-1036.6492919921875 -311.75677490234375
-1038.51904296875 -309.7568054199219
-1040.421875 -307.7573547363281
-1042.3590087890625 -309.7315673828125
-1044.047119140625 -307.7315979003906
-1046.0167236328125 -305.7357482910156
-1047.9285888671875 -305.3909912109375
-1048.4256591796875 -304.6835021972656
-1048.165771484375 -304.0589294433594
-1047.5850830078125 -305.2428894042969
-1048.0899658203125 -306.53900146484375
-1050.0889892578125 -304.5403137207031
-1051.6639404296875 -306.29168701171875
-1052.49560546875 -306.54473876953125
-1052.0645751953125 -308.48248291015625
-1050.9522705078125 -310.422607421875
-1052.8841552734375 -308.4239807128906
-1054.455322265625 -310.3772888183594
-1056.42041015625 -308.37774658203125
-1058.081298828125 -310.3775634765625
-1056.587646484375 -312.3725891113281
-1058.3787841796875 -310.3728332519531
-1057.753173828125 -312.3689270019531
-1059.71240234375 -310.36895751953125
-1060.109375 -312.3687438964844
-1061.9931640625 -310.3692932128906
-1061.1221923828125 -312.36907958984375
-1063.074462890625 -310.37579345703125
-1064.2681884765625 -312.3757629394531
-1066.197265625 -310.3783874511719
-1067.411865234375 -312.3782653808594
-1066.0194091796875 -314.37799072265625
-1067.8675537109375 -312.382568359375
-1068.2132568359375 -314.3823547363281
-1069.791015625 -313.0411682128906
-1071.663330078125 -311.0428466796875
-1070.4775390625 -313.0408935546875
-1072.4359130859375 -311.04205322265625
-1072.0439453125 -313.0411376953125
-1072.8743896484375 -311.0415344238281
-1071.5889892578125 -313.0412902832031
-1073.5552978515625 -311.04168701171875
-1072.60498046875 -313.0401611328125
-1074.477294921875 -311.040283203125
-1074.8294677734375 -313.03961181640625
-1076.2835693359375 -311.0457763671875
-1074.3575439453125 -313.0457458496094
-1075.6507568359375 -311.0460205078125
-1076.5167236328125 -313.0459289550781
-1078.4853515625 -311.0603942871094
