-938.1237182617188 -427.9101867675781
-940.1229858398438 -426.15167236328125
-942.1229248046875 -424.1613464355469
-944.122802734375 -422.16510009765625
-946.122802734375 -420.2052307128906
-948.122802734375 -418.2115783691406
-950.122802734375 -416.2310485839844
-952.10302734375 -414.23553466796875
-954.10107421875 -412.23687744140625
-956.089111328125 -410.2397766113281
-958.0872802734375 -408.2437744140625
-960.0867309570312 -406.2501525878906
-962.0863647460938 -404.28118896484375
-964.0819702148438 -402.29388427734375
-966.0708618164062 -400.2956237792969
-968.0650634765625 -398.303955078125
-970.057373046875 -396.30450439453125
-972.0547485351562 -394.30560302734375
-973.9978637695312 -396.2252197265625
-975.9978637695312 -394.2253112792969
-977.9955444335938 -396.209716796875
-979.9942626953125 -394.2101135253906
-981.9937133789062 -393.643310546875
-983.9861450195312 -395.6381530761719
-985.9810791015625 -397.6280517578125
-987.979736328125 -395.6286926269531
-989.9678955078125 -397.5977478027344
-991.9673461914062 -395.59869384765625
-993.96728515625 -393.5987243652344
-995.9642333984375 -395.38739013671875
-997.9641723632812 -393.3886413574219
-999.8866577148438 -394.4541320800781
-1001.8857421875 -396.4183349609375
-1003.8856811523438 -394.42535400390625
-1005.878173828125 -396.20721435546875
-1007.8716430664062 -394.2083740234375
-1009.8280639648438 -395.63616943359375
-1011.8279418945312 -393.6368103027344
-1013.81982421875 -395.61376953125
-1015.8185424804688 -393.6141662597656
-1017.7833862304688 -394.9534912109375
-1019.7520141601562 -396.8925476074219
-1021.751953125 -394.8929138183594
-1023.7479248046875 -396.7221984863281
-1025.7469482421875 -394.7228088378906
-1027.7467041015625 -392.7231140136719
-1029.73046875 -394.71405029296875
-1031.729736328125 -392.7154235839844
-1033.7117919921875 -394.35980224609375
-1035.7105712890625 -395.45587158203125
-1037.709716796875 -393.45672607421875
-1039.6795654296875 -395.3038024902344
-1041.6793212890625 -393.3060302734375
-1043.657958984375 -394.53277587890625
-1045.310302734375 -396.4681091308594
-1047.3092041015625 -394.4689025878906
-1049.2760009765625 -395.8058166503906
-1051.2293701171875 -393.81829833984375
-1053.1317138671875 -395.60760498046875
-1055.1307373046875 -393.61041259765625
-1055.538818359375 -393.7115173339844
-1057.5028076171875 -395.6617126464844
-1059.5028076171875 -393.662109375
-1061.1099853515625 -394.715576171875
-1062.30078125 -396.4932861328125
-1063.1318359375 -394.49981689453125
-1064.4373779296875 -396.168212890625
-1065.606201171875 -394.1717834472656
-1067.6011962890625 -392.175048828125
-1069.60107421875 -390.1759033203125
-1071.600830078125 -388.4816589355469
-1071.56494140625 -387.07952880859375
-1071.8726806640625 -385.1031799316406
-1070.85009765625 -383.20819091796875
-1069.7642822265625 -381.2135925292969
-1071.76416015625 -379.2594909667969
-1072.524169921875 -377.2636413574219
-1071.0152587890625 -375.2799987792969
-1069.885009765625 -373.2801208496094
-1071.885009765625 -371.2919006347656
-1070.2025146484375 -369.31640625
-1072.2005615234375 -367.5703125
-1070.6533203125 -365.6063232421875
-1072.65234375 -363.6216125488281
-1070.8045654296875 -361.63482666015625
-1072.804443359375 -359.69580078125
-1070.871337890625 -358.051025390625
-1072.871337890625 -356.086181640625
-1071.68212890625 -354.1109313964844
-1072.9306640625 -352.1368713378906
-1071.394775390625 -350.2185974121094
-1070.7266845703125 -348.3491516113281
-1072.7264404296875 -346.3711242675781
-1071.149169921875 -344.3811340332031
-1069.932373046875 -345.90826416015625
-1071.930419921875 -343.90875244140625
-1069.980712890625 -344.2695617675781
-1068.8973388671875 -342.498291015625
-1069.8011474609375 -340.58447265625
-1067.8858642578125 -338.7235107421875
-1069.88525390625 -337.4433898925781
-1067.8922119140625 -335.45404052734375
-1069.89208984375 -333.45721435546875
-1068.048828125 -331.45916748046875
-1070.0479736328125 -329.5273132324219
-1068.3848876953125 -327.5594482421875
-1068.427490234375 -325.5626525878906
-1068.352783203125 -323.58477783203125
-1066.3895263671875 -321.6024169921875
-1068.3863525390625 -319.6417541503906
-1068.5234375 -317.6526184082031
-1069.611572265625 -315.6559143066406
-1071.60986328125 -313.6562194824219
-1073.609619140625 -311.6569519042969
-1075.609619140625 -309.6582336425781
