-938.1234741210938 -428.0626220703125
-940.1234741210938 -426.85052490234375
-942.1055908203125 -425.12255859375
-944.1021118164062 -423.15545654296875
-946.1018676757812 -421.15838623046875
-946.4317016601562 -419.1864929199219
-948.4315185546875 -417.52935791015625
-950.4312744140625 -417.0682678222656
-948.5628051757812 -415.0811462402344
-950.557373046875 -414.009033203125
-950.29638671875 -412.0440979003906
-948.3450317382812 -410.1019287109375
-950.313232421875 -408.12396240234375
-948.401123046875 -406.3125915527344
-946.4783325195312 -404.6321105957031
-948.4780883789062 -402.6356506347656
-949.8306274414062 -400.72283935546875
-948.0147094726562 -398.7732849121094
-946.247314453125 -396.7822265625
-947.8849487304688 -394.9732971191406
-949.8819580078125 -393.318603515625
-947.9379272460938 -392.1416931152344
-946.4178466796875 -390.8757019042969
-948.4171142578125 -389.0655212402344
-947.6516723632812 -387.286865234375
-949.6439819335938 -385.8757629394531
-947.7282104492188 -383.9886779785156
-949.7276000976562 -382.00433349609375
-948.0742797851562 -380.9472351074219
-949.6788940429688 -379.39630126953125
-947.9361572265625 -377.5149230957031
-949.4410400390625 -375.51568603515625
-950.843994140625 -374.0527648925781
-949.0281982421875 -372.1238098144531
-949.8353881835938 -370.1522216796875
-947.8663330078125 -368.4195861816406
-949.8218994140625 -366.4401550292969
-948.5436401367188 -364.48211669921875
-946.7957153320312 -362.7413330078125
-948.7815551757812 -360.7561340332031
-946.801025390625 -358.8475036621094
-948.7997436523438 -356.8662109375
-948.9089965820312 -355.56097412109375
-947.1815795898438 -354.0366516113281
-949.17919921875 -352.2204895019531
-949.0552368164062 -350.48968505859375
-949.0029296875 -348.7052001953125
-947.5253295898438 -346.82427978515625
-949.524169921875 -345.01885986328125
-947.6137084960938 -346.1106872558594
-949.6123046875 -345.5675048828125
-948.9834594726562 -343.8150329589844
-947.0925903320312 -343.45062255859375
-949.09130859375 -344.29498291015625
-950.3397827148438 -343.39654541015625
-950.6046142578125 -341.494140625
-951.091552734375 -339.97943115234375
-950.104248046875 -338.1441955566406
-950.9891967773438 -336.20843505859375
-949.7665405273438 -334.2477111816406
-948.386962890625 -334.7521057128906
-947.0227661132812 -334.2201232910156
-949.0068359375 -332.4924621582031
-947.1117553710938 -331.4228515625
-949.1109008789062 -329.45440673828125
-948.1644897460938 -327.4869689941406
-950.1533813476562 -328.96868896484375
-949.22998046875 -327.81756591796875
-947.8640747070312 -327.0000305175781
-949.8637084960938 -325.7125549316406
-949.6067504882812 -324.9857177734375
-948.0499267578125 -323.0315856933594
-949.9924926757812 -323.70355224609375
-949.5087280273438 -322.51849365234375
-949.0709228515625 -321.0007629394531
-947.1127319335938 -320.5650634765625
-949.1127319335938 -318.62628173828125
-949.6920776367188 -316.7810363769531
-951.1749877929688 -314.8044128417969
-953.1506958007812 -314.2280578613281
-955.1486206054688 -316.1952209472656
-954.2939453125 -314.2156982421875
-955.8568725585938 -316.1670837402344
-955.7390747070312 -314.29632568359375
-957.09375 -315.8902893066406
-955.8689575195312 -313.8910217285156
-957.8124389648438 -314.5827941894531
-957.7742919921875 -312.71600341796875
-959.2489013671875 -314.70147705078125
-960.0111083984375 -312.8777770996094
-961.9618530273438 -314.8731689453125
-962.46728515625 -312.9509582519531
-964.4664916992188 -314.7315368652344
-963.9600830078125 -313.03277587890625
-965.8074340820312 -315.0168762207031
-966.6903076171875 -313.0481872558594
-968.678466796875 -315.02740478515625
-968.8753051757812 -313.1341552734375
-970.8659057617188 -315.120849609375
-972.5761108398438 -313.1832275390625
-974.5389404296875 -315.1695251464844
-975.9518432617188 -313.2188720703125
-977.8469848632812 -315.2185974121094
-979.462890625 -313.4136657714844
-981.4208984375 -315.3482360839844
-982.7211303710938 -313.4225158691406
-984.71337890625 -315.228759765625
-986.1222534179688 -313.8081359863281
-987.9590454101562 -315.79608154296875
-989.9051513671875 -313.8740539550781
-991.9044189453125 -315.8702392578125
-993.874267578125 -313.8951721191406
-995.871337890625 -312.5870361328125
-997.8560791015625 -314.5729064941406
-999.8538208007812 -312.5763854980469
-1001.7203369140625 -311.22137451171875
-1003.7200927734375 -313.2121887207031
-1005.7158813476562 -312.3053283691406
-1007.6900024414062 -310.4029541015625
-1009.6862182617188 -312.39532470703125
-1011.6739501953125 -314.38970947265625
-1013.6682739257812 -316.3654479980469
-1015.6658935546875 -316.86395263671875
-1017.6618041992188 -318.8629150390625
-1015.8807983398438 -319.6653747558594
-1017.75146484375 -318.2879333496094
-1015.9376831054688 -317.6163635253906
-1017.9363403320312 -319.61553955078125
-1016.616455078125 -319.7640075683594
-1014.6810302734375 -319.0932312011719
-1016.6201171875 -318.5816955566406
-1014.898193359375 -318.22015380859375
-1016.89794921875 -318.8206787109375
-1015.8575439453125 -318.1473388671875
-1017.8568725585938 -316.23651123046875
-1019.8438110351562 -318.2362365722656
-1019.5829467773438 -316.6659851074219
-1018.3035278320312 -315.9486999511719
-1020.2235107421875 -317.9471130371094
-1018.6923828125 -316.26910400390625
-1020.691162109375 -318.26910400390625
-1019.4664306640625 -318.0233459472656
-1020.6017456054688 -316.3277587890625
-1018.925048828125 -315.2702941894531
-1020.9246215820312 -317.2657775878906
-1019.0194702148438 -315.40191650390625
-1021.0194091796875 -317.40167236328125
-1019.1433715820312 -315.4071350097656
-1021.1424560546875 -317.4070739746094
-1022.880126953125 -315.6054382324219
-1021.5053100585938 -313.8808898925781
-1023.4788208007812 -315.8668212890625
-1025.17041015625 -313.927978515625
-1026.723388671875 -312.1807556152344
-1028.681884765625 -313.99090576171875
-1028.79296875 -313.3172302246094
-1030.771728515625 -311.7549743652344
-1032.73046875 -310.90899658203125
-1034.730224609375 -312.9086608886719
-1036.6907958984375 -311.31390380859375
-1038.689697265625 -309.42791748046875
-1040.6895751953125 -310.9488220214844
-1042.6322021484375 -308.9813232421875
-1044.6219482421875 -307.6593017578125
-1046.621826171875 -305.67620849609375
-1048.621826171875 -307.52764892578125
-1050.6209716796875 -306.1563720703125
-1052.33740234375 -305.98028564453125
-1054.2818603515625 -307.9605712890625
-1056.247802734375 -309.7844543457031
-1058.2471923828125 -311.78045654296875
-1060.2423095703125 -309.8121643066406
-1061.9857177734375 -311.80999755859375
-1063.9847412109375 -310.47259521484375
-1065.9617919921875 -312.4179382324219
-1067.96142578125 -313.10150146484375
-1069.95947265625 -311.1361083984375
-1071.9381103515625 -313.13165283203125
-1073.93798828125 -311.3815002441406
-1075.931640625 -313.2745361328125
-1077.9307861328125 -311.9969787597656
