-938.1235961914062 -426.12066650390625
-940.12353515625 -424.1207275390625
-942.12353515625 -422.1207275390625
-944.12353515625 -420.1207275390625
-946.12353515625 -418.1207580566406
-948.12353515625 -416.1207580566406
-950.12353515625 -414.1207580566406
-950.9678344726562 -412.1212158203125
-951.7592163085938 -410.121337890625
-952.8447875976562 -408.1214599609375
-952.445068359375 -406.12152099609375
-951.6112670898438 -404.1222229003906
-953.3836669921875 -402.1222229003906
-954.1351928710938 -400.1222839355469
-956.132568359375 -398.12237548828125
-958.1248779296875 -396.12335205078125
-960.0059204101562 -394.1236572265625
-958.9076538085938 -392.1273498535156
-959.4263305664062 -390.127685546875
-957.9523315429688 -388.12774658203125
-956.3908081054688 -386.1313171386719
-958.3192138671875 -384.13134765625
-956.7501831054688 -382.1340637207031
-958.0751342773438 -380.1346435546875
-959.9617919921875 -378.1349182128906
-960.7594604492188 -376.135009765625
-961.1893310546875 -374.1537170410156
-959.8687744140625 -372.16217041015625
-960.2950439453125 -370.1706237792969
-961.52197265625 -368.17828369140625
-960.0166625976562 -366.1792297363281
-958.92041015625 -364.1838684082031
-959.6341552734375 -362.2395324707031
-961.064697265625 -360.2419738769531
-962.3766479492188 -358.2426452636719
-964.0946044921875 -356.2432556152344
-962.1525268554688 -354.359619140625
-963.8571166992188 -352.3795166015625
-961.9996337890625 -350.3877868652344
-960.678466796875 -348.41009521484375
-959.7455444335938 -346.4395446777344
-961.328369140625 -344.4490966796875
-962.8095092773438 -342.4532165527344
-960.8164672851562 -340.55548095703125
-962.0079956054688 -338.590087890625
-961.0765380859375 -336.9040832519531
-960.8660278320312 -334.9234924316406
-959.8867797851562 -332.93438720703125
-959.8252563476562 -330.94635009765625
-961.632080078125 -328.9726867675781
-962.3289794921875 -327.00341796875
-962.576416015625 -325.0127868652344
-963.560791015625 -323.15277099609375
-962.8108520507812 -321.32757568359375
-963.3668823242188 -319.5084533691406
-964.126220703125 -317.51971435546875
-966.0269165039062 -315.5205078125
-967.9891357421875 -313.5228576660156
-968.3563232421875 -314.97662353515625
-970.3282470703125 -312.97662353515625
-972.2048950195312 -314.9070739746094
-974.1742553710938 -312.90728759765625
-973.6961059570312 -314.67462158203125
-975.6876220703125 -312.6746826171875
-976.3121337890625 -314.6714172363281
-978.311279296875 -312.6716003417969
-980.3053588867188 -314.169921875
-982.2938842773438 -316.1612854003906
-984.2637329101562 -314.1612854003906
-986.2635498046875 -312.1620178222656
-988.252685546875 -314.1518249511719
-990.2427368164062 -312.1520690917969
-992.23974609375 -313.54107666015625
-994.2105712890625 -315.4196472167969
-996.2096557617188 -313.4196472167969
-998.2091064453125 -311.419677734375
-1000.1530151367188 -313.36279296875
-1002.1528930664062 -311.36279296875
-1004.0800170898438 -311.6849365234375
-1006.07275390625 -313.675537109375
-1008.0723266601562 -311.6757507324219
-1009.5390625 -313.6094665527344
-1011.5379638671875 -311.609619140625
-1013.3602294921875 -313.55767822265625
-1015.3569946289062 -315.2936706542969
-1017.3411865234375 -316.9978942871094
-1019.3411254882812 -318.16943359375
-1020.9387817382812 -316.43865966796875
-1019.7280883789062 -314.4482116699219
-1021.7266845703125 -316.4361267089844
-1019.7437744140625 -314.4369201660156
-1021.7333984375 -316.3835754394531
-1019.852783203125 -314.3883972167969
-1021.8526000976562 -316.1616516113281
-1020.1121215820312 -314.29595947265625
-1021.9637451171875 -316.16583251953125
-1021.5136108398438 -314.1793518066406
-1023.5009765625 -316.1328125
-1022.5755004882812 -314.13348388671875
-1024.5738525390625 -316.09210205078125
-1026.103271484375 -314.10858154296875
-1028.0670166015625 -312.10858154296875
-1030.040283203125 -313.9309387207031
-1031.876220703125 -311.9309997558594
-1033.8363037109375 -309.9317626953125
-1035.8297119140625 -311.929931640625
-1037.7781982421875 -309.9302978515625
-1039.77734375 -307.9305725097656
-1041.7772216796875 -309.8281555175781
-1043.777099609375 -307.8282470703125
-1045.7147216796875 -305.8283996582031
-1047.712890625 -307.78619384765625
-1049.7120361328125 -305.7898254394531
-1049.208251953125 -306.6252136230469
-1051.119873046875 -305.4522705078125
-1053.023681640625 -306.662109375
-1051.979736328125 -308.6251525878906
-1053.9041748046875 -310.4554443359375
-1055.9036865234375 -308.45703125
-1055.6953125 -310.1916809082031
-1057.39404296875 -311.8616943359375
-1059.392333984375 -309.86181640625
-1060.7052001953125 -311.86041259765625
-1062.67333984375 -309.86090087890625
-1064.4324951171875 -311.801025390625
-1066.3690185546875 -313.7938232421875
-1068.3668212890625 -311.7939758300781
-1070.33740234375 -313.79248046875
-1069.90576171875 -311.7940979003906
-1071.9024658203125 -313.7936096191406
-1073.685546875 -311.79376220703125
-1075.614990234375 -309.7938232421875
