-938.1219482421875 -429.648193359375
-940.1185913085938 -431.620849609375
-942.1185302734375 -430.50347900390625
-944.1171875 -429.4219665527344
-946.116455078125 -427.6557922363281
-948.1131591796875 -426.3191223144531
-950.1063842773438 -424.4910888671875
-950.8449096679688 -422.9216003417969
-951.3460693359375 -421.204833984375
-950.895751953125 -419.2361755371094
-952.6626586914062 -418.4145202636719
-951.4839477539062 -416.8194580078125
-952.297607421875 -415.65533447265625
-950.3554077148438 -414.395263671875
-949.3668212890625 -412.4181213378906
-951.3619995117188 -410.4208068847656
-950.4107055664062 -409.3593444824219
-950.8536987304688 -407.9556579589844
-950.3634643554688 -407.32598876953125
-952.1651000976562 -405.8531188964844
-950.6249389648438 -404.21697998046875
-952.4288330078125 -402.7041931152344
-953.5263671875 -401.4605407714844
-952.8558349609375 -399.47576904296875
-952.4339599609375 -397.8468017578125
-954.1365966796875 -395.84832763671875
-956.1132202148438 -393.8652648925781
-955.225830078125 -394.8828125
-954.645263671875 -396.1417541503906
-954.4170532226562 -394.1497497558594
-953.845703125 -394.7525634765625
-955.7117919921875 -394.9156799316406
-957.5394897460938 -394.0658264160156
-956.6854248046875 -392.8885498046875
-958.6286010742188 -391.0965270996094
-958.4727172851562 -390.44451904296875
-956.823486328125 -388.5144348144531
-958.3922119140625 -386.5694885253906
-958.6363525390625 -384.7071838378906
-959.44189453125 -383.76361083984375
-961.283447265625 -382.3055419921875
-959.6395263671875 -380.4175720214844
-960.733154296875 -378.4481201171875
-958.749267578125 -376.4696350097656
-958.465576171875 -374.5576477050781
-959.7910766601562 -372.5813293457031
-960.2291259765625 -370.71466064453125
-960.7294921875 -368.78277587890625
-959.8423461914062 -368.9871826171875
-961.65625 -367.0122985839844
-960.4237060546875 -365.0340881347656
-959.3728637695312 -363.1252136230469
-957.7832641601562 -361.1526184082031
-959.2706909179688 -359.22247314453125
-960.4547119140625 -357.35845947265625
-961.8695068359375 -355.38568115234375
-963.6670532226562 -353.7786560058594
-964.8153686523438 -352.03387451171875
-963.130859375 -350.0561218261719
-964.6434326171875 -348.4896545410156
-966.0856323242188 -346.504150390625
-964.1674194335938 -344.5250549316406
-963.3592529296875 -342.5726318359375
-961.5086059570312 -340.63433837890625
-960.6393432617188 -338.64239501953125
-962.4042358398438 -336.75225830078125
-961.8015747070312 -335.7140808105469
-963.2644653320312 -333.8965148925781
-962.0194091796875 -332.13714599609375
-960.8492431640625 -330.2132263183594
-960.6826171875 -328.2176818847656
-961.2915649414062 -327.57000732421875
-962.5963134765625 -325.6273193359375
-962.001220703125 -323.6463317871094
-960.5392456054688 -321.7839660644531
-961.3966674804688 -320.00579833984375
-959.6355590820312 -318.00616455078125
-958.2191772460938 -316.0348205566406
-959.7071533203125 -314.0516662597656
-961.50048828125 -315.60101318359375
-963.460693359375 -313.6016845703125
-965.4601440429688 -315.4673767089844
-967.4600830078125 -313.4674072265625
-969.39208984375 -315.335693359375
-971.3722534179688 -313.3357238769531
-973.3717041015625 -315.2579040527344
-975.3701782226562 -313.2580871582031
-977.3692626953125 -315.2528381347656
-979.3690185546875 -313.2530822753906
-981.3594360351562 -315.2493591308594
-983.3143920898438 -313.25555419921875
-985.2984619140625 -315.2468566894531
-987.2982177734375 -313.2469787597656
-989.2857055664062 -315.2460021972656
-991.1995849609375 -313.2487487792969
-993.1947021484375 -315.24755859375
-995.1280517578125 -313.2476501464844
-997.1279907226562 -315.2278747558594
-999.1170654296875 -313.2280578613281
-1000.6878662109375 -311.2353210449219
-1002.6878051757812 -313.2345886230469
-1004.6854248046875 -311.237548828125
-1006.6851196289062 -313.2375183105469
-1008.6831665039062 -311.2508850097656
-1010.6421508789062 -313.2420654296875
-1012.6403198242188 -315.23822021484375
-1014.6397094726562 -317.2154846191406
-1016.4254150390625 -315.2319641113281
-1018.4224243164062 -317.2273254394531
-1019.98388671875 -315.2681579589844
-1021.9824829101562 -317.2679138183594
-1020.6979370117188 -315.2765808105469
-1022.16162109375 -313.2814025878906
-1024.15576171875 -315.2811584472656
-1024.51318359375 -313.2818603515625
-1026.5103759765625 -315.2815856933594
-1027.5177001953125 -313.28173828125
-1028.2835693359375 -311.2832946777344
-1030.2818603515625 -313.279541015625
-1032.2774658203125 -311.2801208496094
-1034.2581787109375 -313.2790832519531
-1036.253662109375 -311.2805480957031
-1038.2486572265625 -309.2826232910156
-1040.2479248046875 -311.2815246582031
-1042.239990234375 -309.29205322265625
-1044.233642578125 -307.3946228027344
-1045.65673828125 -305.4896545410156
-1047.6551513671875 -307.4885559082031
-1049.502685546875 -306.3269958496094
-1050.981201171875 -308.2103271484375
-1052.8699951171875 -306.2710876464844
-1052.0924072265625 -307.8829040527344
-1054.0115966796875 -309.5635070800781
-1053.906005859375 -311.3895568847656
-1055.76220703125 -309.3947448730469
-1057.753173828125 -311.3587341308594
-1059.537109375 -309.376708984375
-1061.498779296875 -311.37628173828125
-1063.15478515625 -313.3752136230469
-1065.0361328125 -311.4751892089844
-1067.0230712890625 -313.47308349609375
-1068.806884765625 -311.4786071777344
-1070.8043212890625 -313.4767150878906
-1069.067626953125 -311.63604736328125
-1071.056640625 -313.635986328125
-1072.4918212890625 -311.67388916015625
-1074.4346923828125 -312.1156005859375
-1075.4676513671875 -310.6598815917969
-1077.3392333984375 -312.6578063964844
-1079.1788330078125 -310.6689147949219
