-938.1226196289062 -428.6035461425781
-940.12255859375 -426.620361328125
-942.1224365234375 -424.65753173828125
-944.1224365234375 -422.7444152832031
-946.1224365234375 -420.93548583984375
-948.1224365234375 -419.3099365234375
-950.1224365234375 -417.3265686035156
-952.1123657226562 -415.3338623046875
-953.9559936523438 -413.71392822265625
-955.889404296875 -411.8988342285156
-957.2848510742188 -410.1405029296875
-956.3666381835938 -408.5222473144531
-958.2864379882812 -406.5721740722656
-958.8729248046875 -404.61163330078125
-958.9691772460938 -402.7110900878906
-957.7864990234375 -400.72625732421875
-959.6049194335938 -398.7740783691406
-961.5821533203125 -396.77447509765625
-963.5816040039062 -394.7746887207031
-964.9281005859375 -396.7354431152344
-966.9200439453125 -394.7362365722656
-968.645751953125 -396.5444030761719
-970.6392211914062 -394.5444030761719
-971.217041015625 -396.540771484375
-973.2168579101562 -394.5409851074219
-974.343505859375 -396.5343017578125
-976.3433837890625 -394.53436279296875
-974.6638793945312 -396.4355773925781
-976.6638793945312 -394.43560791015625
-978.4904174804688 -396.40386962890625
-980.490234375 -394.4039001464844
-982.4661254882812 -396.35980224609375
-984.466064453125 -394.3602600097656
-986.3966064453125 -396.35595703125
-988.3966064453125 -394.35601806640625
-990.107177734375 -395.7085876464844
-992.1071166992188 -393.7096862792969
-994.0670166015625 -395.70867919921875
-996.06640625 -393.70928955078125
-998.0279541015625 -395.6973571777344
-1000.0278930664062 -393.7008972167969
-1001.6702270507812 -395.6432189941406
-1003.6702270507812 -393.6432189941406
-1005.5850830078125 -395.6409912109375
-1007.5850830078125 -393.64117431640625
-1009.51806640625 -395.633544921875
-1011.51806640625 -393.633544921875
-1013.4142456054688 -395.57403564453125
-1015.4142456054688 -393.5775146484375
-1017.365478515625 -395.21258544921875
-1019.365478515625 -393.2126770019531
-1021.3648071289062 -395.1916809082031
-1023.3644409179688 -397.1585693359375
-1025.3643798828125 -395.1665344238281
-1027.3643798828125 -393.1952209472656
-1025.8046875 -395.1932067871094
-1027.8045654296875 -393.1935729980469
-1028.4207763671875 -395.1509094238281
-1030.4207763671875 -393.1542053222656
-1030.5390625 -395.12481689453125
-1032.5390625 -393.1249694824219
-1032.4610595703125 -395.09796142578125
-1034.4609375 -393.0980529785156
-1035.4940185546875 -395.093505859375
-1037.4940185546875 -393.09381103515625
-1039.4912109375 -394.9530334472656
-1041.4912109375 -392.95379638671875
-1043.467041015625 -394.94818115234375
-1045.467041015625 -392.948974609375
-1047.359619140625 -394.80767822265625
-1049.240234375 -396.5623474121094
-1051.240234375 -394.5635070800781
-1053.188720703125 -395.8840026855469
-1055.188720703125 -393.8842468261719
-1057.087890625 -395.85614013671875
-1059.087890625 -393.8598327636719
-1060.7318115234375 -395.681640625
-1062.659912109375 -397.4769592285156
-1064.1304931640625 -395.5023498535156
-1066.0316162109375 -393.5188293457031
-1068.03125 -391.5189514160156
-1070.03125 -389.5253601074219
-1068.468017578125 -388.4020690917969
-1070.468017578125 -386.6547546386719
-1068.9578857421875 -384.7828369140625
-1070.9578857421875 -383.3376770019531
-1069.4918212890625 -381.5872802734375
-1071.4918212890625 -379.7434387207031
-1069.7296142578125 -377.79058837890625
-1071.7296142578125 -375.7976379394531
-1071.026611328125 -374.2288513183594
-1069.8153076171875 -372.35772705078125
-1071.813232421875 -372.627197265625
-1070.3626708984375 -370.6717529296875
-1072.3626708984375 -369.0364074707031
-1072.5792236328125 -368.1744689941406
-1071.5396728515625 -366.2746276855469
-1069.8306884765625 -364.567626953125
-1071.8306884765625 -362.5685119628906
-1071.335693359375 -361.1429443359375
-1071.935302734375 -359.3432312011719
-1070.8017578125 -357.43572998046875
-1072.8017578125 -355.4366760253906
-1073.971435546875 -355.613037109375
-1072.8214111328125 -354.12042236328125
-1071.4903564453125 -352.13555908203125
-1069.6905517578125 -350.6435852050781
-1071.6903076171875 -348.6465148925781
-1073.0264892578125 -346.814453125
-1073.60009765625 -347.4499206542969
-1071.62109375 -346.7566223144531
-1072.0538330078125 -345.7783508300781
-1073.6805419921875 -346.9888916015625
-1073.28125 -348.7297058105469
-1072.099365234375 -347.1446533203125
-1071.316162109375 -346.28485107421875
-1070.29345703125 -344.56427001953125
-1070.8216552734375 -346.462158203125
-1072.8216552734375 -344.4710693359375
-1073.6416015625 -346.444091796875
-1074.11572265625 -347.38873291015625
-1072.382080078125 -345.69012451171875
-1071.2867431640625 -344.6280822753906
-1070.1517333984375 -346.4098815917969
-1072.1517333984375 -344.41021728515625
-1072.484130859375 -345.0567932128906
-1071.4642333984375 -346.465087890625
-1072.9644775390625 -344.4866943359375
-1074.7523193359375 -346.47467041015625
-1073.55078125 -344.80462646484375
-1071.6844482421875 -342.8709411621094
-1070.7801513671875 -344.705322265625
-1070.6904296875 -346.08221435546875
-1072.6904296875 -344.0848388671875
-1073.7733154296875 -345.91912841796875
-1072.21630859375 -343.9623107910156
-1071.239990234375 -345.9167785644531
-1069.409423828125 -344.35430908203125
-1071.409423828125 -342.3544006347656
-1073.280517578125 -344.29913330078125
-1075.1353759765625 -346.21514892578125
-1073.2149658203125 -344.31658935546875
-1072.48486328125 -345.9728698730469
-1073.148681640625 -344.1629943847656
-1074.920166015625 -345.6422119140625
-1072.9962158203125 -344.67669677734375
-1072.435546875 -343.95343017578125
-1071.0418701171875 -345.7432861328125
-1069.3524169921875 -343.8912048339844
-1071.3524169921875 -341.8918762207031
-1070.2103271484375 -341.2345886230469
-1068.5748291015625 -341.7901611328125
-1067.248046875 -343.2314758300781
-1069.2479248046875 -341.2385559082031
-1068.392578125 -340.93072509765625
-1069.86572265625 -339.781494140625
-1069.70263671875 -338.82513427734375
-1069.6629638671875 -337.5069885253906
-1068.212158203125 -335.5892639160156
-1070.212158203125 -333.58929443359375
-1069.9879150390625 -333.4919128417969
-1068.34619140625 -332.308837890625
-1068.439208984375 -332.923583984375
-1068.1900634765625 -331.7997741699219
-1070.1900634765625 -329.80364990234375
-1069.6043701171875 -329.10845947265625
-1068.7091064453125 -328.86529541015625
-1069.8350830078125 -327.0564270019531
-1068.2012939453125 -325.1041564941406
-1070.2012939453125 -323.1042785644531
-1070.3009033203125 -322.67901611328125
-1070.8109130859375 -320.969482421875
-1070.8580322265625 -319.14813232421875
-1072.5850830078125 -317.5057373046875
-1074.564208984375 -315.52520751953125
-1076.56396484375 -313.53656005859375
-1078.56396484375 -311.558349609375
