-938.1236572265625 -428.11737060546875
-940.1234741210938 -430.0845947265625
-942.1234130859375 -428.654296875
-944.1231079101562 -430.63555908203125
-946.1220703125 -431.38385009765625
-948.1220703125 -431.9059143066406
-950.1220092773438 -431.9684753417969
-950.23583984375 -429.9747009277344
-950.4036254882812 -427.9825744628906
-952.21484375 -426.547607421875
-951.2120971679688 -424.6950988769531
-953.1561889648438 -424.4461669921875
-951.4841918945312 -422.4540710449219
-949.7784423828125 -420.5403137207031
-951.7783203125 -421.11859130859375
-951.1375122070312 -419.1190490722656
-952.5969848632812 -417.1334533691406
-952.3383178710938 -415.139404296875
-954.1683959960938 -413.2309265136719
-955.7717895507812 -411.2414245605469
-956.5718383789062 -409.3606262207031
-956.241455078125 -407.3724365234375
-954.2467651367188 -405.4638977050781
-953.7726440429688 -403.5190734863281
-952.61181640625 -401.53448486328125
-951.263427734375 -399.5686340332031
-950.5385131835938 -397.57568359375
-952.2382202148438 -395.62872314453125
-954.0740966796875 -393.71044921875
-954.2954711914062 -391.908935546875
-953.755615234375 -392.0322570800781
-953.3450927734375 -390.3583984375
-953.0380859375 -389.0346374511719
-953.1226806640625 -387.0825500488281
-952.43896484375 -385.0957336425781
-952.7205200195312 -383.41632080078125
-954.1034545898438 -381.4443054199219
-955.3823852539062 -379.6708068847656
-957.2821044921875 -377.6806335449219
-955.3818359375 -375.6949462890625
-953.8417358398438 -373.7209167480469
-953.8422241210938 -371.7474670410156
-954.093505859375 -369.939208984375
-953.680419921875 -368.072998046875
-953.4267578125 -367.6285705566406
-955.2340698242188 -365.6676025390625
-953.2838745117188 -363.7452392578125
-955.0642700195312 -361.76263427734375
-953.7259521484375 -359.7917785644531
-955.6663208007812 -357.79888916015625
-956.124755859375 -356.7230529785156
-954.340087890625 -355.0567932128906
-953.1358032226562 -353.4580383300781
-952.2545166015625 -351.562744140625
-953.991943359375 -349.8267517089844
-952.095458984375 -347.8362121582031
-950.909912109375 -345.9934387207031
-952.4867553710938 -345.0434875488281
-954.2446899414062 -343.0955810546875
-954.9788208007812 -341.14703369140625
-953.01025390625 -339.17852783203125
-954.8135375976562 -337.2928161621094
-955.70556640625 -335.6257629394531
-955.9485473632812 -333.69610595703125
-954.4979858398438 -332.4493408203125
-954.9212036132812 -330.7206726074219
-956.0537109375 -328.7681579589844
-954.09912109375 -326.77313232421875
-955.5864868164062 -324.7998352050781
-956.8304443359375 -322.89593505859375
-955.935302734375 -321.0069885253906
-954.4111328125 -319.025390625
-953.9669189453125 -317.0277404785156
-955.2692260742188 -315.03778076171875
-956.0380859375 -313.03814697265625
-955.3557739257812 -313.5186767578125
-957.0177612304688 -315.3433532714844
-956.46142578125 -313.6395263671875
-958.4378051757812 -315.6372375488281
-957.5703125 -313.6709289550781
-959.1336059570312 -315.46405029296875
-958.436279296875 -313.4659729003906
-960.3690185546875 -315.43414306640625
-961.6134643554688 -313.458984375
-963.4379272460938 -314.7801818847656
-965.4222412109375 -312.7862854003906
-967.2117919921875 -314.730712890625
-969.207763671875 -312.7308654785156
-970.7763671875 -314.69671630859375
-972.7759399414062 -312.6968994140625
-973.1300659179688 -314.6407470703125
-975.1295776367188 -312.6424560546875
-977.1267700195312 -314.6414794921875
-979.1236572265625 -312.6417236328125
-981.0169677734375 -314.6258239746094
-983.0028686523438 -312.6259765625
-984.9995727539062 -314.6257019042969
-986.9988403320312 -312.628173828125
-988.9237670898438 -314.6277160644531
-990.9189453125 -312.629638671875
-992.8281860351562 -314.6292724609375
-994.7965087890625 -312.6308288574219
-996.7920532226562 -314.62994384765625
-998.7667846679688 -312.636474609375
-1000.7658081054688 -310.6825256347656
-1002.73681640625 -312.68206787109375
-1004.4562377929688 -310.7308349609375
-1006.4439697265625 -312.7308044433594
-1008.4341430664062 -310.7452697753906
-1008.6492919921875 -312.7096252441406
-1010.5541381835938 -314.65936279296875
-1012.5537109375 -312.66705322265625
-1013.8048706054688 -314.66571044921875
-1015.05322265625 -316.6360778808594
-1017.0527954101562 -318.5646667480469
-1015.6104125976562 -316.9157409667969
-1017.605712890625 -318.9140930175781
-1016.3238525390625 -316.946044921875
-1018.3175659179688 -318.9378662109375
-1016.5068969726562 -317.07745361328125
-1018.29052734375 -319.0499572753906
-1016.9514770507812 -317.1520690917969
-1018.9194946289062 -319.1504211425781
-1017.5231323242188 -317.3150939941406
-1019.5150756835938 -319.31280517578125
-1017.8895263671875 -317.4040222167969
-1018.5385131835938 -315.40533447265625
-1020.3843994140625 -317.3982849121094
-1019.0856323242188 -315.4354553222656
-1021.0426025390625 -317.43499755859375
-1022.1743774414062 -315.5439758300781
-1020.1868286132812 -313.5595703125
-1022.0733032226562 -315.5531005859375
-1020.21044921875 -313.55438232421875
-1022.188232421875 -315.5464782714844
-1022.539794921875 -313.5555114746094
-1024.529296875 -315.5549621582031
-1024.770263671875 -313.5557861328125
-1026.7532958984375 -311.5566711425781
-1028.6588134765625 -313.5552673339844
-1030.2198486328125 -311.556396484375
-1030.207763671875 -313.5545654296875
-1032.138916015625 -311.560791015625
-1034.1351318359375 -309.56402587890625
-1036.0816650390625 -311.5618591308594
-1038.068359375 -309.5647888183594
-1040.040283203125 -311.5640563964844
-1041.75830078125 -309.5738525390625
-1043.707763671875 -307.62628173828125
-1045.601318359375 -306.1606140136719
-1047.5994873046875 -308.1600646972656
-1049.4390869140625 -306.21630859375
-1050.2379150390625 -307.30108642578125
-1051.208984375 -306.147216796875
-1052.439697265625 -307.3297119140625
-1050.7962646484375 -308.042236328125
-1052.681884765625 -307.9092102050781
-1052.5235595703125 -309.8901062011719
-1052.0618896484375 -307.9407043457031
-1053.79443359375 -309.5513916015625
-1053.883056640625 -311.4160461425781
-1055.88037109375 -309.47039794921875
-1057.7022705078125 -310.387451171875
-1059.54248046875 -312.3822937011719
-1061.5411376953125 -310.71514892578125
-1062.4716796875 -312.7120666503906
-1063.8028564453125 -310.74676513671875
-1062.9090576171875 -312.7383117675781
-1063.301025390625 -310.74884033203125
-1065.2509765625 -312.66162109375
-1067.19921875 -310.66302490234375
-1067.8450927734375 -312.66094970703125
-1068.05517578125 -314.659423828125
-1070.0538330078125 -312.876708984375
-1071.5360107421875 -310.8855285644531
-1072.7015380859375 -312.87139892578125
-1074.501953125 -310.8852844238281
-1074.345458984375 -312.8851013183594
-1076.30908203125 -310.8888854980469
-1075.00048828125 -312.88885498046875
-1073.8829345703125 -310.9139099121094
-1075.848876953125 -312.9075012207031
-1077.5697021484375 -310.9138488769531
