-938.1111450195312 -426.711669921875
-938.140625 -427.08282470703125
-939.0511474609375 -425.37054443359375
-941.0313110351562 -423.5387878417969
-941.9029541015625 -421.6365966796875
-943.795166015625 -419.6527404785156
-945.7846069335938 -417.7054138183594
-947.7803955078125 -416.4255065917969
-949.49755859375 -414.443359375
-951.4833984375 -412.65386962890625
-949.5355834960938 -410.7079772949219
-947.8277587890625 -410.095458984375
-949.8065795898438 -408.2580871582031
-947.9526977539062 -406.2847595214844
-949.556884765625 -404.6827392578125
-947.60888671875 -402.87066650390625
-945.8744506835938 -400.9851989746094
-947.8480224609375 -399.0877380371094
-947.5595092773438 -397.10986328125
-946.089111328125 -395.1378173828125
-948.0825805664062 -394.74835205078125
-947.8096313476562 -393.00726318359375
-949.7278442382812 -391.2154541015625
-947.8932495117188 -389.9951477050781
-946.0372314453125 -388.7366638183594
-948.026123046875 -386.80224609375
-946.2529907226562 -384.80743408203125
-948.2334594726562 -382.9016418457031
-946.24609375 -380.9946594238281
-948.212158203125 -379.04510498046875
-946.2650756835938 -377.1102600097656
-948.123046875 -376.2213439941406
-946.2955932617188 -374.23297119140625
-948.2753295898438 -375.9004821777344
-946.3068237304688 -374.0313720703125
-948.0279541015625 -374.1425476074219
-947.955322265625 -372.2001647949219
-946.1723022460938 -370.2814025878906
-947.9636840820312 -369.5600280761719
-949.3684692382812 -367.6076965332031
-947.7816772460938 -366.3991394042969
-949.7626342773438 -364.938232421875
-947.9960327148438 -363.143310546875
-949.7315063476562 -361.2832946777344
-947.8905639648438 -359.2917175292969
-949.7537231445312 -357.4272766113281
-949.0748291015625 -355.4297180175781
-947.259033203125 -353.9500732421875
-949.2376708984375 -352.9853515625
-949.5708618164062 -351.0791931152344
-947.7567138671875 -349.0898742675781
-949.5745239257812 -348.02313232421875
-948.0662231445312 -346.03167724609375
-950.0263671875 -347.4702453613281
-948.1895141601562 -345.5593566894531
-950.1207275390625 -345.4318542480469
-949.6640625 -343.451416015625
-947.8626098632812 -341.46868896484375
-949.3558349609375 -342.8680114746094
-948.0636596679688 -340.89471435546875
-949.0738525390625 -340.0489196777344
-948.2366943359375 -338.0811462402344
-948.4088134765625 -337.25433349609375
-947.8158569335938 -335.4195556640625
-949.75732421875 -334.5845947265625
-947.9619750976562 -332.59344482421875
-947.529541015625 -332.8331604003906
-949.5233154296875 -331.6068115234375
-949.3580932617188 -329.7790832519531
-949.3162841796875 -327.7887268066406
-947.5863037109375 -325.8072509765625
-948.2266845703125 -326.6185607910156
-947.6619873046875 -327.32305908203125
-949.3137817382812 -325.7425231933594
-947.6455078125 -323.7561950683594
-949.6160278320312 -322.0573425292969
-948.6122436523438 -320.1116943359375
-949.7138671875 -318.1277160644531
-948.297607421875 -316.129150390625
-950.2888793945312 -315.1548767089844
-951.5499267578125 -313.1549987792969
-950.0772705078125 -313.44879150390625
-949.4548950195312 -315.4014892578125
-951.189208984375 -313.40155029296875
-949.284423828125 -314.7063293457031
-950.9404907226562 -312.739990234375
-950.1008911132812 -314.0137634277344
-948.3575439453125 -315.9330139160156
-949.9862670898438 -314.5919494628906
-949.3157348632812 -312.5920104980469
-950.2882080078125 -314.22210693359375
-948.4699096679688 -315.3280334472656
-950.4680786132812 -313.82049560546875
-948.6405639648438 -314.845703125
-949.6614990234375 -312.8466796875
-948.2315673828125 -313.02960205078125
-946.6676025390625 -314.8664245605469
-948.5223999023438 -312.9103088378906
-946.5846557617188 -313.25262451171875
-948.5521850585938 -311.7480773925781
-946.8165893554688 -313.2381286621094
-948.8150634765625 -311.4307861328125
-947.1996459960938 -312.7831115722656
-949.1842651367188 -313.0047912597656
-947.3678588867188 -314.15826416015625
-949.3048095703125 -312.37152099609375
-947.3276977539062 -313.0904235839844
-948.6829833984375 -314.2275695800781
-947.471435546875 -315.8103332519531
-949.4636840820312 -314.7485656738281
-951.4238891601562 -312.7486267089844
-949.551513671875 -314.5132141113281
-951.213623046875 -312.51324462890625
-951.0601806640625 -314.20550537109375
-951.74658203125 -316.19580078125
-952.3275756835938 -314.20355224609375
-952.1735229492188 -316.0359802246094
-953.560546875 -314.0379333496094
-954.548583984375 -315.5597839355469
-955.2340698242188 -313.5601501464844
-954.0352783203125 -315.4247741699219
-955.9346313476562 -313.4248352050781
-957.2833862304688 -315.3691101074219
-956.596923828125 -313.36944580078125
-956.0795288085938 -314.9251708984375
-957.8389282226562 -312.92523193359375
-958.0910034179688 -314.6824645996094
-960.058349609375 -312.682861328125
-961.859130859375 -314.53460693359375
-962.8182373046875 -312.53472900390625
-964.2506713867188 -314.17645263671875
-966.152587890625 -312.1765441894531
-968.0169677734375 -313.6710510253906
-970.0144653320312 -315.4747009277344
-972.009765625 -313.47479248046875
-974.0001220703125 -314.4306945800781
-975.9989013671875 -312.4307861328125
-977.997314453125 -312.94085693359375
-979.8829956054688 -314.8416748046875
-981.882568359375 -312.84222412109375
-983.8565673828125 -314.8192443847656
-985.8440551757812 -312.8194274902344
-987.8292846679688 -314.7266845703125
-989.828125 -312.73382568359375
-991.763671875 -314.7290954589844
-993.7634887695312 -312.7330627441406
-995.6713256835938 -314.7309875488281
-997.6655883789062 -312.7315368652344
-999.665283203125 -314.7265319824219
-1001.6631469726562 -312.7286376953125
-1003.6559448242188 -310.7296142578125
-1005.6557006835938 -312.7277526855469
-1007.6542358398438 -310.72869873046875
-1009.6119995117188 -312.7212219238281
-1011.6107177734375 -314.7208557128906
-1013.6102294921875 -316.7156677246094
-1015.6101684570312 -316.52581787109375
-1017.6099243164062 -318.5247802734375
-1018.2219848632812 -316.5658874511719
-1020.2128295898438 -318.5652770996094
-1019.0173950195312 -317.9165954589844
-1019.8578491210938 -316.4674377441406
-1021.5834350585938 -314.4981689453125
-1023.5831909179688 -316.4979553222656
-1025.4464111328125 -314.5098571777344
-1027.4400634765625 -312.51068115234375
-1029.42431640625 -310.51104736328125
-1031.4241943359375 -312.51025390625
-1033.424072265625 -310.5342712402344
-1035.4234619140625 -312.5313415527344
-1037.421630859375 -310.5558166503906
-1039.41845703125 -308.556640625
-1041.41845703125 -310.5341491699219
-1043.4183349609375 -308.5428466796875
-1045.4183349609375 -306.5429992675781
-1047.418212890625 -308.5306701660156
-1049.4058837890625 -306.5323791503906
-1051.3431396484375 -307.7705078125
-1053.343017578125 -309.76995849609375
-1055.3427734375 -307.7704162597656
-1057.3426513671875 -309.7318115234375
-1059.342041015625 -311.72955322265625
-1061.3419189453125 -309.7465515136719
-1063.3419189453125 -311.7396240234375
-1065.341796875 -309.7756042480469
-1067.341796875 -311.7658996582031
-1069.341796875 -313.7652587890625
-1071.3126220703125 -311.77154541015625
-1073.3126220703125 -313.7584228515625
-1075.311767578125 -311.7694396972656
-1077.311767578125 -310.0202331542969
