-938.12353515625 -428.3592224121094
-940.0971069335938 -427.6477355957031
-942.0903930664062 -426.1533203125
-944.0882568359375 -424.3620910644531
-946.0870971679688 -422.4237365722656
-948.08447265625 -420.54046630859375
-950.08203125 -418.6730651855469
-948.5175170898438 -417.4781799316406
-950.5172119140625 -415.709228515625
-951.2339477539062 -414.5780029296875
-949.3469848632812 -413.5703430175781
-951.3465576171875 -411.6003112792969
-949.405029296875 -411.9586181640625
-951.405029296875 -409.988525390625
-949.6033325195312 -411.5293273925781
-947.7318115234375 -410.5359802246094
-949.7314453125 -408.58892822265625
-949.0755615234375 -408.3626708984375
-947.8070068359375 -406.95941162109375
-949.8069458007812 -405.0334777832031
-948.0294189453125 -403.3800048828125
-946.659912109375 -401.690185546875
-948.6593627929688 -399.76898193359375
-948.7103271484375 -399.14520263671875
-947.9237670898438 -397.2866516113281
-947.2937622070312 -395.314208984375
-949.2901000976562 -394.2687683105469
-948.7457275390625 -395.8388671875
-950.6309814453125 -393.8747863769531
-949.8262939453125 -394.9819641113281
-951.5167236328125 -396.5865173339844
-953.4225463867188 -394.677001953125
-953.1176147460938 -395.98681640625
-955.068359375 -393.9899597167969
-955.6663208007812 -395.5273132324219
-957.121337890625 -393.53277587890625
-955.7643432617188 -395.0743408203125
-955.836669921875 -395.6698303222656
-957.7646484375 -393.6767578125
-956.5960083007812 -394.5823669433594
-956.49560546875 -396.3289794921875
-957.8209228515625 -394.7557678222656
-959.4605102539062 -396.731201171875
-961.3421630859375 -394.80767822265625
-962.1151123046875 -396.6065368652344
-964.0962524414062 -394.6863708496094
-966.0220947265625 -396.66143798828125
-968.0137329101562 -395.30810546875
-969.8800659179688 -397.2097473144531
-971.87744140625 -395.2376403808594
-973.659912109375 -397.1841735839844
-975.6598510742188 -395.5308837890625
-976.98583984375 -397.528076171875
-978.9826049804688 -395.54150390625
-980.5874633789062 -397.41693115234375
-982.5859985351562 -395.53460693359375
-983.4913330078125 -397.43560791015625
-985.490966796875 -395.52099609375
-987.32568359375 -397.2067565917969
-989.3146362304688 -395.21453857421875
-991.2307739257812 -397.19622802734375
-993.2302856445312 -395.20159912109375
-995.2300415039062 -393.2060241699219
-996.9884033203125 -395.1929931640625
-998.9849853515625 -393.2580871582031
-1000.9733276367188 -395.0045471191406
-1002.97314453125 -393.10797119140625
-1004.9277954101562 -395.0774230957031
-1006.9276123046875 -393.08203125
-1008.798095703125 -395.04241943359375
-1010.7977905273438 -393.0575256347656
-1012.7852783203125 -395.0079650878906
-1014.7847290039062 -393.0097961425781
-1016.5197143554688 -395.0033874511719
-1018.5194091796875 -393.02325439453125
-1020.5069580078125 -395.0142822265625
-1022.473388671875 -396.49212646484375
-1024.38818359375 -394.51220703125
-1026.3876953125 -392.5188903808594
-1028.325439453125 -394.0018005371094
-1030.14111328125 -395.4664306640625
-1032.140380859375 -393.5047302246094
-1033.9144287109375 -394.8302001953125
-1035.9134521484375 -392.8307189941406
-1037.8812255859375 -394.2263488769531
-1039.6676025390625 -396.132568359375
-1041.66748046875 -394.135498046875
-1041.6585693359375 -396.056884765625
-1043.6571044921875 -394.0570068359375
-1043.9405517578125 -395.92608642578125
-1045.9403076171875 -393.9264221191406
-1047.8448486328125 -392.2620544433594
-1049.832275390625 -393.526123046875
-1051.796142578125 -395.31573486328125
-1053.79541015625 -393.3199462890625
-1055.5736083984375 -395.1199645996094
-1057.5712890625 -393.12042236328125
-1059.547119140625 -394.5789489746094
-1061.536376953125 -396.0092468261719
-1059.5953369140625 -394.0098571777344
-1061.558837890625 -394.44842529296875
-1063.2606201171875 -395.8875427246094
-1061.30322265625 -393.8876037597656
-1062.6534423828125 -393.4328918457031
-1064.62060546875 -392.581298828125
-1066.5958251953125 -394.1395263671875
-1068.350830078125 -392.1429443359375
-1070.3489990234375 -390.14453125
-1068.3494873046875 -388.17578125
-1070.349365234375 -386.3138427734375
-1068.3494873046875 -384.33544921875
-1070.3494873046875 -382.5633544921875
-1072.3492431640625 -380.57061767578125
-1070.349853515625 -378.5731201171875
-1072.349853515625 -376.61566162109375
-1070.3499755859375 -374.63568115234375
-1068.3511962890625 -372.6630554199219
-1070.3511962890625 -370.6636047363281
-1072.344970703125 -368.96929931640625
-1070.345458984375 -366.981201171875
-1072.345458984375 -365.01141357421875
-1070.3466796875 -363.0243835449219
-1072.3466796875 -361.03582763671875
-1070.347412109375 -359.0444641113281
-1072.34716796875 -357.5035095214844
-1070.3551025390625 -355.5408630371094
-1072.3533935546875 -353.6566162109375
-1070.355224609375 -351.7193298339844
-1072.353515625 -349.739013671875
-1070.35400390625 -347.78094482421875
-1072.35400390625 -345.79364013671875
-1070.354736328125 -344.1946105957031
-1068.404052734375 -344.0965576171875
-1070.40380859375 -342.11651611328125
-1068.4285888671875 -343.3160400390625
-1070.4285888671875 -341.3232116699219
-1068.4759521484375 -339.45379638671875
-1066.4771728515625 -337.4632873535156
-1068.47705078125 -336.0041198730469
-1066.47705078125 -334.62762451171875
-1068.4761962890625 -332.9232177734375
-1066.4769287109375 -331.03466796875
-1068.4766845703125 -329.97967529296875
-1066.477783203125 -328.0587463378906
-1068.4774169921875 -326.0897521972656
-1066.4774169921875 -324.1767883300781
-1068.473876953125 -324.7979431152344
-1066.4786376953125 -322.94598388671875
-1068.477783203125 -321.17193603515625
-1066.4835205078125 -319.78668212890625
-1068.45068359375 -319.58099365234375
-1066.4522705078125 -319.7818908691406
-1068.430419921875 -319.3847961425781
-1066.4320068359375 -318.61187744140625
-1068.4193115234375 -316.82861328125
-1066.7322998046875 -314.8465576171875
-1068.7320556640625 -312.8821716308594
-1070.7247314453125 -310.9089050292969
-1069.4471435546875 -312.8183288574219
-1071.388916015625 -310.8428039550781
-1072.126708984375 -312.65240478515625
-1074.1068115234375 -310.6900329589844
-1074.640869140625 -312.6768493652344
-1076.640625 -310.68438720703125
