-1073.48193359375 -113.81427764892578
-1075.45166015625 -115.75476837158203
-1073.45166015625 -117.70377349853516
-1075.424560546875 -119.69564819335938
-1073.4263916015625 -121.50761413574219
-1074.3201904296875 -123.49705505371094
-1076.2646484375 -125.49443817138672
-1074.274658203125 -127.49364471435547
-1074.302001953125 -129.3349151611328
-1076.2569580078125 -131.32872009277344
-1074.26953125 -133.32847595214844
-1076.1846923828125 -135.3262939453125
-1074.1883544921875 -137.32034301757812
-1076.12255859375 -139.31753540039062
-1074.1236572265625 -141.31207275390625
-1076.1029052734375 -143.31106567382812
-1074.10546875 -145.30868530273438
-1072.119140625 -147.3072509765625
-1073.68310546875 -149.3057098388672
-1071.70068359375 -151.30528259277344
-1073.558837890625 -153.3050537109375
-1072.86669921875 -151.34085083007812
-1074.3067626953125 -153.33766174316406
-1075.146728515625 -151.54298400878906
-1073.216064453125 -153.54258728027344
-1071.537841796875 -152.81092834472656
-1072.6439208984375 -151.3343505859375
-1073.9691162109375 -153.33335876464844
-1072.053955078125 -151.5220947265625
-1074.0447998046875 -153.52137756347656
-1072.448974609375 -153.5832061767578
-1071.609375 -152.6304473876953
-1072.5283203125 -152.1428680419922
-1074.0072021484375 -151.13804626464844
-1072.20654296875 -153.13719177246094
-1071.8985595703125 -153.8730926513672
-1072.541015625 -152.021484375
-1071.3092041015625 -151.5854949951172
-1073.0338134765625 -153.5841064453125
-1074.970703125 -151.59201049804688
-1072.973876953125 -153.59124755859375
-1073.4493408203125 -152.15667724609375
-1072.6298828125 -152.09771728515625
-1070.8858642578125 -151.67367553710938
-1070.912109375 -153.6729278564453
-1068.97265625 -152.708984375
-1067.3414306640625 -154.7089080810547
-1065.4317626953125 -153.04022216796875
-1065.1607666015625 -155.04010009765625
-1067.1595458984375 -156.96998596191406
-1065.1737060546875 -158.23873901367188
-1067.1607666015625 -160.07623291015625
-1065.1903076171875 -161.558837890625
-1063.1953125 -163.22732543945312
-1064.7872314453125 -165.2082977294922
-1062.8553466796875 -167.16305541992188
-1063.783447265625 -169.1582489013672
-1061.800537109375 -171.155029296875
-1061.4658203125 -173.1493682861328
-1063.365478515625 -175.01747131347656
-1064.8331298828125 -177.0122833251953
-1062.8839111328125 -179.0088348388672
-1064.7921142578125 -181.00399780273438
-1062.80322265625 -183.00271606445312
-1064.51806640625 -185.00035095214844
-1066.41796875 -186.97341918945312
-1064.4180908203125 -188.61830139160156
-1062.42138671875 -190.5853729248047
-1064.220703125 -192.58270263671875
-1062.2230224609375 -194.56883239746094
-1064.1297607421875 -196.5662384033203
-1062.1849365234375 -198.56405639648438
-1064.1622314453125 -200.53880310058594
-1062.167236328125 -202.52796936035156
-1064.104248046875 -204.4867401123047
-1062.1785888671875 -206.46864318847656
-1064.162841796875 -208.2489471435547
-1062.176025390625 -210.2435302734375
-1063.1240234375 -212.24282836914062
-1061.376953125 -214.2420196533203
-1059.3831787109375 -216.24180603027344
-1058.62548828125 -214.4266815185547
-1056.848388671875 -216.4228515625
-1055.003662109375 -214.61053466796875
-1053.536376953125 -216.61050415039062
-1051.55419921875 -217.2096710205078
-1050.4029541015625 -219.20941162109375
-1048.617431640625 -221.13998413085938
-1050.615234375 -223.0823516845703
-1048.63134765625 -225.01866149902344
-1050.6246337890625 -227.0153350830078
-1048.62548828125 -228.96701049804688
-1050.39892578125 -230.9630126953125
-1048.400390625 -232.77857971191406
-1050.194091796875 -234.77597045898438
-1048.213134765625 -236.66285705566406
-1048.7945556640625 -238.66055297851562
-1046.8060302734375 -240.6478729248047
-1048.156982421875 -242.6473388671875
-1046.158203125 -244.48829650878906
-1048.15625 -243.08885192871094
-1046.1572265625 -245.0104522705078
-1048.1409912109375 -245.63485717773438
-1050.1396484375 -247.59597778320312
-1048.1484375 -249.5934295654297
-1050.11474609375 -251.5459747314453
-1049.6885986328125 -251.62522888183594
-1047.7071533203125 -252.75331115722656
-1049.6378173828125 -254.7458038330078
-1047.644775390625 -256.73944091796875
-1049.6414794921875 -258.7186279296875
-1047.64208984375 -260.63031005859375
-1049.6337890625 -261.6195373535156
-1047.6365966796875 -263.5625
-1049.1787109375 -265.56182861328125
-1047.181884765625 -267.5120849609375
-1049.1597900390625 -269.2525634765625
-1051.1317138671875 -271.1868591308594
-1049.1326904296875 -273.1671142578125
-1051.1103515625 -275.1661682128906
-1049.11181640625 -277.0655517578125
-1050.764404296875 -279.03643798828125
-1048.8343505859375 -280.8509826660156
-1050.677490234375 -282.8447570800781
-1048.69091796875 -284.36773681640625
-1046.697265625 -286.2409362792969
-1046.22216796875 -288.2403259277344
-1044.289794921875 -290.2402038574219
-1045.5650634765625 -292.2359619140625
-1046.348388671875 -294.23046875
-1048.293701171875 -296.21630859375
-1046.30224609375 -298.21051025390625
-1048.2996826171875 -299.82672119140625
-1046.3001708984375 -301.2516784667969
-1046.1988525390625 -303.2332458496094
-1048.149658203125 -305.22491455078125
-1046.152099609375 -307.1927795410156
-1045.5357666015625 -306.2189025878906
-1047.4666748046875 -308.21685791015625
-1047.895263671875 -310.1512145996094
-1049.17333984375 -308.4815368652344
-1051.1180419921875 -306.6081848144531
-1049.1201171875 -308.60528564453125
-1050.624267578125 -309.6258239746094
-1052.435791015625 -308.90081787109375
-1050.4359130859375 -310.8790588378906
-1052.1474609375 -309.3140869140625
-1053.216552734375 -308.4422607421875
-1051.2166748046875 -310.44024658203125
-1052.438232421875 -309.14208984375
-1054.0662841796875 -307.9749450683594
-1052.0665283203125 -309.9740905761719
-1054.01318359375 -309.4407043457031
-1052.023681640625 -311.44024658203125
-1051.3194580078125 -309.4573974609375
-1050.8680419921875 -307.6106872558594
-1048.8681640625 -309.608642578125
-1050.6197509765625 -308.1759948730469
-1052.1181640625 -309.0980529785156
-1054.06298828125 -310.62823486328125
-1056.039306640625 -308.7541198730469
-1054.0404052734375 -310.753173828125
-1055.8121337890625 -309.5318603515625
-1053.8128662109375 -311.5317687988281
-1055.70947265625 -310.41510009765625
-1057.6905517578125 -310.07391357421875
-1055.6905517578125 -312.0738525390625
-1057.6097412109375 -310.279296875
-1055.610107421875 -312.2789306640625
-1057.5819091796875 -310.64019775390625
-1055.5823974609375 -312.6398010253906
-1057.0731201171875 -311.0971374511719
-1055.552978515625 -311.2467041015625
-1055.02490234375 -309.3464050292969
-1053.0255126953125 -311.3459777832031
-1054.1964111328125 -310.5793151855469
-1055.841552734375 -309.87384033203125
-1053.8416748046875 -311.8719482421875
-1055.6065673828125 -310.3412780761719
-1057.515625 -309.3922119140625
-1055.5357666015625 -311.39202880859375
-1057.5323486328125 -310.23724365234375
-1055.5325927734375 -312.2337341308594
-1057.20947265625 -310.3763732910156
-1055.2108154296875 -312.376220703125
-1057.1505126953125 -310.41912841796875
-1055.15234375 -312.3638916015625
-1057.146240234375 -310.8128356933594
-1058.59619140625 -308.9731750488281
-1056.59912109375 -310.9720153808594
-1056.8062744140625 -311.11041259765625
-1058.3463134765625 -310.4334411621094
-1056.347412109375 -312.4331359863281
-1057.9639892578125 -310.62469482421875
-1055.9774169921875 -312.62457275390625
-1057.93212890625 -312.1849670410156
-1059.865966796875 -312.8694763183594
-1060.983154296875 -311.39739990234375
-1058.9833984375 -313.39715576171875
-1060.6734619140625 -311.56109619140625
-1062.5543212890625 -310.3107604980469
-1060.5677490234375 -312.3105773925781
-1062.54296875 -311.16326904296875
-1060.5469970703125 -313.1630554199219
-1062.531005859375 -311.708984375
-1064.4803466796875 -310.0253601074219
-1062.48046875 -312.0250244140625
-1063.7286376953125 -311.82794189453125
-1065.700927734375 -312.7793273925781
-1067.682373046875 -312.8006896972656
-1068.7723388671875 -311.76226806640625
-1066.7745361328125 -313.76214599609375
-1068.095703125 -313.86395263671875
-1069.9415283203125 -315.1606140136719
-1068.12890625 -314.36004638671875
-1069.640380859375 -314.4436340332031
-1067.822021484375 -312.6991271972656
-1067.96240234375 -314.07366943359375
-1069.6610107421875 -314.76800537109375
-1067.7139892578125 -314.8115539550781
-1067.1024169921875 -316.47906494140625
-1069.0438232421875 -317.9679870605469
-1067.044677734375 -317.822509765625
-1065.79638671875 -319.48004150390625
-1067.6650390625 -321.4389953613281
-1069.6444091796875 -323.37255859375
-1067.6502685546875 -324.2758483886719
-1069.4775390625 -326.2096862792969
-1067.478271484375 -327.71661376953125
-1069.1802978515625 -329.6891784667969
-1067.180908203125 -330.5235290527344
-1069.1361083984375 -332.1083679199219
-1067.1387939453125 -333.89495849609375
-1069.1129150390625 -335.8227844238281
-1067.114013671875 -336.8550720214844
-1068.9136962890625 -337.6661682128906
-1066.913818359375 -339.1766357421875
-1068.8402099609375 -341.0559387207031
-1066.842529296875 -342.8711853027344
-1068.77783203125 -344.8572692871094
-1070.7442626953125 -344.9883728027344
-1068.744873046875 -346.98834228515625
-1070.091552734375 -348.7795104980469
-1072.05322265625 -350.711181640625
-1070.060546875 -352.6651916503906
-1072.0225830078125 -354.51861572265625
-1070.0235595703125 -356.291748046875
-1068.3831787109375 -358.2486877441406
-1070.376708984375 -360.17425537109375
-1072.0631103515625 -362.1394348144531
-1070.0657958984375 -363.0229797363281
-1071.97900390625 -364.8345031738281
-1070.0115966796875 -366.6285095214844
