-1073.5181884765625 -114.66535186767578
-1075.5074462890625 -116.63255310058594
-1073.6561279296875 -118.62901306152344
-1075.6265869140625 -120.62605285644531
-1073.6705322265625 -122.62088775634766
-1075.6541748046875 -124.61922454833984
-1073.793212890625 -126.61174774169922
-1075.745361328125 -128.57371520996094
-1073.8255615234375 -130.54833984375
-1075.821044921875 -132.54798889160156
-1073.8292236328125 -134.54769897460938
-1075.5152587890625 -136.54335021972656
-1073.8985595703125 -138.53530883789062
-1075.6795654296875 -140.52906799316406
-1073.846923828125 -142.5236358642578
-1075.1961669921875 -144.52212524414062
-1073.751953125 -146.52061462402344
-1074.0755615234375 -148.5180206298828
-1072.6151123046875 -150.51646423339844
-1073.203125 -152.5148162841797
-1072.8355712890625 -150.56903076171875
-1072.048828125 -152.5684051513672
-1072.4158935546875 -150.95848083496094
-1072.5330810546875 -152.95843505859375
-1070.752197265625 -151.09210205078125
-1069.9827880859375 -153.08956909179688
-1070.087158203125 -152.23854064941406
-1069.433349609375 -154.23822021484375
-1068.455322265625 -152.26809692382812
-1068.7403564453125 -154.26553344726562
-1066.774658203125 -152.6565399169922
-1065.208984375 -154.6522979736328
-1067.2054443359375 -156.63710021972656
-1065.4166259765625 -154.73593139648438
-1067.4149169921875 -156.72071838378906
-1065.708251953125 -155.5211639404297
-1067.6876220703125 -157.51576232910156
-1067.2117919921875 -155.8560028076172
-1066.123779296875 -153.91555786132812
-1066.055908203125 -155.90977478027344
-1064.6761474609375 -154.029296875
-1066.6600341796875 -156.0188751220703
-1064.71142578125 -154.0419464111328
-1066.7025146484375 -155.94546508789062
-1065.6219482421875 -154.0978546142578
-1065.12744140625 -156.09695434570312
-1067.114013671875 -158.06082153320312
-1066.382568359375 -158.9445343017578
-1064.5826416015625 -159.6547088623047
-1066.5662841796875 -161.60296630859375
-1064.57861328125 -163.58872985839844
-1062.7720947265625 -165.54531860351562
-1062.9820556640625 -167.54017639160156
-1064.6654052734375 -169.52545166015625
-1062.6842041015625 -171.52383422851562
-1064.634765625 -173.48886108398438
-1062.6435546875 -175.48480224609375
-1064.3065185546875 -177.4842987060547
-1062.34912109375 -179.48370361328125
-1064.0260009765625 -181.48338317871094
-1066.015869140625 -183.48126220703125
-1064.8238525390625 -185.4808349609375
-1063.0098876953125 -187.48056030273438
-1064.8441162109375 -189.47732543945312
-1062.9296875 -191.46661376953125
-1064.8858642578125 -193.466064453125
-1062.896728515625 -195.4656982421875
-1064.8858642578125 -197.46531677246094
-1062.8997802734375 -199.46231079101562
-1064.8912353515625 -201.46209716796875
-1062.8966064453125 -203.46173095703125
-1064.831298828125 -205.45896911621094
-1063.411865234375 -207.45883178710938
-1064.6834716796875 -209.45875549316406
-1062.739501953125 -211.45831298828125
-1063.802734375 -213.4582977294922
-1063.3367919921875 -215.45814514160156
-1063.413330078125 -213.49339294433594
-1061.448486328125 -215.49337768554688
-1062.718017578125 -214.32200622558594
-1061.5052490234375 -212.3541259765625
-1061.802001953125 -214.35179138183594
-1061.603515625 -216.3511962890625
-1063.35107421875 -214.36607360839844
-1063.3370361328125 -212.39161682128906
-1061.51904296875 -214.3915557861328
-1062.4136962890625 -216.3914031982422
-1061.0958251953125 -215.23541259765625
-1060.9918212890625 -213.34988403320312
-1061.236083984375 -215.34971618652344
-1060.5023193359375 -213.37576293945312
-1058.673095703125 -215.37551879882812
-1058.7139892578125 -213.38531494140625
-1057.2227783203125 -215.38525390625
-1055.4815673828125 -213.41876220703125
-1054.0400390625 -215.41824340820312
-1054.5626220703125 -217.4176025390625
-1052.5709228515625 -217.8520965576172
-1050.587890625 -219.6512908935547
-1048.624267578125 -221.64968872070312
-1050.61181640625 -223.64810180664062
-1048.662109375 -225.64796447753906
-1050.52587890625 -227.64549255371094
-1048.6522216796875 -229.64491271972656
-1050.648193359375 -231.62451171875
-1048.747314453125 -233.62448120117188
-1050.7437744140625 -235.62152099609375
-1048.763427734375 -237.62123107910156
-1050.6619873046875 -239.6202850341797
-1050.0408935546875 -241.61915588378906
-1048.1749267578125 -243.6190185546875
-1050.16259765625 -245.4820098876953
-1049.237060546875 -247.48143005371094
-1051.190673828125 -249.44015502929688
-1049.2545166015625 -251.43984985351562
-1051.251953125 -253.36627197265625
-1049.2540283203125 -255.36009216308594
-1047.2869873046875 -257.3599548339844
-1049.283935546875 -259.2770690917969
-1048.3095703125 -261.27685546875
-1050.2620849609375 -263.2425537109375
-1048.3851318359375 -265.2415771484375
-1050.380859375 -266.7789001464844
-1048.3873291015625 -268.7788391113281
-1050.365966796875 -270.7653503417969
-1048.735107421875 -272.7640380859375
-1050.734130859375 -274.732177734375
-1050.26123046875 -276.72979736328125
-1049.9029541015625 -278.7295837402344
-1048.5269775390625 -280.72955322265625
-1050.5137939453125 -282.6699523925781
-1048.834228515625 -284.6689453125
-1046.8603515625 -286.6683044433594
-1048.1966552734375 -288.6682434082031
-1046.7728271484375 -290.66632080078125
-1048.7711181640625 -292.6418762207031
-1049.2398681640625 -294.6418762207031
-1047.404052734375 -296.6325378417969
-1049.283447265625 -298.20660400390625
-1047.7786865234375 -300.20635986328125
-1049.777099609375 -302.1151428222656
-1048.1285400390625 -304.1151123046875
-1046.416015625 -306.1144714355469
-1048.37841796875 -308.10955810546875
-1049.1265869140625 -307.0650939941406
-1048.4302978515625 -306.6751708984375
-1050.0963134765625 -304.7945251464844
-1050.017578125 -306.7945251464844
-1049.9505615234375 -308.7944641113281
-1050.9923095703125 -309.9794616699219
-1050.609619140625 -308.32373046875
-1049.8818359375 -307.48870849609375
-1051.50732421875 -306.3301696777344
-1051.9510498046875 -308.3301086425781
-1051.97509765625 -310.330078125
-1052.81103515625 -309.4924011230469
-1053.315185546875 -310.02154541015625
-1054.4630126953125 -309.292724609375
-1053.090576171875 -311.2926940917969
-1054.8258056640625 -309.8690490722656
-1056.445068359375 -311.8690490722656
-1057.5880126953125 -310.9344787597656
-1057.7503662109375 -309.25640869140625
-1057.7691650390625 -311.2561950683594
-1058.602783203125 -309.4554138183594
-1057.2489013671875 -311.44903564453125
-1055.8355712890625 -310.4454040527344
-1056.7322998046875 -308.6953430175781
-1057.8121337890625 -310.6949768066406
-1057.837890625 -312.69451904296875
-1058.803466796875 -310.8700866699219
-1059.652587890625 -312.8679504394531
-1058.9168701171875 -311.0268249511719
-1060.6324462890625 -313.0267028808594
-1061.4866943359375 -311.25152587890625
-1062.21142578125 -313.25042724609375
-1061.7593994140625 -311.8926086425781
-1063.1087646484375 -311.5959777832031
-1063.9700927734375 -309.654296875
-1065.1436767578125 -311.6542663574219
-1066.564453125 -313.653076171875
-1068.5081787109375 -312.4834289550781
-1067.1201171875 -314.4826354980469
-1067.90625 -313.4891357421875
-1069.6588134765625 -311.6050720214844
-1068.412109375 -313.6045837402344
-1066.4820556640625 -315.0278625488281
-1067.828369140625 -313.5196228027344
-1067.5592041015625 -313.0818786621094
-1069.3616943359375 -312.4072265625
-1070.5518798828125 -314.40325927734375
-1068.6558837890625 -315.66998291015625
-1066.697509765625 -317.6629943847656
-1068.6920166015625 -319.5616455078125
-1066.84033203125 -321.5614929199219
-1068.7808837890625 -323.5496826171875
-1066.80908203125 -325.5478820800781
-1068.7491455078125 -327.54022216796875
-1066.7513427734375 -329.5350341796875
-1068.7393798828125 -331.5287170410156
-1066.791748046875 -333.5286560058594
-1068.7728271484375 -335.5151672363281
-1066.7984619140625 -337.5149841308594
-1068.54931640625 -339.5149230957031
-1066.5496826171875 -341.5140075683594
-1068.21337890625 -343.51165771484375
-1067.7969970703125 -344.5482177734375
-1069.3145751953125 -345.6105651855469
-1070.8282470703125 -347.5134582519531
-1072.73876953125 -349.4759826660156
-1070.7388916015625 -351.4756774902344
-1072.70263671875 -353.21246337890625
-1070.716552734375 -355.21044921875
-1072.6107177734375 -357.2069396972656
-1070.6126708984375 -359.20648193359375
-1072.419189453125 -360.896484375
-1070.4195556640625 -362.88702392578125
-1072.3931884765625 -364.0318908691406
-1070.3934326171875 -366.03118896484375
