-1073.471923828125 -114.55021667480469
-1075.0389404296875 -116.50305938720703
-1073.0400390625 -117.93553924560547
-1074.76025390625 -119.93087768554688
-1072.760498046875 -121.89402770996094
-1072.43408203125 -123.73128509521484
-1074.1124267578125 -125.68392181396484
-1076.02685546875 -127.56316375732422
-1074.0281982421875 -129.55133056640625
-1075.796875 -131.4220428466797
-1073.7972412109375 -133.40728759765625
-1075.239501953125 -135.4055633544922
-1073.2406005859375 -137.1475372314453
-1074.70068359375 -139.08767700195312
-1072.701904296875 -141.06951904296875
-1073.9920654296875 -142.8358917236328
-1073.927734375 -144.83206176757812
-1074.7003173828125 -146.390380859375
-1072.7232666015625 -148.34866333007812
-1071.2255859375 -150.32394409179688
-1072.17333984375 -152.31983947753906
-1070.1741943359375 -154.30506896972656
-1068.1763916015625 -154.87904357910156
-1066.181884765625 -156.26414489746094
-1064.1871337890625 -157.97317504882812
-1065.914306640625 -159.4895782470703
-1063.924560546875 -161.4373779296875
-1065.795166015625 -163.39410400390625
-1065.5645751953125 -164.58908081054688
-1063.5731201171875 -163.80844116210938
-1065.4677734375 -165.55160522460938
-1063.9586181640625 -166.18045043945312
-1065.8851318359375 -167.74612426757812
-1064.1473388671875 -169.64419555664062
-1062.155029296875 -171.53118896484375
-1064.10595703125 -173.5243377685547
-1062.11669921875 -175.35281372070312
-1064.022705078125 -177.0093231201172
-1062.27490234375 -178.97389221191406
-1064.0240478515625 -180.5353240966797
-1065.8714599609375 -182.5017547607422
-1063.8861083984375 -184.4541778564453
-1065.7552490234375 -185.48289489746094
-1063.7847900390625 -187.4799346923828
-1065.5465087890625 -189.43801879882812
-1063.560546875 -189.7740478515625
-1065.51513671875 -191.65902709960938
-1063.5233154296875 -193.60195922851562
-1065.5010986328125 -195.59060668945312
-1063.5042724609375 -197.5682830810547
-1065.2283935546875 -199.5304718017578
-1063.228515625 -200.8535919189453
-1065.0743408203125 -202.8336944580078
-1063.0787353515625 -204.82286071777344
-1064.912109375 -206.81105041503906
-1062.9208984375 -208.76918029785156
-1064.5479736328125 -210.73721313476562
-1062.549560546875 -212.7347412109375
-1063.865966796875 -214.68580627441406
-1061.965576171875 -213.34994506835938
-1062.26123046875 -215.29229736328125
-1060.8873291015625 -213.375
-1061.4989013671875 -215.20533752441406
-1059.7430419921875 -213.35711669921875
-1058.3399658203125 -215.21820068359375
-1056.3475341796875 -214.47032165527344
-1054.3712158203125 -216.4689178466797
-1052.37255859375 -218.31732177734375
-1050.3779296875 -219.90301513671875
-1048.52392578125 -221.87811279296875
-1050.507568359375 -223.76248168945312
-1048.688720703125 -225.7617645263672
-1050.6649169921875 -227.65509033203125
-1048.7413330078125 -229.65170288085938
-1048.841552734375 -231.38192749023438
-1050.8304443359375 -233.3021697998047
-1048.8583984375 -235.29881286621094
-1050.791748046875 -237.22776794433594
-1048.8255615234375 -239.22314453125
-1048.4970703125 -241.22171020507812
-1046.928955078125 -243.2198944091797
-1048.5098876953125 -244.9596710205078
-1050.40771484375 -246.94956970214844
-1048.735107421875 -248.94924926757812
-1050.686767578125 -250.92007446289062
-1048.82958984375 -252.9198760986328
-1050.7906494140625 -253.72140502929688
-1048.817138671875 -255.72108459472656
-1050.7916259765625 -257.716552734375
-1048.81884765625 -259.6729736328125
-1050.8135986328125 -261.64453125
-1048.84716796875 -263.641357421875
-1047.637451171875 -265.6408996582031
-1049.6070556640625 -267.3108825683594
-1047.9144287109375 -269.3090515136719
-1049.904541015625 -271.0830993652344
-1047.93212890625 -273.08184814453125
-1049.927490234375 -273.62408447265625
-1048.0394287109375 -275.623291015625
-1049.835693359375 -277.42132568359375
-1048.010986328125 -279.4212341308594
-1049.9678955078125 -280.888671875
-1048.0523681640625 -282.88861083984375
-1050.0498046875 -284.8125
-1048.092529296875 -286.79815673828125
-1046.1011962890625 -288.79498291015625
-1048.0155029296875 -290.68194580078125
-1046.4256591796875 -292.6816711425781
-1048.42431640625 -294.6170349121094
-1046.61962890625 -296.616943359375
-1048.58837890625 -298.45196533203125
-1046.924072265625 -300.4486083984375
-1048.919189453125 -302.2107238769531
-1047.3907470703125 -304.1998596191406
-1049.38037109375 -306.1662292480469
-1047.7113037109375 -308.1647644042969
-1048.4326171875 -310.0469665527344
-1050.1038818359375 -311.52264404296875
-1051.456298828125 -313.04083251953125
-1052.7952880859375 -311.5590515136719
-1051.43359375 -311.6452331542969
-1053.267822265625 -311.3761901855469
-1053.95263671875 -313.0910949707031
-1054.6370849609375 -313.5409851074219
-1053.154296875 -312.1566467285156
-1054.1544189453125 -313.5545654296875
-1055.5291748046875 -313.29644775390625
-1056.8037109375 -313.84783935546875
-1058.4666748046875 -312.4577331542969
-1060.3463134765625 -311.07647705078125
-1058.989501953125 -313.0746154785156
-1058.8905029296875 -312.6433410644531
-1058.7633056640625 -311.586181640625
-1059.9805908203125 -312.1402587890625
-1061.274658203125 -310.76025390625
-1061.910888671875 -312.749755859375
-1061.716552734375 -311.14556884765625
-1062.6201171875 -313.1431579589844
-1064.4649658203125 -311.69403076171875
-1064.0692138671875 -313.6912841796875
-1066.037109375 -312.2097473144531
-1067.725830078125 -310.67596435546875
-1066.98486328125 -312.67559814453125
-1068.7730712890625 -312.7885437011719
-1068.6949462890625 -314.7010803222656
-1066.7265625 -316.4642028808594
-1068.6688232421875 -315.8606872558594
-1066.68212890625 -317.8315124511719
-1068.6734619140625 -319.0057373046875
-1066.681884765625 -321.0043029785156
-1068.6783447265625 -322.5062255859375
-1066.6812744140625 -324.4510498046875
-1068.68017578125 -326.1048278808594
-1066.6842041015625 -328.09033203125
-1068.68115234375 -330.0432434082031
-1066.6817626953125 -331.9901123046875
-1068.67919921875 -333.9058837890625
-1066.6807861328125 -335.8780212402344
-1068.6011962890625 -337.0797119140625
-1066.60546875 -338.9854736328125
-1068.5858154296875 -340.9332275390625
-1066.5887451171875 -342.67559814453125
-1068.581298828125 -344.5758361816406
-1069.966064453125 -343.9705810546875
-1067.9830322265625 -345.9687194824219
-1069.966552734375 -344.20538330078125
-1067.9862060546875 -346.2052001953125
-1069.983154296875 -345.0504150390625
-1071.9705810546875 -346.7174072265625
-1069.970703125 -348.6121520996094
-1071.9691162109375 -349.0668029785156
-1069.971923828125 -350.6419677734375
-1071.9351806640625 -349.6064147949219
-1069.935302734375 -351.4743957519531
-1071.9290771484375 -353.362548828125
-1069.92919921875 -355.2540283203125
-1071.914794921875 -356.91265869140625
-1069.914794921875 -358.11346435546875
-1071.9034423828125 -358.724609375
-1069.9044189453125 -360.61871337890625
-1071.8990478515625 -362.5416564941406
-1069.899169921875 -364.3700256347656
