-1073.47412109375 -114.69375610351562
-1075.469970703125 -116.68234252929688
-1073.473876953125 -118.67989349365234
-1075.4537353515625 -120.55899810791016
-1073.4854736328125 -122.55826568603516
-1075.331298828125 -124.52985382080078
-1073.4447021484375 -126.52969360351562
-1075.271728515625 -128.5233612060547
-1073.381591796875 -130.52301025390625
-1075.31396484375 -132.5223388671875
-1073.8309326171875 -134.521728515625
-1075.8162841796875 -136.51235961914062
-1073.833984375 -138.5116424560547
-1075.7825927734375 -140.50965881347656
-1073.960205078125 -142.50892639160156
-1075.741455078125 -144.50828552246094
-1073.89404296875 -146.50802612304688
-1071.9063720703125 -148.50796508789062
-1071.4561767578125 -150.50767517089844
-1072.66748046875 -152.50289916992188
-1072.256591796875 -153.52491760253906
-1072.2818603515625 -153.3436737060547
-1071.2579345703125 -153.1573944091797
-1069.6397705078125 -152.2118377685547
-1067.7835693359375 -154.2112579345703
-1066.69384765625 -155.57492065429688
-1064.71435546875 -156.8734588623047
-1066.7142333984375 -158.85574340820312
-1064.7247314453125 -160.76731872558594
-1066.72119140625 -162.74940490722656
-1065.459716796875 -164.7483367919922
-1064.689697265625 -166.74795532226562
-1065.0531005859375 -168.7461700439453
-1063.7862548828125 -170.74395751953125
-1061.816650390625 -172.74362182617188
-1063.639892578125 -174.74069213867188
-1061.6796875 -176.7401885986328
-1063.64404296875 -178.71630859375
-1065.61328125 -180.70294189453125
-1063.6683349609375 -182.70225524902344
-1065.6197509765625 -184.6973419189453
-1063.6212158203125 -186.6971435546875
-1065.5211181640625 -188.68373107910156
-1063.5213623046875 -190.68328857421875
-1065.5029296875 -192.67471313476562
-1063.7064208984375 -194.6744842529297
-1065.668701171875 -196.67193603515625
-1063.6729736328125 -198.6699676513672
-1061.673828125 -200.6698760986328
-1063.1270751953125 -202.66799926757812
-1064.7391357421875 -204.66050720214844
-1062.755859375 -206.66043090820312
-1064.567138671875 -208.62538146972656
-1062.5970458984375 -210.62535095214844
-1062.4942626953125 -212.6251678466797
-1061.2623291015625 -214.62509155273438
-1059.770263671875 -216.6248779296875
-1059.7926025390625 -215.31222534179688
-1059.8740234375 -214.0433807373047
-1058.2420654296875 -216.04330444335938
-1058.3447265625 -214.1728515625
-1057.5670166015625 -216.17269897460938
-1055.7664794921875 -215.21376037597656
-1054.0811767578125 -217.21336364746094
-1052.0836181640625 -219.00791931152344
-1050.0855712890625 -220.9527587890625
-1048.130615234375 -222.95167541503906
-1050.0819091796875 -224.95132446289062
-1048.1956787109375 -226.94979858398438
-1050.1004638671875 -228.9466552734375
-1048.11181640625 -230.94659423828125
-1050.073974609375 -232.9267120361328
-1048.110107421875 -234.92623901367188
-1050.048828125 -236.9257049560547
-1048.0511474609375 -238.92564392089844
-1049.8895263671875 -240.91683959960938
-1047.8941650390625 -242.91668701171875
-1049.881591796875 -244.91253662109375
-1048.26708984375 -246.91226196289062
-1050.2401123046875 -248.91104125976562
-1048.303466796875 -250.91087341308594
-1050.2716064453125 -252.90664672851562
-1048.272705078125 -254.90594482421875
-1050.2515869140625 -256.8710021972656
-1048.3062744140625 -258.8709411621094
-1050.297607421875 -260.8136901855469
-1048.31005859375 -262.8136901855469
-1050.2550048828125 -264.8067932128906
-1048.309814453125 -266.8013916015625
-1050.27197265625 -268.7877197265625
-1048.276123046875 -270.7869567871094
-1049.9205322265625 -272.78564453125
-1047.9912109375 -274.78485107421875
-1049.9903564453125 -276.69427490234375
-1047.9974365234375 -278.694091796875
-1049.98046875 -280.69073486328125
-1048.014892578125 -282.69000244140625
-1049.9903564453125 -284.6863708496094
-1047.99560546875 -286.6851501464844
-1046.0068359375 -288.6849670410156
-1046.8736572265625 -290.6830139160156
-1048.8707275390625 -292.6463928222656
-1049.1905517578125 -294.6460876464844
-1047.3306884765625 -296.64599609375
-1049.3275146484375 -298.634033203125
-1047.545654296875 -300.63323974609375
-1049.533447265625 -302.6299743652344
-1047.5938720703125 -304.6292419433594
-1046.2896728515625 -306.6273498535156
-1046.39208984375 -308.218017578125
-1045.4261474609375 -306.4608459472656
-1047.385009765625 -308.4529113769531
-1048.892333984375 -308.8320007324219
-1048.48388671875 -309.72479248046875
-1049.8482666015625 -310.5957946777344
-1049.562744140625 -309.7621154785156
-1051.112548828125 -310.396728515625
-1052.593994140625 -309.2319030761719
-1052.441162109375 -310.9640197753906
-1054.380859375 -309.3332824707031
-1052.7982177734375 -311.33294677734375
-1054.256103515625 -311.2156677246094
-1055.990234375 -312.2509765625
-1055.374755859375 -313.10748291015625
-1055.415771484375 -311.1148681640625
-1057.0943603515625 -309.5191345214844
-1056.1436767578125 -311.5186767578125
-1056.204833984375 -311.9366149902344
-1054.533203125 -310.3509826660156
-1055.7554931640625 -309.7242431640625
-1054.5753173828125 -311.7223815917969
-1055.72509765625 -309.7940979003906
-1054.1297607421875 -311.7940368652344
-1055.815185546875 -309.9890441894531
-1054.1429443359375 -311.9886779785156
-1054.1019287109375 -310.1376647949219
-1055.693603515625 -308.4109802246094
-1054.6702880859375 -310.4098205566406
-1055.526123046875 -310.3998718261719
-1057.1070556640625 -310.3100280761719
-1058.9600830078125 -312.3099670410156
-1060.1109619140625 -312.95220947265625
-1061.8956298828125 -311.0763244628906
-1063.5638427734375 -313.05950927734375
-1063.6832275390625 -313.59130859375
-1063.8992919921875 -311.64788818359375
-1063.853271484375 -313.6459655761719
-1065.7391357421875 -311.7432556152344
-1063.84521484375 -313.7425231933594
-1063.490478515625 -311.8435363769531
-1064.0858154296875 -311.51629638671875
-1062.7921142578125 -313.5157470703125
-1064.589111328125 -311.82672119140625
-1065.7373046875 -313.8158264160156
-1067.724853515625 -313.2688903808594
-1069.6302490234375 -313.814208984375
-1067.9951171875 -315.6549377441406
-1069.9803466796875 -316.2398681640625
-1067.9892578125 -318.1900939941406
-1069.9783935546875 -320.1824951171875
-1067.982177734375 -322.17425537109375
-1069.9732666015625 -324.12066650390625
-1067.990478515625 -326.1156005859375
-1069.9765625 -328.0105285644531
-1067.98291015625 -329.9895935058594
-1069.959716796875 -331.36102294921875
-1067.9627685546875 -333.3468322753906
-1069.947509765625 -335.2629089355469
-1067.94775390625 -337.2622375488281
-1069.820068359375 -338.3503723144531
-1067.9686279296875 -340.34796142578125
-1069.968505859375 -340.5637512207031
-1067.97119140625 -342.5587158203125
-1069.968994140625 -344.33087158203125
-1068.042724609375 -346.33087158203125
-1069.9012451171875 -345.3284912109375
-1071.8526611328125 -345.640625
-1069.8543701171875 -347.6351013183594
-1071.8516845703125 -347.0613708496094
-1069.8521728515625 -349.04296875
-1071.8507080078125 -348.1661071777344
-1069.8519287109375 -350.0331115722656
-1071.847412109375 -350.10040283203125
-1069.8489990234375 -352.0975036621094
-1071.84130859375 -352.1691589355469
-1069.841552734375 -354.1582336425781
-1071.8402099609375 -355.8165283203125
-1069.840576171875 -357.7799377441406
-1071.824951171875 -358.9574279785156
-1069.82568359375 -360.7895812988281
-1071.806396484375 -361.37005615234375
-1069.8072509765625 -363.3539123535156
