-1073.4722900390625 -114.70357513427734
-1075.46533203125 -116.54804992675781
-1074.565673828125 -118.54795837402344
-1073.2999267578125 -120.5479507446289
-1075.268798828125 -122.54141998291016
-1074.211181640625 -124.54139709472656
-1075.330078125 -126.49700164794922
-1074.2041015625 -128.4969940185547
-1076.1187744140625 -130.49688720703125
-1074.553955078125 -132.4968719482422
-1076.257568359375 -134.49652099609375
-1076.057861328125 -136.49647521972656
-1074.4234619140625 -138.4964599609375
-1076.0616455078125 -140.4962615966797
-1075.7056884765625 -142.49624633789062
-1076.1192626953125 -144.49624633789062
-1075.1060791015625 -146.4962158203125
-1076.5906982421875 -148.4962158203125
-1076.6539306640625 -150.49620056152344
-1075.885986328125 -152.49620056152344
-1075.5758056640625 -150.6604766845703
-1074.688232421875 -152.6604461669922
-1072.7012939453125 -151.77210998535156
-1070.75634765625 -150.8878936767578
-1069.6043701171875 -152.88787841796875
-1071.234130859375 -154.88775634765625
-1069.317626953125 -155.10018920898438
-1067.35107421875 -156.51556396484375
-1065.357666015625 -157.4888153076172
-1067.3529052734375 -159.43765258789062
-1065.51806640625 -161.42552185058594
-1063.8023681640625 -163.42547607421875
-1063.861572265625 -165.42538452148438
-1065.26953125 -167.42535400390625
-1066.8201904296875 -169.4253387451172
-1066.785400390625 -171.4251708984375
-1065.021484375 -173.42507934570312
-1063.3648681640625 -175.42506408691406
-1065.31298828125 -177.425048828125
-1065.4278564453125 -179.425048828125
-1063.67138671875 -181.425048828125
-1065.6488037109375 -183.4249267578125
-1063.84765625 -185.42491149902344
-1064.7037353515625 -187.42489624023438
-1062.7083740234375 -189.42428588867188
-1063.12109375 -191.4241485595703
-1065.109619140625 -193.4241485595703
-1064.9390869140625 -195.4241485595703
-1066.7120361328125 -197.42413330078125
-1064.7332763671875 -199.424072265625
-1062.93603515625 -201.42364501953125
-1064.8394775390625 -203.4234619140625
-1063.90234375 -205.4234619140625
-1064.822998046875 -207.42344665527344
-1063.458984375 -209.42344665527344
-1064.3970947265625 -211.42344665527344
-1063.119384765625 -213.42344665527344
-1064.0426025390625 -215.42344665527344
-1062.1492919921875 -214.4156036376953
-1060.576416015625 -212.5283203125
-1062.4383544921875 -214.52822875976562
-1061.3203125 -212.54100036621094
-1062.874267578125 -214.54098510742188
-1060.8843994140625 -212.58428955078125
-1062.117919921875 -214.58428955078125
-1060.5673828125 -212.6014862060547
-1061.747802734375 -214.60147094726562
-1059.769287109375 -212.6912078857422
-1061.6748046875 -214.6912078857422
-1059.7933349609375 -212.77342224121094
-1061.5623779296875 -214.77342224121094
-1059.566650390625 -212.77825927734375
-1060.73828125 -214.7782440185547
-1059.0670166015625 -212.86856079101562
-1059.07568359375 -214.86854553222656
-1059.857177734375 -216.86854553222656
-1057.952880859375 -218.1126708984375
-1056.1187744140625 -219.9054412841797
-1054.1451416015625 -221.90426635742188
-1052.35400390625 -223.9042510986328
-1053.2652587890625 -225.90423583984375
-1052.029296875 -227.90423583984375
-1050.0413818359375 -229.9042205810547
-1048.429931640625 -231.9042205810547
-1050.4080810546875 -233.90374755859375
-1048.6973876953125 -235.9037322998047
-1050.6226806640625 -237.9036407470703
-1048.7091064453125 -239.90362548828125
-1046.750732421875 -241.903564453125
-1048.6641845703125 -243.90354919433594
-1047.289794921875 -245.90353393554688
-1049.286376953125 -247.8712921142578
-1051.285888671875 -249.86354064941406
-1049.8045654296875 -251.86354064941406
-1047.811767578125 -253.8606719970703
-1049.808349609375 -255.85769653320312
-1049.5172119140625 -257.857666015625
-1049.1876220703125 -259.857666015625
-1047.7757568359375 -261.8576354980469
-1049.7548828125 -263.8570861816406
-1048.128173828125 -265.85693359375
-1050.1202392578125 -267.806396484375
-1048.393798828125 -269.806396484375
-1050.3878173828125 -271.80609130859375
-1050.289306640625 -273.80609130859375
-1049.64208984375 -275.8060607910156
-1047.9014892578125 -277.80596923828125
-1049.8914794921875 -279.80023193359375
-1049.1512451171875 -281.80023193359375
-1051.1463623046875 -283.7990417480469
-1050.005615234375 -285.7990417480469
-1048.1888427734375 -287.7970886230469
-1049.170166015625 -289.7970886230469
-1051.1124267578125 -291.79705810546875
-1052.6103515625 -293.7970275878906
-1050.69140625 -295.7969970703125
-1048.9049072265625 -297.796875
-1049.4261474609375 -299.79669189453125
-1048.1055908203125 -301.7961730957031
-1046.1748046875 -303.7948303222656
-1048.17236328125 -305.7933654785156
-1047.2393798828125 -307.7926940917969
-1046.597900390625 -306.40167236328125
-1047.5169677734375 -305.0490417480469
-1046.2845458984375 -307.0488586425781
-1044.328125 -305.0716247558594
-1046.3018798828125 -307.071533203125
-1045.8912353515625 -305.7364807128906
-1047.8865966796875 -307.73614501953125
-1046.181396484375 -306.0871887207031
-1048.176025390625 -308.0871887207031
-1047.49853515625 -306.16693115234375
-1047.703369140625 -305.0263366699219
-1047.0074462890625 -307.02630615234375
-1047.646240234375 -306.11572265625
-1048.2498779296875 -306.48541259765625
-1047.2349853515625 -304.57733154296875
-1049.19775390625 -306.5772399902344
-1051.0794677734375 -308.5771789550781
-1049.121826171875 -306.7727966308594
-1050.7174072265625 -308.7727355957031
-1051.3740234375 -307.1225280761719
-1053.21875 -309.1225280761719
-1055.1884765625 -311.1225280761719
-1053.6312255859375 -309.1507568359375
-1055.60302734375 -311.1507568359375
-1055.3013916015625 -309.21954345703125
-1057.2655029296875 -311.2195129394531
-1057.4381103515625 -309.2613220214844
-1059.3551025390625 -311.2613220214844
-1058.6634521484375 -309.3547668457031
-1060.4930419921875 -311.35443115234375
-1062.4638671875 -313.3539123535156
-1061.189697265625 -311.3612365722656
-1063.1732177734375 -313.3609924316406
-1061.349609375 -311.9492492675781
-1059.449951171875 -310.1312561035156
-1061.2763671875 -312.1312255859375
-1061.6209716796875 -310.1486511230469
-1063.6126708984375 -312.1485900878906
-1065.2952880859375 -310.1708679199219
-1067.0166015625 -312.1706848144531
-1067.396484375 -314.1706237792969
-1068.330810546875 -312.4833679199219
-1069.65966796875 -314.4833679199219
-1067.6646728515625 -316.3487548828125
-1069.6368408203125 -317.97625732421875
-1067.6407470703125 -319.97259521484375
-1069.6343994140625 -321.95843505859375
-1068.5517578125 -323.9573669433594
-1066.5625 -325.95635986328125
-1068.32861328125 -327.9547119140625
-1066.4261474609375 -329.95367431640625
-1068.3123779296875 -331.9512939453125
-1066.3162841796875 -333.9508972167969
-1068.2032470703125 -335.9473571777344
-1070.1610107421875 -337.88726806640625
-1068.2406005859375 -339.8869934082031
-1070.20751953125 -341.8778381347656
-1069.102783203125 -343.8778381347656
-1069.9404296875 -344.3140869140625
-1071.259033203125 -346.3140869140625
-1069.271728515625 -348.3055725097656
-1071.2342529296875 -349.9728698730469
-1069.2391357421875 -351.97100830078125
-1071.2305908203125 -353.9649963378906
-1069.233642578125 -355.96405029296875
-1071.132568359375 -357.9518737792969
-1073.0625 -359.9499816894531
-1071.068359375 -361.9471435546875
-1072.986083984375 -363.787841796875
-1070.990966796875 -365.7793273925781
