-1106.6318359375 -309.36895751953125
-1104.6322021484375 -311.3685302734375
-1102.6962890625 -309.36907958984375
-1100.6964111328125 -311.3665771484375
-1098.6978759765625 -309.3668212890625
-1096.700927734375 -311.36407470703125
-1094.7220458984375 -309.36419677734375
-1092.723876953125 -311.3598327636719
-1090.7989501953125 -309.3598937988281
-1088.799072265625 -311.3548583984375
-1086.7998046875 -309.35650634765625
-1084.811279296875 -311.34674072265625
-1082.861083984375 -309.34765625
-1080.8927001953125 -311.3194885253906
-1079.235107421875 -309.3238525390625
-1077.2357177734375 -311.3000793457031
-1075.478271484375 -309.300537109375
-1073.4825439453125 -311.28802490234375
-1071.483642578125 -313.28656005859375
-1069.4852294921875 -311.3193664550781
-1067.4857177734375 -313.31915283203125
-1068.5555419921875 -311.321044921875
-1066.5574951171875 -313.3208923339844
-1065.4876708984375 -311.3218078613281
-1063.4876708984375 -313.2931213378906
-1061.75830078125 -311.2934875488281
-1059.759521484375 -313.2927551269531
-1058.0224609375 -311.2929992675781
-1056.0765380859375 -309.2946472167969
-1054.0770263671875 -311.2900390625
-1052.1251220703125 -309.29132080078125
-1051.4517822265625 -307.3043212890625
-1049.4522705078125 -309.289306640625
-1047.4840087890625 -307.2930908203125
-1045.537353515625 -305.295654296875
-1043.683837890625 -307.29217529296875
-1041.688720703125 -309.28973388671875
-1039.7005615234375 -307.2898254394531
-1038.938720703125 -309.28411865234375
-1037.1612548828125 -311.2779541015625
-1035.2442626953125 -309.2790832519531
-1033.373046875 -311.2718505859375
-1031.3829345703125 -309.2730407714844
-1029.38623046875 -311.267333984375
-1027.3878173828125 -313.2661437988281
-1025.5989990234375 -311.268798828125
-1023.859619140625 -313.2673645019531
-1021.8626708984375 -315.26507568359375
-1020.2857055664062 -313.2659912109375
-1018.2870483398438 -315.26568603515625
-1016.2891235351562 -317.26458740234375
-1014.2906494140625 -319.2604064941406
-1015.8211669921875 -317.501220703125
-1013.8245239257812 -319.4399719238281
-1014.9767456054688 -317.4463195800781
-1013.0470581054688 -315.5014953613281
-1011.0485229492188 -317.4562072753906
-1010.2648315429688 -315.4626159667969
-1010.4735717773438 -313.4683837890625
-1008.4747314453125 -315.4666748046875
-1007.3712768554688 -313.4880676269531
-1007.5172729492188 -311.8081359863281
-1005.5480346679688 -313.5661926269531
-1003.775634765625 -313.3049011230469
-1002.5589599609375 -311.4118347167969
-1001.126953125 -313.3993835449219
-1001.440673828125 -312.2957763671875
-999.943115234375 -314.287841796875
-998.2325439453125 -313.5473327636719
-997.4710083007812 -311.77581787109375
-995.5939331054688 -313.77490234375
-996.6820678710938 -312.6081848144531
-995.4744873046875 -314.6028747558594
-995.3494262695312 -313.46343994140625
-993.8778686523438 -311.6156921386719
-993.0081176757812 -313.61273193359375
-991.7566528320312 -315.6105041503906
-991.7240600585938 -313.9161071777344
-992.8453369140625 -312.42205810546875
-990.9217529296875 -314.4183044433594
-988.939697265625 -312.574462890625
-987.011474609375 -314.57421875
-985.6218872070312 -312.9851989746094
-983.6278686523438 -314.9787902832031
-983.1407470703125 -314.0182800292969
-983.3541870117188 -316.00933837890625
-982.244140625 -315.11810302734375
-980.7116088867188 -313.26104736328125
-978.9259033203125 -315.22491455078125
-977.2669677734375 -314.01129150390625
-975.5765991210938 -316.0048522949219
-974.86376953125 -315.64117431640625
-973.2015380859375 -315.65252685546875
-972.4181518554688 -314.1098327636719
-970.4249877929688 -316.0678405761719
-969.13720703125 -315.21246337890625
-967.3809204101562 -316.6587829589844
-965.6549682617188 -315.2952880859375
-967.1543579101562 -314.0431213378906
-965.2288818359375 -314.0736389160156
-963.2305297851562 -315.0074462890625
-961.8469848632812 -313.54412841796875
-959.874267578125 -314.4605712890625
-958.4708251953125 -312.89892578125
-956.4841918945312 -311.7421875
-954.503662109375 -309.752197265625
-952.52783203125 -307.97442626953125
-950.588134765625 -306.1376953125
-948.6580200195312 -304.5223388671875
-946.7411499023438 -302.5333557128906
-944.7506103515625 -300.5361633300781
-943.0306396484375 -298.53857421875
-941.7896118164062 -296.54498291015625
-939.8402709960938 -294.5461120605469
-938.0589599609375 -292.5841979980469
-937.6631469726562 -290.5931396484375
-936.1900634765625 -288.62677001953125
-935.6624755859375 -286.64837646484375
-934.4579467773438 -284.65301513671875
-933.8297729492188 -283.2549133300781
-932.06494140625 -281.27032470703125
-933.55126953125 -279.54486083984375
-932.3245849609375 -277.6313171386719
-932.069091796875 -275.83038330078125
-931.44189453125 -274.0843200683594
-930.9385375976562 -272.09796142578125
-929.42578125 -270.1216125488281
-929.8990478515625 -268.2363586425781
-929.6453247070312 -266.3246765136719
-930.927490234375 -264.3546142578125
-931.3461303710938 -262.3758850097656
-930.4208374023438 -260.4551086425781
-928.7246704101562 -258.4966125488281
-926.9970092773438 -259.2241516113281
-926.991455078125 -257.2628479003906
-928.870849609375 -255.69216918945312
-928.1749267578125 -253.791015625
-927.2721557617188 -251.81202697753906
-928.8544921875 -249.8240966796875
-928.3530883789062 -248.1816864013672
-928.9635009765625 -246.88485717773438
-928.1596069335938 -247.28524780273438
-929.0795288085938 -247.5817413330078
-928.2590942382812 -248.49685668945312
-927.78857421875 -249.95726013183594
-927.8978271484375 -250.3901824951172
-926.446533203125 -249.7499237060547
-924.9951782226562 -249.8324737548828
-924.3123168945312 -251.34796142578125
-925.3475341796875 -249.70326232910156
-927.2009887695312 -248.9506072998047
-927.5400390625 -248.11180114746094
-927.165283203125 -248.22222900390625
-928.8906860351562 -248.2894287109375
-928.829833984375 -246.76112365722656
-927.8809204101562 -245.7604522705078
-925.9940185546875 -243.81961059570312
-925.26416015625 -243.94781494140625
-926.896240234375 -244.5193328857422
-928.4168090820312 -242.97218322753906
-926.55908203125 -241.2211456298828
-928.35546875 -240.76055908203125
-927.5646362304688 -241.9215087890625
-929.1480712890625 -242.47982788085938
-927.227294921875 -240.85855102539062
-926.7839965820312 -239.99110412597656
-927.8759765625 -238.2274627685547
-926.343505859375 -236.31101989746094
-926.5823974609375 -235.008056640625
-925.7520141601562 -233.07437133789062
-925.4835205078125 -231.11981201171875
-923.9837646484375 -229.2239532470703
-922.2691650390625 -227.2270965576172
-920.2692260742188 -229.2269744873047
-918.3200073242188 -227.23777770996094
-916.32177734375 -229.23776245117188
-914.3729248046875 -227.25341796875
-912.3744506835938 -229.25340270996094
-910.4580688476562 -227.3369903564453
-909.4458618164062 -225.41864013671875
-907.4469604492188 -227.4185791015625
-905.6502075195312 -225.6203155517578
-903.6527709960938 -227.62026977539062
-902.341552734375 -225.93003845214844
-900.343017578125 -227.92999267578125
-898.58984375 -226.27906799316406
-896.59375 -228.2744140625
-895.2646484375 -226.5306396484375
-893.26513671875 -228.51895141601562
-894.8759155273438 -226.9832763671875
-893.4540405273438 -226.88360595703125
