-1106.4940185546875 -309.3999328613281
-1104.5233154296875 -311.2131042480469
-1102.5238037109375 -309.2611083984375
-1100.6170654296875 -311.23193359375
-1098.6173095703125 -309.2643127441406
-1096.9273681640625 -311.24835205078125
-1094.9278564453125 -309.259765625
-1092.9344482421875 -311.2543640136719
-1090.935791015625 -309.2895202636719
-1088.9501953125 -311.2885437011719
-1086.9503173828125 -309.30224609375
-1087.6845703125 -311.26287841796875
-1085.6846923828125 -309.2820739746094
-1085.515625 -311.28155517578125
-1083.5177001953125 -309.423095703125
-1081.62158203125 -311.40313720703125
-1079.6221923828125 -309.4119567871094
-1077.76123046875 -311.3717346191406
-1075.7615966796875 -309.46368408203125
-1073.7625732421875 -311.4618835449219
-1071.7633056640625 -309.55523681640625
-1069.76611328125 -311.5445251464844
-1067.8302001953125 -313.5401611328125
-1065.835205078125 -311.6596374511719
-1063.8387451171875 -313.6468505859375
-1061.8409423828125 -311.8597106933594
-1059.85302734375 -309.88836669921875
-1057.860107421875 -311.77435302734375
-1055.8658447265625 -309.849609375
-1053.9990234375 -311.574951171875
-1052.0115966796875 -309.57830810546875
-1050.0118408203125 -307.5942077636719
-1048.01220703125 -305.61907958984375
-1046.01513671875 -306.2398376464844
-1045.6279296875 -308.23089599609375
-1043.6300048828125 -306.2344055175781
-1044.7335205078125 -306.0430603027344
-1046.1046142578125 -307.98321533203125
-1044.1046142578125 -305.9848937988281
-1043.4283447265625 -307.8998107910156
-1041.4288330078125 -305.90130615234375
-1039.5655517578125 -307.89654541015625
-1037.7569580078125 -309.8915100097656
-1037.221435546875 -311.7820739746094
-1035.2235107421875 -309.7823486328125
-1033.4130859375 -311.75177001953125
-1031.4134521484375 -309.7548828125
-1029.4261474609375 -311.7492980957031
-1027.43359375 -313.57293701171875
-1025.440185546875 -311.5825500488281
-1023.4491577148438 -313.24493408203125
-1021.4495239257812 -315.20892333984375
-1019.4498291015625 -313.2159118652344
-1017.4531860351562 -315.2075500488281
-1015.4583740234375 -317.2051696777344
-1013.459716796875 -319.1601257324219
-1015.2029418945312 -319.21728515625
-1017.0536499023438 -318.39923095703125
-1015.2014770507812 -316.5017395019531
-1013.2046508789062 -318.4916687011719
-1014.4946899414062 -318.65423583984375
-1015.6002807617188 -317.9325866699219
-1016.9228515625 -318.8760681152344
-1014.9340209960938 -317.05670166015625
-1013.67041015625 -318.9898681640625
-1015.5267944335938 -318.7101745605469
-1017.0503540039062 -318.3691711425781
-1015.0503540039062 -316.3843688964844
-1013.0648193359375 -318.3565979003906
-1011.735595703125 -317.4427490234375
-1012.007568359375 -315.7960205078125
-1012.1834716796875 -313.9031066894531
-1010.187255859375 -315.8972473144531
-1008.3314208984375 -313.9183654785156
-1006.4110107421875 -311.9273681640625
-1004.42431640625 -309.94036865234375
-1003.9483032226562 -311.692626953125
-1001.9933471679688 -313.3100891113281
-999.993408203125 -311.4214172363281
-998.0625610351562 -313.4179992675781
-996.0665893554688 -311.42156982421875
-994.2348022460938 -313.4171447753906
-992.2704467773438 -315.4150085449219
-990.2709350585938 -313.4256591796875
-988.2713623046875 -315.41973876953125
-986.3063354492188 -313.5234069824219
-984.3197021484375 -315.452392578125
-982.3197631835938 -313.45904541015625
-980.3225708007812 -315.2401428222656
-978.3931884765625 -313.24072265625
-978.4453735351562 -314.92828369140625
-976.4562377929688 -312.9292907714844
-974.4869995117188 -314.845947265625
-972.4893188476562 -312.853759765625
-970.51318359375 -314.8359375
-968.6244506835938 -312.9732666015625
-966.6433715820312 -314.8633728027344
-964.643798828125 -312.87103271484375
-962.644775390625 -313.009521484375
-960.6470947265625 -314.8540344238281
-958.6471557617188 -312.856689453125
-956.6505126953125 -313.72711181640625
-954.6555786132812 -315.044677734375
-952.6583251953125 -313.04815673828125
-950.6586303710938 -314.7810363769531
-948.6587524414062 -312.786376953125
-946.6671752929688 -310.86102294921875
-947.7606811523438 -308.9173889160156
-946.08251953125 -307.0367431640625
-946.2889404296875 -305.0509338378906
-946.2667236328125 -303.14947509765625
-945.1834716796875 -301.1761169433594
-943.931884765625 -299.3039855957031
-943.2314453125 -297.32183837890625
-944.9618530273438 -297.24395751953125
-946.8216552734375 -295.2796936035156
-946.293701171875 -293.67413330078125
-944.587890625 -291.88458251953125
-943.5880126953125 -290.0448913574219
-945.5096435546875 -288.18511962890625
-945.3655395507812 -286.9197692871094
-944.6508178710938 -285.112060546875
-945.7528076171875 -283.2639465332031
-945.3154907226562 -281.4123229980469
-943.32080078125 -279.432373046875
-941.3255615234375 -277.5461120605469
-939.6318359375 -275.5813903808594
-937.6533203125 -273.5949401855469
-935.8095703125 -271.5985107421875
-933.9628295898438 -270.6045837402344
-934.170166015625 -268.8743896484375
-932.4864501953125 -267.7339782714844
-934.3193969726562 -266.34320068359375
-936.2080078125 -265.03912353515625
-935.0086669921875 -263.0638427734375
-933.4681396484375 -261.1618957519531
-931.5821533203125 -259.45025634765625
-929.62548828125 -257.5736083984375
-929.3296508789062 -257.0845642089844
-930.6908569335938 -255.54029846191406
-931.5152587890625 -253.8661651611328
-929.68798828125 -253.30023193359375
-928.0372924804688 -251.4152374267578
-929.5923461914062 -250.33465576171875
-930.4400024414062 -250.5286865234375
-931.7130126953125 -249.32008361816406
-931.7527465820312 -250.6918182373047
-931.3145751953125 -250.35067749023438
-929.92578125 -249.4203338623047
-931.0902099609375 -247.98805236816406
-932.3595581054688 -246.14549255371094
-933.9381713867188 -244.30914306640625
-935.3605346679688 -242.71115112304688
-933.7891235351562 -241.6321563720703
-934.0408325195312 -240.2798614501953
-932.0484619140625 -239.23175048828125
-931.6096801757812 -237.47686767578125
-929.9163208007812 -238.29718017578125
-928.395751953125 -238.56483459472656
-927.9944458007812 -237.75390625
-929.2942504882812 -237.29837036132812
-928.4901123046875 -235.43910217285156
-930.2738647460938 -235.5039520263672
-928.345703125 -233.7655487060547
-926.8529052734375 -233.2760467529297
-928.7533569335938 -232.35214233398438
-928.0112915039062 -230.70779418945312
-928.865234375 -230.17510986328125
-928.2373657226562 -228.3658447265625
-928.6007690429688 -226.4281768798828
-927.7989501953125 -228.35595703125
-926.9323120117188 -226.43601989746094
-924.9340209960938 -228.2438507080078
-923.5934448242188 -226.3302001953125
-922.7318725585938 -228.29183959960938
-920.734130859375 -226.3595428466797
-918.9512939453125 -228.35531616210938
-917.11865234375 -226.39044189453125
-915.3106689453125 -228.36874389648438
-913.331298828125 -227.46522521972656
-911.5226440429688 -225.62136840820312
-909.5265502929688 -227.62115478515625
-907.7372436523438 -225.62725830078125
-908.9364624023438 -227.6214599609375
-907.5256958007812 -225.6368865966797
-905.9182739257812 -227.62026977539062
-903.9682006835938 -225.6258087158203
-902.4912109375 -227.6248016357422
-902.2490234375 -226.21658325195312
-901.5331420898438 -228.2134552001953
-899.6950073242188 -226.4523162841797
-898.5706787109375 -228.45216369628906
-896.5795288085938 -226.47659301757812
-894.6920166015625 -228.4759063720703
-893.40869140625 -226.52969360351562
