-1107.0159912109375 -309.3689270019531
-1105.1627197265625 -310.9984436035156
-1103.173583984375 -308.99847412109375
-1101.187255859375 -310.4399719238281
-1099.314697265625 -308.4400329589844
-1097.315673828125 -310.18426513671875
-1095.3173828125 -311.3463439941406
-1093.9072265625 -309.34649658203125
-1091.9122314453125 -311.2647399902344
-1090.0103759765625 -309.264892578125
-1088.0242919921875 -309.7627258300781
-1086.0584716796875 -307.7627258300781
-1085.462890625 -309.516357421875
-1083.5399169921875 -311.41717529296875
-1081.59423828125 -309.41717529296875
-1079.712646484375 -309.85601806640625
-1077.71728515625 -310.9880676269531
-1075.719482421875 -312.9585876464844
-1074.16162109375 -310.9586181640625
-1072.20654296875 -311.6947326660156
-1070.4090576171875 -309.6947326660156
-1068.540283203125 -311.09521484375
-1066.5413818359375 -313.03289794921875
-1064.59375 -311.0329284667969
-1062.593994140625 -312.8434143066406
-1060.609130859375 -310.84576416015625
-1058.6104736328125 -311.49053955078125
-1056.693115234375 -309.4905700683594
-1054.6951904296875 -309.8091125488281
-1052.69580078125 -309.60498046875
-1050.9893798828125 -307.6050109863281
-1048.9896240234375 -306.6628723144531
-1046.9898681640625 -305.3037109375
-1045.0062255859375 -305.8382873535156
-1043.15771484375 -307.8043518066406
-1041.214599609375 -305.80517578125
-1039.2923583984375 -305.91802978515625
-1037.494384765625 -307.9079895019531
-1035.5445556640625 -309.3448181152344
-1033.544921875 -311.1668395996094
-1032.796142578125 -309.1668701171875
-1030.8016357421875 -310.9440002441406
-1029.881103515625 -312.21197509765625
-1027.9166259765625 -310.2120056152344
-1025.939453125 -312.1466369628906
-1023.9967651367188 -313.2331848144531
-1022.0086669921875 -315.01739501953125
-1020.0209350585938 -313.01776123046875
-1018.0245361328125 -314.59295654296875
-1016.032958984375 -316.4574279785156
-1014.0332641601562 -316.5054626464844
-1012.1629028320312 -314.50555419921875
-1010.1632080078125 -316.3279724121094
-1008.2106323242188 -314.3281555175781
-1006.3335571289062 -312.32830810546875
-1004.7076416015625 -310.3287048339844
-1002.7273559570312 -312.1999816894531
-1000.734619140625 -310.20001220703125
-998.759033203125 -311.7503356933594
-996.760498046875 -313.27593994140625
-994.7838134765625 -311.2760009765625
-993.0740966796875 -311.4852294921875
-991.080078125 -313.1856689453125
-989.080810546875 -312.7763366699219
-987.09814453125 -312.9374694824219
-985.102294921875 -313.5356140136719
-983.1087036132812 -314.0856628417969
-981.1206665039062 -315.8785705566406
-979.4015502929688 -313.8791198730469
-977.4017333984375 -315.8172302246094
-975.4937133789062 -313.8188781738281
-973.493896484375 -315.5760803222656
-971.5909423828125 -313.5761413574219
-969.5910034179688 -312.8549499511719
-967.5910034179688 -313.0182189941406
-965.5961303710938 -311.7239990234375
-963.5966186523438 -312.50921630859375
-961.5969848632812 -310.70928955078125
-959.5969848632812 -308.833984375
-957.6005249023438 -306.83416748046875
-955.6030883789062 -304.83929443359375
-953.6032104492188 -302.840576171875
-951.6041259765625 -300.8407897949219
-949.6043090820312 -298.8409118652344
-947.6046142578125 -296.84100341796875
-945.6079711914062 -294.84375
-944.3660888671875 -292.8616638183594
-942.4024047851562 -290.9547119140625
-940.45703125 -288.9588623046875
-938.5014038085938 -286.96453857421875
-936.5094604492188 -284.99560546875
-936.9679565429688 -282.99713134765625
-936.5079956054688 -280.9976501464844
-934.5443115234375 -278.9979248046875
-932.96142578125 -277.00732421875
-933.9736328125 -275.06927490234375
-932.47900390625 -273.1806335449219
-931.1265869140625 -271.203369140625
-929.5748901367188 -269.2148132324219
-930.353271484375 -267.722900390625
-931.2610473632812 -267.431884765625
-930.2840576171875 -265.4873352050781
-932.127197265625 -263.6570129394531
-930.4759521484375 -261.6788024902344
-929.2914428710938 -259.69873046875
-930.8201293945312 -257.72015380859375
-930.607421875 -256.8249206542969
-930.9898681640625 -257.1631164550781
-929.536376953125 -255.38961791992188
-931.1560668945312 -253.41481018066406
-929.81884765625 -251.433349609375
-929.5645141601562 -250.15646362304688
-930.5294799804688 -248.26893615722656
-931.7108154296875 -247.28834533691406
-933.16259765625 -246.3238525390625
-932.872314453125 -244.42652893066406
-932.928955078125 -242.49383544921875
-931.3433837890625 -240.49989318847656
-931.564208984375 -238.65542602539062
-931.9959716796875 -236.72918701171875
-930.5533447265625 -234.75474548339844
-928.5921020507812 -232.77137756347656
-930.0433959960938 -230.83302307128906
-929.8937377929688 -228.8610076904297
-928.4603881835938 -226.86395263671875
-926.4773559570312 -226.943359375
-924.4803466796875 -227.74143981933594
-925.145751953125 -225.74203491210938
-923.1636962890625 -225.99588012695312
-921.1646728515625 -226.09947204589844
-919.1654052734375 -224.33343505859375
-917.2075805664062 -223.70242309570312
-915.2451171875 -223.6614990234375
-913.2464599609375 -224.48455810546875
-911.2716674804688 -222.6038055419922
-909.2744140625 -221.71876525878906
-907.301513671875 -221.22686767578125
-905.3261108398438 -221.43170166015625
-903.383544921875 -222.1131591796875
-901.3939819335938 -222.24835205078125
-900.8287353515625 -224.1725616455078
-898.8665771484375 -222.5802459716797
