-1106.42578125 -309.368896484375
-1104.6439208984375 -311.3670654296875
-1102.6439208984375 -309.3670654296875
-1100.680908203125 -311.3666687011719
-1098.680908203125 -309.3666687011719
-1098.017578125 -311.3636779785156
-1096.017578125 -309.3636779785156
-1094.1614990234375 -311.36309814453125
-1092.1614990234375 -309.36309814453125
-1090.173583984375 -311.3542785644531
-1088.173583984375 -309.3543395996094
-1086.173583984375 -307.3543395996094
-1084.3714599609375 -308.8723449707031
-1082.5367431640625 -310.8633117675781
-1080.5367431640625 -308.86334228515625
-1078.88623046875 -310.8377990722656
-1076.887939453125 -312.82989501953125
-1074.887939453125 -310.82989501953125
-1073.000732421875 -312.8269348144531
-1071.000732421875 -310.8269348144531
-1069.035888671875 -312.78802490234375
-1067.035888671875 -310.78802490234375
-1065.138427734375 -312.7020263671875
-1063.1385498046875 -310.7020263671875
-1061.5809326171875 -312.58074951171875
-1059.5809326171875 -310.58074951171875
-1057.5845947265625 -312.5754699707031
-1055.5845947265625 -310.5755615234375
-1053.5845947265625 -308.5755615234375
-1051.584716796875 -310.31768798828125
-1049.584716796875 -308.31768798828125
-1047.584716796875 -306.31768798828125
-1045.584716796875 -304.3184814453125
-1046.1236572265625 -305.06085205078125
-1046.412109375 -307.0425720214844
-1044.412109375 -305.04266357421875
-1045.1983642578125 -307.030029296875
-1043.1983642578125 -305.0303955078125
-1042.4530029296875 -306.98101806640625
-1040.8221435546875 -308.97613525390625
-1038.8221435546875 -306.97613525390625
-1039.0670166015625 -308.0421142578125
-1039.5928955078125 -309.7619323730469
-1037.5928955078125 -307.7619323730469
-1036.9569091796875 -308.9305114746094
-1035.418212890625 -310.8882751464844
-1033.418212890625 -308.8882751464844
-1034.0125732421875 -310.8435363769531
-1033.919189453125 -312.84185791015625
-1031.919189453125 -310.84185791015625
-1031.0863037109375 -312.83740234375
-1029.0863037109375 -310.8374328613281
-1028.7579345703125 -312.80169677734375
-1026.7579345703125 -310.8017272949219
-1025.128173828125 -312.79559326171875
-1023.1570434570312 -314.7952880859375
-1021.1570434570312 -312.7953186035156
-1019.295654296875 -314.77923583984375
-1017.3087158203125 -316.7582702636719
-1015.3577880859375 -318.7581787109375
-1013.4814453125 -316.7590637207031
-1011.483154296875 -314.75909423828125
-1009.4833374023438 -312.75909423828125
-1007.483642578125 -314.7551574707031
-1005.483642578125 -312.75531005859375
-1003.483642578125 -310.7553405761719
-1003.0178833007812 -312.74310302734375
-1001.0178833007812 -310.74310302734375
-999.493408203125 -312.74267578125
-997.4934692382812 -310.7429504394531
-996.7175903320312 -312.7154846191406
-998.2380981445312 -314.6938171386719
-996.2380981445312 -312.6938171386719
-996.8237915039062 -314.6910095214844
-994.8237915039062 -312.69110107421875
-993.112060546875 -314.688232421875
-991.112060546875 -312.68865966796875
-989.1940307617188 -314.6495056152344
-987.1940307617188 -312.6495361328125
-985.2247924804688 -314.61761474609375
-983.2247924804688 -312.61761474609375
-981.462646484375 -314.5806579589844
-979.462646484375 -312.58087158203125
-977.5828247070312 -314.5723571777344
-975.5828247070312 -312.5723876953125
-974.08154296875 -314.5201110839844
-972.0816040039062 -312.5201416015625
-970.08251953125 -314.4521789550781
-968.0825805664062 -312.45233154296875
-966.0845947265625 -314.3784484863281
-964.0845947265625 -312.37884521484375
-962.0845947265625 -314.3249816894531
-960.0845947265625 -312.3253173828125
-958.0845947265625 -312.4675598144531
-956.0845947265625 -314.1534423828125
-954.0847778320312 -316.0993957519531
-952.0847778320312 -314.10040283203125
-950.0847778320312 -314.9981384277344
-948.0847778320312 -313.39666748046875
-946.2611083984375 -311.3968200683594
-947.7033081054688 -309.5609130859375
-948.9861450195312 -307.5616455078125
-946.9861450195312 -305.57073974609375
-945.7501831054688 -303.5711975097656
-946.52978515625 -301.6634826660156
-947.2922973632812 -299.6648254394531
-948.4442138671875 -297.6721496582031
-946.4442138671875 -296.16583251953125
-947.0230102539062 -294.1670227050781
-945.61572265625 -292.17559814453125
-946.07861328125 -290.1782531738281
-944.2413940429688 -288.2220458984375
-945.0914916992188 -286.2397766113281
-943.1148681640625 -284.3583679199219
-944.7868041992188 -282.4134826660156
-944.1725463867188 -280.421630859375
-942.410400390625 -278.4293212890625
-940.779296875 -276.476806640625
-941.3968505859375 -274.4784240722656
-940.3740844726562 -272.4934997558594
-938.6571044921875 -270.50054931640625
-936.8040161132812 -268.53057861328125
-936.7901611328125 -266.6317443847656
-935.4376220703125 -264.6358947753906
-935.3758544921875 -262.6979064941406
-936.3119506835938 -260.6990661621094
-934.5188598632812 -258.7430114746094
-934.1806030273438 -256.7975158691406
-934.9064331054688 -254.84115600585938
-932.990234375 -252.98455810546875
-932.7900390625 -251.0723114013672
-931.6068725585938 -249.1069793701172
-933.1543579101562 -247.4435577392578
-931.2627563476562 -245.51560974121094
-931.9588012695312 -243.5179443359375
-932.8485107421875 -241.67481994628906
-931.1580810546875 -239.9615936279297
-931.8745727539062 -237.9951171875
-929.9362182617188 -236.2786102294922
-928.0634155273438 -234.29025268554688
-926.10400390625 -232.29815673828125
-924.1832275390625 -230.30470275878906
-922.1842041015625 -228.32656860351562
-920.1847534179688 -226.3468475341797
-921.4771118164062 -228.3463592529297
-919.4815063476562 -226.35118103027344
-921.0587158203125 -228.3504180908203
-919.0659790039062 -226.38589477539062
-919.4033813476562 -228.38186645507812
-917.4050903320312 -226.38751220703125
-918.837646484375 -228.38665771484375
-916.8438110351562 -226.43405151367188
-917.8516845703125 -228.43353271484375
-915.8651123046875 -226.48231506347656
-914.364990234375 -228.4818878173828
-912.37060546875 -226.5235137939453
-912.5486450195312 -228.52308654785156
-910.548828125 -226.5238037109375
-910.4619750976562 -228.52301025390625
-908.4622192382812 -226.52835083007812
-908.8477783203125 -228.52821350097656
-907.0392456054688 -226.57244873046875
-908.8319702148438 -228.56695556640625
-906.8345336914062 -226.6685333251953
-905.4368896484375 -228.66796875
-903.43798828125 -226.70001220703125
-905.0573120117188 -228.69989013671875
-903.0595703125 -227.0335235595703
-905.0390014648438 -229.02774047851562
-903.0460205078125 -227.035888671875
-904.9649658203125 -229.03466796875
-902.9721069335938 -227.08645629882812
-904.900390625 -229.08555603027344
-902.902587890625 -227.15286254882812
-904.870361328125 -229.1527557373047
-902.8729248046875 -227.27633666992188
-904.7607421875 -229.2760009765625
-902.7621459960938 -227.28134155273438
-904.7515258789062 -229.28070068359375
-902.7521362304688 -227.28688049316406
-903.0372314453125 -229.28575134277344
-901.0709228515625 -227.29725646972656
-899.0733642578125 -225.4111328125
-900.9559936523438 -227.40884399414062
-898.956787109375 -225.6231231689453
-900.8233642578125 -227.62283325195312
-898.9317626953125 -225.63795471191406
-900.8696899414062 -227.6367645263672
-898.8737182617188 -225.6599884033203
-899.7476806640625 -227.6562957763672
-897.7946166992188 -225.66275024414062
-899.7359008789062 -227.66256713867188
-897.8294067382812 -225.68882751464844
-897.989501953125 -227.68844604492188
-896.000732421875 -225.739990234375
-896.5257568359375 -227.69671630859375
-895.7791137695312 -225.74632263183594
-897.6292114257812 -227.73780822753906
-895.6309204101562 -225.9913787841797
-897.5359497070312 -227.94168090820312
-895.5567016601562 -226.22048950195312
-897.325439453125 -228.2084197998047
-895.3302612304688 -226.2515106201172
-897.1179809570312 -228.2450408935547
-895.156005859375 -226.24574279785156
-896.7316284179688 -228.2398223876953
-894.7319946289062 -226.6046600341797
-892.98095703125 -224.60877990722656
