-834.5523681640625 8.69311809539795
-836.5421142578125 6.7073869705200195
-837.738525390625 7.779189586639404
-839.7120361328125 9.623027801513672
-841.6264038085938 11.622364044189453
-843.6184692382812 13.558236122131348
-845.616455078125 11.56983470916748
-847.54931640625 13.21023941040039
-849.548828125 11.218597412109375
-851.4682006835938 13.046116828918457
-853.4668579101562 11.049005508422852
-855.451171875 12.12088394165039
-857.42919921875 10.714856147766113
-859.4249267578125 12.188030242919922
-861.2904663085938 11.655937194824219
-863.2720336914062 13.416422843933105
-865.2719116210938 11.417372703552246
-867.201416015625 12.906439781188965
-869.2012329101562 10.909542083740234
-870.9951782226562 12.75204849243164
-872.91845703125 10.764166831970215
-873.7225341796875 12.615002632141113
-875.7206420898438 10.622416496276855
-877.7191772460938 12.552635192871094
-879.7190551757812 10.553189277648926
-881.6754760742188 12.50206184387207
-883.675048828125 10.50233268737793
-885.6150512695312 12.242033004760742
-887.6097412109375 10.243368148803711
-889.6080932617188 12.133050918579102
-891.6051025390625 13.896628379821777
-893.6024780273438 11.905071258544922
-895.5953369140625 13.78463077545166
-897.594482421875 11.785012245178223
-899.5892333984375 13.756610870361328
-901.5890502929688 11.759645462036133
-903.5455932617188 12.388571739196777
-905.5429077148438 10.389215469360352
-907.4824829101562 8.807236671447754
-909.47412109375 7.274748802185059
-911.406005859375 5.296399116516113
-913.341552734375 7.197632789611816
-915.294677734375 9.150031089782715
-916.3187255859375 10.964483261108398
-918.3187255859375 8.965083122253418
-920.294189453125 10.889435768127441
-922.2025756835938 12.874173164367676
-924.2012939453125 10.87441635131836
-926.1893310546875 12.870636940002441
-928.1857299804688 10.87213134765625
-930.0426025390625 12.648372650146484
-932.0382690429688 14.647685050964355
-934.034423828125 12.653190612792969
-936.0150146484375 14.650290489196777
-938.0148315429688 12.652886390686035
-940.0137329101562 10.653514862060547
-942.0042724609375 12.642677307128906
-943.9937744140625 10.64305591583252
-945.99365234375 10.34953498840332
-947.9931030273438 8.535244941711426
-949.4640502929688 10.503291130065918
-951.3015747070312 12.478263854980469
-953.3010864257812 10.478453636169434
-955.255859375 12.477157592773438
-957.2080688476562 14.45943832397461
-959.2079467773438 12.460539817810059
-961.1826171875 14.456930160522461
-963.1825561523438 12.458189010620117
-965.1810913085938 14.458094596862793
-967.1802368164062 12.460681915283203
-969.1791381835938 14.440645217895508
-971.1736450195312 12.441393852233887
-973.1728515625 14.437026023864746
-975.17041015625 12.437115669250488
-977.1614990234375 10.437275886535645
-979.1592407226562 8.907709121704102
-981.1100463867188 10.470043182373047
-983.1090087890625 8.470051765441895
-984.2973022460938 10.290960311889648
-986.2958374023438 8.29101276397705
-988.2882080078125 10.281876564025879
-990.2865600585938 12.24598217010498
-992.2865600585938 10.246858596801758
-994.2578125 12.115438461303711
-996.2564086914062 10.115531921386719
-997.8755493164062 12.040780067443848
-999.8566284179688 10.042274475097656
-1001.8219604492188 12.013938903808594
-1003.8216552734375 13.969371795654297
-1005.8195190429688 11.969488143920898
-1007.81640625 12.335392951965332
-1009.6678466796875 12.264124870300293
-1011.6591186523438 13.849339485168457
-1013.6587524414062 11.851101875305176
-1013.9060668945312 13.775946617126465
-1015.8807373046875 11.776045799255371
-1017.7923583984375 13.733843803405762
-1019.778076171875 11.73487377166748
-1021.5993041992188 13.586005210876465
-1023.5972900390625 15.549591064453125
-1025.5570068359375 13.549845695495605
-1027.5550537109375 15.466201782226562
-1029.554443359375 13.466259956359863
-1031.5537109375 15.245073318481445
-1033.5513916015625 13.245101928710938
-1035.5504150390625 13.661622047424316
-1037.5496826171875 12.106101989746094
-1039.549560546875 10.290258407592773
-1039.3873291015625 12.163717269897461
-1040.7314453125 10.590651512145996
-1042.0904541015625 12.54173469543457
-1042.227294921875 13.76326847076416
-1042.48193359375 13.426497459411621
-1044.442138671875 13.270525932312012
-1046.2218017578125 12.673813819885254
-1048.1072998046875 14.589391708374023
-1050.0950927734375 12.589398384094238
-1052.0938720703125 12.594786643981934
-1054.0875244140625 14.224015235900879
-1056.0830078125 12.22414779663086
-1058.0673828125 12.003962516784668
-1060.00732421875 13.563848495483398
-1061.6546630859375 14.314387321472168
-1063.654052734375 12.314628601074219
-1065.24560546875 13.141505241394043
-1067.1668701171875 11.278402328491211
-1069.156005859375 11.829773902893066
-1071.14404296875 12.589835166931152
-1072.9932861328125 14.3530912399292
-1073.8140869140625 12.353352546691895
-1075.795654296875 11.522619247436523
-1077.7734375 12.606032371520996
-1079.583251953125 12.756658554077148
-1081.4886474609375 13.925588607788086
-1083.45068359375 13.824993133544922
-1085.3486328125 13.278765678405762
-1086.470947265625 12.09765338897705
-1088.468994140625 12.591629981994629
-1089.3525390625 10.687435150146484
-1091.326904296875 12.410379409790039
-1093.323486328125 13.413336753845215
-1095.3199462890625 12.409249305725098
-1097.3070068359375 11.37945556640625
-1099.30615234375 9.41064739227295
-1097.36328125 7.476577281951904
-1099.3631591796875 5.478363037109375
-1097.364013671875 3.5853323936462402
-1099.3636474609375 1.732061505317688
-1097.3831787109375 -0.25727561116218567
-1099.383056640625 -2.2553727626800537
-1097.6607666015625 -4.216121196746826
-1099.6602783203125 -6.204832553863525
-1097.7833251953125 -8.138655662536621
-1099.7830810546875 -10.131392478942871
-1097.797119140625 -12.11948013305664
-1099.797119140625 -14.054783821105957
-1097.814453125 -16.0451602935791
-1099.8143310546875 -18.03888511657715
-1097.8154296875 -17.40534019470215
-1099.8153076171875 -19.403820037841797
-1099.3480224609375 -19.939542770385742
-1097.3668212890625 -21.784523010253906
-1095.3935546875 -23.771211624145508
-1097.3909912109375 -25.756189346313477
-1095.4051513671875 -27.465497970581055
-1097.404296875 -29.462535858154297
-1095.4154052734375 -31.062349319458008
-1097.415283203125 -33.036407470703125
-1096.034423828125 -35.03388977050781
-1094.042236328125 -37.02497482299805
-1096.0400390625 -39.016117095947266
-1095.9437255859375 -40.95464324951172
-1093.9559326171875 -42.68089294433594
-1095.9559326171875 -44.66921615600586
-1094.1744384765625 -46.657562255859375
-1096.1744384765625 -48.656436920166016
-1094.2034912109375 -50.65296173095703
-1096.197265625 -52.40280532836914
-1094.2359619140625 -54.158531188964844
-1096.23583984375 -55.329376220703125
-1094.3018798828125 -57.12985610961914
-1096.3018798828125 -59.119144439697266
-1094.365234375 -61.1026611328125
-1096.364990234375 -63.10074234008789
-1094.39990234375 -65.04096221923828
-1096.3968505859375 -66.85678100585938
-1094.39892578125 -68.81136322021484
-1096.39794921875 -70.75875854492188
-1097.1212158203125 -72.75186920166016
-1099.118408203125 -74.49324798583984
-1097.1690673828125 -76.38237762451172
-1099.146728515625 -77.50132751464844
-1097.1661376953125 -77.90977478027344
-1099.164306640625 -79.8719711303711
-1097.1690673828125 -81.56431579589844
-1099.1689453125 -83.49723815917969
-1097.1905517578125 -85.2901611328125
-1099.18505859375 -87.16041564941406
-1097.1904296875 -89.08710479736328
-1099.1873779296875 -90.81451416015625
-1097.3330078125 -92.72049713134766
-1099.3323974609375 -94.32648468017578
-1097.644287109375 -95.27316284179688
-1099.6434326171875 -97.12874603271484
-1097.664306640625 -98.39949798583984
-1099.66259765625 -100.34481048583984
-1097.6834716796875 -102.15496826171875
-1099.6817626953125 -103.90727233886719
-1099.48291015625 -105.90560913085938
-1098.4029541015625 -107.49198913574219
