-834.5504150390625 8.768780708312988
-836.5477905273438 6.902802467346191
-838.48388671875 8.89781665802002
-839.695556640625 10.896222114562988
-841.6820068359375 12.895964622497559
-843.6815795898438 10.896049499511719
-845.6143798828125 12.756447792053223
-847.614013671875 10.759135246276855
-849.6139526367188 12.747147560119629
-851.6139526367188 10.750802993774414
-853.5845336914062 12.75001335144043
-855.5842895507812 10.756272315979004
-857.5338134765625 12.00008487701416
-859.2107543945312 13.996013641357422
-861.2105712890625 11.997635841369629
-863.2083740234375 13.965457916259766
-865.2075805664062 11.968697547912598
-867.20458984375 13.963221549987793
-869.2039184570312 11.965051651000977
-871.19384765625 13.96479606628418
-873.1815795898438 11.965360641479492
-875.181396484375 9.965651512145996
-877.1739501953125 11.960112571716309
-879.17236328125 9.961982727050781
-881.1581420898438 11.961216926574707
-883.1510009765625 9.962052345275879
-885.14208984375 11.961291313171387
-887.1331787109375 13.96059513092041
-889.1329956054688 11.964728355407715
-891.1239624023438 13.964600563049316
-893.123779296875 11.965070724487305
-895.0482177734375 9.966217994689941
-896.8551025390625 11.958980560302734
-898.8548583984375 9.960824012756348
-900.8452758789062 11.960759162902832
-902.8451538085938 9.96133041381836
-904.8370971679688 11.925228118896484
-906.8176879882812 9.925987243652344
-908.81689453125 9.703418731689453
-910.8154296875 7.705068588256836
-911.4049682617188 9.681941986083984
-913.4016723632812 7.682132720947266
-915.2386474609375 9.680659294128418
-917.2372436523438 7.6808648109436035
-918.7024536132812 9.677203178405762
-920.5223999023438 11.677003860473633
-922.4168701171875 13.675610542297363
-924.4166259765625 11.679922103881836
-926.3134765625 13.67973804473877
-928.3134155273438 11.680256843566895
-930.3132934570312 13.679851531982422
-932.3129272460938 11.68001651763916
-934.3124389648438 13.679741859436035
-936.3115234375 11.679949760437012
-938.30419921875 13.651307106018066
-940.3040771484375 11.659701347351074
-942.3029174804688 13.656068801879883
-944.3028564453125 11.656557083129883
-946.2989501953125 9.656641960144043
-948.2984008789062 10.265499114990234
-950.1107788085938 12.26509952545166
-952.1001586914062 10.26530647277832
-953.9650268554688 12.264413833618164
-955.9234008789062 14.263033866882324
-957.8929443359375 12.263395309448242
-959.892578125 14.263259887695312
-961.89208984375 12.263337135314941
-963.888916015625 14.262611389160156
-965.8881225585938 12.262876510620117
-967.8865356445312 14.238324165344238
-969.8505859375 12.23856258392334
-971.8505249023438 13.567634582519531
-973.836669921875 11.570423126220703
-975.8355712890625 13.530248641967773
-977.8175659179688 11.530342102050781
-979.8170776367188 9.530424118041992
-981.8165283203125 11.504764556884766
-983.8162231445312 9.504829406738281
-982.44384765625 11.469438552856445
-984.443603515625 9.469453811645508
-983.7626953125 11.421677589416504
-985.7625732421875 9.421699523925781
-987.7589721679688 11.420984268188477
-989.758544921875 9.421030044555664
-991.7515258789062 11.418542861938477
-993.7510986328125 9.418547630310059
-995.7276611328125 11.416542053222656
-997.7273559570312 9.416544914245605
-999.7213134765625 11.406797409057617
-1001.5919799804688 13.405916213989258
-1003.5908203125 11.405926704406738
-1005.5670776367188 13.346988677978516
-1007.5634155273438 11.347055435180664
-1009.5632934570312 13.334735870361328
-1011.5632934570312 11.334754943847656
-1013.5628051757812 13.252829551696777
-1015.4822998046875 11.252847671508789
-1013.7386474609375 13.207084655761719
-1015.7241821289062 11.207174301147461
-1014.3776245117188 13.20195198059082
-1016.3539428710938 11.201973915100098
-1015.8366088867188 13.19773006439209
-1017.8355712890625 11.197760581970215
-1019.0682983398438 13.186841011047363
-1020.9930419921875 15.185888290405273
-1022.985595703125 13.185995101928711
-1024.968505859375 15.177703857421875
-1026.9610595703125 13.177773475646973
-1028.9591064453125 15.157713890075684
-1030.957275390625 13.157733917236328
-1032.9561767578125 15.151268005371094
-1034.9544677734375 13.151299476623535
-1036.9541015625 15.130243301391602
-1038.9541015625 13.960148811340332
-1039.720703125 15.397395133972168
-1041.6983642578125 13.397403717041016
-1043.5875244140625 14.996514320373535
-1042.284912109375 12.996625900268555
-1044.0262451171875 14.786650657653809
-1046.0242919921875 12.786746978759766
-1048.0198974609375 14.768020629882812
-1050.008544921875 12.768033981323242
-1051.987548828125 14.62755012512207
-1053.9869384765625 12.627586364746094
-1055.9730224609375 14.338400840759277
-1057.90673828125 12.33840274810791
-1059.498779296875 14.310160636901855
-1060.235107421875 12.310401916503906
-1062.2088623046875 14.231077194213867
-1064.1998291015625 12.231088638305664
-1066.18212890625 14.127501487731934
-1068.180908203125 12.127520561218262
-1069.82666015625 13.797454833984375
-1071.7451171875 14.47134017944336
-1073.567138671875 12.471413612365723
-1075.200439453125 12.934823036193848
-1077.1854248046875 12.345280647277832
-1078.7642822265625 13.849814414978027
-1080.6456298828125 14.341772079467773
-1082.506591796875 12.342157363891602
-1084.223876953125 12.801127433776855
-1086.21142578125 14.012088775634766
-1088.199462890625 14.207715034484863
-1090.173828125 13.131791114807129
-1091.76220703125 14.876564025878906
-1093.75927734375 12.876579284667969
-1095.75830078125 13.029694557189941
-1097.0040283203125 11.65082836151123
-1099.0020751953125 9.70207691192627
-1097.0029296875 8.300310134887695
-1099.002685546875 6.320307731628418
-1097.0029296875 4.655771255493164
-1099.00244140625 2.794940710067749
-1100.994384765625 0.7981597185134888
-1098.9974365234375 -1.0682063102722168
-1100.9952392578125 -3.0494837760925293
-1099.0040283203125 -4.956014156341553
-1101.0013427734375 -6.944890022277832
-1099.00830078125 -8.827056884765625
-1101.00830078125 -10.826780319213867
-1099.010009765625 -12.616927146911621
-1101.009765625 -14.615882873535156
-1099.0225830078125 -16.54001808166504
-1097.080078125 -17.409183502197266
-1099.080078125 -19.40867805480957
-1097.081787109375 -19.579086303710938
-1095.0980224609375 -21.09317398071289
-1097.0970458984375 -23.093164443969727
-1095.1051025390625 -25.005544662475586
-1097.1051025390625 -27.003236770629883
-1095.1475830078125 -28.82891082763672
-1097.14697265625 -30.81831169128418
-1095.1710205078125 -32.81587219238281
-1097.1710205078125 -34.81047821044922
-1095.1898193359375 -36.71104431152344
-1097.185546875 -38.706424713134766
-1095.188720703125 -40.694297790527344
-1097.1876220703125 -42.682945251464844
-1095.1968994140625 -44.596763610839844
-1097.19677734375 -46.59546661376953
-1095.7647705078125 -48.595436096191406
-1095.65771484375 -50.5944938659668
-1093.703125 -52.538448333740234
-1095.6998291015625 -54.362762451171875
-1093.71533203125 -56.36161422729492
-1095.715087890625 -57.99034118652344
-1097.7144775390625 -59.98844528198242
-1095.7171630859375 -61.985408782958984
-1097.717041015625 -63.985050201416016
-1095.7181396484375 -65.24542999267578
-1097.718017578125 -67.2444076538086
-1095.8365478515625 -69.1453628540039
-1097.836181640625 -71.1433334350586
-1095.884765625 -73.14305877685547
-1097.8834228515625 -73.08840942382812
-1095.884033203125 -75.07593536376953
-1097.875 -74.46041107177734
-1099.8143310546875 -76.43695831298828
-1097.832275390625 -75.20430755615234
-1099.8275146484375 -77.03324890136719
-1097.8426513671875 -75.873046875
-1099.8409423828125 -77.79525756835938
-1097.9412841796875 -78.23535919189453
-1099.9407958984375 -80.23400115966797
-1097.9407958984375 -80.47351837158203
-1099.9324951171875 -82.45073699951172
-1097.932861328125 -84.35457611083984
-1095.937744140625 -86.27561950683594
-1097.93603515625 -88.1974105834961
-1095.9388427734375 -90.13975524902344
-1097.9385986328125 -91.92497253417969
-1095.9691162109375 -91.83447265625
-1097.9669189453125 -93.7414779663086
-1095.9827880859375 -95.57333374023438
-1097.9796142578125 -97.52153015136719
-1095.98876953125 -99.50188446044922
-1097.9849853515625 -101.44741821289062
-1099.8270263671875 -103.44388580322266
-1098.95703125 -105.44381713867188
-1099.5809326171875 -107.44379425048828
