-834.5509643554688 8.659919738769531
-835.5391845703125 6.6777496337890625
-833.9386596679688 8.619974136352539
-835.8839111328125 6.623126029968262
-834.028564453125 8.435789108276367
-836.0134887695312 6.441400051116943
-837.5105590820312 8.134167671203613
-839.3699340820312 10.132030487060547
-841.018798828125 12.101059913635254
-843.0179443359375 10.103297233581543
-844.9160766601562 12.043599128723145
-846.915283203125 10.048100471496582
-848.9147338867188 11.947757720947266
-849.29345703125 13.733284950256348
-851.2933349609375 11.73740291595459
-852.0468139648438 13.51569938659668
-854.0460205078125 11.517321586608887
-856.0437622070312 11.416887283325195
-858.0056762695312 9.810529708862305
-859.99853515625 11.590829849243164
-861.6718139648438 13.486135482788086
-863.671630859375 11.486287117004395
-864.580322265625 13.420435905456543
-866.5785522460938 11.538969039916992
-868.3330078125 13.464553833007812
-870.331787109375 11.47758960723877
-872.3237915039062 13.346904754638672
-874.3235473632812 11.347912788391113
-876.282470703125 12.968317985534668
-878.2809448242188 10.972854614257812
-878.0635986328125 12.917158126831055
-880.0631713867188 10.946649551391602
-881.8291015625 12.891927719116211
-883.8271484375 10.89876651763916
-885.7969970703125 12.717294692993164
-887.7958984375 10.725691795349121
-889.7164306640625 12.697776794433594
-891.702392578125 10.69905948638916
-893.7008666992188 12.133939743041992
-895.700439453125 10.137925148010254
-897.6914672851562 11.880965232849121
-899.127197265625 13.654311180114746
-901.1244506835938 11.654623985290527
-902.6595458984375 13.426490783691406
-904.6580200195312 11.426595687866211
-904.3453369140625 13.321516990661621
-906.344970703125 11.322078704833984
-908.34033203125 10.222796440124512
-910.338623046875 8.225751876831055
-912.3295288085938 6.340622425079346
-914.1954956054688 8.3400297164917
-915.857177734375 10.27257251739502
-917.8570556640625 8.273667335510254
-918.4966430664062 10.272964477539062
-920.4682006835938 12.24774169921875
-922.4666137695312 10.248435020446777
-924.4310302734375 12.248098373413086
-926.1287841796875 14.244515419006348
-928.1082153320312 12.2501220703125
-929.874755859375 14.24268913269043
-931.8734741210938 12.24658203125
-933.0701904296875 14.218833923339844
-935.0700073242188 12.231228828430176
-937.060302734375 14.229398727416992
-939.0601196289062 12.24804401397705
-941.0568237304688 14.23550033569336
-943.05322265625 12.237540245056152
-945.0435791015625 10.238885879516602
-947.0391235351562 10.124019622802734
-947.7520751953125 12.123939514160156
-949.74267578125 10.12417984008789
-951.6959838867188 12.123598098754883
-953.6958618164062 10.124075889587402
-955.638916015625 12.122255325317383
-956.8511962890625 14.121767044067383
-958.8499145507812 12.123079299926758
-959.3737182617188 14.121790885925293
-961.3178100585938 12.122562408447266
-963.2813720703125 14.11514663696289
-965.2785034179688 12.117839813232422
-967.2760620117188 14.117685317993164
-969.27587890625 12.118825912475586
-971.2757568359375 13.983673095703125
-973.2726440429688 11.984609603881836
-975.2723388671875 13.892212867736816
-977.2722778320312 11.89264965057373
-979.2705078125 9.89267635345459
-981.2701416015625 8.008957862854004
-983.2693481445312 6.694258213043213
-981.3092651367188 8.658440589904785
-983.3081665039062 9.246869087219238
-983.3532104492188 11.213272094726562
-985.3532104492188 9.21924877166748
-987.1585083007812 11.20893383026123
-989.1575317382812 9.209039688110352
-991.1133422851562 11.206340789794922
-993.1130981445312 9.206477165222168
-994.2435913085938 11.199623107910156
-996.0890502929688 13.196246147155762
-998.0889892578125 11.196491241455078
-1000.0802612304688 13.190308570861816
-1002.07958984375 11.190330505371094
-1002.949951171875 12.844949722290039
-1004.9410400390625 10.84495735168457
-1006.9330444335938 12.7989501953125
-1008.9171752929688 10.799056053161621
-1010.8695678710938 12.737354278564453
-1012.8655395507812 10.738480567932129
-1014.861572265625 12.69724178314209
-1015.4417114257812 14.665583610534668
-1017.4393310546875 12.66678237915039
-1019.18896484375 14.6502046585083
-1021.1876220703125 12.652762413024902
-1021.564697265625 14.652505874633789
-1023.5581665039062 12.653018951416016
-1025.465576171875 14.604896545410156
-1027.4593505859375 12.605317115783691
-1029.0496826171875 14.600152969360352
-1031.049072265625 12.600273132324219
-1033.0443115234375 14.40163516998291
-1034.9556884765625 14.664726257324219
-1036.9554443359375 15.472068786621094
-1038.955322265625 13.473163604736328
-1040.8050537109375 14.859628677368164
-1042.5372314453125 12.859759330749512
-1041.9132080078125 14.801379203796387
-1043.90771484375 12.801658630371094
-1045.896240234375 13.690947532653809
-1047.891357421875 15.535575866699219
-1049.8751220703125 13.54035472869873
-1051.8695068359375 14.899029731750488
-1053.821044921875 12.89910888671875
-1055.770751953125 13.464832305908203
-1057.6417236328125 14.116469383239746
-1059.62060546875 12.11648941040039
-1061.56689453125 14.107062339782715
-1063.55126953125 12.10738468170166
-1065.4635009765625 14.038278579711914
-1067.213134765625 13.904563903808594
-1069.129150390625 14.486140251159668
-1071.12646484375 12.486549377441406
-1072.9317626953125 14.185190200805664
-1074.575927734375 12.737319946289062
-1076.5079345703125 13.410239219665527
-1078.310302734375 14.859030723571777
-1080.248291015625 12.859183311462402
-1082.1094970703125 13.967864990234375
-1081.81689453125 12.50859546661377
-1082.1588134765625 13.563657760620117
-1084.1357421875 11.711736679077148
-1086.088623046875 13.518854141235352
-1087.9625244140625 11.863192558288574
-1089.958740234375 12.337160110473633
-1091.9405517578125 12.031622886657715
-1093.72412109375 12.391008377075195
-1095.7205810546875 11.27509880065918
-1097.7147216796875 9.588174819946289
-1099.714599609375 7.620732307434082
-1097.75439453125 5.748054504394531
-1099.75439453125 3.769313097000122
-1097.7679443359375 1.8291391134262085
-1099.767822265625 -0.17047686874866486
-1097.83837890625 -2.0872509479522705
-1099.8382568359375 -4.066876411437988
-1097.869140625 -5.92384672164917
-1099.8675537109375 -7.922003269195557
-1098.2147216796875 -9.861794471740723
-1100.214599609375 -11.852214813232422
-1098.4361572265625 -13.802776336669922
-1100.43603515625 -15.799745559692383
-1101.063720703125 -13.926224708557129
-1099.6143798828125 -15.896172523498535
-1097.89697265625 -14.238365173339844
-1099.8966064453125 -16.236501693725586
-1098.052490234375 -16.270795822143555
-1100.052490234375 -18.26238441467285
-1098.080322265625 -19.145360946655273
-1096.1181640625 -19.944900512695312
-1098.11767578125 -21.9444637298584
-1096.120361328125 -23.377197265625
-1094.240234375 -25.284015655517578
-1096.239990234375 -27.242164611816406
-1094.2587890625 -29.232553482055664
-1096.2584228515625 -31.23206329345703
-1094.2908935546875 -33.17674255371094
-1096.285400390625 -35.161128997802734
-1094.6673583984375 -37.13981246948242
-1096.667236328125 -39.042816162109375
-1094.684814453125 -41.04075241088867
-1096.3663330078125 -43.03742218017578
-1094.791748046875 -45.02882385253906
-1096.79150390625 -47.02879333496094
-1095.4996337890625 -49.02778625488281
-1096.886474609375 -51.02091979980469
-1096.468505859375 -52.78582000732422
-1094.473388671875 -54.03388977050781
-1096.4732666015625 -55.86976623535156
-1094.5560302734375 -57.766536712646484
-1096.5550537109375 -59.75408172607422
-1094.591064453125 -61.70588684082031
-1096.591064453125 -63.69953155517578
-1094.5936279296875 -65.67897033691406
-1096.582275390625 -67.66068267822266
-1094.6324462890625 -69.62928771972656
-1096.63232421875 -71.61788940429688
-1098.630126953125 -72.06861114501953
-1096.6363525390625 -74.06324768066406
-1098.6292724609375 -75.99393463134766
-1096.63232421875 -77.94232177734375
-1098.6295166015625 -79.90929412841797
-1096.6300048828125 -80.17402648925781
-1098.6298828125 -81.85291290283203
-1096.648193359375 -83.7999038696289
-1098.648193359375 -85.76669311523438
-1096.6893310546875 -87.7255630493164
-1098.688720703125 -89.5946044921875
-1098.104736328125 -91.57060241699219
-1096.86572265625 -92.84742736816406
-1098.8609619140625 -92.32072448730469
-1096.861572265625 -94.1874771118164
-1098.8582763671875 -96.14470672607422
-1096.8668212890625 -97.4183349609375
-1098.866455078125 -98.85185241699219
-1097.614501953125 -100.78852081298828
-1099.613525390625 -102.59617614746094
-1100.9505615234375 -104.58883666992188
-1101.586181640625 -106.58870697021484
-1100.4732666015625 -108.04090881347656
