-834.5296630859375 10.744535446166992
-836.526123046875 11.933566093444824
-838.5203857421875 9.93545150756836
-837.162109375 11.91342830657959
-838.8711547851562 9.914137840270996
-839.869873046875 11.90291690826416
-841.8438720703125 9.90951156616211
-842.4601440429688 11.881105422973633
-844.3932495117188 13.87437915802002
-846.3925170898438 11.876717567443848
-848.3868408203125 13.869288444519043
-850.2489624023438 11.94771671295166
-852.1397705078125 13.937800407409668
-854.1185302734375 11.937970161437988
-856.083984375 13.393852233886719
-858.0834350585938 11.411500930786133
-859.8985595703125 13.410335540771484
-861.8560180664062 11.414915084838867
-863.8121337890625 13.390199661254883
-865.8040161132812 11.390405654907227
-867.4617919921875 13.388710021972656
-869.460693359375 11.389904022216797
-871.4591064453125 13.33172607421875
-873.4364624023438 11.332236289978027
-875.3673706054688 13.136795997619629
-877.363525390625 11.136982917785645
-879.36279296875 13.099126815795898
-881.3621826171875 11.100716590881348
-883.3529663085938 12.67343521118164
-885.3516235351562 10.673511505126953
-887.0846557617188 12.642053604125977
-888.79443359375 10.645536422729492
-890.7600708007812 12.561990737915039
-892.7481689453125 10.565438270568848
-894.713623046875 12.556270599365234
-896.7096557617188 10.558150291442871
-898.7039184570312 11.977373123168945
-900.6843872070312 9.977425575256348
-902.6823120117188 11.909730911254883
-904.6326293945312 9.909857749938965
-906.3994140625 11.437359809875488
-908.0056762695312 10.37093734741211
-909.8925170898438 8.374866485595703
-911.8864135742188 6.42875337600708
-909.98193359375 8.386808395385742
-911.9666137695312 6.507526397705078
-913.0241088867188 8.41765308380127
-915.0048828125 10.370625495910645
-916.99951171875 8.371268272399902
-915.05908203125 9.943005561828613
-916.9632568359375 7.943075656890869
-915.0469970703125 9.818952560424805
-917.029541015625 7.819170951843262
-915.1161499023438 9.642539978027344
-917.1132202148438 7.643102645874023
-915.1607055664062 8.533242225646973
-913.1642456054688 10.080860137939453
-915.0972290039062 8.082672119140625
-917.0593872070312 10.065601348876953
-916.1434326171875 11.788200378417969
-918.0667114257812 9.788284301757812
-917.8312377929688 11.486992835998535
-919.8294677734375 9.487103462219238
-920.2342529296875 11.472811698913574
-922.130859375 13.39919662475586
-924.0203857421875 11.400256156921387
-925.4722290039062 13.390007972717285
-927.4703369140625 11.390619277954102
-929.41650390625 13.388317108154297
-931.0587768554688 11.391685485839844
-933.0025634765625 13.389374732971191
-934.8186645507812 11.399494171142578
-936.8142700195312 13.395645141601562
-938.7333374023438 11.397440910339355
-940.6367797851562 13.386553764343262
-940.23583984375 11.387225151062012
-942.1953735351562 13.338297843933105
-944.1299438476562 11.338454246520996
-946.1128540039062 12.431498527526855
-948.0894775390625 10.433205604553223
-947.07568359375 12.388483047485352
-949.0613403320312 10.388581275939941
-947.6797485351562 12.290322303771973
-949.671875 10.296050071716309
-950.6469116210938 12.286031723022461
-951.7246704101562 10.287235260009766
-953.6843872070312 12.284821510314941
-955.67822265625 10.28506088256836
-957.3099975585938 12.283077239990234
-959.3035278320312 14.258465766906738
-961.26513671875 12.2601957321167
-963.2572021484375 14.234246253967285
-965.2384033203125 12.234349250793457
-967.2172241210938 14.225248336791992
-969.19091796875 12.225955963134766
-971.1051025390625 13.42752742767334
-973.0838012695312 11.427664756774902
-975.0808715820312 10.840558052062988
-977.0765380859375 8.959771156311035
-979.0698852539062 7.045469284057617
-981.0029296875 5.272022724151611
-983.0018920898438 3.3750338554382324
-981.0396118164062 1.5370001792907715
-983.0377197265625 -0.3778235614299774
-981.0726928710938 -2.37349271774292
-983.0673828125 -4.311750888824463
-981.1737670898438 -6.001387119293213
-983.1735229492188 -7.987284183502197
-981.173583984375 -9.940529823303223
-983.1734619140625 -11.861395835876465
-981.2030029296875 -13.78511905670166
-983.20263671875 -15.784310340881348
-981.2098388671875 -17.595693588256836
-983.1047973632812 -19.595623016357422
-981.2432250976562 -21.555274963378906
-979.8067626953125 -23.508617401123047
-977.9202880859375 -25.46441650390625
-979.854736328125 -27.464248657226562
-978.1310424804688 -29.463851928710938
-976.236083984375 -31.42005157470703
-977.6668090820312 -33.41102981567383
-975.8734741210938 -35.39687728881836
-977.7081298828125 -37.39573669433594
-978.3831787109375 -39.26976776123047
-977.4542236328125 -41.23038101196289
-979.3124389648438 -43.221981048583984
-980.6139526367188 -45.215667724609375
-979.7514038085938 -47.18122482299805
-979.1021728515625 -49.0656623840332
-978.0533447265625 -51.056209564208984
-976.9471435546875 -52.94245910644531
-978.7269897460938 -54.36925506591797
-980.4019775390625 -55.96064376831055
-982.4009399414062 -55.328189849853516
-981.5586547851562 -57.31844711303711
-982.4553833007812 -56.75608444213867
-984.4100341796875 -55.826053619384766
-984.1527709960938 -57.80604553222656
-985.9112548828125 -58.46292495727539
-987.9111328125 -56.499027252197266
-989.5148315429688 -58.489192962646484
-991.4632568359375 -60.47432327270508
-993.4609985351562 -60.20976638793945
-995.4597778320312 -59.791900634765625
-997.4488525390625 -57.918731689453125
-998.8833618164062 -59.91669845581055
-1000.8812866210938 -58.17543411254883
-1002.7752075195312 -60.17325973510742
-1004.753662109375 -58.268009185791016
-1006.623046875 -60.2605094909668
-1008.6160278320312 -58.59661102294922
-1010.1568603515625 -60.59123992919922
-1012.1417236328125 -58.98435592651367
-1012.496337890625 -60.98432159423828
-1014.434326171875 -60.65316390991211
-1016.4328002929688 -59.2240104675293
-1018.2584228515625 -57.25246810913086
-1020.1373901367188 -59.24931716918945
-1022.0374755859375 -58.911067962646484
-1023.8822631835938 -60.909385681152344
-1025.858154296875 -59.0133056640625
-1026.473388671875 -61.01320266723633
-1028.4710693359375 -59.72959518432617
-1028.6573486328125 -61.72849655151367
-1030.302490234375 -62.73501205444336
-1032.1756591796875 -64.65972900390625
-1033.985595703125 -65.30147552490234
-1035.1617431640625 -67.3002700805664
-1035.3729248046875 -69.27179718017578
-1033.890625 -71.15839385986328
-1035.888671875 -73.15816497802734
-1034.2686767578125 -75.14928436279297
-1036.2359619140625 -77.14878845214844
-1038.1083984375 -75.3517837524414
-1037.303466796875 -75.47221374511719
-1035.522216796875 -77.46688842773438
-1037.4705810546875 -79.38067626953125
-1036.3203125 -79.23784637451172
-1036.4683837890625 -80.51275634765625
-1035.0640869140625 -81.80640411376953
-1037.0513916015625 -83.78372955322266
-1035.5821533203125 -85.63538360595703
-1037.57177734375 -87.62606048583984
-1036.3670654296875 -89.53437805175781
-1037.0389404296875 -91.51358032226562
-1035.14208984375 -93.49588775634766
-1035.974853515625 -95.43833923339844
-1034.5421142578125 -97.05377197265625
-1034.9281005859375 -99.03121185302734
-1035.8262939453125 -101.02465057373047
-1036.552734375 -102.98703002929688
-1038.272705078125 -104.96923065185547
-1039.748046875 -106.95484924316406
-1040.3154296875 -108.952392578125
-1042.2825927734375 -108.46522521972656
-1044.279052734375 -109.4377670288086
-1046.2479248046875 -108.5813980102539
-1046.7601318359375 -110.57891082763672
-1048.7423095703125 -111.42682647705078
-1050.635498046875 -112.6855239868164
-1052.6212158203125 -112.88611602783203
-1054.4659423828125 -113.18927764892578
-1056.4642333984375 -114.55884552001953
-1058.4437255859375 -112.85552978515625
-1060.2720947265625 -111.92992401123047
-1061.5599365234375 -113.14359283447266
-1063.46240234375 -112.16162872314453
-1064.3541259765625 -110.80439758300781
-1066.11962890625 -112.66770935058594
-1067.8509521484375 -113.350830078125
