-911.756103515625 6.763707160949707
-913.7532958984375 8.760141372680664
-915.753173828125 7.335300922393799
-917.7482299804688 9.20073127746582
-919.74658203125 11.070456504821777
-921.7464599609375 13.048047065734863
-923.7457885742188 11.277398109436035
-925.7451171875 13.258264541625977
-927.7448120117188 11.38229751586914
-929.7445678710938 13.316516876220703
-931.7345581054688 11.38980770111084
-933.7318725585938 12.287543296813965
-935.7200927734375 14.106912612915039
-937.71923828125 12.179803848266602
-939.7122192382812 11.355826377868652
-941.6728515625 13.075579643249512
-943.6719970703125 11.088501930236816
-945.6676635742188 9.569368362426758
-947.6675415039062 7.740024089813232
-949.641845703125 9.735810279846191
-951.6414794921875 11.63369083404541
-953.638427734375 13.627795219421387
-955.6378173828125 11.751322746276855
-957.6176147460938 13.745819091796875
-959.6004638671875 11.831937789916992
-961.5993041992188 13.697891235351562
-963.5973510742188 11.79141616821289
-965.5956420898438 13.769769668579102
-967.5939331054688 11.915946960449219
-969.5895385742188 11.659417152404785
-971.5806884765625 11.089308738708496
-973.5804443359375 12.981985092163086
-975.5785522460938 11.0485258102417
-977.576904296875 9.28525447845459
-979.57275390625 7.376589775085449
-981.5670776367188 6.918232440948486
-983.5187377929688 5.01315975189209
-985.5094604492188 7.010723114013672
-987.5089111328125 9.00671672821045
-989.5086669921875 10.995539665222168
-991.5082397460938 12.98879623413086
-993.4814453125 11.872312545776367
-995.4697265625 12.794746398925781
-997.4454956054688 10.942994117736816
-999.4422607421875 12.803193092346191
-1001.401123046875 12.080950736999512
-1003.4009399414062 13.990830421447754
-1005.39501953125 12.066091537475586
-1007.3948974609375 11.7598876953125
-1009.39453125 12.848804473876953
-1011.3214111328125 11.028444290161133
-1013.320068359375 12.802877426147461
-1015.3133544921875 10.848458290100098
-1017.3114013671875 12.818655967712402
-1019.3088989257812 14.805941581726074
-1021.1021728515625 13.229384422302246
-1023.1005859375 14.958053588867188
-1025.057861328125 13.087733268737793
-1027.0540771484375 14.957179069519043
-1029.008544921875 12.999100685119629
-1031.008056640625 14.958150863647461
-1032.8797607421875 13.193992614746094
-1034.878662109375 11.702058792114258
-1036.87353515625 10.73554801940918
-1038.781982421875 9.40835189819336
-1040.775390625 11.407769203186035
-1042.772216796875 13.129731178283691
-1044.7713623046875 14.868955612182617
-1046.751220703125 15.34017562866211
-1048.69287109375 15.008532524108887
-1050.6771240234375 15.184508323669434
-1052.654541015625 14.953997611999512
-1054.50439453125 14.286986351013184
-1056.2860107421875 12.530135154724121
-1058.2855224609375 14.415314674377441
-1060.1839599609375 12.872602462768555
-1062.183837890625 11.612494468688965
-1064.1800537109375 13.070250511169434
-1066.179443359375 14.925207138061523
-1068.16357421875 13.445530891418457
-1070.1627197265625 14.176094055175781
-1071.98388671875 13.754416465759277
-1073.981201171875 15.120218276977539
-1075.792724609375 13.571233749389648
-1077.79248046875 14.327877044677734
-1079.152099609375 12.405234336853027
-1081.15185546875 12.970184326171875
-1083.1510009765625 12.705044746398926
-1085.148193359375 11.229350090026855
-1087.146728515625 13.184746742248535
-1089.1458740234375 12.581716537475586
-1091.1429443359375 14.141857147216797
-1093.1414794921875 12.216780662536621
-1095.140869140625 11.918015480041504
-1097.140625 11.014204978942871
-1099.1392822265625 9.096094131469727
-1101.1243896484375 10.182055473327637
-1103.09130859375 12.156503677368164
-1105.0018310546875 13.693307876586914
-1106.983642578125 12.101322174072266
-1108.9803466796875 13.82907485961914
-1110.9310302734375 12.770369529724121
-1112.930419921875 14.228428840637207
-1114.8531494140625 13.116996765136719
-1116.785400390625 11.834786415100098
-1118.783447265625 13.058799743652344
-1120.5965576171875 11.187491416931152
-1122.5960693359375 10.407382011413574
-1124.59130859375 12.392297744750977
-1126.5911865234375 11.874373435974121
-1128.5906982421875 12.700493812561035
-1130.501953125 13.182355880737305
-1131.8363037109375 11.219398498535156
-1133.834228515625 10.395586013793945
-1135.8311767578125 11.654550552368164
-1137.7489013671875 11.912877082824707
-1139.746337890625 12.240983009338379
-1141.710693359375 10.346221923828125
-1143.622314453125 11.772451400756836
-1145.38671875 9.797765731811523
-1147.37744140625 10.791641235351562
-1149.172119140625 10.454150199890137
-1151.07470703125 8.763045310974121
-1152.252685546875 6.917920112609863
-1154.0711669921875 5.032059669494629
-1156.03564453125 3.0915796756744385
-1157.1695556640625 4.674257278442383
-1156.908447265625 5.737709045410156
-1156.403076171875 7.31447696685791
-1157.7200927734375 9.030162811279297
-1158.7354736328125 10.343144416809082
-1160.7161865234375 8.47067642211914
-1162.6129150390625 10.006072044372559
-1164.520263671875 8.33383560180664
-1166.4178466796875 7.952913761138916
