-911.7525024414062 6.885340213775635
-913.7503051757812 8.795477867126465
-915.5634155273438 6.798162937164307
-917.5560302734375 8.790781021118164
-917.8821411132812 10.789506912231445
-919.8778686523438 12.703990936279297
-921.5591430664062 10.736052513122559
-923.5584716796875 12.73078727722168
-924.2216186523438 10.731587409973145
-926.1985473632812 12.660821914672852
-928.1973266601562 14.659321784973145
-927.4641723632812 12.659598350524902
-929.4597778320312 14.614785194396973
-930.8267211914062 12.615495681762695
-932.81298828125 14.610472679138184
-934.2451171875 12.657440185546875
-936.2426147460938 14.5845947265625
-935.7843627929688 12.586553573608398
-937.7809448242188 11.80393123626709
-939.7691650390625 13.32167911529541
-941.2073974609375 11.329166412353516
-943.201904296875 13.164276123046875
-944.7637939453125 11.167834281921387
-946.7628173828125 9.266369819641113
-948.253662109375 11.231378555297852
-950.1898193359375 9.232190132141113
-952.1781005859375 11.220780372619629
-954.1757202148438 13.213592529296875
-956.1344604492188 11.215923309326172
-958.127685546875 13.16911506652832
-960.1224365234375 14.85952091217041
-961.8088989257812 12.872849464416504
-963.8077392578125 14.74879264831543
-964.9994506835938 12.789721488952637
-966.9985961914062 14.762975692749023
-968.590087890625 12.792723655700684
-970.5863037109375 14.107278823852539
-972.4387817382812 12.10950756072998
-974.4376220703125 10.886091232299805
-976.4331665039062 11.19030475616455
-978.43310546875 9.24604320526123
-980.4220581054688 7.309553623199463
-982.4171142578125 5.340452671051025
-984.4141235351562 3.3526577949523926
-986.183837890625 5.348241329193115
-988.1655883789062 7.3420186042785645
-990.1585693359375 9.340553283691406
-992.1580810546875 11.315193176269531
-994.0462646484375 9.322669982910156
-996.0458984375 10.585491180419922
-998.0458374023438 12.467203140258789
-999.4766235351562 10.484711647033691
-1001.4766235351562 12.218441009521484
-1003.4764404296875 11.16739273071289
-1005.476318359375 12.899019241333008
-1007.4609375 11.03466510772705
-1009.4598999023438 12.835171699523926
-1011.371826171875 11.051021575927734
-1013.3717651367188 12.993637084960938
-1014.1707153320312 11.199929237365723
-1016.1705932617188 13.198883056640625
-1018.130615234375 11.436711311340332
-1020.11474609375 13.412450790405273
-1022.1146240234375 14.982888221740723
-1023.748291015625 13.023778915405273
-1025.748046875 14.783696174621582
-1027.554443359375 12.792423248291016
-1029.5543212890625 14.566632270812988
-1031.304443359375 12.671653747558594
-1033.30419921875 14.119309425354004
-1035.3040771484375 13.79116153717041
-1037.3038330078125 11.841248512268066
-1039.301513671875 9.862626075744629
-1041.3009033203125 11.835149765014648
-1043.30078125 13.82618236541748
-1045.30078125 15.66896915435791
-1047.2906494140625 13.807168006896973
-1049.169189453125 11.851017951965332
-1051.1680908203125 13.814071655273438
-1053.089599609375 11.881606101989746
-1055.089111328125 13.874101638793945
-1057.0089111328125 11.911544799804688
-1059.008056640625 13.875855445861816
-1061.0079345703125 14.716901779174805
-1062.9393310546875 12.740671157836914
-1064.9390869140625 14.371033668518066
-1066.75244140625 12.421701431274414
-1068.7520751953125 13.42854118347168
-1070.7515869140625 13.99339485168457
-1072.7513427734375 14.824368476867676
-1074.6341552734375 13.063239097595215
-1076.632568359375 14.89489459991455
-1078.410400390625 12.981524467468262
-1080.4053955078125 13.134115219116211
-1082.4052734375 14.7201509475708
-1084.323974609375 12.881204605102539
-1086.323974609375 13.646255493164062
-1088.322998046875 14.228933334350586
-1090.279541015625 13.456035614013672
-1092.279296875 12.099089622497559
-1094.2784423828125 13.07465648651123
-1096.275146484375 12.239235877990723
-1098.274658203125 10.24307918548584
-1100.2686767578125 8.29404354095459
-1102.22265625 10.292482376098633
-1104.0701904296875 12.292206764221191
-1106.0576171875 14.159913063049316
-1104.3341064453125 13.286211967468262
-1106.271728515625 11.3831787109375
-1108.254638671875 13.382105827331543
-1110.2010498046875 11.854422569274902
-1112.2000732421875 13.829483985900879
-1114.1519775390625 12.64067554473877
-1116.150146484375 13.970380783081055
-1118.112548828125 12.174238204956055
-1120.1077880859375 12.88851547241211
-1122.1058349609375 11.270308494567871
-1124.097412109375 13.22061538696289
-1126.0916748046875 13.90857219696045
-1128.0538330078125 12.548666954040527
-1130.0443115234375 13.006505012512207
-1131.8746337890625 11.052919387817383
-1133.775390625 12.103564262390137
-1135.71923828125 10.500101089477539
-1137.7178955078125 12.442103385925293
-1139.6993408203125 10.513824462890625
-1141.6715087890625 10.322183609008789
-1143.6571044921875 12.127506256103516
-1145.239990234375 10.155414581298828
-1147.169921875 9.065553665161133
-1148.7432861328125 9.231525421142578
-1150.725830078125 10.528254508972168
-1152.708984375 8.602282524108887
-1154.4293212890625 6.8754658699035645
-1156.2447509765625 5.125765323638916
-1154.771728515625 6.638678073883057
-1156.4697265625 4.691944599151611
-1155.294677734375 6.572922706604004
-1157.259521484375 4.619804382324219
-1155.3187255859375 6.592586040496826
-1157.2525634765625 4.849766731262207
-1155.3402099609375 6.25839376449585
-1157.3023681640625 4.280220985412598
-1157.2166748046875 6.149364471435547
-1157.4327392578125 8.061990737915039
-1156.95263671875 9.789651870727539
-1155.2991943359375 11.607951164245605
-1156.5927734375 9.616631507873535
-1157.5078125 11.374523162841797
-1159.4627685546875 13.12060546875
-1161.375244140625 11.166783332824707
-1163.35107421875 9.669661521911621
-1164.7457275390625 8.08828353881836
-1166.3902587890625 9.667869567871094
-1167.1754150390625 9.803145408630371
-1168.9842529296875 10.528341293334961
