-911.7601318359375 10.754782676696777
-913.7598266601562 11.072225570678711
-915.7588500976562 9.227383613586426
-917.3988647460938 11.227376937866211
-919.396240234375 12.083756446838379
-921.395263671875 12.149945259094238
-923.336181640625 10.326931953430176
-925.330078125 12.326926231384277
-927.3154907226562 14.326926231384277
-929.3123168945312 12.478056907653809
-931.3097534179688 14.478055953979492
-933.3081665039062 13.491762161254883
-935.3077392578125 11.823667526245117
-937.2680053710938 13.823659896850586
-939.25830078125 11.94637680053711
-941.2178955078125 13.946375846862793
-943.1913452148438 12.927754402160645
-945.1128540039062 13.110671997070312
-947.1124877929688 11.351414680480957
-949.1068725585938 10.300674438476562
-951.0945434570312 12.300668716430664
-953.0694580078125 10.464814186096191
-955.0453491210938 12.464789390563965
-957.0447387695312 14.464788436889648
-959.0420532226562 12.712015151977539
-961.0170288085938 14.712015151977539
-963.0169067382812 14.124107360839844
-965.0030517578125 12.389921188354492
-967.0009765625 14.389906883239746
-969.0003051757812 14.22827434539795
-970.989013671875 14.867417335510254
-972.90234375 13.955678939819336
-974.8810424804688 12.347890853881836
-976.8788452148438 11.213884353637695
-978.8741455078125 13.2134428024292
-980.8738403320312 11.770163536071777
-982.869384765625 12.068314552307129
-984.8689575195312 10.973274230957031
-986.8670043945312 9.569342613220215
-988.8652954101562 11.569324493408203
-990.8616943359375 10.94023323059082
-992.8610229492188 12.940229415893555
-994.8472900390625 11.023564338684082
-996.4321899414062 13.023560523986816
-998.4171752929688 11.604025840759277
-1000.4171142578125 13.604010581970215
-1002.4161376953125 11.766887664794922
-1004.3445434570312 13.766861915588379
-1006.3268432617188 13.578121185302734
-1008.325927734375 13.597739219665527
-1010.310791015625 12.427322387695312
-1012.3101806640625 14.4273099899292
-1014.2379150390625 12.596827507019043
-1016.2352294921875 10.817334175109863
-1018.2306518554688 12.817317008972168
-1020.2296752929688 14.817300796508789
-1021.9862670898438 13.02773380279541
-1023.9727172851562 15.02772331237793
-1025.9654541015625 13.07422924041748
-1027.9251708984375 15.074228286743164
-1029.9248046875 13.334195137023926
-1031.924072265625 15.334192276000977
-1033.9237060546875 15.068286895751953
-1035.8917236328125 13.23107624053955
-1037.87548828125 15.224272727966309
-1039.8431396484375 13.740204811096191
-1041.8388671875 15.740129470825195
-1043.650390625 14.07009220123291
-1045.6419677734375 16.07001304626465
-1047.63427734375 14.109589576721191
-1049.633544921875 12.116621017456055
-1051.6224365234375 14.116592407226562
-1053.580078125 12.387722969055176
-1055.5787353515625 14.387670516967773
-1057.5775146484375 13.877595901489258
-1059.510498046875 15.877396583557129
-1061.5098876953125 14.47012710571289
-1063.4427490234375 12.58128833770752
-1065.4395751953125 14.581284523010254
-1067.4239501953125 12.771417617797852
-1069.422607421875 14.771405220031738
-1071.419921875 12.846090316772461
-1073.39208984375 14.846085548400879
-1075.2301025390625 13.982629776000977
-1077.17333984375 15.982361793518066
-1079.1390380859375 14.017090797424316
-1081.0865478515625 16.01407814025879
-1083.0535888671875 14.077454566955566
-1085.03857421875 12.286327362060547
-1087.033935546875 14.285274505615234
-1089.0316162109375 12.341070175170898
-1090.4661865234375 14.340242385864258
-1092.463623046875 16.34002113342285
-1094.4368896484375 14.405855178833008
-1096.43505859375 16.39862632751465
-1097.86474609375 14.641942977905273
-1099.7056884765625 12.754051208496094
-1101.7041015625 10.776378631591797
-1103.6312255859375 12.77528190612793
-1105.61376953125 10.93165111541748
-1107.4671630859375 12.93152904510498
-1109.4654541015625 11.117134094238281
-1111.4500732421875 13.116453170776367
-1113.43896484375 11.139528274536133
-1115.4068603515625 13.139469146728516
-1117.4000244140625 11.166522979736328
-1119.3111572265625 13.165807723999023
-1120.9937744140625 11.176203727722168
-1122.9803466796875 13.17585277557373
-1124.9456787109375 15.173971176147461
-1126.9302978515625 13.175350189208984
-1128.9290771484375 15.174877166748047
-1130.7462158203125 13.203470230102539
-1131.079345703125 11.207022666931152
-1133.075439453125 13.206937789916992
-1135.0440673828125 11.207679748535156
-1137.039794921875 13.20760726928711
-1138.948486328125 11.23199462890625
-1140.941162109375 13.214351654052734
-1142.8834228515625 11.223421096801758
-1144.872314453125 13.219016075134277
-1146.6331787109375 11.22449779510498
-1148.218994140625 13.192670822143555
-1150.2098388671875 11.500843048095703
-1152.20654296875 13.496256828308105
-1154.095947265625 11.50197982788086
-1155.8914794921875 11.177433013916016
-1157.89111328125 10.259892463684082
-1159.80859375 12.205540657043457
-1161.610595703125 10.209636688232422
-1163.375732421875 12.204976081848145
-1164.8807373046875 10.205010414123535
-1166.7489013671875 12.163986206054688
-1166.0623779296875 10.175396919250488
-1167.550048828125 12.168216705322266
-1165.9674072265625 10.168657302856445
-1167.8729248046875 12.125432968139648
-1169.758544921875 10.125588417053223
