-911.7582397460938 7.712636470794678
-913.7577514648438 9.663386344909668
-915.7398071289062 7.749095439910889
-917.7310180664062 9.746414184570312
-919.7296752929688 11.74512767791748
-921.7286376953125 9.802982330322266
-923.7277221679688 11.801095008850098
-925.7258911132812 13.794029235839844
-927.708251953125 11.817732810974121
-929.7066650390625 13.797471046447754
-931.68310546875 13.288201332092285
-933.6495361328125 11.328471183776855
-935.6411743164062 13.327817916870117
-937.4652709960938 11.445564270019531
-939.455810546875 12.232641220092773
-941.4552001953125 14.225618362426758
-943.4525146484375 12.239888191223145
-945.4508666992188 10.324034690856934
-947.44384765625 12.092373847961426
-949.4175415039062 10.11380386352539
-951.4171142578125 12.113348960876465
-953.4131469726562 10.42566967010498
-955.4122314453125 12.421338081359863
-957.4120483398438 14.370206832885742
-959.4046630859375 12.560871124267578
-961.404541015625 14.54061508178711
-963.376953125 12.55099868774414
-965.3763427734375 14.548257827758789
-967.35693359375 12.610733985900879
-969.3546752929688 14.547469139099121
-971.1522827148438 12.72299575805664
-973.1521606445312 14.720234870910645
-975.093994140625 13.015716552734375
-977.0293579101562 11.461127281188965
-979.0184326171875 9.941478729248047
-980.9342041015625 11.416173934936523
-982.875244140625 9.615933418273926
-984.8310546875 8.009725570678711
-986.8310546875 9.992183685302734
-988.8310546875 11.990280151367188
-990.7457885742188 10.149367332458496
-992.7457275390625 12.103605270385742
-994.7301025390625 10.55465030670166
-996.7294311523438 12.176854133605957
-998.7207641601562 10.836753845214844
-1000.720703125 12.676041603088379
-1002.7109985351562 10.845833778381348
-1004.7098999023438 12.139521598815918
-1006.7098388671875 13.783177375793457
-1008.6962280273438 12.184748649597168
-1010.69580078125 14.034457206726074
-1012.69189453125 12.382683753967285
-1014.6548461914062 10.439889907836914
-1016.65478515625 12.436478614807129
-1018.6547241210938 14.432995796203613
-1020.6159057617188 13.049722671508789
-1022.6158447265625 14.945304870605469
-1024.6131591796875 13.058544158935547
-1026.6131591796875 14.9610595703125
-1028.6055908203125 13.056131362915039
-1030.6051025390625 14.889339447021484
-1032.3739013671875 15.142345428466797
-1034.1624755859375 14.020699501037598
-1036.15673828125 15.38982105255127
-1038.1455078125 17.0637149810791
-1040.1412353515625 16.61245346069336
-1042.1329345703125 15.187809944152832
-1044.131591796875 13.632834434509277
-1046.1312255859375 14.174105644226074
-1048.0711669921875 13.225255012512207
-1050.071044921875 13.721858978271484
-1052.0709228515625 14.66486644744873
-1054.068115234375 14.192411422729492
-1056.0650634765625 12.265111923217773
-1058.06494140625 14.030255317687988
-1060.0648193359375 13.13526725769043
-1062.0645751953125 12.996636390686035
-1064.063232421875 13.069025993347168
-1066.06298828125 14.314688682556152
-1068.057373046875 13.695646286010742
-1070.0572509765625 13.190691947937012
-1072.052978515625 13.386054992675781
-1074.052978515625 12.059901237487793
-1076.0528564453125 13.340350151062012
-1078.052734375 11.588186264038086
-1080.052490234375 12.58505916595459
-1082.052490234375 13.692516326904297
-1084.05224609375 13.550786018371582
-1086.0521240234375 13.170502662658691
-1088.0487060546875 12.96304988861084
-1090.0479736328125 11.967879295349121
-1092.0462646484375 10.305603981018066
-1094.04443359375 10.290848731994629
-1096.0386962890625 11.321296691894531
-1098.03515625 10.070842742919922
-1100.0162353515625 9.344385147094727
-1101.9954833984375 9.057373046875
-1103.98095703125 10.89475154876709
-1105.97900390625 9.479127883911133
-1107.968505859375 11.4529390335083
-1109.96826171875 10.896759033203125
-1111.9677734375 12.088326454162598
-1113.965087890625 11.565441131591797
-1115.964111328125 12.723127365112305
-1117.9617919921875 11.760025024414062
-1119.9605712890625 12.341179847717285
-1121.9544677734375 13.587541580200195
-1123.7274169921875 11.739423751831055
-1125.7132568359375 10.963700294494629
-1127.663818359375 10.706501007080078
-1129.654052734375 10.494720458984375
-1131.65283203125 12.255844116210938
-1133.5084228515625 10.391236305236816
-1135.5069580078125 9.459260940551758
-1137.4036865234375 10.719100952148438
-1139.4007568359375 9.993468284606934
-1141.3048095703125 8.881863594055176
-1143.29541015625 10.729257583618164
-1145.2158203125 9.292222023010254
-1147.2012939453125 10.443258285522461
-1147.705078125 9.888090133666992
-1149.667724609375 8.243013381958008
-1151.510986328125 6.457474708557129
-1153.4984130859375 4.899667263031006
-1155.433349609375 4.993343830108643
-1156.1837158203125 3.295485496520996
-1156.3582763671875 1.8052036762237549
-1158.1087646484375 2.1453440189361572
-1156.216796875 0.400091290473938
-1154.831787109375 -1.4571690559387207
-1156.52392578125 0.26960742473602295
-1154.9315185546875 -1.5462743043899536
-1156.5784912109375 -0.12631715834140778
-1157.4320068359375 -1.6122359037399292
-1156.5498046875 -2.5859313011169434
-1156.8184814453125 -4.522429943084717
-1155.90673828125 -4.324218273162842
-1157.7369384765625 -3.400718927383423
-1157.0225830078125 -3.420597791671753
-1155.8204345703125 -4.8112664222717285
-1157.73095703125 -4.4123616218566895
-1156.301513671875 -6.110628604888916
-1156.7474365234375 -8.049073219299316
-1156.666259765625 -9.708244323730469
-1158.563720703125 -10.585103034973145
