-957.2501220703125 -253.05612182617188
-958.5798950195312 -255.05360412597656
-957.7100219726562 -257.0279846191406
-956.13427734375 -259.0277404785156
-957.4244995117188 -261.0240783691406
-956.4147338867188 -263.0152893066406
-954.7813110351562 -265.01458740234375
-952.9344482421875 -267.00970458984375
-950.9956665039062 -269.00531005859375
-950.63916015625 -271.00457763671875
-952.3250732421875 -272.991943359375
-953.3268432617188 -274.97821044921875
-951.9088134765625 -276.9709167480469
-950.5288696289062 -278.97015380859375
-949.021484375 -280.9693603515625
-949.8970947265625 -282.9670715332031
-947.9274291992188 -284.9667053222656
-946.24365234375 -286.96649169921875
-948.2335815429688 -288.96636962890625
-948.8511352539062 -290.9649353027344
-947.480712890625 -292.958251953125
-949.4451293945312 -294.9581604003906
-947.5528564453125 -296.9570617675781
-949.551513671875 -298.9570007324219
-947.6517333984375 -300.9478454589844
-949.65087890625 -302.9469299316406
-948.3785400390625 -304.9468078613281
-946.451171875 -306.919677734375
-948.4508666992188 -308.9195251464844
-946.5817260742188 -310.9149475097656
-948.5746459960938 -312.914794921875
-946.5846557617188 -314.9105529785156
-948.5752563476562 -316.9103088378906
-946.5851440429688 -318.9096984863281
-948.5518798828125 -320.9094543457031
-946.759033203125 -322.9070739746094
-948.6078491210938 -324.90582275390625
-947.7234497070312 -326.9054260253906
-949.7233276367188 -328.9053649902344
-947.760498046875 -330.9020690917969
-949.4918823242188 -332.9007873535156
-947.5355834960938 -334.89849853515625
-949.3896484375 -336.8982849121094
-947.5374755859375 -338.8809814453125
-949.4883422851562 -340.8777160644531
-947.50341796875 -342.8484191894531
-948.875244140625 -344.8478088378906
-946.9347534179688 -346.8435363769531
-948.8585815429688 -348.84039306640625
-946.879150390625 -350.83843994140625
-948.6453247070312 -352.83819580078125
-946.8248291015625 -354.83416748046875
-948.76220703125 -356.7963562011719
-946.7659301757812 -358.76947021484375
-947.1714477539062 -360.7691955566406
-947.4680786132812 -362.7497253417969
-948.3532104492188 -364.7495422363281
-946.3574829101562 -366.74884033203125
-946.05078125 -368.7467346191406
-947.134765625 -370.7460632324219
-948.5374145507812 -372.741455078125
-946.5387573242188 -374.7359313964844
-944.9140625 -376.7350158691406
-946.8463745117188 -378.7231750488281
-948.0724487304688 -380.7131042480469
-946.0726928710938 -382.709228515625
-947.8700561523438 -384.6888732910156
-946.64404296875 -386.6789245605469
-944.7410278320312 -388.6366271972656
-943.3388061523438 -390.6347961425781
-941.8834228515625 -392.6338806152344
-941.6165771484375 -394.6319274902344
-941.6740112304688 -396.6249084472656
-943.6522827148438 -398.6240234375
-944.53955078125 -400.6092224121094
-942.5963134765625 -402.265869140625
-943.4611206054688 -404.2546081542969
-944.850830078125 -406.24737548828125
-945.2885131835938 -408.24102783203125
-943.3983764648438 -410.1988830566406
-941.718505859375 -412.1883239746094
-939.7490844726562 -414.0849304199219
-938.22021484375 -416.0560607910156
-937.7723999023438 -418.0454406738281
-936.1155395507812 -420.00872802734375
-936.908935546875 -422.0033874511719
-935.3011474609375 -423.9945983886719
-933.954833984375 -425.97491455078125
-934.4739379882812 -427.9718322753906
-936.1129150390625 -429.9717102050781
-935.0282592773438 -431.9715270996094
-933.0374145507812 -433.97149658203125
-931.1658935546875 -435.8283386230469
-929.8955078125 -437.7276611328125
-928.4056396484375 -439.13494873046875
-926.5155639648438 -441.0372619628906
-925.470458984375 -443.0348205566406
-926.9951171875 -443.6817321777344
-926.3892822265625 -445.3651428222656
-924.4822387695312 -446.9708557128906
-923.5086059570312 -448.4655456542969
-925.416015625 -450.2834777832031
-925.924072265625 -452.2698669433594
-925.573486328125 -454.269775390625
-923.6107788085938 -453.5363464355469
-921.6787109375 -451.8123779296875
-923.2039794921875 -453.7716979980469
-921.2189331054688 -452.0383605957031
-920.3753662109375 -454.01177978515625
-918.9457397460938 -456.0116271972656
-917.4619140625 -454.1404724121094
-915.5330200195312 -456.13763427734375
-913.6378173828125 -454.1707458496094
