-955.352783203125 -253.0868682861328
-955.2774658203125 -255.02960205078125
-953.5176391601562 -256.9776611328125
-951.9953002929688 -258.9745788574219
-950.0323486328125 -260.9737548828125
-948.060791015625 -262.9716491699219
-946.0733032226562 -264.9681396484375
-948.0252075195312 -266.9640197753906
-946.11328125 -268.9568786621094
-948.1054077148438 -270.95550537109375
-946.35888671875 -272.82330322265625
-948.3261108398438 -274.78582763671875
-946.3619995117188 -276.7242736816406
-948.3350830078125 -278.7094421386719
-946.5515747070312 -280.7044982910156
-948.5254516601562 -282.7008361816406
-946.5661010742188 -284.6955871582031
-948.5570678710938 -286.6946716308594
-946.7366333007812 -288.6945495605469
-948.7317504882812 -290.6942443847656
-946.744873046875 -292.6936340332031
-948.7376708984375 -294.6929016113281
-946.854736328125 -296.6893005371094
-948.5455932617188 -298.6873779296875
-946.892822265625 -300.624755859375
-948.8906860351562 -302.621826171875
-946.9371948242188 -304.6186828613281
-948.93505859375 -306.6157531738281
-946.9701538085938 -308.6143493652344
-948.9700317382812 -310.61083984375
-946.9983520507812 -312.6063232421875
-948.4457397460938 -314.60626220703125
-950.4119873046875 -316.6059875488281
-948.4313354492188 -318.59759521484375
-950.349365234375 -320.5962829589844
-948.3508911132812 -322.55804443359375
-950.3442993164062 -324.5572814941406
-948.3631591796875 -326.55401611328125
-950.10205078125 -328.52874755859375
-948.103759765625 -330.5226135253906
-950.0945434570312 -332.5213928222656
-948.10009765625 -334.50604248046875
-950.0927124023438 -336.5036926269531
-948.1740112304688 -338.50225830078125
-947.3688354492188 -340.4968566894531
-949.1522827148438 -342.49481201171875
-947.292724609375 -344.4768981933594
-949.0894165039062 -346.4717102050781
-947.2140502929688 -348.4705505371094
-949.046875 -350.47015380859375
-947.0504150390625 -352.462890625
-948.9376831054688 -354.4328918457031
-946.9694213867188 -356.4310607910156
-948.8840942382812 -358.4255065917969
-946.8972778320312 -360.41473388671875
-948.3218994140625 -362.4140625
-946.3502197265625 -364.3998718261719
-947.38037109375 -366.3775939941406
-947.0111694335938 -368.37542724609375
-946.7313842773438 -370.3578186035156
-946.482421875 -372.25140380859375
-948.3567504882812 -374.2140808105469
-946.376220703125 -376.2099914550781
-945.9761352539062 -378.18499755859375
-946.6053466796875 -380.139892578125
-946.1846313476562 -382.1378479003906
-945.0791625976562 -384.13397216796875
-945.822509765625 -386.12353515625
-947.1213989257812 -388.1188659667969
-945.7232666015625 -390.0857238769531
-944.498291015625 -392.0827331542969
-944.6340942382812 -394.0445556640625
-946.068359375 -396.0311584472656
-945.0529174804688 -397.96954345703125
-943.65185546875 -399.5215759277344
-941.9375610351562 -401.4953308105469
-939.9942626953125 -403.4603576660156
-940.1713256835938 -405.2433166503906
-939.913818359375 -407.0901184082031
-938.1478881835938 -409.07135009765625
-936.3932495117188 -410.86297607421875
-934.5215454101562 -412.8287658691406
-934.5989990234375 -414.0746765136719
-933.2575073242188 -414.2835388183594
-933.2134399414062 -413.260986328125
-931.5941162109375 -414.9980163574219
-930.3873901367188 -416.4591064453125
-932.2141723632812 -416.23736572265625
-933.2696533203125 -417.0107421875
-934.4502563476562 -417.9668273925781
-936.1832885742188 -418.6139221191406
-937.385498046875 -420.3183288574219
-937.1775512695312 -421.5756530761719
-937.1453247070312 -423.3037109375
-935.4237060546875 -424.8951721191406
-937.0238647460938 -426.7548828125
-936.0382690429688 -427.059326171875
-936.5309448242188 -428.5692138671875
-937.611572265625 -428.83538818359375
-938.3140258789062 -430.0052795410156
-937.167724609375 -431.5719909667969
-937.5830078125 -433.52069091796875
-937.4202880859375 -435.50579833984375
-935.83349609375 -436.4276428222656
-933.9318237304688 -437.5986633300781
-934.5872802734375 -438.8538818359375
-932.8480224609375 -439.4607849121094
-931.13525390625 -441.371337890625
-932.4855346679688 -441.8238220214844
-931.2456665039062 -442.29534912109375
-933.1486206054688 -442.98577880859375
-932.7423095703125 -442.20941162109375
-932.729248046875 -440.34600830078125
-933.7365112304688 -440.3059387207031
-931.9627075195312 -440.35150146484375
-930.9407958984375 -440.9586181640625
-932.6644287109375 -440.06170654296875
-931.5740966796875 -441.585693359375
-933.216064453125 -442.08148193359375
-933.3666381835938 -442.0706787109375
-931.7010498046875 -443.1938171386719
-931.0836181640625 -445.0466003417969
-929.1818237304688 -446.7649841308594
-929.66455078125 -448.5767517089844
-927.8368530273438 -450.0506286621094
-928.354736328125 -451.3960876464844
-927.9277954101562 -450.9479675292969
-928.4818725585938 -451.1731872558594
-926.9371337890625 -452.58697509765625
-926.35400390625 -454.48876953125
-924.6389770507812 -452.6811218261719
-923.7698974609375 -454.6789245605469
-922.0042114257812 -452.7196350097656
-923.9535522460938 -454.7121887207031
-922.04296875 -452.73126220703125
-922.835205078125 -454.62274169921875
-920.8413696289062 -452.6293029785156
-919.2609252929688 -454.61865234375
-917.2628173828125 -452.76812744140625
-915.2936401367188 -454.7471923828125
-913.302734375 -453.8458557128906
