-954.8377075195312 -253.10986328125
-952.8380737304688 -255.10983276367188
-950.8384399414062 -257.1098327636719
-948.8385620117188 -259.1098327636719
-946.83935546875 -261.1098327636719
-948.577392578125 -263.1098327636719
-946.5785522460938 -265.10980224609375
-948.5731811523438 -267.10980224609375
-946.57373046875 -269.10980224609375
-948.5400390625 -271.10980224609375
-946.5443725585938 -273.1097717285156
-948.4903564453125 -275.1097717285156
-946.4904174804688 -277.1097717285156
-948.4827270507812 -279.1097717285156
-946.4835815429688 -281.1097717285156
-948.4563598632812 -283.1097717285156
-946.4585571289062 -285.1097717285156
-948.4577026367188 -287.1097717285156
-946.4579467773438 -289.1097412109375
-948.416259765625 -291.1097412109375
-946.4163208007812 -293.1095886230469
-948.4136352539062 -295.1095886230469
-946.4144287109375 -297.10955810546875
-948.4108276367188 -299.10955810546875
-946.410888671875 -301.1091613769531
-948.407958984375 -303.1091613769531
-946.408203125 -305.1091613769531
-948.0624389648438 -307.109130859375
-946.06298828125 -309.109130859375
-948.0336303710938 -311.109130859375
-946.034423828125 -313.1091003417969
-948.0335693359375 -315.10906982421875
-950.020263671875 -317.10906982421875
-948.0428466796875 -319.10906982421875
-949.9025268554688 -321.1090393066406
-947.9031982421875 -323.10888671875
-949.8778076171875 -325.10888671875
-947.8793334960938 -327.10888671875
-949.8107299804688 -329.10882568359375
-947.810791015625 -331.1087646484375
-949.633544921875 -333.10736083984375
-947.636962890625 -335.1073303222656
-948.96142578125 -337.1072998046875
-946.9661254882812 -339.1070556640625
-948.5370483398438 -341.10650634765625
-946.5574951171875 -343.10626220703125
-948.4879150390625 -345.10589599609375
-946.5037231445312 -347.1056213378906
-947.6216430664062 -349.10552978515625
-945.9769287109375 -351.1051025390625
-944.2962036132812 -353.1050109863281
-945.9312133789062 -355.1048583984375
-947.6065673828125 -357.1047668457031
-948.7882080078125 -359.10260009765625
-946.7927856445312 -361.1025085449219
-947.1990356445312 -363.1020812988281
-948.3765869140625 -365.07891845703125
-946.3809204101562 -367.077880859375
-944.8650512695312 -369.0770568847656
-946.044189453125 -371.0767517089844
-945.41748046875 -373.07513427734375
-943.8744506835938 -375.07269287109375
-942.18359375 -377.0715637207031
-944.0794067382812 -379.0713806152344
-943.6358032226562 -381.0696716308594
-944.738525390625 -383.06854248046875
-943.0033569335938 -385.0653076171875
-942.8917236328125 -387.05987548828125
-942.76806640625 -389.0595703125
-942.5096435546875 -391.0386047363281
-944.239990234375 -392.7481994628906
-942.77197265625 -394.7310485839844
-943.2413940429688 -396.70269775390625
-944.6785888671875 -398.6169738769531
-946.118896484375 -400.5970764160156
-945.42626953125 -402.3132629394531
-943.73876953125 -404.3106384277344
-943.0647583007812 -406.30181884765625
-943.9752197265625 -408.29974365234375
-945.3055419921875 -410.2894592285156
-946.2236938476562 -412.27032470703125
-945.9769287109375 -414.228759765625
-945.2008666992188 -416.16448974609375
-943.474365234375 -418.0268859863281
-943.3463134765625 -420.023193359375
-941.4267578125 -421.8521728515625
-942.6627807617188 -423.8302001953125
-941.2994995117188 -425.7006530761719
-943.1018676757812 -427.4350280761719
-943.353271484375 -426.47442626953125
-941.7742309570312 -425.37847900390625
-941.5767822265625 -426.4307556152344
-943.4410400390625 -428.3518981933594
-941.525634765625 -429.9234313964844
-939.6692504882812 -431.8479919433594
-938.3087768554688 -432.6165771484375
-938.4341430664062 -433.44488525390625
-936.6141357421875 -435.1163635253906
-938.508544921875 -436.8514099121094
-936.5859985351562 -438.5697326660156
-935.6633911132812 -437.3228759765625
-936.8067016601562 -437.7146911621094
-938.662353515625 -436.9624328613281
-938.5723876953125 -438.7139892578125
-936.7105712890625 -439.5334167480469
-934.8701782226562 -438.6671447753906
-935.003662109375 -438.9354553222656
-933.683349609375 -438.525634765625
-931.777099609375 -438.7928161621094
-930.6680297851562 -439.6542663574219
-931.6581420898438 -441.2815856933594
-929.7320556640625 -442.16632080078125
-931.42724609375 -443.4597473144531
-930.3892822265625 -445.3809814453125
-928.9140625 -446.6732177734375
-927.26416015625 -448.40771484375
-926.1243896484375 -449.5504455566406
-927.73193359375 -450.2433776855469
-928.8477783203125 -450.8962097167969
-927.8988037109375 -449.1622619628906
-926.4513549804688 -450.8093566894531
-926.83642578125 -452.4677734375
-927.685791015625 -454.43487548828125
-927.3377075195312 -453.07745361328125
-927.135009765625 -454.6669921875
-928.7780151367188 -455.2513427734375
-927.7759399414062 -455.8001708984375
-926.3438720703125 -453.8494873046875
-924.8463745117188 -453.6612548828125
-923.7383422851562 -454.2492370605469
-923.2894897460938 -452.31787109375
-924.5682983398438 -454.28564453125
-923.2102661132812 -452.52154541015625
-924.3818969726562 -454.4700927734375
-923.2423095703125 -452.5849609375
-924.51123046875 -454.5470886230469
-923.5078735351562 -453.4869384765625
-925.2684326171875 -453.7626647949219
-923.3314819335938 -453.0671081542969
-924.848876953125 -454.9254150390625
-925.490234375 -453.7734375
-926.6216430664062 -453.1549072265625
-926.9738159179688 -453.71649169921875
-925.0695190429688 -453.1294250488281
-925.117431640625 -454.0173645019531
-923.5193481445312 -452.1009521484375
-925.0750732421875 -454.0968017578125
-923.1454467773438 -452.22906494140625
-923.6015625 -453.8006286621094
-921.6229248046875 -451.9975280761719
-923.1511840820312 -452.22674560546875
-922.1900634765625 -454.224365234375
-922.191162109375 -452.2626037597656
-924.1817626953125 -453.5479736328125
-924.450439453125 -451.6382751464844
-926.0656127929688 -453.474365234375
-926.0758056640625 -452.9769287109375
-925.3145141601562 -454.61883544921875
-925.23583984375 -453.4774475097656
-926.2495727539062 -451.9975280761719
-927.8961791992188 -452.9078674316406
-927.7609252929688 -454.7525634765625
-926.3532104492188 -455.37518310546875
-926.2222900390625 -453.5699768066406
-924.3179931640625 -452.4310302734375
-923.6956787109375 -454.31134033203125
-923.189453125 -452.32879638671875
-923.9380493164062 -454.32574462890625
-921.997314453125 -452.4188537597656
-921.257080078125 -453.5003662109375
-920.9592895507812 -455.4877014160156
-919.8355102539062 -453.632080078125
-919.6270751953125 -455.6301574707031
-917.6459350585938 -453.9656982421875
-916.718017578125 -455.9227600097656
-914.7295532226562 -454.0047302246094
