-954.8961791992188 -253.06602478027344
-952.9461059570312 -254.5982666015625
-951.81103515625 -256.5790100097656
-953.2346801757812 -258.51080322265625
-951.2876586914062 -260.5065612792969
-949.3707275390625 -262.49761962890625
-947.3849487304688 -264.4240417480469
-945.4406127929688 -266.4178771972656
-944.3045043945312 -268.41741943359375
-943.0476684570312 -270.4166564941406
-943.9087524414062 -272.4154357910156
-943.9321899414062 -274.41455078125
-942.4646606445312 -276.4138488769531
-940.5017700195312 -278.4122009277344
-940.1589965820312 -280.41180419921875
-941.95361328125 -282.406005859375
-943.67919921875 -284.40020751953125
-944.4964599609375 -286.39898681640625
-944.1277465820312 -288.381103515625
-945.1119384765625 -290.3788757324219
-944.6314086914062 -292.37847900390625
-945.8262329101562 -294.37396240234375
-944.0181274414062 -296.3651428222656
-944.6448364257812 -298.3610534667969
-942.741455078125 -300.3605041503906
-943.0121459960938 -302.3531494140625
-941.1279907226562 -304.35302734375
-940.8134155273438 -306.3519592285156
-941.3250732421875 -308.35040283203125
-940.038818359375 -310.34930419921875
-940.14599609375 -312.3486633300781
-941.09521484375 -314.3482971191406
-939.326171875 -316.34075927734375
-937.596923828125 -318.3304443359375
-938.7887573242188 -320.3298645019531
-940.2271728515625 -322.32904052734375
-938.3590698242188 -324.3269348144531
-939.053955078125 -326.32666015625
-937.9393310546875 -328.3265686035156
-938.3939208984375 -330.32525634765625
-938.033935546875 -332.3239440917969
-938.442138671875 -334.3237609863281
-937.2199096679688 -336.32373046875
-937.7603149414062 -338.3187255859375
-938.1698608398438 -340.3175354003906
-936.3312377929688 -342.3173522949219
-935.7339477539062 -344.3137512207031
-933.8609619140625 -346.29656982421875
-935.8241577148438 -348.2950134277344
-933.9561767578125 -350.2949523925781
-933.80126953125 -352.28948974609375
-935.64306640625 -354.2884521484375
-935.5411987304688 -356.2881164550781
-934.9004516601562 -358.28704833984375
-933.8511352539062 -360.2868957519531
-932.0835571289062 -362.2856140136719
-930.5181884765625 -364.28546142578125
-932.4185180664062 -366.28546142578125
-933.8465576171875 -368.2851257324219
-933.474853515625 -370.2783508300781
-931.7142944335938 -372.2781066894531
-930.436767578125 -374.2780456542969
-932.1060791015625 -376.2779846191406
-931.1172485351562 -378.2778015136719
-929.7014770507812 -380.27630615234375
-931.213134765625 -382.2760009765625
-930.3739624023438 -384.2756042480469
-931.4827880859375 -386.27288818359375
-932.27587890625 -388.27288818359375
-930.5125122070312 -390.2723083496094
-928.7571411132812 -392.272216796875
-927.03125 -394.272216796875
-925.2474365234375 -396.2721862792969
-923.272216796875 -398.2720642089844
-922.1587524414062 -400.100830078125
-922.5740356445312 -399.1148681640625
-924.47900390625 -399.7618408203125
-923.3385009765625 -401.2149963378906
-924.4361572265625 -400.105712890625
-923.0692138671875 -401.98077392578125
-923.9732666015625 -400.2445068359375
-922.3878784179688 -400.2430725097656
-920.84814453125 -400.0314636230469
-919.512939453125 -398.8893127441406
-919.259033203125 -397.1300354003906
-917.2634887695312 -396.54571533203125
-915.2642822265625 -398.54449462890625
-913.3282470703125 -397.1517333984375
-911.3677978515625 -397.021728515625
-909.8682250976562 -397.6593933105469
-908.166748046875 -397.3761291503906
-906.1822509765625 -398.90911865234375
-905.8005981445312 -398.58587646484375
-905.7676391601562 -398.544921875
-903.8278198242188 -399.5704650878906
-902.2103881835938 -398.6226501464844
-900.42626953125 -397.8108215332031
-898.4888305664062 -398.9640808105469
-897.2887573242188 -398.5011291503906
-897.1298828125 -400.4779968261719
-896.7115478515625 -402.44140625
-898.5309448242188 -404.4022521972656
-896.5418090820312 -405.7108154296875
-897.6370849609375 -407.7044982910156
-895.670654296875 -406.64794921875
-897.54931640625 -408.6453857421875
-895.5569458007812 -408.9209289550781
-896.5866088867188 -410.84771728515625
-898.48095703125 -412.8470153808594
-896.4865112304688 -414.8255310058594
