-954.8379516601562 -253.10995483398438
-952.8380126953125 -255.10926818847656
-950.8399047851562 -257.10845947265625
-948.842041015625 -259.10662841796875
-946.8772583007812 -261.10565185546875
-948.877197265625 -263.1055908203125
-946.8833618164062 -265.09130859375
-948.8832397460938 -267.0912780761719
-946.8832397460938 -269.09112548828125
-948.8694458007812 -271.0909118652344
-946.869873046875 -273.0901184082031
-948.8698120117188 -275.0900573730469
-946.87841796875 -277.05218505859375
-948.8782958984375 -279.0519714355469
-946.8975219726562 -281.04974365234375
-948.896484375 -283.0497131347656
-946.8983764648438 -285.0382080078125
-948.8966064453125 -287.0379333496094
-946.9159545898438 -289.0150146484375
-948.9086303710938 -291.0149841308594
-946.913330078125 -293.0024108886719
-948.9131469726562 -295.0023193359375
-946.9954223632812 -296.99481201171875
-948.99365234375 -298.99481201171875
-946.9952392578125 -300.98150634765625
-948.9949951171875 -302.9813537597656
-946.9971923828125 -304.8520202636719
-948.993896484375 -306.8518981933594
-947.0790405273438 -308.8466796875
-949.0760498046875 -310.8462219238281
-947.1983032226562 -312.84124755859375
-949.1851806640625 -314.84112548828125
-947.1881103515625 -316.6282958984375
-949.1814575195312 -318.6278381347656
-947.2036743164062 -320.6109619140625
-949.194580078125 -322.6099853515625
-947.2454833984375 -324.5907287597656
-949.239013671875 -326.59063720703125
-947.2427368164062 -328.54437255859375
-949.2418212890625 -330.5442199707031
-947.2681274414062 -332.4708557128906
-949.2675170898438 -334.4699401855469
-948.0258178710938 -336.33245849609375
-950.0174560546875 -338.33123779296875
-948.07373046875 -340.3034362792969
-950.05029296875 -342.2991943359375
-948.09619140625 -344.2022399902344
-950.095703125 -346.2018127441406
-948.10205078125 -348.16204833984375
-950.0861206054688 -350.1599426269531
-948.1542358398438 -352.0925598144531
-950.1187744140625 -354.0919189453125
-948.1846923828125 -355.3237609863281
-950.1385498046875 -357.3233642578125
-948.1639404296875 -358.9147033691406
-950.1455688476562 -360.86810302734375
-948.163818359375 -361.8304748535156
-946.282958984375 -363.3634338378906
-948.2335815429688 -365.3624572753906
-946.6136474609375 -367.2254943847656
-948.567138671875 -369.2221374511719
-946.574951171875 -371.16656494140625
-948.5596923828125 -373.1661071777344
-946.6805419921875 -375.0693054199219
-948.3674926757812 -377.0665588378906
-946.721923828125 -378.4012756347656
-948.3866577148438 -380.39312744140625
-946.4281616210938 -382.3576965332031
-944.898681640625 -384.3215026855469
-946.8727416992188 -386.29656982421875
-948.857177734375 -388.2948303222656
-948.5878295898438 -390.2537841796875
-946.6134643554688 -391.9519958496094
-947.146728515625 -393.90106201171875
-949.072998046875 -395.8936462402344
-947.0753173828125 -397.1019592285156
-947.4675903320312 -399.0965270996094
-945.5726318359375 -400.7298583984375
-947.3368530273438 -402.68792724609375
-945.3521118164062 -404.0809326171875
-943.6249389648438 -406.07135009765625
-943.9564208984375 -407.17535400390625
-944.6449584960938 -408.7704162597656
-944.9432983398438 -410.59259033203125
-946.6045532226562 -412.576416015625
-945.4595947265625 -414.57135009765625
-944.3629150390625 -416.5527038574219
-946.318359375 -418.502197265625
-944.5620727539062 -420.3252258300781
-945.8428344726562 -422.098388671875
-946.8390502929688 -424.0591125488281
-945.9590454101562 -426.0522155761719
-944.1019287109375 -427.8296813964844
-942.1312866210938 -429.8293151855469
-942.5485229492188 -431.82568359375
-940.7506713867188 -433.8216552734375
-939.5131225585938 -435.8209228515625
-938.3705444335938 -437.8205871582031
-936.6421508789062 -439.5356750488281
-935.9739379882812 -440.85601806640625
-937.044189453125 -442.8133544921875
-936.8663940429688 -444.8119812011719
-936.30908203125 -446.7969665527344
-935.2294921875 -448.7868347167969
-933.6215209960938 -449.15350341796875
-935.411376953125 -450.9222717285156
-934.685546875 -452.8911437988281
-936.4093627929688 -451.9888916015625
-936.5836791992188 -453.9822998046875
-935.662353515625 -454.4365234375
-934.4869384765625 -455.44647216796875
-933.8561401367188 -454.5509033203125
-933.7235107421875 -455.00079345703125
-932.1400756835938 -453.3368835449219
-933.9464721679688 -454.1494140625
-932.419677734375 -452.2384948730469
-933.728759765625 -454.16668701171875
-935.5313720703125 -455.7430114746094
-933.5859375 -454.01898193359375
-932.4584350585938 -452.4929504394531
-931.0545654296875 -454.4822692871094
-932.7899169921875 -453.091796875
-930.9074096679688 -451.3872375488281
-932.736572265625 -453.36181640625
-931.7794799804688 -451.4795837402344
-932.2426147460938 -453.4281311035156
-931.09765625 -452.3221740722656
-931.086181640625 -454.3162536621094
-930.7885131835938 -454.2754211425781
-929.419189453125 -453.1869812011719
-931.0775146484375 -451.56512451171875
-930.2418212890625 -453.5465393066406
-928.6528930664062 -451.6552734375
-927.9049682617188 -453.6134338378906
-927.5880737304688 -451.661376953125
-926.0108642578125 -453.63519287109375
-924.917236328125 -451.6553039550781
-922.9343872070312 -453.6546325683594
-920.9367065429688 -455.6539001464844
-920.4605712890625 -453.89495849609375
-918.4722900390625 -455.8949279785156
-916.70947265625 -454.02899169921875
-914.7102661132812 -456.02862548828125
-915.1942138671875 -454.1590576171875
-913.19482421875 -456.1590270996094
