-954.8719482421875 -253.1092071533203
-953.8841552734375 -255.09146118164062
-953.4923706054688 -257.0877990722656
-951.5989379882812 -259.0865783691406
-949.697265625 -261.086181640625
-948.2249755859375 -263.0861511230469
-946.426025390625 -265.08612060546875
-948.4229125976562 -267.05859375
-946.4815063476562 -269.0583190917969
-948.480224609375 -271.0434265136719
-946.6863403320312 -273.0430603027344
-948.6857299804688 -275.0427551269531
-946.8361206054688 -277.04022216796875
-948.835693359375 -279.0374755859375
-948.46875 -281.037109375
-946.6172485351562 -283.03704833984375
-948.6158447265625 -285.0346984863281
-947.0906982421875 -287.0325927734375
-949.08984375 -289.03045654296875
-948.7901000976562 -291.0304260253906
-949.3001708984375 -293.02923583984375
-948.0670776367188 -295.0281677246094
-946.9353637695312 -297.0278625488281
-948.9271850585938 -299.0268249511719
-948.9125366210938 -301.0265808105469
-946.9637451171875 -303.0265808105469
-948.95361328125 -305.0245361328125
-947.920654296875 -307.0245056152344
-946.3489990234375 -309.02447509765625
-948.34423828125 -311.0210876464844
-946.50390625 -313.0209655761719
-948.5025634765625 -315.0152587890625
-950.4932861328125 -317.01507568359375
-949.8528442382812 -319.0149841308594
-948.0603637695312 -321.01495361328125
-950.0350341796875 -323.0145568847656
-948.0386962890625 -325.0145263671875
-949.9512329101562 -327.0050964355469
-948.10791015625 -329.0050964355469
-950.1044311523438 -331.0041809082031
-949.2115478515625 -333.0037841796875
-948.53759765625 -335.0037536621094
-946.64111328125 -337.0037536621094
-948.6292724609375 -339.0019226074219
-946.9819946289062 -341.00189208984375
-948.9601440429688 -343.0007019042969
-946.978515625 -345.0007019042969
-948.9539184570312 -347.0003967285156
-947.0149536132812 -349.0003967285156
-948.9996948242188 -351.0001220703125
-947.0625 -353.0000915527344
-949.02197265625 -355.00006103515625
-947.0426635742188 -357.0000305175781
-948.9541015625 -358.9994201660156
-947.4745483398438 -360.9994201660156
-949.3504638671875 -362.9991760253906
-947.4257202148438 -364.99908447265625
-948.0842895507812 -366.998779296875
-946.8661499023438 -368.998779296875
-947.9822998046875 -370.9987487792969
-946.0306396484375 -372.9987487792969
-947.3699340820312 -374.9983215332031
-945.4763793945312 -376.9983215332031
-945.822998046875 -378.9867248535156
-947.35400390625 -380.98577880859375
-949.1455688476562 -382.98394775390625
-947.2122802734375 -384.98388671875
-948.525634765625 -386.98309326171875
-946.532470703125 -388.9830627441406
-946.9420776367188 -390.9822998046875
-948.296875 -392.9822692871094
-946.3723754882812 -394.98162841796875
-946.5830078125 -396.9815979003906
-945.5830078125 -398.98150634765625
-945.0316772460938 -400.9806213378906
-945.0072021484375 -402.9743347167969
-943.6105346679688 -404.9736328125
-943.3231811523438 -406.97064208984375
-943.9136352539062 -408.9426574707031
-943.8193969726562 -410.93853759765625
-945.7150268554688 -412.9353942871094
-947.0028076171875 -414.934814453125
-948.0764770507812 -416.9253234863281
-946.431396484375 -418.92498779296875
-944.6135864257812 -420.9240417480469
-942.7883911132812 -422.918701171875
-942.4337768554688 -424.91815185546875
-942.3057250976562 -426.91790771484375
-941.6522216796875 -428.91424560546875
-939.809326171875 -430.8959045410156
-937.8330688476562 -432.8954162597656
-936.1508178710938 -434.8952941894531
-934.3805541992188 -436.89306640625
-932.4256591796875 -438.89227294921875
-932.8601684570312 -440.78704833984375
-930.95068359375 -442.77001953125
-929.77734375 -444.71533203125
-927.9083862304688 -446.7049255371094
-927.9772338867188 -448.7032470703125
-926.0595703125 -450.69317626953125
-924.1689453125 -452.6898193359375
-923.056396484375 -454.6884765625
-921.0604248046875 -452.6990966796875
-920.8154296875 -454.68499755859375
-918.8167724609375 -452.73345947265625
-917.3829345703125 -454.7300720214844
-915.3840942382812 -452.7395935058594
-913.553466796875 -454.7392578125
