-954.9024658203125 -253.10934448242188
-952.9074096679688 -255.10911560058594
-950.9501342773438 -257.10723876953125
-949.2615356445312 -259.1065368652344
-947.3146362304688 -261.1064147949219
-949.3140258789062 -263.1051330566406
-947.6749267578125 -265.1049499511719
-946.0064697265625 -267.1048889160156
-948.0057373046875 -269.045166015625
-946.13037109375 -271.0451354980469
-948.1195068359375 -272.99151611328125
-947.3921508789062 -274.991455078125
-946.485107421875 -276.991455078125
-948.4598388671875 -278.96258544921875
-946.7312622070312 -280.9624938964844
-948.7295532226562 -282.95892333984375
-947.3507080078125 -284.9588928222656
-945.4470825195312 -286.9588317871094
-947.4456176757812 -288.9349365234375
-945.8882446289062 -290.9349060058594
-947.8777465820312 -292.7201232910156
-946.1575927734375 -294.7200012207031
-948.09912109375 -296.70208740234375
-946.2830200195312 -298.7017517089844
-948.276123046875 -300.689453125
-946.4091796875 -302.6893310546875
-948.3361206054688 -304.6862487792969
-946.3406982421875 -306.6860656738281
-948.3367309570312 -308.68170166015625
-946.661865234375 -310.68133544921875
-948.4974975585938 -312.6714782714844
-947.119873046875 -314.6714782714844
-948.9557495117188 -316.64703369140625
-947.023681640625 -318.6470031738281
-948.9990844726562 -320.61505126953125
-947.0057373046875 -322.6115417480469
-948.9957275390625 -324.6067199707031
-947.1395874023438 -326.6062316894531
-949.0781860351562 -328.58172607421875
-947.2007446289062 -330.58099365234375
-949.177490234375 -332.57830810546875
-947.2034912109375 -334.5782165527344
-949.1138305664062 -336.5620422363281
-947.498046875 -338.5618896484375
-949.47998046875 -340.5604553222656
-947.5281982421875 -342.55999755859375
-948.7899169921875 -344.5364074707031
-946.8202514648438 -346.53533935546875
-948.076904296875 -348.53277587890625
-949.9423217773438 -350.514892578125
-948.2902221679688 -352.51141357421875
-946.37939453125 -354.50927734375
-948.2425537109375 -356.5068054199219
-948.55322265625 -358.50311279296875
-946.6085815429688 -360.5027160644531
-947.4456787109375 -362.49420166015625
-949.223876953125 -364.49176025390625
-947.8814697265625 -366.48394775390625
-948.9805908203125 -368.4747009277344
-947.165283203125 -370.47467041015625
-946.9818115234375 -372.4588928222656
-947.86328125 -374.4416809082031
-945.9036254882812 -376.44158935546875
-946.6107788085938 -378.44110107421875
-948.158203125 -380.42596435546875
-946.1646728515625 -382.4256896972656
-947.640380859375 -384.4044189453125
-949.299560546875 -386.3996276855469
-947.3238525390625 -388.3980712890625
-946.5128173828125 -390.3979797363281
-947.7432250976562 -392.3764953613281
-947.4580078125 -394.3738708496094
-948.2650146484375 -396.3636779785156
-946.308349609375 -398.36334228515625
-948.031494140625 -400.34100341796875
-946.0325317382812 -402.3399963378906
-944.5825805664062 -404.3390808105469
-944.4246215820312 -405.87890625
-942.4569702148438 -407.54473876953125
-942.0116577148438 -409.3227844238281
-943.9000244140625 -411.28875732421875
-944.8438110351562 -413.2264099121094
-946.06982421875 -415.2244873046875
-945.5470581054688 -417.22161865234375
-944.1137084960938 -419.16546630859375
-943.1619262695312 -420.7242736816406
-942.5526733398438 -422.6995849609375
-941.8160400390625 -424.59173583984375
-941.104248046875 -426.5862731933594
-940.64501953125 -428.5616455078125
-940.8794555664062 -430.540771484375
-939.3125 -432.5234069824219
-938.4256591796875 -434.5038757324219
-936.6724243164062 -436.431396484375
-936.7036743164062 -438.4242858886719
-934.7341918945312 -440.3941345214844
-934.2138061523438 -442.365478515625
-935.1995239257812 -444.3271789550781
-934.0508422851562 -446.3153991699219
-932.082275390625 -447.4314270019531
-930.34912109375 -449.4212951660156
-928.6688232421875 -450.5390930175781
-930.0154418945312 -452.5133972167969
-931.4611206054688 -454.35406494140625
-929.6871948242188 -454.77685546875
-928.3272094726562 -454.28497314453125
-929.2706298828125 -455.7467041015625
-928.2835083007812 -455.8953552246094
-927.30029296875 -454.6997985839844
-927.0001831054688 -453.8619689941406
-926.07373046875 -452.1208190917969
-925.831787109375 -454.0989685058594
-924.253662109375 -452.29681396484375
-922.7384643554688 -454.2966613769531
-920.7875366210938 -452.3023986816406
-919.6699829101562 -454.30084228515625
-917.851318359375 -456.30029296875
-916.0158081054688 -454.30206298828125
-916.0379028320312 -456.3009033203125
-914.2368774414062 -454.30718994140625
