-955.2615966796875 -253.10943603515625
-953.3779907226562 -255.10934448242188
-953.3917846679688 -257.10882568359375
-951.76318359375 -259.10882568359375
-951.1002807617188 -261.1087341308594
-949.440673828125 -263.1083984375
-947.5494384765625 -265.1077880859375
-945.5784301757812 -267.1073303222656
-944.9519653320312 -268.8131408691406
-943.8043823242188 -269.7805480957031
-944.2889404296875 -271.735595703125
-942.9124145507812 -273.7031555175781
-942.4794311523438 -275.6861572265625
-942.9696044921875 -277.66436767578125
-942.510498046875 -279.6593933105469
-942.590576171875 -281.2944641113281
-940.6787109375 -283.2576599121094
-940.4876708984375 -284.9192199707031
-940.6640625 -286.87896728515625
-940.7520751953125 -288.8527526855469
-940.284423828125 -290.6277770996094
-938.7674560546875 -291.8768310546875
-938.8516845703125 -293.3099365234375
-938.7979125976562 -295.2840576171875
-938.5986328125 -297.2001037597656
-937.010986328125 -299.1212463378906
-937.7335205078125 -300.98431396484375
-938.905029296875 -302.9451599121094
-939.7171630859375 -304.90594482421875
-937.8704833984375 -306.84234619140625
-939.6057739257812 -308.79522705078125
-940.6599731445312 -310.791259765625
-942.2764892578125 -312.6600036621094
-941.9990234375 -314.5849609375
-941.9686889648438 -316.4637756347656
-940.4765625 -318.42572021484375
-941.2655029296875 -320.39007568359375
-939.948974609375 -320.9258117675781
-941.6290893554688 -322.8912048339844
-941.60595703125 -324.87921142578125
-942.767333984375 -326.8741760253906
-942.9281005859375 -328.86712646484375
-944.0783081054688 -330.84283447265625
-945.6828002929688 -332.8409729003906
-946.7183227539062 -334.839111328125
-946.6013793945312 -336.83734130859375
-946.29345703125 -338.8255920410156
-944.5239868164062 -340.82159423828125
-943.2198486328125 -342.8211364746094
-944.6103515625 -344.8170166015625
-944.5885620117188 -346.8111572265625
-944.9906005859375 -348.7597351074219
-944.1901245117188 -350.7597351074219
-942.5037231445312 -352.7566833496094
-943.4611206054688 -354.7562561035156
-944.7071533203125 -356.72833251953125
-945.585205078125 -358.70184326171875
-943.7050170898438 -360.70159912109375
-942.5158081054688 -362.6881408691406
-941.0808715820312 -364.6834411621094
-942.6248168945312 -366.6781311035156
-941.8056640625 -368.677734375
-941.3739624023438 -370.65826416015625
-943.18896484375 -372.65704345703125
-945.0182495117188 -374.6565246582031
-943.4624633789062 -376.6553039550781
-941.7494506835938 -378.6278381347656
-940.7000732421875 -380.6125183105469
-939.2630004882812 -382.5963439941406
-940.868896484375 -384.5962219238281
-941.1151123046875 -386.58709716796875
-941.0350952148438 -388.5821228027344
-939.5368041992188 -390.5780334472656
-939.9777221679688 -392.57421875
-941.8497314453125 -394.5740966796875
-940.5390625 -396.5677490234375
-941.2001342773438 -398.56256103515625
-939.9081420898438 -400.5599060058594
-938.4949951171875 -402.5531311035156
-937.284423828125 -404.5394592285156
-938.9706420898438 -406.5239562988281
-938.3145141601562 -408.49700927734375
-936.450927734375 -410.48406982421875
-935.25244140625 -412.44268798828125
-933.9888916015625 -414.3654479980469
-933.8309936523438 -416.15667724609375
-935.7757568359375 -418.1414489746094
-937.020751953125 -420.0600280761719
-936.364990234375 -422.04852294921875
-934.4598999023438 -423.427978515625
-935.8389892578125 -425.1023254394531
-936.2132568359375 -427.0964660644531
-937.6451416015625 -429.0849304199219
-938.5970458984375 -430.6983642578125
-936.9474487304688 -432.69720458984375
-935.0095825195312 -434.6936950683594
-933.1990356445312 -436.4792785644531
-931.534912109375 -437.76220703125
-930.5258178710938 -439.66534423828125
-928.9295043945312 -439.16827392578125
-929.1928100585938 -440.2378234863281
-930.9600219726562 -441.8912658691406
-931.2055053710938 -443.5161437988281
-930.839599609375 -445.5074157714844
-929.416748046875 -444.6140441894531
-928.02880859375 -445.7963562011719
-926.3618774414062 -446.1814880371094
-927.4126586914062 -446.7222900390625
-929.1091918945312 -448.4911193847656
-928.0029907226562 -449.6238098144531
-926.7230224609375 -450.90460205078125
-928.1079711914062 -451.4603576660156
-928.4710693359375 -453.1275939941406
-929.5848999023438 -454.6777038574219
-927.9166870117188 -456.5402526855469
-926.021484375 -455.410888671875
-924.442626953125 -454.0840759277344
-922.5541381835938 -452.4918212890625
-924.4935913085938 -453.574951171875
-922.8997802734375 -452.0707092285156
-921.321044921875 -454.07061767578125
-919.3924560546875 -452.1300354003906
-921.1297607421875 -454.1275329589844
-919.153564453125 -453.6457824707031
-918.6806640625 -455.64569091796875
-917.0390625 -453.9293212890625
-915.0790405273438 -455.9283447265625
-913.3216552734375 -453.9851989746094
