-952.9566650390625 -407.2912292480469
-950.9637451171875 -405.291748046875
-949.0595092773438 -403.2923889160156
-947.3880615234375 -401.2923889160156
-949.0827026367188 -399.29241943359375
-947.4686279296875 -397.29241943359375
-947.6038818359375 -395.2924499511719
-949.6038818359375 -393.2924499511719
-950.5569458007812 -391.29248046875
-948.590087890625 -389.2925720214844
-947.1900634765625 -387.29290771484375
-949.1900634765625 -385.29290771484375
-948.1104125976562 -383.29290771484375
-947.657470703125 -381.2929382324219
-949.657470703125 -379.2929382324219
-948.1839599609375 -377.2931213378906
-948.7930908203125 -375.2931213378906
-946.9439697265625 -373.2931213378906
-948.9439697265625 -371.2931213378906
-948.7781372070312 -369.29315185546875
-949.5396118164062 -367.29315185546875
-949.5281372070312 -365.29315185546875
-951.3966674804688 -363.2931823730469
-952.5874633789062 -361.293212890625
-954.4673461914062 -359.2936706542969
-953.6669921875 -357.29376220703125
-955.01953125 -355.29376220703125
-953.68798828125 -353.29541015625
-953.3731689453125 -351.29541015625
-955.114013671875 -349.2954406738281
-953.7407836914062 -347.29547119140625
-954.22705078125 -345.2955017089844
-952.3746948242188 -343.2955627441406
-953.77294921875 -341.29669189453125
-954.9107055664062 -339.29705810546875
-953.8700561523438 -337.2970886230469
-953.2186889648438 -335.29718017578125
-955.2073364257812 -333.29742431640625
-956.4707641601562 -331.2976379394531
-956.7631225585938 -329.2978515625
-955.52783203125 -327.2979431152344
-953.7125244140625 -325.2980651855469
-955.6301879882812 -323.298095703125
-957.4057006835938 -321.29864501953125
-957.3377685546875 -319.2987060546875
-958.8992919921875 -317.2987365722656
-960.8773803710938 -315.2987365722656
-962.2018432617188 -313.29876708984375
-960.28173828125 -313.0285339355469
-958.6983032226562 -311.0831604003906
-956.7522583007812 -309.110107421875
-955.423583984375 -307.1104431152344
-954.4987182617188 -305.1110534667969
-954.2243041992188 -303.113037109375
-952.3504638671875 -301.11328125
-953.2099609375 -299.11334228515625
-954.9898071289062 -297.1134948730469
-955.614501953125 -295.1134948730469
-953.7005615234375 -293.1138000488281
-955.6256713867188 -291.1151428222656
-955.3007202148438 -289.11566162109375
-955.0476684570312 -287.12042236328125
-956.471435546875 -285.1224670410156
-954.9493408203125 -283.123779296875
-954.9541015625 -281.1278381347656
-953.1089477539062 -279.13348388671875
-954.1713256835938 -277.1371154785156
-952.536865234375 -275.1386413574219
-953.7155151367188 -273.1484069824219
-954.6123657226562 -271.150634765625
-955.0877685546875 -269.1510925292969
-954.7003173828125 -267.2292175292969
-955.9383544921875 -265.2293395996094
-956.1693115234375 -263.2302551269531
-954.4677734375 -261.2330017089844
-955.5123291015625 -259.2330322265625
-954.8037109375 -257.3784484863281
-956.6161499023438 -255.5386505126953
-957.0983276367188 -253.54017639160156
-955.1307983398438 -251.5453338623047
-955.1510009765625 -249.547119140625
-956.359619140625 -247.5699920654297
-956.3922729492188 -245.59205627441406
-958.0653686523438 -243.6693878173828
-956.0968627929688 -241.7473602294922
-954.4854736328125 -239.74937438964844
-953.124755859375 -237.7511444091797
-954.8411254882812 -235.7607421875
-955.6275024414062 -233.7752685546875
-955.8230590820312 -231.83084106445312
-955.7694702148438 -229.91566467285156
-957.4889526367188 -227.99099731445312
-959.1270141601562 -226.35328674316406
-960.6693115234375 -224.60894775390625
-960.145751953125 -222.61915588378906
-959.7505493164062 -220.62928771972656
-960.9885864257812 -218.62950134277344
-962.9496459960938 -216.62953186035156
-964.9489135742188 -214.62957763671875
-966.926025390625 -216.6042022705078
-968.8983764648438 -214.60427856445312
-970.1256713867188 -216.2604217529297
-972.1209106445312 -214.26197814941406
-974.08349609375 -215.48252868652344
-975.4913330078125 -217.4342041015625
-977.4328002929688 -215.4344024658203
-979.3075561523438 -217.42454528808594
-981.3002319335938 -215.4250030517578
-982.1124877929688 -217.36590576171875
-984.1043090820312 -215.3659210205078
-985.8509521484375 -217.35772705078125
-987.8443603515625 -215.3583526611328
-989.645263671875 -217.2533721923828
-991.6195068359375 -215.25344848632812
-993.6012573242188 -217.2439727783203
-995.5628662109375 -215.2440643310547
-997.5220947265625 -217.1971893310547
-999.4976196289062 -215.19723510742188
-1001.4097290039062 -217.17237854003906
-1001.547607421875 -215.1773223876953
-1003.5189208984375 -217.10777282714844
-1005.210693359375 -215.10809326171875
-1007.2052001953125 -213.1082305908203
-1006.7506103515625 -215.10238647460938
-1008.7299194335938 -213.10238647460938
-1010.6085815429688 -214.8050994873047
-1012.5978393554688 -212.80528259277344
-1014.5933837890625 -210.80625915527344
-1013.0433959960938 -212.640869140625
-1015.04248046875 -210.6410369873047
-1016.3333129882812 -210.39724731445312
-1014.6080932617188 -211.51095581054688
-1015.1307373046875 -212.9064483642578
-1016.4137573242188 -214.16419982910156
-1018.4129638671875 -212.1642303466797
-1019.6730346679688 -213.9300537109375
-1021.2481689453125 -215.84413146972656
-1023.2473754882812 -213.84417724609375
-1024.901123046875 -215.63299560546875
-1026.8260498046875 -213.6330108642578
-1027.7911376953125 -215.50282287597656
-1029.790283203125 -217.34368896484375
-1030.7138671875 -215.34585571289062
-1032.01806640625 -217.3394317626953
-1033.9849853515625 -215.339599609375
-1035.911376953125 -217.2624969482422
-1037.691162109375 -215.26254272460938
-1038.8209228515625 -217.25999450683594
-1040.7149658203125 -215.26072692871094
-1041.909912109375 -217.24600219726562
-1043.8807373046875 -215.2460479736328
-1045.8782958984375 -216.88107299804688
-1047.8702392578125 -218.78807067871094
-1049.8636474609375 -220.51168823242188
-1047.9808349609375 -218.6150665283203
-1049.973388671875 -220.441162109375
-1049.2418212890625 -219.55392456054688
-1047.6475830078125 -217.7725067138672
-1049.636474609375 -219.67181396484375
-1047.84375 -218.32235717773438
-1049.82763671875 -220.31857299804688
-1047.8807373046875 -218.6337890625
-1049.8740234375 -220.61007690429688
-1048.2821044921875 -218.90513610839844
-1050.2813720703125 -220.90464782714844
-1048.4014892578125 -221.3023681640625
-1050.39501953125 -219.3242645263672
-1048.551513671875 -217.34622192382812
-1050.548583984375 -219.0447235107422
-1049.0980224609375 -217.05699157714844
-1051.093994140625 -218.98736572265625
-1049.7200927734375 -217.5181884765625
-1051.7183837890625 -219.4164276123047
-1050.106201171875 -217.4404754638672
-1052.1058349609375 -219.18992614746094
-1050.4635009765625 -217.2045135498047
-1052.2855224609375 -219.19351196289062
-1050.377685546875 -217.19830322265625
-1052.3656005859375 -219.18072509765625
-1050.6990966796875 -217.2808380126953
-1052.62890625 -219.23008728027344
-1050.710205078125 -217.30511474609375
-1052.4931640625 -219.2620086669922
-1050.609619140625 -217.26406860351562
-1052.562744140625 -219.26242065429688
-1051.0325927734375 -217.29110717773438
-1053.0015869140625 -219.17337036132812
-1051.8084716796875 -217.5994110107422
-1053.71484375 -215.60464477539062
-1055.3321533203125 -217.59825134277344
-1057.3175048828125 -215.5984649658203
-1059.2923583984375 -213.5986328125
-1061.242919921875 -215.54153442382812
-1063.2427978515625 -213.54248046875
-1065.1575927734375 -215.43768310546875
-1067.1517333984375 -213.43768310546875
-1067.13623046875 -215.43177795410156
-1069.133056640625 -213.4319610595703
-1070.9549560546875 -215.41812133789062
-1072.891357421875 -217.4159393310547
-1074.8905029296875 -215.4159393310547
-1075.9559326171875 -217.3251953125
-1077.598388671875 -219.30001831054688
-1079.5982666015625 -217.3153076171875
-1081.5877685546875 -219.30174255371094
-1083.5877685546875 -217.30181884765625
-1085.485595703125 -219.26844787597656
-1087.4842529296875 -217.26849365234375
-1089.4830322265625 -219.26112365722656
-1091.48291015625 -217.26116943359375
-1093.4737548828125 -219.22657775878906
-1095.3897705078125 -217.23268127441406
-1097.38818359375 -215.2328338623047
-1099.383056640625 -216.9947967529297
-1101.3731689453125 -214.99505615234375
-1103.333984375 -216.8013153076172
-1105.332763671875 -214.8013153076172
-1107.3233642578125 -216.79437255859375
-1109.3209228515625 -214.79478454589844
-1111.3155517578125 -216.79298400878906
-1113.314453125 -214.79302978515625
-1115.2623291015625 -216.7420196533203
-1117.2606201171875 -214.74208068847656
-1119.2598876953125 -216.63685607910156
-1121.2508544921875 -214.64013671875
-1123.2498779296875 -216.63063049316406
-1125.2252197265625 -214.63063049316406
-1127.224365234375 -216.5628204345703
-1129.2178955078125 -214.56472778320312
-1131.2174072265625 -216.5490264892578
-1133.21728515625 -214.54910278320312
-1135.1976318359375 -216.43600463867188
-1137.1971435546875 -214.43601989746094
-1139.195556640625 -216.4353485107422
-1141.1949462890625 -214.4357147216797
-1143.1893310546875 -216.43453979492188
-1145.189208984375 -214.43499755859375
-1147.1890869140625 -216.42962646484375
-1149.1878662109375 -214.43115234375
-1151.1776123046875 -216.42605590820312
-1153.175048828125 -214.42808532714844
-1155.10791015625 -216.4209747314453
-1157.1077880859375 -214.42214965820312
-1159.1051025390625 -216.42176818847656
