-954.2442626953125 -407.2900695800781
-955.1383666992188 -405.2909240722656
-953.4259033203125 -403.2924499511719
-954.7782592773438 -401.298095703125
-954.376708984375 -399.2983703613281
-954.5746459960938 -397.2999267578125
-955.9083251953125 -395.3008117675781
-954.0453491210938 -393.8358459472656
-952.7452392578125 -391.90911865234375
-954.6529541015625 -390.0698547363281
-954.2776489257812 -388.4672546386719
-952.2940063476562 -386.50872802734375
-950.482666015625 -384.50921630859375
-951.624755859375 -382.540771484375
-952.2157592773438 -380.54473876953125
-954.1026611328125 -378.5523376464844
-952.2391967773438 -376.7347412109375
-950.8158569335938 -374.86505126953125
-952.8007202148438 -372.88970947265625
-954.3782958984375 -371.08758544921875
-953.6920776367188 -369.0884094238281
-953.45947265625 -367.0982971191406
-954.99462890625 -365.1175231933594
-955.8797607421875 -363.1341247558594
-957.736572265625 -361.1424560546875
-956.1927490234375 -359.155517578125
-957.9337158203125 -357.1589660644531
-958.78369140625 -355.2060546875
-957.0245361328125 -353.20648193359375
-955.4215087890625 -351.2674560546875
-954.979736328125 -349.77410888671875
-955.2766723632812 -349.5282897949219
-955.8155517578125 -347.5296936035156
-957.7564697265625 -345.5588684082031
-958.7924194335938 -343.5609436035156
-960.0582275390625 -341.6610412597656
-958.1280517578125 -339.66455078125
-958.5650634765625 -337.67352294921875
-959.796630859375 -335.7037353515625
-958.0623779296875 -333.7405700683594
-959.4180297851562 -331.7505187988281
-957.6336059570312 -329.7586975097656
-957.795166015625 -327.7621154785156
-957.3047485351562 -325.77569580078125
-958.412841796875 -323.7831115722656
-958.7432250976562 -321.78887939453125
-959.605224609375 -319.8094482421875
-960.0576171875 -317.82806396484375
-961.4691772460938 -315.8295593261719
-963.361328125 -313.8335876464844
-965.3563842773438 -312.1107482910156
-966.7345581054688 -311.8985290527344
-968.7108154296875 -310.306640625
-969.8842163085938 -308.8979797363281
-968.6031494140625 -308.6952209472656
-968.9102172851562 -309.6440734863281
-970.6286010742188 -308.834716796875
-969.6248779296875 -307.7078552246094
-967.6945190429688 -307.23236083984375
-966.0962524414062 -305.95379638671875
-964.5165405273438 -304.0345458984375
-963.6416015625 -302.240966796875
-961.8616333007812 -300.26507568359375
-962.8782348632812 -298.271240234375
-961.864990234375 -296.2743835449219
-960.7985229492188 -294.2833557128906
-962.5340576171875 -292.2843322753906
-961.3494873046875 -290.2891540527344
-962.7206420898438 -288.29791259765625
-961.5625610351562 -286.34912109375
-959.873779296875 -284.358154296875
-959.6859741210938 -282.4567565917969
-959.83935546875 -280.5741271972656
-960.7349853515625 -278.6073913574219
-962.3309326171875 -276.69329833984375
-962.5641479492188 -274.954833984375
-962.0626831054688 -272.96246337890625
-961.6492309570312 -270.9739685058594
-961.9945068359375 -268.9760437011719
-961.502197265625 -267.0051574707031
-963.1626586914062 -265.0531005859375
-961.7998046875 -263.0589294433594
-963.3939208984375 -261.0672912597656
-962.6753540039062 -259.13055419921875
-964.6622924804688 -257.4238586425781
-966.05224609375 -255.43634033203125
-966.7237548828125 -253.7178497314453
-964.8914794921875 -252.65350341796875
-963.162109375 -251.7362518310547
-963.7379150390625 -250.0902862548828
-962.8113403320312 -248.21156311035156
-960.9654541015625 -246.228515625
-962.5274047851562 -244.3733367919922
-960.8982543945312 -242.37994384765625
-959.7927856445312 -240.38311767578125
-959.123291015625 -238.4080810546875
-958.7437744140625 -236.95745849609375
-959.0482788085938 -235.0117950439453
-959.6506958007812 -233.04373168945312
-960.8827514648438 -231.05975341796875
-961.653564453125 -230.40455627441406
-962.0093994140625 -228.54383850097656
-961.302978515625 -226.58534240722656
-959.8694458007812 -224.6130828857422
-958.6477661132812 -222.6182098388672
-960.1210327148438 -220.61959838867188
-961.21533203125 -218.6256866455078
-963.1367797851562 -216.62637329101562
-965.0806274414062 -214.62644958496094
-967.07666015625 -216.54010009765625
-969.0751953125 -214.5402069091797
-971.0734252929688 -213.67935180664062
-973.041015625 -211.97926330566406
-974.5299682617188 -211.543701171875
-976.3880615234375 -213.00491333007812
-978.3361206054688 -214.29005432128906
-980.3282470703125 -213.2156524658203
-982.26171875 -211.95889282226562
-984.2257080078125 -210.7079315185547
-985.9744262695312 -211.73574829101562
-987.9506225585938 -213.69241333007812
-989.8839721679688 -213.3468475341797
-991.8746337890625 -215.10360717773438
-993.8665771484375 -214.12057495117188
-995.860107421875 -215.94932556152344
-997.8598022460938 -213.949462890625
-999.859130859375 -214.00997924804688
-1001.8590087890625 -212.92312622070312
-1003.758544921875 -212.47708129882812
-1005.6945190429688 -212.088623046875
-1007.671875 -213.88267517089844
-1009.6668090820312 -214.27285766601562
-1011.66650390625 -212.2729034423828
-1013.6637573242188 -213.6031036376953
-1015.66357421875 -211.6080780029297
-1016.089111328125 -211.40489196777344
-1014.3263549804688 -211.4653778076172
-1015.925048828125 -211.18521118164062
-1017.5376586914062 -211.19515991210938
-1019.250244140625 -210.16824340820312
-1018.1067504882812 -211.4500274658203
-1019.2494506835938 -213.2510528564453
-1021.1922607421875 -214.4640350341797
-1023.1893310546875 -214.52090454101562
-1025.1441650390625 -216.1947021484375
-1027.1434326171875 -214.19471740722656
-1028.6109619140625 -216.0946807861328
-1030.6102294921875 -214.09481811523438
-1032.569091796875 -216.05154418945312
-1034.5673828125 -214.05252075195312
-1036.354248046875 -215.113525390625
-1038.3370361328125 -215.86492919921875
-1040.30615234375 -217.6529083251953
-1042.3056640625 -215.65293884277344
-1044.2379150390625 -217.19309997558594
-1046.22119140625 -217.3973846435547
-1048.2034912109375 -219.31874084472656
-1050.203369140625 -221.03652954101562
-1048.623046875 -219.31581115722656
-1050.621826171875 -220.88699340820312
-1049.076904296875 -218.93496704101562
-1051.07666015625 -220.8820343017578
-1051.7864990234375 -218.9232940673828
-1050.7882080078125 -216.9257049560547
-1052.7725830078125 -217.69366455078125
-1054.4461669921875 -215.6955108642578
-1056.4453125 -217.5390625
-1058.3065185546875 -215.53907775878906
-1060.3060302734375 -213.5392608642578
-1062.3052978515625 -213.39244079589844
-1064.3023681640625 -215.31893920898438
-1066.3017578125 -213.3193817138672
-1067.2740478515625 -214.97789001464844
-1068.9735107421875 -215.94281005859375
-1070.9547119140625 -213.94284057617188
-1072.8857421875 -213.85140991210938
-1074.4478759765625 -215.802734375
-1076.42529296875 -215.75567626953125
-1078.40283203125 -216.3202362060547
-1080.3839111328125 -216.04415893554688
-1082.382080078125 -217.49041748046875
-1084.369873046875 -219.33203125
-1086.3695068359375 -217.33230590820312
-1088.3685302734375 -218.8683624267578
-1090.3665771484375 -216.8712158203125
-1092.3555908203125 -218.1427001953125
-1094.2408447265625 -216.142822265625
-1096.24072265625 -216.50726318359375
-1098.2366943359375 -218.4423065185547
-1100.233154296875 -216.4424285888672
-1102.2315673828125 -214.44281005859375
-1104.1749267578125 -215.5734100341797
-1106.1441650390625 -217.5359649658203
-1108.141357421875 -215.5361785888672
-1110.13818359375 -217.47586059570312
-1112.137939453125 -215.47589111328125
-1113.9083251953125 -216.98580932617188
-1115.906005859375 -214.98590087890625
-1117.8997802734375 -216.9707489013672
-1119.896240234375 -215.61314392089844
-1121.8958740234375 -217.51254272460938
-1123.87646484375 -215.5126495361328
-1125.8736572265625 -213.55799865722656
-1127.8702392578125 -215.41616821289062
-1129.8680419921875 -213.4184112548828
-1131.8363037109375 -215.39857482910156
-1133.8330078125 -213.40225219726562
-1135.8245849609375 -215.3769989013672
-1137.8016357421875 -213.3908233642578
-1139.7996826171875 -215.38018798828125
-1141.794921875 -213.43475341796875
-1143.7947998046875 -215.43031311035156
-1145.7933349609375 -214.1648406982422
-1147.78564453125 -215.888916015625
-1149.4805908203125 -213.89700317382812
-1150.3165283203125 -215.6112060546875
-1152.3114013671875 -213.7211151123047
-1154.065185546875 -215.53472900390625
-1155.9302978515625 -213.59844970703125
-1157.8787841796875 -215.58175659179688
