-953.4144897460938 -407.29083251953125
-951.4647827148438 -405.2939147949219
-953.1270141601562 -403.2942810058594
-954.8705444335938 -401.2945251464844
-952.90966796875 -399.29522705078125
-951.638427734375 -397.29644775390625
-953.3923950195312 -395.2983703613281
-955.3470458984375 -393.29876708984375
-953.3633422851562 -391.3000183105469
-952.7672729492188 -389.3056945800781
-950.79443359375 -387.3060302734375
-952.2227783203125 -385.3061828613281
-950.406494140625 -383.3070373535156
-949.1050415039062 -381.34747314453125
-950.9956665039062 -379.34759521484375
-951.945068359375 -377.3523864746094
-953.8963012695312 -375.3548583984375
-955.6399536132812 -373.3766174316406
-957.3277587890625 -371.3791809082031
-956.4365844726562 -369.39068603515625
-956.7991333007812 -367.3928527832031
-955.2818603515625 -365.3959045410156
-953.9236450195312 -363.3976745605469
-952.446533203125 -361.4022521972656
-954.1229858398438 -359.40399169921875
-956.1085815429688 -357.40594482421875
-958.07177734375 -355.40643310546875
-956.1837768554688 -353.4096374511719
-956.3065795898438 -351.4128723144531
-954.6397705078125 -349.42144775390625
-956.5615234375 -347.4219055175781
-955.0 -345.44073486328125
-956.9107055664062 -343.4424743652344
-955.9872436523438 -341.4442443847656
-956.6455688476562 -339.4725036621094
-958.4564208984375 -337.4846496582031
-958.7516479492188 -335.4887390136719
-956.8617553710938 -333.4898376464844
-955.0850219726562 -331.495361328125
-955.3092041015625 -329.495849609375
-955.42822265625 -327.5242614746094
-955.5149536132812 -325.5592956542969
-954.3943481445312 -323.6946716308594
-955.7952270507812 -321.69757080078125
-954.5665893554688 -319.75146484375
-956.5335083007812 -317.7555236816406
-958.4799194335938 -315.9274597167969
-960.41162109375 -313.96429443359375
-958.4502563476562 -312.0021057128906
-956.5869750976562 -310.1149597167969
-958.472900390625 -308.11651611328125
-957.7828979492188 -306.1521911621094
-955.9454956054688 -304.19873046875
-957.8887939453125 -302.382568359375
-958.4819946289062 -300.38824462890625
-957.3922729492188 -298.3937683105469
-958.8775634765625 -296.4820251464844
-960.7977905273438 -294.4861145019531
-960.84228515625 -292.52618408203125
-958.9585571289062 -290.6412658691406
-956.9857788085938 -288.64501953125
-955.4547119140625 -286.69696044921875
-955.7457275390625 -284.6983642578125
-957.744384765625 -282.9351806640625
-955.8123168945312 -281.4188537597656
-957.8078002929688 -279.4515075683594
-959.6483764648438 -277.54205322265625
-961.30615234375 -275.5472717285156
-962.66650390625 -273.5665588378906
-960.8585815429688 -271.6000671386719
-958.9774169921875 -269.82745361328125
-958.3606567382812 -267.8631896972656
-959.9013061523438 -265.86541748046875
-961.5466918945312 -263.9019775390625
-963.4884033203125 -262.1882019042969
-962.81005859375 -260.2174072265625
-961.6810302734375 -258.22357177734375
-959.7369995117188 -257.5429992675781
-959.1210327148438 -256.55242919921875
-959.5134887695312 -254.802978515625
-960.0081787109375 -252.93911743164062
-959.0750122070312 -251.29103088378906
-958.3950805664062 -249.47567749023438
-959.1116333007812 -249.41091918945312
-960.7604370117188 -247.4426727294922
-958.7655029296875 -246.9591064453125
-958.6666870117188 -245.13539123535156
-957.5803833007812 -243.2880859375
-958.0133666992188 -242.78829956054688
-956.0252685546875 -240.87966918945312
-955.3563232421875 -238.9329071044922
-954.8740234375 -237.1660919189453
-955.1585693359375 -236.55845642089844
-955.8824462890625 -238.2836151123047
-957.7105712890625 -239.2834930419922
-957.319091796875 -237.58670043945312
-958.97314453125 -237.43386840820312
-957.2865600585938 -235.9925079345703
-955.8150634765625 -234.478759765625
-956.2860717773438 -235.4520263671875
-957.6349487304688 -233.59942626953125
-958.4828491210938 -232.17967224121094
-958.0248413085938 -231.9193115234375
-958.8082275390625 -230.32846069335938
-957.1927490234375 -228.3369903564453
-955.5225830078125 -228.05923461914062
-957.2550048828125 -229.2906951904297
-955.7445068359375 -228.09646606445312
-957.6776733398438 -227.42214965820312
-956.41943359375 -229.03944396972656
-957.5541381835938 -227.3106231689453
-959.0308837890625 -225.34982299804688
-960.9026489257812 -226.1727752685547
-960.5504760742188 -224.9336395263672
-960.4774169921875 -222.97280883789062
-962.3731689453125 -222.82827758789062
-964.3640747070312 -220.9383087158203
-966.36328125 -220.6135711669922
-968.36328125 -219.29360961914062
-970.318115234375 -218.363037109375
-972.2894897460938 -216.77650451660156
-974.2894897460938 -216.62109375
-976.2894287109375 -216.18609619140625
-978.2788696289062 -218.18429565429688
-980.1649780273438 -217.81292724609375
-982.1644287109375 -217.8036346435547
-984.1568603515625 -219.7510986328125
-986.1294555664062 -217.78787231445312
-988.1224365234375 -219.44480895996094
-989.9386596679688 -218.11463928222656
-991.843017578125 -217.0294952392578
-993.8425903320312 -217.5824737548828
-995.8218383789062 -217.2381134033203
-997.4396362304688 -216.2835693359375
-999.4349975585938 -214.30516052246094
-1001.4019775390625 -216.2683563232422
-1003.3145141601562 -214.8798065185547
-1005.3075561523438 -216.87489318847656
-1007.28564453125 -217.25567626953125
-1009.2842407226562 -215.81214904785156
-1011.2821655273438 -214.0196990966797
-1013.2749633789062 -213.77052307128906
-1015.2512817382812 -211.87069702148438
-1014.0619506835938 -210.6201629638672
-1013.185302734375 -211.8706512451172
-1011.1930541992188 -213.70826721191406
-1013.1912231445312 -212.2373504638672
-1011.461181640625 -213.89593505859375
-1013.4605712890625 -213.96107482910156
-1015.410888671875 -212.39344787597656
-1013.9794921875 -213.75616455078125
-1015.9608764648438 -212.12095642089844
-1017.7637939453125 -213.9764404296875
-1018.5709838867188 -215.9370574951172
-1020.5698852539062 -213.95033264160156
-1022.5686645507812 -215.87887573242188
-1024.566650390625 -215.4842987060547
-1026.5628662109375 -213.92691040039062
-1024.8565673828125 -215.90975952148438
-1026.5784912109375 -213.98678588867188
-1028.4002685546875 -215.96343994140625
-1030.39453125 -215.0744171142578
-1032.351318359375 -217.03622436523438
-1034.3494873046875 -215.04067993164062
-1036.3494873046875 -217.0330352783203
-1038.3441162109375 -215.1349334716797
-1037.5806884765625 -216.74301147460938
-1039.5777587890625 -215.7327880859375
-1041.544921875 -217.6938018798828
-1043.5386962890625 -218.59800720214844
-1045.382568359375 -216.82266235351562
-1047.38232421875 -218.74603271484375
-1049.3792724609375 -220.728515625
-1047.9559326171875 -218.82302856445312
-1049.955810546875 -220.80711364746094
-1048.0484619140625 -219.07383728027344
-1050.047119140625 -220.9720001220703
-1051.7945556640625 -219.10177612304688
-1050.563720703125 -217.40476989746094
-1052.5618896484375 -219.385986328125
-1052.7288818359375 -217.4139404296875
-1054.7213134765625 -215.57777404785156
-1056.710205078125 -217.5763397216797
-1058.6751708984375 -215.5986328125
-1060.6697998046875 -213.98854064941406
-1062.6435546875 -215.6724395751953
-1064.640380859375 -213.9285888671875
-1066.3929443359375 -215.149169921875
-1068.3370361328125 -217.06910705566406
-1070.3206787109375 -215.3753204345703
-1072.31982421875 -217.35421752929688
-1074.2520751953125 -216.16539001464844
-1076.2513427734375 -218.14918518066406
-1078.20703125 -216.8600616455078
-1080.1990966796875 -218.8541717529297
-1081.13818359375 -217.0377960205078
-1083.0909423828125 -219.01278686523438
-1085.089599609375 -217.0719451904297
-1087.08447265625 -219.01840209960938
-1089.029296875 -217.54200744628906
-1091.016845703125 -219.52427673339844
-1092.5313720703125 -218.16226196289062
-1092.270751953125 -216.1871795654297
-1094.2657470703125 -218.03504943847656
-1092.7900390625 -216.09915161132812
-1094.625244140625 -218.0747833251953
-1096.625244140625 -216.1260986328125
-1098.610107421875 -218.11068725585938
-1097.7122802734375 -217.43133544921875
-1099.477294921875 -215.44078063964844
-1101.477294921875 -216.8810272216797
-1103.451171875 -217.0338897705078
-1105.3394775390625 -215.2984161376953
-1107.3326416015625 -217.17648315429688
-1108.775634765625 -215.65663146972656
-1110.7071533203125 -213.7052001953125
-1112.7069091796875 -215.68869018554688
-1114.3326416015625 -213.73373413085938
-1116.31640625 -215.6962432861328
-1118.3114013671875 -217.55506896972656
-1120.1556396484375 -216.37583923339844
-1120.1776123046875 -214.73941040039062
-1122.15478515625 -216.59893798828125
-1123.348388671875 -214.61341857910156
-1125.2232666015625 -216.5678253173828
-1123.5401611328125 -214.62191772460938
-1125.5364990234375 -216.4285430908203
-1126.5794677734375 -214.45582580566406
-1128.5748291015625 -216.4319610595703
-1127.261474609375 -214.45831298828125
-1129.1932373046875 -216.3984832763672
-1130.29638671875 -214.52745056152344
-1132.1761474609375 -216.48629760742188
-1132.8165283203125 -214.593505859375
-1134.804443359375 -216.33262634277344
-1136.4326171875 -214.48147583007812
-1138.4228515625 -216.28390502929688
-1138.6097412109375 -214.3591766357422
-1140.6015625 -216.03631591796875
-1140.3564453125 -214.69366455078125
-1142.35546875 -216.66244506835938
-1142.0364990234375 -214.66519165039062
-1144.035888671875 -216.2067108154297
-1142.1153564453125 -214.82089233398438
-1144.115234375 -216.56285095214844
-1143.46142578125 -215.92063903808594
-1142.8515625 -214.7997283935547
-1144.8515625 -216.70852661132812
-1145.4468994140625 -215.21253967285156
-1145.468994140625 -213.69691467285156
-1147.46826171875 -215.59149169921875
-1145.470947265625 -213.60157775878906
-1147.0308837890625 -215.4638214111328
-1148.8836669921875 -213.49917602539062
-1150.883056640625 -214.85935974121094
-1152.873046875 -216.79180908203125
-1150.9063720703125 -214.9030303955078
-1152.9061279296875 -216.8793182373047
-1150.99267578125 -214.88693237304688
-1152.96923828125 -216.8820343017578
-1151.069580078125 -215.26571655273438
-1149.253662109375 -213.27188110351562
-1151.2188720703125 -215.27101135253906
-1152.068603515625 -213.45948791503906
-1153.99853515625 -214.91432189941406
-1155.9969482421875 -216.84703063964844
-1154.6331787109375 -214.8603515625
-1156.633056640625 -216.85081481933594
-1154.9447021484375 -214.97547912597656
-1156.9439697265625 -216.95339965820312
-1155.7734375 -214.99002075195312
-1157.7734375 -216.9801788330078
