-952.961669921875 -407.2891540527344
-951.5377807617188 -405.2891540527344
-949.994873046875 -403.2899475097656
-948.15185546875 -401.2899475097656
-946.1950073242188 -399.28997802734375
-948.1937866210938 -397.28997802734375
-947.9231567382812 -395.28997802734375
-945.9888305664062 -393.2900085449219
-947.98876953125 -391.2900085449219
-946.8534545898438 -389.2901611328125
-948.8533935546875 -387.2901611328125
-947.2967529296875 -385.2901611328125
-949.2965087890625 -383.2901611328125
-947.5618286132812 -381.2901916503906
-949.5613403320312 -379.2901916503906
-948.6119384765625 -377.2901916503906
-948.3984375 -375.29046630859375
-947.2581787109375 -373.2904968261719
-949.2581176757812 -371.2904968261719
-947.402099609375 -369.2906799316406
-949.4017333984375 -367.2906799316406
-951.1730346679688 -365.2906799316406
-951.0558471679688 -363.29071044921875
-950.5037841796875 -361.29071044921875
-952.2208862304688 -359.2908935546875
-953.68115234375 -357.2909240722656
-954.945068359375 -355.2909240722656
-953.7378540039062 -353.29095458984375
-954.83935546875 -351.29107666015625
-954.6063842773438 -349.2911376953125
-956.3827514648438 -347.2911376953125
-958.0732421875 -345.29150390625
-956.5917358398438 -343.29150390625
-956.8694458007812 -341.29150390625
-957.4937133789062 -339.29150390625
-959.3688354492188 -337.2915344238281
-961.0169677734375 -335.2915344238281
-960.4205322265625 -333.29156494140625
-961.7071533203125 -331.2917175292969
-960.77978515625 -329.29180908203125
-960.8364868164062 -327.2918395996094
-962.4348754882812 -325.2919616699219
-961.9918823242188 -323.2919921875
-960.2244873046875 -321.29217529296875
-962.1964111328125 -319.29217529296875
-964.12841796875 -317.2922058105469
-966.1279296875 -315.2922058105469
-968.1278076171875 -313.2922058105469
-966.9949951171875 -311.30206298828125
-965.154296875 -309.3084411621094
-964.5381469726562 -307.3297119140625
-962.9633178710938 -305.3350524902344
-961.2987060546875 -303.3465881347656
-960.8619384765625 -301.3468933105469
-961.2570190429688 -299.3482360839844
-960.0121459960938 -297.3484802246094
-961.8165283203125 -295.34857177734375
-962.3156127929688 -293.34893798828125
-961.1917114257812 -291.3492126464844
-960.4981079101562 -289.34954833984375
-961.0216064453125 -287.3495788574219
-960.7725219726562 -285.3496398925781
-962.4924926757812 -283.349853515625
-961.6423950195312 -281.3550109863281
-959.9312744140625 -279.358154296875
-958.2315063476562 -277.35821533203125
-959.8195190429688 -275.3583679199219
-961.743896484375 -273.3583984375
-961.4700927734375 -271.3667907714844
-959.9705200195312 -269.38909912109375
-959.268310546875 -267.3891296386719
-960.749755859375 -265.3892517089844
-962.493408203125 -263.3893737792969
-963.8781127929688 -261.3894348144531
-965.8541259765625 -259.3894348144531
-963.8737182617188 -257.3976745605469
-962.315673828125 -255.40042114257812
-961.4252319335938 -253.41201782226562
-963.0950927734375 -251.41268920898438
-961.4443359375 -249.41819763183594
-961.563232421875 -247.41854858398438
-962.1473388671875 -245.4203338623047
-962.7630615234375 -243.425537109375
-961.0097045898438 -241.53759765625
-962.509521484375 -239.5384979248047
-960.8925170898438 -237.54135131835938
-962.6460571289062 -235.5423126220703
-961.1475219726562 -233.57373046875
-961.1248779296875 -231.77642822265625
-960.5304565429688 -229.78440856933594
-962.1231689453125 -227.78948974609375
-960.4104614257812 -225.78976440429688
-962.2922973632812 -223.78977966308594
-964.2589111328125 -221.78977966308594
-966.2588500976562 -219.78977966308594
-968.2587280273438 -217.78977966308594
-970.2587280273438 -215.78977966308594
-972.2587280273438 -213.78977966308594
-970.92724609375 -215.4939422607422
-969.0719604492188 -216.77915954589844
-971.0718383789062 -214.77915954589844
-970.08203125 -216.25836181640625
-972.0819091796875 -214.25836181640625
-970.544921875 -215.62716674804688
-970.0757446289062 -215.82907104492188
-972.0755615234375 -213.82907104492188
-971.6748657226562 -213.37716674804688
-969.8644409179688 -215.3196258544922
-969.0689697265625 -216.7197265625
-971.068603515625 -214.7197265625
-972.687744140625 -216.50418090820312
-974.687744140625 -214.50418090820312
-974.7962036132812 -216.49771118164062
-976.7962036132812 -214.49771118164062
-978.6599731445312 -216.42857360839844
-980.5934448242188 -218.33631896972656
-982.5930786132812 -216.33631896972656
-984.1853637695312 -218.3349151611328
-986.1853637695312 -216.3349151611328
-988.1853637695312 -214.3349151611328
-990.1634521484375 -216.20260620117188
-992.1634521484375 -214.20260620117188
-994.05517578125 -216.15298461914062
-996.0551147460938 -214.15298461914062
-997.9755859375 -216.15159606933594
-999.9755249023438 -214.15159606933594
-1001.8157348632812 -215.98629760742188
-1003.815673828125 -213.98629760742188
-1005.7573852539062 -215.98110961914062
-1007.7573852539062 -213.98110961914062
-1009.7562255859375 -215.95086669921875
-1011.7560424804688 -213.95086669921875
-1013.7559814453125 -211.95086669921875
-1012.9547729492188 -213.83334350585938
-1014.9547729492188 -211.83334350585938
-1014.550537109375 -212.32373046875
-1015.2324829101562 -214.30313110351562
-1017.2324829101562 -212.30313110351562
-1017.5771484375 -213.27232360839844
-1017.8410034179688 -215.22772216796875
-1019.8410034179688 -213.22772216796875
-1019.064208984375 -214.84625244140625
-1021.0641479492188 -212.84625244140625
-1021.3897094726562 -214.80982971191406
-1023.1180419921875 -216.78573608398438
-1025.1180419921875 -214.78573608398438
-1027.1094970703125 -216.76890563964844
-1029.1094970703125 -214.76890563964844
-1031.105224609375 -216.76104736328125
-1033.10498046875 -214.76104736328125
-1035.1024169921875 -216.7157745361328
-1037.1024169921875 -214.7157745361328
-1038.1376953125 -216.29544067382812
-1040.1376953125 -214.29544067382812
-1040.133056640625 -216.2143096923828
-1042.0947265625 -218.2054443359375
-1044.0947265625 -216.2054443359375
-1046.0364990234375 -218.12814331054688
-1048.0343017578125 -220.0985107421875
-1050.0343017578125 -218.0985107421875
-1052.022216796875 -220.0973358154297
-1053.9150390625 -218.0980987548828
-1055.8912353515625 -216.0980987548828
-1057.8912353515625 -214.0980987548828
-1059.889404296875 -216.0963592529297
-1061.8829345703125 -214.0963592529297
-1063.8787841796875 -216.08627319335938
-1065.8785400390625 -214.08627319335938
-1067.875 -215.56619262695312
-1069.8748779296875 -213.56619262695312
-1071.87451171875 -215.56491088867188
-1073.87060546875 -217.55882263183594
-1075.87060546875 -215.55882263183594
-1077.8656005859375 -217.30145263671875
-1079.7733154296875 -219.2938995361328
-1081.7730712890625 -217.2938995361328
-1083.771728515625 -219.26719665527344
-1085.771728515625 -217.26719665527344
-1087.76904296875 -219.2643280029297
-1089.7686767578125 -217.2643280029297
-1091.76806640625 -219.21292114257812
-1093.716796875 -217.2129364013672
-1095.7144775390625 -219.20266723632812
-1097.7138671875 -217.20266723632812
-1099.7138671875 -215.2026824951172
-1101.7103271484375 -217.16717529296875
-1103.7039794921875 -215.16717529296875
-1105.7039794921875 -217.15838623046875
-1107.69384765625 -215.15838623046875
-1109.6851806640625 -217.14950561523438
-1111.68505859375 -215.14950561523438
-1113.68408203125 -217.14027404785156
-1115.68408203125 -215.14028930664062
-1117.6837158203125 -217.0565185546875
-1119.68359375 -215.0565185546875
-1121.6832275390625 -217.01065063476562
-1123.68310546875 -215.01065063476562
-1125.682373046875 -216.99917602539062
-1127.6815185546875 -214.99917602539062
-1129.6805419921875 -212.99917602539062
-1131.6805419921875 -214.99778747558594
-1133.680419921875 -212.99778747558594
-1135.6800537109375 -214.98667907714844
-1137.679931640625 -212.98667907714844
-1139.6773681640625 -214.97677612304688
-1141.6773681640625 -216.947265625
-1143.6768798828125 -214.947265625
-1145.6766357421875 -212.94728088378906
-1147.6766357421875 -214.7873992919922
-1149.6700439453125 -212.79225158691406
-1151.669921875 -214.79150390625
-1153.6627197265625 -216.79006958007812
-1155.65576171875 -214.7909393310547
-1157.6552734375 -216.7725067138672
