-952.9764404296875 -407.2926940917969
-950.9898681640625 -405.2964172363281
-949.2125244140625 -403.29974365234375
-948.037109375 -401.3349914550781
-947.4630126953125 -399.3437805175781
-945.8018188476562 -397.34442138671875
-947.8018188476562 -395.3457946777344
-949.8018188476562 -393.3495178222656
-949.012939453125 -391.6107482910156
-947.0958862304688 -389.720458984375
-949.0958862304688 -387.73583984375
-950.1380615234375 -385.8377380371094
-948.8836669921875 -383.862548828125
-949.7183837890625 -381.8724060058594
-947.8230590820312 -379.87689208984375
-947.5401000976562 -377.87884521484375
-949.5401000976562 -375.87933349609375
-950.0465698242188 -373.8941955566406
-950.451171875 -371.8988342285156
-949.2903442382812 -369.8993835449219
-948.1293334960938 -367.90625
-946.5779418945312 -365.9103088378906
-948.5777587890625 -363.9107971191406
-949.8362426757812 -361.93670654296875
-948.9323120117188 -359.93701171875
-948.7107543945312 -357.9377746582031
-948.9871215820312 -355.9381408691406
-948.1919555664062 -353.99749755859375
-950.1919555664062 -351.9985046386719
-948.5765380859375 -350.016845703125
-948.7448120117188 -348.03948974609375
-949.91357421875 -346.0401916503906
-948.2354125976562 -344.0496520996094
-950.2354125976562 -342.05023193359375
-948.7029418945312 -340.0681457519531
-949.7869262695312 -338.06866455078125
-949.2743530273438 -336.0703125
-947.977783203125 -334.0911560058594
-949.977783203125 -332.0931396484375
-951.8800048828125 -330.12091064453125
-952.7047119140625 -328.12652587890625
-950.7573852539062 -326.15802001953125
-951.805908203125 -324.1616516113281
-950.0017700195312 -322.1625061035156
-948.2669067382812 -320.16314697265625
-950.266845703125 -318.16473388671875
-952.096923828125 -316.1648864746094
-954.0020751953125 -314.1651306152344
-953.6494750976562 -314.05975341796875
-952.3502807617188 -314.0433349609375
-953.880126953125 -312.88995361328125
-952.0817260742188 -314.05096435546875
-950.5569458007812 -314.7261962890625
-952.5265502929688 -312.7263488769531
-950.9730224609375 -312.4233093261719
-952.1755981445312 -311.35626220703125
-950.9193725585938 -311.5390625
-949.36181640625 -310.27880859375
-950.7249145507812 -308.93524169921875
-952.431884765625 -307.0941162109375
-951.4834594726562 -305.1046447753906
-952.51318359375 -303.246337890625
-952.4155883789062 -301.4757080078125
-954.0173950195312 -299.6962585449219
-955.3954467773438 -298.10455322265625
-953.4645385742188 -296.106201171875
-952.0245361328125 -294.1988525390625
-951.2697143554688 -292.29864501953125
-953.1910400390625 -290.331787109375
-952.4072265625 -288.3699035644531
-953.856689453125 -286.39862060546875
-955.4447631835938 -284.4088134765625
-955.368896484375 -282.4277648925781
-953.411865234375 -280.6745910644531
-953.7222290039062 -278.735107421875
-954.55615234375 -276.7440490722656
-956.203125 -274.78680419921875
-955.6026611328125 -272.8815612792969
-954.487060546875 -271.0226135253906
-954.9979248046875 -269.0413513183594
-955.634033203125 -267.16864013671875
-956.3487548828125 -265.1856689453125
-956.5848999023438 -263.21990966796875
-957.9705200195312 -261.2332763671875
-956.3573608398438 -259.23406982421875
-954.8341064453125 -258.9250793457031
-953.32568359375 -257.7862854003906
-952.2846069335938 -255.9786376953125
-953.8895263671875 -254.03720092773438
-952.252197265625 -252.07574462890625
-952.49169921875 -250.2000274658203
-953.4768676757812 -248.2654571533203
-953.6970825195312 -247.20997619628906
-953.3298950195312 -245.87979125976562
-952.2236938476562 -244.2561492919922
-953.0640869140625 -242.44393920898438
-952.0282592773438 -240.48924255371094
-952.740478515625 -238.51144409179688
-950.8905029296875 -236.51678466796875
-951.5464477539062 -234.5645294189453
-951.5086059570312 -232.62330627441406
-950.1301879882812 -231.33572387695312
-949.8597412109375 -230.7914581298828
-951.6928100585938 -229.1750030517578
-953.271728515625 -227.35452270507812
-952.009765625 -225.86158752441406
-953.7037963867188 -224.2108154296875
-954.0924072265625 -222.2368927001953
-955.865966796875 -220.2709503173828
-956.6199951171875 -218.2755126953125
-958.5518798828125 -216.27552795410156
-960.5518188476562 -214.27554321289062
-962.17578125 -216.27413940429688
-964.1630859375 -214.27415466308594
-965.679931640625 -216.27279663085938
-967.6751708984375 -214.27285766601562
-966.8804321289062 -216.26882934570312
-968.88037109375 -214.26882934570312
-967.0884399414062 -216.2553253173828
-969.0877685546875 -214.25534057617188
-970.0375366210938 -216.20167541503906
-972.0374755859375 -214.20167541503906
-973.6041870117188 -216.19406127929688
-975.6041259765625 -214.194091796875
-977.229248046875 -216.19113159179688
-979.21484375 -218.19053649902344
-981.2147216796875 -216.1905517578125
-983.2110595703125 -218.18995666503906
-985.2088012695312 -216.19004821777344
-984.8065185546875 -218.1875
-986.8041381835938 -216.1875457763672
-988.7247924804688 -214.1875762939453
-990.4907836914062 -216.18505859375
-992.4906005859375 -214.18507385253906
-994.4089965820312 -216.1804656982422
-996.4083251953125 -214.1809844970703
-998.3911743164062 -216.1793670654297
-1000.39111328125 -214.17938232421875
-1002.3423461914062 -216.17784118652344
-1004.3413696289062 -214.17788696289062
-1006.1547241210938 -216.14651489257812
-1008.1546630859375 -214.1465301513672
-1010.1432495117188 -216.14505004882812
-1012.1431884765625 -214.14505004882812
-1014.1431274414062 -212.14524841308594
-1015.9573974609375 -214.14329528808594
-1017.95703125 -212.14332580566406
-1016.2211303710938 -214.1400146484375
-1018.211669921875 -212.14007568359375
-1019.106201171875 -214.13685607910156
-1021.022216796875 -216.1352996826172
-1023.0221557617188 -214.1352996826172
-1024.681396484375 -216.09390258789062
-1026.681396484375 -214.09390258789062
-1028.607421875 -216.09303283691406
-1030.6065673828125 -214.0930633544922
-1032.596435546875 -216.08888244628906
-1034.596435546875 -214.0889129638672
-1035.6331787109375 -216.08811950683594
-1037.6322021484375 -214.08827209472656
-1037.2332763671875 -216.08522033691406
-1039.2332763671875 -214.08522033691406
-1037.9935302734375 -216.06651306152344
-1039.983154296875 -214.06654357910156
-1041.72216796875 -216.0662841796875
-1043.52099609375 -218.06546020507812
-1045.520263671875 -216.065673828125
-1047.4842529296875 -218.06298828125
-1049.482421875 -220.06201171875
-1049.496337890625 -218.47694396972656
-1050.6314697265625 -220.47630310058594
-1049.711181640625 -218.9635009765625
-1051.6663818359375 -220.96217346191406
-1049.802978515625 -219.26669311523438
-1050.1864013671875 -217.64537048339844
-1052.1634521484375 -219.64520263671875
-1051.1072998046875 -217.6571502685547
-1053.06201171875 -219.65518188476562
-1051.4664306640625 -217.6568603515625
-1053.255615234375 -219.65594482421875
-1054.50439453125 -217.65869140625
-1056.4730224609375 -215.65872192382812
-1058.4727783203125 -213.65914916992188
-1060.4456787109375 -215.6591339111328
-1062.445556640625 -213.6602020263672
-1064.4412841796875 -215.65916442871094
-1066.4410400390625 -213.65921020507812
-1067.8131103515625 -215.6576690673828
-1069.8121337890625 -213.65773010253906
-1071.716064453125 -215.6551055908203
-1073.7073974609375 -217.6545867919922
-1075.7052001953125 -215.65487670898438
-1077.6153564453125 -217.65469360351562
-1079.478271484375 -219.654541015625
-1081.4769287109375 -217.65476989746094
-1083.4293212890625 -219.65420532226562
-1085.42822265625 -217.65444946289062
-1086.6942138671875 -219.63677978515625
-1088.694091796875 -217.63784790039062
-1090.5057373046875 -219.6372833251953
-1092.5047607421875 -217.6376190185547
-1094.3326416015625 -219.63754272460938
-1095.744140625 -217.6396942138672
-1097.7415771484375 -215.6422119140625
-1099.5711669921875 -217.6417236328125
-1101.5687255859375 -215.66265869140625
-1103.4686279296875 -217.66256713867188
-1105.4681396484375 -215.66871643066406
-1107.46435546875 -217.66822814941406
-1109.464111328125 -215.66908264160156
-1111.463623046875 -213.6704559326172
-1113.413818359375 -215.6701202392578
-1115.3394775390625 -217.66932678222656
-1117.3392333984375 -215.67160034179688
-1119.3260498046875 -217.67098999023438
-1121.3258056640625 -215.67527770996094
-1123.3033447265625 -217.673828125
-1125.301513671875 -215.67996215820312
-1127.2969970703125 -213.79916381835938
-1129.2738037109375 -215.79910278320312
-1131.2674560546875 -213.79965209960938
-1133.256591796875 -215.79884338378906
-1135.2562255859375 -213.8695526123047
-1137.2135009765625 -215.8694305419922
-1138.8280029296875 -213.8784942626953
-1140.8206787109375 -215.8783721923828
-1142.820556640625 -213.96572875976562
-1144.771728515625 -215.96495056152344
-1146.759521484375 -216.92453002929688
-1148.6773681640625 -214.9473419189453
-1150.18505859375 -213.63058471679688
-1151.55615234375 -215.63052368164062
-1153.4495849609375 -215.15220642089844
-1155.170654296875 -217.15170288085938
-1156.5213623046875 -216.599365234375
-1158.4306640625 -215.16189575195312
