-1011.7817993164062 -171.16221618652344
-1013.7752685546875 -173.13043212890625
-1011.802734375 -174.7837371826172
-1013.7988891601562 -176.56747436523438
-1011.8159790039062 -177.38803100585938
-1013.8048095703125 -179.20602416992188
-1011.9048461914062 -180.96795654296875
-1013.834228515625 -182.8641357421875
-1011.8449096679688 -184.78079223632812
-1013.8302612304688 -186.34951782226562
-1013.2084350585938 -187.88821411132812
-1015.1907348632812 -189.8269500732422
-1013.3363037109375 -191.8022918701172
-1015.3237915039062 -193.3237762451172
-1014.6574096679688 -195.28668212890625
-1012.9187622070312 -196.7890167236328
-1014.8763427734375 -198.78829956054688
-1013.0786743164062 -200.75576782226562
-1015.0665283203125 -202.7483673095703
-1014.0977172851562 -204.5026092529297
-1013.1692504882812 -206.01443481445312
-1015.1171264648438 -208.00460815429688
-1015.0462036132812 -209.96934509277344
-1014.4459228515625 -211.96595764160156
-1016.41650390625 -213.9252471923828
-1017.6605224609375 -215.9174041748047
-1019.6201782226562 -214.9620361328125
-1021.6173095703125 -213.4645538330078
-1023.4937133789062 -215.43389892578125
-1025.4791259765625 -214.08633422851562
-1026.162841796875 -216.03440856933594
-1028.1614990234375 -214.9437713623047
-1029.5797119140625 -216.9425048828125
-1031.5379638671875 -216.1067657470703
-1033.4849853515625 -214.29005432128906
-1035.4761962890625 -216.26853942871094
-1037.473876953125 -214.66871643066406
-1036.9342041015625 -216.64794921875
-1038.8857421875 -217.0709991455078
-1040.8853759765625 -216.17506408691406
-1042.8497314453125 -218.1711883544922
-1044.83642578125 -219.83175659179688
-1046.8355712890625 -219.36941528320312
-1048.83349609375 -217.94815063476562
-1050.8221435546875 -219.94386291503906
-1049.169677734375 -221.86917114257812
-1047.4600830078125 -223.501220703125
-1049.4417724609375 -225.12184143066406
-1047.4588623046875 -226.79408264160156
-1049.457763671875 -227.63888549804688
-1047.4833984375 -229.61354064941406
-1049.3128662109375 -231.31661987304688
-1051.307373046875 -233.0699920654297
-1050.3643798828125 -235.0606231689453
-1048.580322265625 -237.0576171875
-1050.5623779296875 -238.94293212890625
-1048.5765380859375 -240.6409149169922
-1046.622314453125 -240.91285705566406
-1048.5474853515625 -242.9079132080078
-1046.7779541015625 -244.40997314453125
-1048.767822265625 -245.2356719970703
-1050.7647705078125 -246.18975830078125
-1048.9266357421875 -247.77882385253906
-1050.9256591796875 -246.53599548339844
-1049.0020751953125 -245.40550231933594
-1047.827392578125 -247.36785888671875
-1049.8270263671875 -248.2213134765625
-1048.0120849609375 -249.7031707763672
-1050.0101318359375 -248.1337127685547
-1048.1788330078125 -250.04298400878906
-1050.15283203125 -251.96006774902344
-1049.2906494140625 -250.23394775390625
-1051.287841796875 -250.07412719726562
-1049.7525634765625 -251.24853515625
-1050.787841796875 -250.6654815673828
-1049.0611572265625 -252.64459228515625
-1051.059814453125 -253.8372802734375
-1049.923828125 -254.27548217773438
-1049.978515625 -253.79153442382812
-1050.7423095703125 -252.8311309814453
-1049.03515625 -253.84561157226562
-1051.012451171875 -255.7419891357422
-1049.733642578125 -257.3255615234375
-1048.565673828125 -258.7641906738281
-1050.525146484375 -260.72454833984375
-1051.155029296875 -262.0057067871094
-1050.5833740234375 -261.2757263183594
-1048.6129150390625 -261.30126953125
-1050.6026611328125 -263.27923583984375
-1048.7330322265625 -265.182861328125
-1046.9468994140625 -266.8238525390625
-1048.9466552734375 -265.13165283203125
-1048.0997314453125 -266.52569580078125
-1050.09765625 -267.63714599609375
-1050.916748046875 -269.2500305175781
-1049.0616455078125 -268.80621337890625
-1051.060302734375 -269.9049072265625
-1050.9698486328125 -269.29998779296875
-1052.224365234375 -271.27520751953125
-1052.8934326171875 -271.8181457519531
-1051.1202392578125 -273.1348876953125
-1050.28076171875 -275.10870361328125
-1048.7901611328125 -276.7927551269531
-1050.7884521484375 -278.26190185546875
-1049.053955078125 -280.0057678222656
-1051.0462646484375 -280.1334533691406
-1052.1502685546875 -282.06103515625
-1050.639404296875 -283.7926330566406
-1049.5479736328125 -285.51092529296875
-1048.49169921875 -286.03973388671875
-1048.4901123046875 -287.95953369140625
-1047.4708251953125 -289.8755798339844
-1049.2401123046875 -291.851318359375
-1050.816162109375 -293.84600830078125
-1051.142333984375 -294.67852783203125
-1051.759765625 -295.73699951171875
-1051.34912109375 -297.6171875
-1053.22216796875 -298.302978515625
-1051.3870849609375 -300.2487487792969
-1051.9713134765625 -302.2006530761719
-1053.1572265625 -303.26202392578125
-1054.3564453125 -304.1568603515625
-1055.5013427734375 -305.8348388671875
-1057.35888671875 -307.81842041015625
-1059.3341064453125 -309.8112487792969
-1060.7789306640625 -311.7594909667969
-1062.7777099609375 -309.77301025390625
-1064.420166015625 -311.7574462890625
-1065.398193359375 -313.7308044433594
-1067.395263671875 -311.80279541015625
-1069.3492431640625 -313.801025390625
-1071.3443603515625 -311.8047180175781
-1073.341552734375 -311.0384521484375
-1075.1697998046875 -312.9021911621094
-1077.1685791015625 -310.9337463378906
-1079.1510009765625 -312.9222412109375
-1081.14990234375 -311.04437255859375
-1083.14794921875 -309.0963439941406
-1085.1373291015625 -311.0948181152344
-1087.13623046875 -309.3270568847656
-1089.1361083984375 -308.8159484863281
-1090.8614501953125 -310.81414794921875
-1092.860107421875 -309.9079895019531
-1094.828369140625 -311.9073486328125
-1096.8271484375 -310.09881591796875
-1098.2918701171875 -312.0907897949219
-1100.2857666015625 -310.3446044921875
-1102.28515625 -308.697998046875
-1103.8896484375 -310.6950988769531
-1105.8857421875 -309.6786804199219
-1107.8446044921875 -311.6781921386719
-1109.8446044921875 -310.00091552734375
-1111.806884765625 -312.0008239746094
-1113.022216796875 -313.99945068359375
-1114.9229736328125 -315.9994201660156
-1115.35693359375 -314.2223815917969
-1117.3453369140625 -313.2112121582031
-1119.2381591796875 -315.2107238769531
-1121.2032470703125 -314.4210510253906
-1123.19970703125 -313.6756896972656
-1125.057373046875 -313.1957702636719
-1127.045654296875 -312.11334228515625
-1129.04541015625 -310.1387939453125
-1130.2978515625 -312.1365661621094
-1130.8048095703125 -314.13616943359375
-1132.804443359375 -312.5201110839844
-1134.6732177734375 -314.52001953125
-1136.664794921875 -313.8233947753906
-1138.6636962890625 -314.6053466796875
-1140.6636962890625 -314.47216796875
-1142.6636962890625 -312.5726623535156
-1144.662841796875 -314.3111267089844
