-1012.8289794921875 -171.19509887695312
-1011.0409545898438 -173.19203186035156
-1013.03857421875 -175.19161987304688
-1011.6682739257812 -177.1915740966797
-1013.6678466796875 -179.1899871826172
-1014.17626953125 -181.182373046875
-1013.0833740234375 -183.17022705078125
-1011.61279296875 -185.16824340820312
-1013.6124877929688 -187.16107177734375
-1015.607177734375 -189.159912109375
-1016.5210571289062 -191.1575469970703
-1016.296142578125 -193.1534423828125
-1017.6512451171875 -195.15260314941406
-1018.0003051757812 -197.0885467529297
-1018.6259765625 -199.08827209472656
-1018.3582763671875 -201.08511352539062
-1019.8369750976562 -203.0767059326172
-1018.6419677734375 -205.0536651611328
-1018.5401000976562 -207.05279541015625
-1019.97998046875 -209.0429229736328
-1021.5062866210938 -211.041748046875
-1023.0311279296875 -213.03965759277344
-1024.7623291015625 -215.03927612304688
-1026.7276611328125 -217.03883361816406
-1028.7255859375 -217.7108154296875
-1028.6036376953125 -215.7443084716797
-1030.4969482421875 -213.75979614257812
-1032.4815673828125 -215.75921630859375
-1034.4462890625 -213.7627716064453
-1036.4254150390625 -215.76060485839844
-1038.420654296875 -213.7624969482422
-1040.0814208984375 -215.7588348388672
-1042.0557861328125 -217.75828552246094
-1044.055419921875 -219.4311065673828
-1046.0552978515625 -220.55357360839844
-1048.0546875 -222.54234313964844
-1050.054443359375 -224.54212951660156
-1048.0616455078125 -226.4889678955078
-1050.0616455078125 -228.48646545410156
-1048.1260986328125 -230.40931701660156
-1050.1258544921875 -232.39608764648438
-1048.1846923828125 -234.39059448242188
-1050.18408203125 -236.38946533203125
-1048.189208984375 -237.70828247070312
-1050.1890869140625 -239.70814514160156
-1048.218994140625 -241.4783477783203
-1046.285400390625 -243.45655822753906
-1048.285400390625 -241.54747009277344
-1046.4119873046875 -243.54542541503906
-1048.411865234375 -244.93389892578125
-1050.411865234375 -246.76669311523438
-1048.4443359375 -248.22659301757812
-1050.4443359375 -250.09210205078125
-1048.4793701171875 -251.8268585205078
-1050.478759765625 -253.8267822265625
-1048.508056640625 -254.23255920410156
-1050.5079345703125 -256.2312927246094
-1048.6341552734375 -258.22088623046875
-1050.6339111328125 -260.2203674316406
-1048.6571044921875 -259.86041259765625
-1050.653564453125 -261.8598937988281
-1049.9371337890625 -263.81341552734375
-1049.754638671875 -265.7059326171875
-1048.027099609375 -267.5064697265625
-1050.027099609375 -269.0460205078125
-1048.1685791015625 -271.02972412109375
-1050.16845703125 -273.02886962890625
-1048.26611328125 -274.8662109375
-1050.2657470703125 -276.8603820800781
-1048.5186767578125 -276.8757629394531
-1050.5185546875 -278.8746643066406
-1048.5369873046875 -279.9988708496094
-1050.536376953125 -281.98382568359375
-1048.66357421875 -280.9346923828125
-1050.663330078125 -282.9337463378906
-1048.868408203125 -284.5177307128906
-1046.9130859375 -285.7735290527344
-1048.8892822265625 -287.7734680175781
-1047.0577392578125 -289.76806640625
-1049.0556640625 -291.7669677734375
-1049.403564453125 -293.7667236328125
-1050.6907958984375 -295.7665100097656
-1050.14599609375 -294.02789306640625
-1052.0313720703125 -296.0278625488281
-1051.49462890625 -296.6336364746094
-1050.3365478515625 -298.5606689453125
-1049.3446044921875 -299.5576477050781
-1047.471435546875 -301.0231628417969
-1049.471435546875 -303.0227355957031
-1047.6680908203125 -304.64715576171875
-1045.7279052734375 -306.525634765625
-1047.72705078125 -308.5256042480469
-1049.72705078125 -306.5256042480469
-1050.5252685546875 -308.5150146484375
-1052.5252685546875 -306.5150451660156
-1052.247314453125 -308.51495361328125
-1050.9371337890625 -310.51409912109375
-1052.93701171875 -308.51751708984375
-1054.719482421875 -310.5147399902344
-1056.718505859375 -308.5160827636719
-1058.4168701171875 -310.5156555175781
-1059.851806640625 -312.5154724121094
-1061.8450927734375 -310.5157165527344
-1063.3707275390625 -312.5148010253906
-1065.3707275390625 -310.5163269042969
-1067.2955322265625 -312.5137634277344
-1069.2955322265625 -310.7423095703125
-1071.0350341796875 -312.741943359375
-1073.008544921875 -310.7419738769531
-1074.97412109375 -312.7411804199219
-1076.95947265625 -310.7670593261719
-1077.842529296875 -312.761474609375
-1079.8419189453125 -310.76507568359375
-1081.27001953125 -312.7649230957031
-1083.2677001953125 -310.7698669433594
-1085.2677001953125 -308.7701110839844
-1087.26171875 -310.77001953125
-1089.260986328125 -308.77032470703125
-1090.7333984375 -310.76934814453125
-1092.7333984375 -308.7693786621094
-1093.86279296875 -310.769287109375
-1095.86279296875 -308.7696533203125
-1097.856201171875 -310.7662658691406
-1099.8560791015625 -308.7793884277344
-1101.625732421875 -310.7793884277344
-1103.625732421875 -308.7795104980469
-1105.5986328125 -310.77734375
-1107.5986328125 -308.8052673339844
-1109.4501953125 -310.77471923828125
-1111.437255859375 -312.7672119140625
-1112.9945068359375 -314.74774169921875
-1114.2314453125 -312.747802734375
-1115.7969970703125 -314.7471618652344
-1117.787353515625 -312.74737548828125
-1119.5924072265625 -314.74664306640625
-1121.591796875 -312.7466735839844
-1123.59130859375 -310.7466735839844
-1125.5096435546875 -312.7431335449219
-1127.506103515625 -310.7431640625
-1129.3531494140625 -312.73065185546875
-1131.35302734375 -310.7319030761719
-1132.8990478515625 -312.7229309082031
-1134.8990478515625 -310.73724365234375
-1136.718017578125 -312.69122314453125
-1138.718017578125 -310.72821044921875
-1140.6953125 -312.6933898925781
-1142.6953125 -311.0725402832031
-1144.601806640625 -313.0618896484375
