-1011.3433837890625 -171.1953125
-1013.2910766601562 -173.19313049316406
-1011.2949829101562 -175.19297790527344
-1013.0745239257812 -176.87026977539062
-1011.0757446289062 -178.86790466308594
-1012.8707885742188 -180.62625122070312
-1011.0110473632812 -182.62619018554688
-1012.9556884765625 -184.61361694335938
-1014.3505249023438 -186.49649047851562
-1012.3855590820312 -188.4939422607422
-1014.121337890625 -190.4678192138672
-1012.1375122070312 -192.46620178222656
-1013.829833984375 -194.46292114257812
-1012.2702026367188 -196.4618377685547
-1014.2208251953125 -198.45497131347656
-1012.3101196289062 -200.45486450195312
-1014.2282104492188 -202.44020080566406
-1012.2387084960938 -204.43402099609375
-1014.2012939453125 -206.3397979736328
-1012.2835083007812 -208.33450317382812
-1014.2762451171875 -210.27484130859375
-1015.57470703125 -212.274658203125
-1016.9727172851562 -214.27365112304688
-1018.9596557617188 -214.56515502929688
-1020.9307861328125 -212.5711669921875
-1020.776611328125 -214.56170654296875
-1022.7033081054688 -216.5420379638672
-1024.074462890625 -216.66470336914062
-1026.041015625 -215.1134490966797
-1027.7900390625 -217.09130859375
-1029.6890869140625 -215.15097045898438
-1031.5477294921875 -217.13735961914062
-1033.5166015625 -215.9784698486328
-1035.5140380859375 -214.26821899414062
-1037.386474609375 -216.01658630371094
-1039.3765869140625 -214.29632568359375
-1040.9718017578125 -216.2843475341797
-1042.783935546875 -218.2772674560547
-1044.78125 -219.14930725097656
-1046.7803955078125 -218.37811279296875
-1048.5809326171875 -220.37049865722656
-1050.572998046875 -220.96670532226562
-1048.575927734375 -222.93588256835938
-1050.571533203125 -224.78675842285156
-1049.3421630859375 -226.72308349609375
-1051.3382568359375 -228.02833557128906
-1049.6129150390625 -229.1424102783203
-1047.6253662109375 -230.99276733398438
-1049.6162109375 -232.8571319580078
-1047.96533203125 -234.72235107421875
-1049.963134765625 -236.6124267578125
-1048.5482177734375 -238.5054168701172
-1050.489501953125 -240.08868408203125
-1048.493896484375 -242.0462188720703
-1046.5069580078125 -243.6206512451172
-1048.494140625 -243.7731170654297
-1046.49951171875 -245.46180725097656
-1048.43505859375 -246.51202392578125
-1050.4349365234375 -247.4503173828125
-1048.5968017578125 -249.09329223632812
-1050.5946044921875 -248.6417236328125
-1048.6312255859375 -250.6269989013672
-1050.61865234375 -252.619873046875
-1048.9783935546875 -254.32110595703125
-1050.9769287109375 -256.27801513671875
-1048.9967041015625 -258.2732849121094
-1050.9923095703125 -260.14923095703125
-1049.0748291015625 -262.1348876953125
-1049.436767578125 -263.1907653808594
-1047.550537109375 -264.7623291015625
-1049.5264892578125 -262.88836669921875
-1048.005615234375 -264.8655090332031
-1049.9715576171875 -265.165283203125
-1048.509521484375 -267.114013671875
-1050.502197265625 -267.9610290527344
-1048.64990234375 -269.1134033203125
-1050.6494140625 -271.08599853515625
-1048.660400390625 -272.69952392578125
-1050.6573486328125 -273.7602233886719
-1048.7266845703125 -274.3964538574219
-1050.7188720703125 -276.2086486816406
-1049.869873046875 -278.10595703125
-1048.407958984375 -279.98992919921875
-1050.40771484375 -281.86102294921875
-1048.484619140625 -283.8327941894531
-1050.4781494140625 -285.7680969238281
-1048.527099609375 -287.744384765625
-1047.4510498046875 -288.89361572265625
-1048.4981689453125 -290.8890075683594
-1049.8984375 -292.8801574707031
-1051.7132568359375 -294.85626220703125
-1050.0279541015625 -296.8293762207031
-1051.61083984375 -297.82574462890625
-1049.9925537109375 -299.71746826171875
-1049.594482421875 -298.928955078125
-1048.3370361328125 -300.6890563964844
-1047.4962158203125 -302.6611633300781
-1049.4957275390625 -301.8459777832031
-1047.8330078125 -303.6775207519531
-1048.4713134765625 -303.6661376953125
-1047.6947021484375 -305.1645202636719
-1049.262939453125 -307.07232666015625
-1051.2325439453125 -309.0644836425781
-1053.231201171875 -307.0752868652344
-1054.8482666015625 -308.75665283203125
-1055.8570556640625 -310.71990966796875
-1057.85693359375 -308.7341613769531
-1059.674560546875 -310.72906494140625
-1061.67138671875 -312.63763427734375
-1063.6712646484375 -310.64495849609375
-1065.65234375 -311.3313903808594
-1067.602294921875 -313.2950744628906
-1069.60107421875 -311.3034973144531
-1071.5977783203125 -311.9308166503906
-1073.5975341796875 -309.9440612792969
-1075.5963134765625 -311.7287292480469
-1077.595458984375 -309.7304382324219
-1079.581298828125 -311.6932067871094
-1081.57861328125 -309.694580078125
-1083.5771484375 -311.4244689941406
-1085.576171875 -309.4352111816406
-1087.5711669921875 -310.32818603515625
-1089.536865234375 -308.3301086425781
-1091.5316162109375 -309.75054931640625
-1093.510986328125 -311.4165954589844
-1095.510986328125 -309.4407958984375
-1097.392578125 -311.3392028808594
-1099.39208984375 -309.3626403808594
-1101.3909912109375 -310.332763671875
-1103.387939453125 -308.33306884765625
-1105.3824462890625 -309.6258850097656
-1107.3818359375 -311.581298828125
-1109.38134765625 -309.5882873535156
-1111.3623046875 -310.2210693359375
-1111.7320556640625 -311.92449951171875
-1113.501220703125 -312.14727783203125
-1115.2850341796875 -314.06011962890625
-1117.2752685546875 -312.0618896484375
-1117.5123291015625 -314.03887939453125
-1119.5107421875 -312.1108093261719
-1121.4986572265625 -312.614990234375
-1123.479248046875 -314.4959716796875
-1125.441162109375 -312.5242919921875
-1127.4384765625 -310.7555847167969
-1127.9471435546875 -311.6614074707031
-1129.9232177734375 -313.5994567871094
-1131.921142578125 -311.6177978515625
-1133.5841064453125 -310.6431579589844
-1133.018798828125 -312.48834228515625
-1134.9808349609375 -314.4725341796875
-1136.968994140625 -312.479736328125
-1136.363525390625 -313.982666015625
-1138.302490234375 -311.9961853027344
-1139.958251953125 -313.8611145019531
-1141.9300537109375 -311.8638000488281
-1143.9300537109375 -309.87664794921875
-1145.578857421875 -311.8170471191406
