-1011.5654907226562 -171.1953887939453
-1012.6448364257812 -173.0808868408203
-1010.650634765625 -175.08045959472656
-1012.5772705078125 -176.54771423339844
-1014.5653076171875 -178.4091033935547
-1012.5914306640625 -180.27098083496094
-1013.2969970703125 -181.0870819091797
-1011.3214111328125 -183.07601928710938
-1012.4168090820312 -184.94381713867188
-1014.3424072265625 -186.8870391845703
-1012.5750122070312 -188.6908721923828
-1014.4814453125 -190.273681640625
-1012.8135375976562 -191.98294067382812
-1013.7048950195312 -193.95359802246094
-1015.6853637695312 -195.82249450683594
-1014.2407836914062 -197.69248962402344
-1012.56201171875 -199.6739959716797
-1014.442138671875 -201.19821166992188
-1012.4844360351562 -203.1956329345703
-1012.8888549804688 -203.89340209960938
-1012.1881713867188 -205.7485809326172
-1014.05126953125 -207.60281372070312
-1013.0590209960938 -209.5901336669922
-1014.9921264648438 -211.49378967285156
-1016.43798828125 -213.4599151611328
-1018.1834106445312 -215.39369201660156
-1020.1077270507812 -214.31260681152344
-1022.083740234375 -216.28477478027344
-1023.8024291992188 -214.8343963623047
-1025.7481689453125 -216.72508239746094
-1027.3133544921875 -214.8919677734375
-1029.2412109375 -216.8831329345703
-1029.979736328125 -215.0225372314453
-1031.7130126953125 -216.9713134765625
-1030.5303955078125 -215.9109344482422
-1030.745849609375 -214.15821838378906
-1032.689453125 -216.1328582763672
-1034.075927734375 -214.61099243164062
-1034.0662841796875 -216.51974487304688
-1034.7777099609375 -214.55218505859375
-1036.586669921875 -216.54327392578125
-1037.3653564453125 -218.22076416015625
-1038.8662109375 -216.2711181640625
-1040.1302490234375 -214.5894012451172
-1040.3387451171875 -216.5826416015625
-1042.2913818359375 -215.09400939941406
-1042.3992919921875 -217.07225036621094
-1044.108642578125 -215.4405975341797
-1046.1007080078125 -217.41720581054688
-1047.8690185546875 -219.40773010253906
-1049.8621826171875 -220.8115997314453
-1047.8621826171875 -222.8035430908203
-1049.8526611328125 -224.11802673339844
-1047.856689453125 -226.01824951171875
-1049.8427734375 -227.7034149169922
-1048.029541015625 -229.6720428466797
-1049.8043212890625 -229.884521484375
-1047.815185546875 -231.82003784179688
-1049.7412109375 -233.49647521972656
-1047.7462158203125 -235.4886016845703
-1047.1099853515625 -237.38601684570312
-1049.0941162109375 -238.51734924316406
-1047.1060791015625 -240.4507293701172
-1049.101806640625 -242.26791381835938
-1047.138671875 -244.2660369873047
-1049.106201171875 -243.0096893310547
-1047.260986328125 -244.87908935546875
-1049.2535400390625 -244.55418395996094
-1047.282958984375 -246.4640655517578
-1049.2711181640625 -246.37481689453125
-1047.2845458984375 -248.24989318847656
-1049.256591796875 -249.89324951171875
-1051.2509765625 -250.6205596923828
-1049.2791748046875 -252.5355224609375
-1051.0728759765625 -254.31500244140625
-1049.0740966796875 -256.1553955078125
-1047.1456298828125 -256.6307678222656
-1048.9912109375 -257.60235595703125
-1050.85205078125 -258.9279479980469
-1051.544921875 -260.9051208496094
-1049.8292236328125 -262.8198547363281
-1051.08154296875 -264.7402648925781
-1049.266845703125 -266.57843017578125
-1047.3284912109375 -268.0372619628906
-1049.3072509765625 -269.51007080078125
-1048.6513671875 -271.2944641113281
-1047.200927734375 -272.9148254394531
-1049.14697265625 -274.4403991699219
-1051.1314697265625 -275.3869934082031
-1049.6544189453125 -277.37445068359375
-1047.7618408203125 -278.21099853515625
-1049.7127685546875 -278.5375671386719
-1049.9195556640625 -280.2515563964844
-1050.7086181640625 -282.0861511230469
-1049.6744384765625 -282.59039306640625
-1048.6422119140625 -284.3573913574219
-1050.5928955078125 -286.19696044921875
-1049.8785400390625 -287.70050048828125
-1051.3446044921875 -289.0616149902344
-1052.5587158203125 -290.8601989746094
-1054.440673828125 -292.83624267578125
-1053.5452880859375 -294.5877990722656
-1055.437744140625 -296.5391540527344
-1053.772216796875 -298.0095520019531
-1055.4044189453125 -299.52154541015625
-1054.4097900390625 -301.2242431640625
-1053.0740966796875 -303.1223449707031
-1054.2044677734375 -305.08367919921875
-1056.177001953125 -307.05810546875
-1055.63916015625 -309.0555114746094
-1057.5433349609375 -310.96527099609375
-1059.4796142578125 -308.9699401855469
-1061.4776611328125 -310.9658508300781
-1063.3670654296875 -312.9549865722656
-1065.3662109375 -311.01727294921875
-1066.6053466796875 -313.0003662109375
-1068.5975341796875 -311.09307861328125
-1070.5709228515625 -312.7998352050781
-1072.1962890625 -310.80352783203125
-1072.714111328125 -312.34234619140625
-1074.6663818359375 -310.3470153808594
-1076.4100341796875 -312.34619140625
-1078.312744140625 -310.3481750488281
-1080.3065185546875 -312.2914123535156
-1082.051513671875 -310.29595947265625
-1083.404052734375 -312.2655029296875
-1085.3822021484375 -310.2673645019531
-1087.3790283203125 -308.2735900878906
-1089.3740234375 -310.136962890625
-1091.3607177734375 -308.23583984375
-1093.256591796875 -310.21160888671875
-1095.220458984375 -312.2045593261719
-1097.1683349609375 -310.2122497558594
-1098.955322265625 -312.1997375488281
-1100.93994140625 -310.2294006347656
-1102.9298095703125 -308.30255126953125
-1104.9271240234375 -310.2982482910156
-1106.7293701171875 -312.294677734375
-1108.72509765625 -310.7589416503906
-1110.5877685546875 -312.7572021484375
-1112.58740234375 -311.2479248046875
-1112.76904296875 -313.246826171875
-1113.9254150390625 -315.24407958984375
-1115.883056640625 -313.32025146484375
-1117.801025390625 -315.320068359375
-1119.369873046875 -313.34259033203125
-1121.227294921875 -311.5985412597656
-1123.1981201171875 -313.5982666015625
-1125.147216796875 -311.6289367675781
-1127.0040283203125 -313.6286926269531
-1128.851806640625 -311.6537780761719
-1130.830810546875 -313.6537780761719
-1132.824951171875 -311.78375244140625
-1134.8218994140625 -313.78369140625
-1136.8197021484375 -311.7991638183594
-1138.33642578125 -313.7986755371094
-1140.3360595703125 -311.81988525390625
-1142.304443359375 -313.8197326660156
-1144.2513427734375 -312.0462951660156
-1146.251220703125 -310.0483093261719
-1148.251220703125 -308.05755615234375
-1150.24560546875 -306.0772399902344
-1151.768798828125 -308.07720947265625
