-1013.2264404296875 -171.1578369140625
-1011.4774169921875 -173.1556854248047
-1013.4653930664062 -175.1416778564453
-1011.7062377929688 -177.1382293701172
-1013.7042236328125 -178.6931915283203
-1011.8847045898438 -180.68104553222656
-1013.878173828125 -182.51747131347656
-1011.9151611328125 -184.51170349121094
-1013.9150390625 -186.40675354003906
-1014.3092651367188 -188.37757873535156
-1012.4522705078125 -190.36390686035156
-1014.4468383789062 -192.31761169433594
-1012.9213256835938 -194.3158416748047
-1014.895263671875 -196.3131103515625
-1013.478515625 -198.31004333496094
-1015.259521484375 -200.30616760253906
-1013.3941040039062 -202.2604217529297
-1011.45361328125 -204.25466918945312
-1013.4534912109375 -206.22189331054688
-1011.4632568359375 -208.2198486328125
-1013.4620361328125 -210.21580505371094
-1011.962646484375 -212.21426391601562
-1013.9568481445312 -214.17710876464844
-1015.9532470703125 -212.3551025390625
-1017.813232421875 -214.3550567626953
-1019.7042846679688 -216.35479736328125
-1021.66455078125 -214.47647094726562
-1023.0623168945312 -216.47645568847656
-1025.0621337890625 -214.61532592773438
-1024.8546142578125 -216.6142578125
-1026.850830078125 -214.847900390625
-1028.7120361328125 -216.847900390625
-1030.709228515625 -215.14376831054688
-1032.6336669921875 -217.1436309814453
-1034.5899658203125 -215.3702392578125
-1036.47998046875 -217.37022399902344
-1038.4591064453125 -217.7613983154297
-1040.45751953125 -216.04238891601562
-1041.1612548828125 -218.04237365722656
-1043.158935546875 -219.14772033691406
-1045.1578369140625 -218.59744262695312
-1047.15771484375 -220.49945068359375
-1049.157470703125 -222.4271240234375
-1047.19384765625 -224.41909790039062
-1049.1907958984375 -226.32899475097656
-1051.1884765625 -228.29812622070312
-1050.005859375 -230.2821807861328
-1049.700439453125 -232.27890014648438
-1050.701416015625 -234.2568817138672
-1049.3175048828125 -236.25636291503906
-1048.1768798828125 -238.029296875
-1050.1767578125 -240.01260375976562
-1050.65625 -241.96836853027344
-1048.8565673828125 -243.93252563476562
-1047.009765625 -245.927490234375
-1049.0081787109375 -247.2967071533203
-1051.00732421875 -248.7352294921875
-1049.142822265625 -250.72779846191406
-1051.1422119140625 -252.67080688476562
-1050.274169921875 -253.94076538085938
-1050.0234375 -255.61245727539062
-1048.5576171875 -256.796142578125
-1050.55615234375 -258.67376708984375
-1048.6055908203125 -260.1415100097656
-1050.60400390625 -262.13482666015625
-1049.2642822265625 -263.62774658203125
-1047.6138916015625 -265.50042724609375
-1049.6126708984375 -263.9844970703125
-1047.623779296875 -265.93890380859375
-1049.6182861328125 -264.6539306640625
-1047.6766357421875 -266.6243896484375
-1049.67333984375 -265.4998474121094
-1047.715087890625 -267.3768310546875
-1049.7127685546875 -265.54608154296875
-1047.7359619140625 -267.3441162109375
-1049.708984375 -265.67633056640625
-1048.2705078125 -267.4963684082031
-1050.2584228515625 -265.90728759765625
-1048.581787109375 -267.17071533203125
-1050.5802001953125 -265.5586242675781
-1050.227783203125 -267.3504638671875
-1048.2774658203125 -269.042724609375
-1050.140380859375 -269.55328369140625
-1048.2236328125 -270.0832214355469
-1050.203857421875 -271.1040954589844
-1048.32080078125 -273.03924560546875
-1050.3045654296875 -272.78167724609375
-1048.491943359375 -274.388916015625
-1050.4910888671875 -273.73541259765625
-1048.5399169921875 -275.6409606933594
-1050.4420166015625 -276.19232177734375
-1048.56298828125 -275.65240478515625
-1050.5531005859375 -275.25640869140625
-1048.61572265625 -277.0916442871094
-1050.6156005859375 -276.8273620605469
-1050.514892578125 -278.2731018066406
-1048.77197265625 -279.21160888671875
-1050.75732421875 -280.7012939453125
-1049.1744384765625 -282.4906311035156
-1048.515380859375 -284.00048828125
-1050.5091552734375 -285.6768798828125
-1048.530029296875 -285.21624755859375
-1046.643310546875 -286.9051513671875
-1048.6414794921875 -288.8752136230469
-1049.146728515625 -290.38201904296875
-1048.935302734375 -292.3686218261719
-1050.1727294921875 -294.3670349121094
-1049.45556640625 -296.0255432128906
-1050.9979248046875 -297.298828125
-1049.1168212890625 -298.6597900390625
-1049.8272705078125 -298.3525695800781
-1049.835205078125 -300.28216552734375
-1047.858642578125 -301.8283996582031
-1049.85595703125 -302.7182922363281
-1049.193359375 -304.407958984375
-1050.953369140625 -305.6730651855469
-1049.6776123046875 -307.5753173828125
-1051.677490234375 -305.583984375
-1050.399169921875 -307.38470458984375
-1052.3424072265625 -309.38427734375
-1054.3424072265625 -307.3878479003906
-1053.7784423828125 -309.3828430175781
-1055.7066650390625 -311.38031005859375
-1057.7056884765625 -309.3835754394531
-1059.1649169921875 -311.3823547363281
-1061.1646728515625 -309.38275146484375
-1062.938720703125 -311.38116455078125
-1064.8848876953125 -313.3808288574219
-1066.8155517578125 -311.38916015625
-1068.78076171875 -313.37994384765625
-1070.775634765625 -311.3847351074219
-1070.8214111328125 -313.3844909667969
-1072.820556640625 -311.3848571777344
-1074.796630859375 -313.38397216796875
-1076.7950439453125 -311.38616943359375
-1078.787353515625 -309.3953552246094
-1080.780517578125 -311.3941650390625
-1082.7802734375 -309.4112854003906
-1084.7791748046875 -311.4095153808594
-1086.77734375 -309.4109191894531
-1088.775390625 -307.6856689453125
-1090.7674560546875 -309.6854553222656
-1092.7177734375 -311.6843566894531
-1094.716796875 -309.7029724121094
-1096.702880859375 -311.69970703125
-1098.7015380859375 -309.7007751464844
-1100.6951904296875 -311.6999206542969
-1102.6944580078125 -309.7227783203125
-1104.67431640625 -311.722412109375
-1106.673095703125 -309.79241943359375
-1108.5279541015625 -311.7856140136719
-1110.514404296875 -310.5534973144531
-1112.4652099609375 -312.55126953125
-1114.42431640625 -314.55035400390625
-1116.4232177734375 -312.66815185546875
-1115.5076904296875 -314.6679992675781
-1117.31640625 -312.6833801269531
-1119.191162109375 -314.6824645996094
-1121.1796875 -312.75006103515625
-1123.0491943359375 -314.7484130859375
-1125.043212890625 -312.8002624511719
-1127.0159912109375 -310.81427001953125
-1129.008544921875 -312.81378173828125
-1130.982666015625 -310.8890075683594
-1132.8507080078125 -312.8889465332031
-1134.571044921875 -312.234375
-1136.22607421875 -314.23419189453125
-1138.1099853515625 -313.7532958984375
-1139.9151611328125 -314.6446838378906
-1141.9056396484375 -312.8602600097656
-1143.5987548828125 -312.2217102050781
-1145.2874755859375 -310.6187438964844
-1145.3326416015625 -310.5625305175781
-1146.27294921875 -310.17144775390625
-1146.2657470703125 -308.9320068359375
-1145.859375 -310.5372619628906
-1146.616455078125 -309.2195739746094
-1146.1287841796875 -307.7021484375
-1148.098876953125 -309.5765686035156
-1148.322509765625 -309.43597412109375
-1149.98583984375 -308.8525085449219
