-1014.27001953125 -171.08596801757812
-1014.331298828125 -172.15020751953125
-1016.2009887695312 -174.14407348632812
-1015.0736083984375 -176.11341857910156
-1015.9890747070312 -177.95921325683594
-1014.7916259765625 -179.9562225341797
-1014.3309936523438 -181.9274139404297
-1012.3448486328125 -183.90591430664062
-1013.3170776367188 -185.68821716308594
-1015.2069702148438 -187.68521118164062
-1014.8650512695312 -189.61656188964844
-1016.0912475585938 -191.56520080566406
-1014.8590698242188 -193.55929565429688
-1016.3407592773438 -195.2021484375
-1015.288330078125 -197.19703674316406
-1016.5573120117188 -199.18255615234375
-1016.7229614257812 -201.03900146484375
-1017.666015625 -203.02529907226562
-1018.1263427734375 -205.02252197265625
-1017.0984497070312 -206.3081512451172
-1016.5623168945312 -208.25567626953125
-1018.4857177734375 -210.2236785888672
-1020.4838256835938 -212.2235107421875
-1022.4801635742188 -214.22142028808594
-1024.4722900390625 -216.2205810546875
-1023.0537719726562 -216.12063598632812
-1023.7266845703125 -216.1764373779297
-1024.676025390625 -214.40818786621094
-1026.6708984375 -216.39797973632812
-1028.150634765625 -215.86264038085938
-1027.2017822265625 -213.9124755859375
-1029.20068359375 -215.91244506835938
-1028.8023681640625 -214.31224060058594
-1030.79248046875 -216.3121337890625
-1032.015625 -214.54891967773438
-1034.01025390625 -216.5486297607422
-1033.7513427734375 -215.27801513671875
-1035.7508544921875 -217.27565002441406
-1037.584228515625 -217.34649658203125
-1035.794921875 -215.8299102783203
-1035.5203857421875 -214.81211853027344
-1037.4110107421875 -216.80850219726562
-1035.767333984375 -215.4909210205078
-1037.57666015625 -214.322998046875
-1039.5758056640625 -216.32110595703125
-1039.4056396484375 -214.62025451660156
-1041.4027099609375 -216.6200714111328
-1043.3892822265625 -218.61988830566406
-1045.30078125 -220.39724731445312
-1047.2725830078125 -222.36546325683594
-1049.2640380859375 -224.3626251220703
-1047.4482421875 -226.19288635253906
-1049.4256591796875 -228.1927947998047
-1047.608154296875 -230.17738342285156
-1049.599365234375 -232.1771697998047
-1048.4466552734375 -234.06961059570312
-1050.4459228515625 -236.06959533691406
-1048.5631103515625 -237.76292419433594
-1050.5631103515625 -239.76028442382812
-1048.902587890625 -240.1529998779297
-1046.9266357421875 -241.98574829101562
-1048.9239501953125 -243.9856719970703
-1047.09326171875 -245.4215545654297
-1049.0255126953125 -247.30996704101562
-1051.0126953125 -249.30308532714844
-1051.4351806640625 -251.2003631591797
-1050.15673828125 -252.81787109375
-1048.4388427734375 -253.31820678710938
-1050.4351806640625 -255.311279296875
-1048.443115234375 -257.1520690917969
-1050.442138671875 -259.1513671875
-1048.866455078125 -258.8451232910156
-1050.822021484375 -260.8451232910156
-1048.83056640625 -262.2728576660156
-1048.27734375 -263.73553466796875
-1050.26953125 -265.73553466796875
-1049.43896484375 -266.7777099609375
-1048.1019287109375 -268.57098388671875
-1050.0987548828125 -270.5675048828125
-1048.4295654296875 -271.7013244628906
-1050.425048828125 -273.692138671875
-1050.497314453125 -275.6679382324219
-1049.0841064453125 -274.9120788574219
-1051.050537109375 -276.9110412597656
-1049.613037109375 -278.791259765625
-1049.097900390625 -279.8389587402344
-1051.097412109375 -281.8387451171875
-1049.669189453125 -283.0036315917969
-1047.7530517578125 -284.96649169921875
-1049.7418212890625 -286.9664306640625
-1047.8353271484375 -287.5563049316406
-1046.4754638671875 -289.18951416015625
-1048.4696044921875 -291.18951416015625
-1049.560302734375 -293.1121826171875
-1051.534423828125 -295.1119079589844
-1052.72412109375 -293.89129638671875
-1051.1029052734375 -293.0645446777344
-1053.095947265625 -295.06201171875
-1051.7464599609375 -297.0429992675781
-1051.6595458984375 -297.3365478515625
-1052.7901611328125 -297.6648864746094
-1054.27685546875 -299.55621337890625
-1052.8780517578125 -300.92620849609375
-1052.96533203125 -300.2864990234375
-1052.0543212890625 -299.4361572265625
-1050.1143798828125 -301.27520751953125
-1049.8792724609375 -300.47113037109375
-1048.472900390625 -299.6564636230469
-1048.3399658203125 -300.4876708984375
-1046.8648681640625 -302.3049011230469
-1048.864501953125 -304.3044128417969
-1047.7772216796875 -303.9510192871094
-1048.775390625 -305.62579345703125
-1049.90283203125 -307.6229248046875
-1051.884521484375 -305.6790771484375
-1053.6585693359375 -307.6629943847656
-1054.6346435546875 -309.6611328125
-1056.1881103515625 -311.66094970703125
-1057.924072265625 -310.2813415527344
-1059.9222412109375 -312.2781982421875
-1061.7860107421875 -310.3685607910156
-1062.5694580078125 -312.36834716796875
-1063.0850830078125 -310.5966491699219
-1065.0809326171875 -312.5965881347656
-1067.0228271484375 -310.9805603027344
-1069.011474609375 -312.9805603027344
-1069.75146484375 -311.01531982421875
-1071.679931640625 -313.0151062011719
-1071.5408935546875 -311.0444030761719
-1073.5194091796875 -313.0443420410156
-1074.344970703125 -311.2359924316406
-1076.2108154296875 -313.2356262207031
-1078.203857421875 -311.4923095703125
-1079.7174072265625 -309.69781494140625
-1081.7139892578125 -311.6976623535156
-1083.67333984375 -310.4530944824219
-1085.4234619140625 -312.4519348144531
-1086.95166015625 -310.8923645019531
-1088.4444580078125 -308.95538330078125
-1090.110107421875 -310.9551696777344
-1092.0374755859375 -308.97705078125
-1093.7376708984375 -310.9765930175781
-1093.084228515625 -309.12152099609375
-1094.7562255859375 -311.1212463378906
-1096.7242431640625 -309.176513671875
-1098.717529296875 -311.1764831542969
-1100.4329833984375 -309.7176513671875
-1102.392822265625 -311.71759033203125
-1104.168212890625 -310.0286865234375
-1106.1588134765625 -312.02850341796875
-1107.940185546875 -313.7684020996094
-1109.9052734375 -315.7174987792969
-1111.90234375 -317.4527282714844
-1113.901123046875 -319.44097900390625
-1115.45703125 -319.5500183105469
-1114.147216796875 -318.0061340332031
-1112.626220703125 -316.77044677734375
-1111.8076171875 -314.78302001953125
-1113.739990234375 -316.673828125
-1112.0389404296875 -314.678955078125
-1114.03125 -316.6583557128906
-1114.361572265625 -314.9501037597656
-1114.779296875 -313.0458068847656
-1116.565185546875 -315.0439453125
-1118.005859375 -313.0873718261719
-1119.9730224609375 -315.0873107910156
-1121.042724609375 -315.3299560546875
-1122.39697265625 -314.2946472167969
-1122.6876220703125 -313.341064453125
-1124.4642333984375 -313.8298034667969
-1126.2471923828125 -313.0376281738281
-1125.314697265625 -312.0416259765625
-1126.80419921875 -314.0408630371094
-1126.1973876953125 -312.9779968261719
-1126.952880859375 -312.53790283203125
-1128.6920166015625 -311.3755798339844
-1130.666748046875 -313.37554931640625
-1132.4300537109375 -311.8966979980469
-1134.2884521484375 -313.8966369628906
-1134.4354248046875 -313.4068603515625
-1135.2476806640625 -312.8275146484375
-1136.8504638671875 -314.3489990234375
-1138.094970703125 -315.96160888671875
-1139.3228759765625 -315.48883056640625
-1141.201904296875 -317.45880126953125
