-1103.61962890625 12.638110160827637
-1102.473876953125 10.668209075927734
-1100.480224609375 12.667983055114746
-1099.0797119140625 10.689779281616211
-1097.0877685546875 12.6650390625
-1096.0523681640625 10.762307167053223
-1094.1033935546875 12.762287139892578
-1092.10791015625 14.761972427368164
-1090.108642578125 16.761430740356445
-1088.1368408203125 14.806538581848145
-1086.1539306640625 12.830294609069824
-1084.1588134765625 14.830118179321289
-1082.212158203125 12.867532730102539
-1080.212890625 14.866981506347656
-1078.5137939453125 12.870516777038574
-1076.513916015625 14.870454788208008
-1074.6195068359375 12.875317573547363
-1072.62060546875 14.875279426574707
-1070.6221923828125 12.881783485412598
-1068.6224365234375 14.881314277648926
-1066.71826171875 12.943784713745117
-1064.7210693359375 14.943766593933105
-1062.744384765625 12.95009708404541
-1060.7489013671875 14.949896812438965
-1058.758056640625 12.96542739868164
-1056.7591552734375 14.964826583862305
-1054.94970703125 12.965145111083984
-1052.9505615234375 14.964215278625488
-1050.9725341796875 12.977056503295898
-1048.9727783203125 14.975377082824707
-1047.0291748046875 12.981175422668457
-1045.0299072265625 14.979941368103027
-1043.035888671875 12.98841381072998
-1041.037841796875 14.987963676452637
-1039.7965087890625 12.988201141357422
-1037.8214111328125 14.987776756286621
-1035.8216552734375 16.98769187927246
-1037.7099609375 14.991578102111816
-1035.71337890625 16.99155616760254
-1036.43701171875 15.02789306640625
-1034.43798828125 17.02751350402832
-1032.8577880859375 15.027725219726562
-1030.91455078125 13.02790641784668
-1028.962158203125 15.027787208557129
-1027.4315185546875 13.030229568481445
-1025.431640625 15.029616355895996
-1023.5010986328125 13.030192375183105
-1021.5126953125 15.028040885925293
-1020.0496826171875 13.028711318969727
-1018.0501708984375 15.028607368469238
-1016.0803833007812 13.028703689575195
-1015.5286865234375 11.02947998046875
-1013.5292358398438 13.029035568237305
-1011.53271484375 11.029672622680664
-1009.5330810546875 13.027992248535156
-1007.7091674804688 11.028068542480469
-1005.7094116210938 13.027297019958496
-1003.73876953125 11.028586387634277
-1001.7388916015625 13.026467323303223
-999.7913208007812 11.02894401550293
-997.7913818359375 13.027862548828125
-995.8424072265625 11.030133247375488
-993.8425903320312 13.027863502502441
-991.84619140625 11.075727462768555
-989.84619140625 13.075653076171875
-987.8727416992188 11.07613754272461
-985.8827514648438 9.080318450927734
-983.8829956054688 11.058723449707031
-981.9523315429688 9.064037322998047
-979.9527587890625 11.063918113708496
-977.9652709960938 9.081086158752441
-979.6102294921875 10.785659790039062
-977.6419067382812 8.786530494689941
-978.1682739257812 10.601506233215332
-976.2799072265625 12.109647750854492
-974.3858642578125 10.11245059967041
-972.3873291015625 12.111252784729004
-970.3875122070312 14.076120376586914
-968.4903564453125 12.076190948486328
-966.4905395507812 14.07614517211914
-964.52392578125 12.090819358825684
-962.5239868164062 14.089410781860352
-960.5245361328125 12.092602729797363
-958.5245361328125 14.091704368591309
-956.5293579101562 12.091856956481934
-954.5296630859375 14.090630531311035
-952.9295654296875 12.090897560119629
-950.931640625 14.088099479675293
-948.9346923828125 12.088157653808594
-946.9837036132812 10.089168548583984
-944.9851684570312 12.062849998474121
-942.9983520507812 10.063075065612793
-940.9993286132812 12.063006401062012
-938.9993896484375 14.062564849853516
-937.0072631835938 12.062880516052246
-935.0072631835938 14.06205940246582
-933.0125732421875 12.063472747802734
-931.0159301757812 14.058091163635254
-929.0161743164062 12.058184623718262
-927.0162963867188 14.057722091674805
-925.1260375976562 12.058853149414062
-923.1466674804688 14.053598403930664
-921.14794921875 12.054450988769531
-919.1508178710938 10.05494213104248
-917.15087890625 12.038908958435059
-915.1689453125 10.043543815612793
-913.174072265625 8.063505172729492
-911.1744384765625 9.980066299438477
-909.176025390625 7.980431079864502
-907.2499389648438 9.285927772521973
-905.3013916015625 11.279190063476562
-903.3031005859375 13.134044647216797
-901.3246459960938 11.135364532470703
-899.3264770507812 13.116425514221191
-897.32763671875 11.118949890136719
-895.331298828125 12.041481018066406
-893.3380737304688 10.0426025390625
-891.3382568359375 12.003783226013184
-889.3411254882812 10.003945350646973
-887.3731079101562 11.948058128356934
-885.3738403320312 10.686694145202637
-883.3794555664062 10.712996482849121
-881.40380859375 9.541217803955078
-879.4169921875 11.454899787902832
-877.5543212890625 9.81821346282959
-875.5578002929688 11.657139778137207
-873.5751342773438 10.291543960571289
-871.6162109375 10.913268089294434
-869.7391967773438 10.030643463134766
-868.3946533203125 8.740165710449219
-866.45703125 10.024163246154785
-864.5390014648438 10.570172309875488
-863.1701049804688 9.143016815185547
-862.4750366210938 8.87004280090332
-860.87548828125 7.642679214477539
-859.5783081054688 8.10607624053955
-858.153076171875 7.892036437988281
-856.575927734375 6.134072780609131
-854.6231079101562 6.319454193115234
-855.2611694335938 5.161147117614746
-853.3316040039062 5.711017608642578
-854.8690795898438 6.883199691772461
-853.036865234375 8.236769676208496
-851.0859985351562 8.82125473022461
-851.6061401367188 7.031822681427002
-851.270751953125 6.068200588226318
-849.9002685546875 7.799025058746338
-850.3399658203125 5.949517726898193
-848.3871459960938 7.504935264587402
-847.32763671875 7.53786563873291
-845.94580078125 7.133780479431152
-846.8939819335938 7.630029201507568
-845.028564453125 8.712394714355469
-844.6984252929688 7.150588512420654
-843.098876953125 6.312258720397949
-841.1073608398438 5.995645999908447
-839.1085205078125 4.028926372528076
-837.1461791992188 2.173774242401123
-835.172119140625 0.17514543235301971
-833.1740112304688 -1.814307451248169
-835.0433959960938 -2.285050868988037
-833.0458984375 -4.269124507904053
-834.9838256835938 -3.650808334350586
-833.0289916992188 -5.64971399307251
-834.93798828125 -6.20803165435791
-832.9512939453125 -8.207589149475098
-834.9276733398438 -8.161468505859375
-832.9747314453125 -10.14537239074707
-834.5044555664062 -9.47719955444336
-832.5675048828125 -11.467511177062988
-832.3798217773438 -11.269250869750977
-834.3663940429688 -10.658031463623047
-832.3819580078125 -12.646215438842773
-834.349609375 -11.319272994995117
-835.886474609375 -9.552397727966309
-833.923095703125 -11.550358772277832
-835.880126953125 -13.129610061645508
