-1103.60107421875 12.638114929199219
-1101.60107421875 10.660947799682617
-1099.60107421875 12.6609468460083
-1097.601318359375 10.662139892578125
-1095.60205078125 12.662109375
-1093.6021728515625 14.662109375
-1091.602294921875 16.662109375
-1089.6024169921875 14.673701286315918
-1087.6025390625 12.677560806274414
-1085.6025390625 14.677560806274414
-1083.602783203125 12.679374694824219
-1081.6029052734375 14.679373741149902
-1079.6029052734375 12.680107116699219
-1077.60302734375 14.680107116699219
-1075.603515625 12.68673324584961
-1073.6036376953125 14.68673324584961
-1071.60400390625 12.689102172851562
-1069.60400390625 14.689101219177246
-1067.6041259765625 12.69003677368164
-1065.604248046875 14.69003677368164
-1063.60546875 12.690725326538086
-1061.6055908203125 14.69072437286377
-1059.6072998046875 12.692741394042969
-1057.6075439453125 14.692740440368652
-1055.6568603515625 12.692971229553223
-1053.657470703125 14.692965507507324
-1051.6578369140625 12.693202018737793
-1049.657958984375 14.693198204040527
-1047.658203125 12.693546295166016
-1045.66357421875 14.693534851074219
-1043.6751708984375 12.69442367553711
-1041.737548828125 14.694405555725098
-1039.73779296875 12.695899963378906
-1037.73779296875 14.695710182189941
-1036.3287353515625 16.686458587646484
-1034.5152587890625 14.700024604797363
-1032.5208740234375 16.699918746948242
-1030.5234375 14.701003074645996
-1028.5306396484375 12.701218605041504
-1026.5338134765625 14.701208114624023
-1024.534912109375 12.70132827758789
-1022.5596313476562 14.700438499450684
-1020.5630493164062 12.700616836547852
-1018.5670166015625 14.700238227844238
-1016.5670776367188 12.70057487487793
-1014.56982421875 14.69810962677002
-1012.5698852539062 12.699041366577148
-1010.5702514648438 10.699165344238281
-1008.5748291015625 12.698572158813477
-1006.575439453125 10.699047088623047
-1004.586669921875 12.697796821594238
-1002.590576171875 10.697877883911133
-1000.6217041015625 12.690356254577637
-998.6295776367188 10.69047737121582
-996.7437744140625 12.68578815460205
-994.7542114257812 10.685874938964844
-993.0657958984375 12.682418823242188
-991.06591796875 10.682433128356934
-989.0670166015625 12.652264595031738
-987.0679931640625 10.652295112609863
-985.0706176757812 8.652400970458984
-983.0706787109375 10.62325382232666
-981.0802612304688 8.623257637023926
-981.0945434570312 10.414566993713379
-979.1004638671875 8.414575576782227
-977.1218872070312 10.412568092346191
-975.6119384765625 12.135634422302246
-973.6149291992188 10.135639190673828
-971.6626586914062 12.1138916015625
-969.6686401367188 14.021078109741211
-967.6690063476562 12.021225929260254
-965.6791381835938 14.021035194396973
-963.6792602539062 12.021049499511719
-961.6796875 14.020862579345703
-959.6797485351562 12.020883560180664
-957.688232421875 14.019844055175781
-955.6885986328125 12.019869804382324
-953.690673828125 14.019305229187012
-951.690673828125 12.019671440124512
-949.6907958984375 10.019676208496094
-947.6908569335938 12.010403633117676
-945.6910400390625 10.01044750213623
-944.610595703125 11.426196098327637
-942.610595703125 9.42623519897461
-940.6141357421875 11.425048828125
-938.6144409179688 13.383065223693848
-936.615234375 11.383081436157227
-934.6895141601562 13.354689598083496
-932.690185546875 11.354697227478027
-930.6973266601562 13.283910751342773
-928.6975708007812 11.283912658691406
-926.7013549804688 13.258672714233398
-924.701416015625 11.258676528930664
-922.7015380859375 11.954075813293457
-920.7659301757812 10.84335708618164
-918.7664794921875 10.669021606445312
-916.7664794921875 9.819830894470215
-914.7695922851562 9.037997245788574
-912.7696533203125 7.078723907470703
-910.7696533203125 5.215145587921143
-908.7709350585938 3.450075626373291
-907.1982421875 1.459810733795166
-907.2984008789062 -0.49521705508232117
-906.0655517578125 -2.471235990524292
-904.9606323242188 -4.307669639587402
-906.0797729492188 -6.014123439788818
-907.4236450195312 -7.7992377281188965
-909.1708984375 -9.79610824584961
-909.2915649414062 -11.79560375213623
-907.43212890625 -13.773921966552734
-905.67333984375 -15.642409324645996
-907.5540161132812 -17.549503326416016
-909.3633422851562 -19.53204345703125
-910.6863403320312 -21.531911849975586
-911.8817749023438 -23.531543731689453
-910.240966796875 -25.50900650024414
-910.68896484375 -27.482078552246094
-909.9241943359375 -29.478227615356445
-910.13134765625 -31.4604549407959
-909.1145629882812 -33.456329345703125
-910.8257446289062 -35.45474624633789
-909.1210327148438 -37.41010284423828
-911.0325927734375 -39.407039642333984
-909.4320068359375 -41.26040267944336
-908.1444702148438 -43.250919342041016
-907.5029907226562 -45.247032165527344
-907.3546752929688 -47.23778533935547
-908.294921875 -49.04270935058594
-908.0997314453125 -51.027671813964844
-909.7520751953125 -52.73893737792969
-908.7030639648438 -54.732601165771484
-907.7167358398438 -56.729705810546875
-905.7247924804688 -58.72954559326172
-903.725830078125 -59.78730773925781
-901.7273559570312 -59.686580657958984
-899.7274780273438 -59.856666564941406
-897.7289428710938 -59.29752731323242
-895.73291015625 -61.29692840576172
-893.7349853515625 -62.03697204589844
-891.7359008789062 -61.194541931152344
-889.7364501953125 -61.07358169555664
-887.7365112304688 -61.052040100097656
-885.737548828125 -60.584739685058594
-883.747802734375 -60.97562789916992
-881.7479858398438 -60.49547576904297
-879.7496948242188 -59.86309814453125
-877.928466796875 -61.86295700073242
-875.9324951171875 -60.35931396484375
-873.9326171875 -60.946895599365234
-871.9512329101562 -60.727134704589844
-869.9702758789062 -60.21220779418945
