-1103.603759765625 12.562867164611816
-1101.618896484375 10.563594818115234
-1099.62158203125 10.56857967376709
-1097.648193359375 8.708158493041992
-1098.1397705078125 10.68793773651123
-1096.145751953125 12.597159385681152
-1094.2095947265625 14.284733772277832
-1092.215576171875 13.927587509155273
-1090.2230224609375 15.234293937683105
-1088.378173828125 13.237939834594727
-1086.3807373046875 13.824954986572266
-1084.3956298828125 15.084930419921875
-1082.40234375 13.10008430480957
-1080.421630859375 14.447038650512695
-1078.427001953125 12.456847190856934
-1076.4449462890625 13.199358940124512
-1074.44873046875 13.703052520751953
-1072.44970703125 14.886608123779297
-1070.4578857421875 12.887859344482422
-1068.4630126953125 14.784871101379395
-1066.46484375 12.78640365600586
-1064.4658203125 12.781875610351562
-1062.4847412109375 11.216593742370605
-1060.5419921875 13.09593677520752
-1058.55810546875 14.351664543151855
-1056.5596923828125 12.35370922088623
-1054.5601806640625 13.770223617553711
-1052.5606689453125 11.772514343261719
-1050.5618896484375 13.425834655761719
-1048.562255859375 14.58060359954834
-1046.563232421875 12.58094596862793
-1044.5653076171875 12.039298057556152
-1042.5687255859375 12.050076484680176
-1040.572998046875 12.204886436462402
-1038.5748291015625 11.617667198181152
-1036.5751953125 9.921039581298828
-1035.552490234375 11.908361434936523
-1033.5948486328125 13.799871444702148
-1031.606201171875 15.740978240966797
-1029.63037109375 13.755512237548828
-1027.6322021484375 15.44356632232666
-1025.647216796875 13.543302536010742
-1023.6563110351562 13.432494163513184
-1021.6592407226562 15.104621887207031
-1019.8189086914062 13.114163398742676
-1017.8280639648438 13.453529357910156
-1015.8406372070312 11.4605131149292
-1013.8441162109375 13.325859069824219
-1011.8455200195312 11.45462417602539
-1009.8467407226562 11.110750198364258
-1007.8518676757812 10.300777435302734
-1005.8535766601562 10.444327354431152
-1003.8563232421875 9.344526290893555
-1001.9686889648438 10.1299467086792
-999.9696655273438 11.768745422363281
-997.9714965820312 10.9183349609375
-995.9718017578125 11.710684776306152
-993.9805297851562 9.725153923034668
-992.0089111328125 10.419679641723633
-990.0108032226562 8.965496063232422
-988.0111083984375 8.543476104736328
-986.0167846679688 8.217217445373535
-984.0169677734375 8.30883502960205
-982.01806640625 7.762115478515625
-980.1129760742188 6.372706890106201
-978.116455078125 8.006162643432617
-980.109375 8.061468124389648
-978.1790771484375 7.680212020874023
-976.2428588867188 7.766851902008057
-978.2142944335938 9.202576637268066
-980.201904296875 10.43639087677002
-978.2031860351562 8.439873695373535
-980.20263671875 8.857542037963867
-978.2422485351562 10.604249000549316
-979.0569458007812 12.130437850952148
-977.0625 10.133538246154785
-975.4710693359375 9.343867301940918
-975.0398559570312 11.023233413696289
-973.0914916992188 12.571300506591797
-971.0971069335938 12.52124309539795
-969.3469848632812 13.170343399047852
-967.3487548828125 11.172201156616211
-965.4069213867188 12.561580657958984
-963.4081420898438 13.986079216003418
-961.4113159179688 11.989713668823242
-959.463623046875 13.960578918457031
-957.4732666015625 11.962577819824219
-955.4788208007812 13.84935188293457
-954.1992797851562 11.857967376708984
-952.2014770507812 12.59078598022461
-950.206298828125 10.591279983520508
-948.2266845703125 11.397323608398438
-946.2484741210938 9.397960662841797
-944.9174194335938 10.237415313720703
-942.9517822265625 12.217440605163574
-940.95361328125 10.218034744262695
-938.9756469726562 12.156343460083008
-936.9760131835938 11.503955841064453
-934.981201171875 13.26242733001709
-932.984619140625 11.264132499694824
-931.0354614257812 13.117104530334473
-929.0484619140625 11.119659423828125
-927.078369140625 12.92624282836914
-925.0796508789062 13.826990127563477
-923.0820922851562 11.829689979553223
-921.08740234375 10.69942569732666
-919.0938110351562 10.220033645629883
-917.0950317382812 8.58025074005127
-915.0960693359375 10.040973663330078
-913.0982055664062 8.043526649475098
-911.099365234375 6.966579914093018
-909.099365234375 6.077357292175293
-909.7944946289062 4.191649436950684
-911.0505981445312 4.2571516036987305
-909.0507202148438 3.8424696922302246
-910.6311645507812 1.8937039375305176
-908.6331787109375 -0.04848621413111687
-910.5186767578125 -1.7484995126724243
-908.5188598632812 -2.9977614879608154
-909.0830078125 -3.3463196754455566
-910.7807006835938 -3.71321177482605
-908.78076171875 -4.018536567687988
-910.6693725585938 -2.877147674560547
-908.6702880859375 -2.393170118331909
-910.1511840820312 -4.359180927276611
-911.8674926757812 -5.8416900634765625
-909.8680419921875 -7.406030178070068
-911.7509155273438 -7.982979774475098
-909.7514038085938 -9.514413833618164
-911.6581420898438 -9.765262603759766
-909.658935546875 -11.06058120727539
-910.5181884765625 -12.915125846862793
-908.521484375 -14.721663475036621
-909.67333984375 -14.826714515686035
-908.44140625 -15.815688133239746
-909.5903930664062 -17.396085739135742
-911.5748291015625 -19.225046157836914
-913.5617065429688 -21.19169044494629
-911.5617065429688 -23.190053939819336
-913.522216796875 -25.16345977783203
-915.0084228515625 -27.160451889038086
-915.228759765625 -29.12784767150879
-915.4122314453125 -31.023733139038086
-916.4264526367188 -33.016212463378906
-915.207763671875 -34.776180267333984
-916.4273681640625 -36.70252227783203
-914.9486694335938 -38.69071960449219
-914.2630004882812 -40.50063705444336
-912.79345703125 -42.417579650878906
-911.6112060546875 -44.38842010498047
-911.5626831054688 -45.90374755859375
-911.44140625 -47.66346740722656
-910.5866088867188 -49.38988494873047
-910.057861328125 -51.32904815673828
-908.179931640625 -53.00724792480469
-906.5768432617188 -54.93563461303711
-906.7709350585938 -56.81675338745117
-904.860107421875 -58.81615447998047
-902.9349975585938 -60.52145767211914
-901.0026245117188 -61.738460540771484
-899.047119140625 -63.43477249145508
-897.1016845703125 -65.17314147949219
-895.3438110351562 -63.39462661743164
-893.396240234375 -61.64617919921875
-892.2329711914062 -63.55802917480469
-891.03662109375 -63.64133071899414
-889.3062133789062 -63.73542022705078
-887.8372192382812 -62.660491943359375
-885.9959106445312 -62.139957427978516
-884.9844360351562 -63.898502349853516
-883.9279174804688 -64.8044204711914
-882.6298828125 -65.81464385986328
-880.7718505859375 -63.88690185546875
-882.1055908203125 -63.222068786621094
-880.7864379882812 -63.31735610961914
-880.5198364257812 -65.0028076171875
-879.760009765625 -63.42593765258789
-878.2051391601562 -62.11545181274414
-877.1207275390625 -62.589412689208984
-876.28076171875 -61.53358459472656
-875.671630859375 -62.32084274291992
-876.2390747070312 -62.10622024536133
-877.8953247070312 -63.349239349365234
-879.2110595703125 -64.64183807373047
-878.1886596679688 -64.92305755615234
-877.41943359375 -63.13512420654297
-876.8689575195312 -63.05636978149414
-878.0350341796875 -62.895606994628906
-877.6358642578125 -63.931148529052734
-876.9793701171875 -64.67646026611328
-875.9960327148438 -65.17794799804688
-874.9678344726562 -64.4947738647461
-873.23193359375 -64.7576904296875
-871.5271606445312 -65.88907623291016
-870.7538452148438 -64.5173110961914
-870.789306640625 -62.730472564697266
-869.024169921875 -60.883399963378906
