-1103.60107421875 11.218149185180664
-1101.60107421875 13.16321849822998
-1099.60107421875 11.165128707885742
-1097.60107421875 12.079358100891113
-1095.60107421875 14.0528564453125
-1093.60107421875 12.064779281616211
-1091.60107421875 14.02332878112793
-1089.60107421875 15.978239059448242
-1087.60107421875 14.005141258239746
-1085.60107421875 16.001840591430664
-1083.6011962890625 14.008001327514648
-1081.6011962890625 15.971945762634277
-1079.6011962890625 13.979174613952637
-1077.6011962890625 15.931700706481934
-1075.6011962890625 13.945023536682129
-1073.6011962890625 15.833141326904297
-1071.6011962890625 13.83698844909668
-1069.6011962890625 14.260509490966797
-1067.6011962890625 12.289355278015137
-1065.6011962890625 14.22631549835205
-1063.6015625 12.270539283752441
-1061.6015625 14.239681243896484
-1059.6015625 12.242925643920898
-1057.6015625 14.228218078613281
-1055.603515625 12.22872257232666
-1053.6036376953125 13.608452796936035
-1051.6036376953125 14.194207191467285
-1049.603759765625 12.330334663391113
-1047.603759765625 14.054110527038574
-1045.6038818359375 12.056652069091797
-1043.6038818359375 13.124960899353027
-1041.6038818359375 14.984663009643555
-1039.6038818359375 13.026737213134766
-1037.6038818359375 13.326462745666504
-1035.60400390625 15.266779899597168
-1033.659912109375 13.286153793334961
-1031.6611328125 15.17068099975586
-1029.6624755859375 13.17259407043457
-1027.6627197265625 14.521902084350586
-1025.6640625 12.524284362792969
-1023.6641845703125 11.447400093078613
-1021.6648559570312 13.32965087890625
-1019.6663208007812 13.995372772216797
-1017.6663208007812 11.998336791992188
-1015.6674194335938 13.229397773742676
-1013.667724609375 11.236984252929688
-1011.6677856445312 12.028472900390625
-1009.6678466796875 11.74081802368164
-1007.6678466796875 10.778964042663574
-1005.6679077148438 11.186059951782227
-1003.6695556640625 12.324222564697266
-1001.6695556640625 11.62014102935791
-999.6696166992188 11.795111656188965
-997.6699829101562 11.021377563476562
-995.6700439453125 12.633200645446777
-993.6705322265625 10.851228713989258
-991.6705932617188 9.467707633972168
-989.670654296875 11.406009674072266
-987.6771240234375 9.410394668579102
-985.6773071289062 10.95845890045166
-983.6863403320312 8.982333183288574
-981.6868896484375 7.091328144073486
-979.7005615234375 8.118731498718262
-977.7020874023438 9.916729927062988
-975.798828125 11.119980812072754
-973.801025390625 9.207539558410645
-971.98193359375 10.758624076843262
-970.01708984375 12.241986274719238
-968.017822265625 13.896769523620605
-966.0179443359375 11.905379295349121
-964.0195922851562 13.861624717712402
-962.0198364257812 11.869449615478516
-960.0200805664062 13.769976615905762
-958.0249633789062 11.782759666442871
-956.0263061523438 10.59677791595459
-954.047119140625 12.422334671020508
-952.0494384765625 10.440357208251953
-950.08447265625 12.361434936523438
-948.0875244140625 10.97135066986084
-946.097412109375 12.402209281921387
-944.1005859375 10.723262786865234
-943.13623046875 10.132625579833984
-941.141357421875 11.545677185058594
-939.1422119140625 13.520660400390625
-937.142578125 11.568982124328613
-935.6448364257812 13.511094093322754
-933.6504516601562 11.516325950622559
-931.75 13.473788261413574
-929.7554321289062 11.496671676635742
-927.768798828125 13.448715209960938
-925.7708129882812 11.479270935058594
-924.4067993164062 13.336211204528809
-922.407470703125 11.868158340454102
-920.4310913085938 11.539620399475098
-918.4921264648438 11.466757774353027
-916.5181884765625 9.486510276794434
-914.6088256835938 11.138555526733398
-912.6094360351562 9.225183486938477
-910.6171264648438 7.263172149658203
-908.6528930664062 7.597136974334717
-910.3324584960938 8.977352142333984
-908.3363647460938 7.310531139373779
-909.6096801757812 5.658165454864502
-911.027099609375 6.283570766448975
-909.0443725585938 8.001578330993652
-907.91845703125 7.135336875915527
-909.5966796875 6.711915016174316
-910.636474609375 6.655063629150391
-909.076416015625 8.08702278137207
-910.1996459960938 8.27523422241211
-910.5354614257812 7.18234395980835
-909.89501953125 5.659149646759033
-911.8652954101562 4.592066287994385
-909.8702392578125 6.507412910461426
-908.9191284179688 5.5360283851623535
-910.6300048828125 7.217531204223633
-908.6755981445312 8.035433769226074
-909.0960693359375 9.057096481323242
-909.3973999023438 7.427295684814453
-910.3931274414062 8.214492797851562
-910.0554809570312 7.039804458618164
-911.6077880859375 7.787459850311279
-909.7953491210938 9.716192245483398
-907.7958374023438 10.301207542419434
-906.96435546875 11.914031982421875
-904.9653930664062 9.920746803283691
-903.0703735351562 10.566018104553223
-901.351318359375 12.47175121307373
-899.4362182617188 10.721532821655273
-897.6553344726562 10.750326156616211
-895.89453125 11.781148910522461
-893.9443969726562 11.109227180480957
-891.9739990234375 13.096527099609375
-889.9791259765625 11.204662322998047
-890.3662109375 11.808387756347656
-889.62109375 11.390996932983398
-887.6591796875 12.23641300201416
-886.2066650390625 10.447330474853516
-884.2391357421875 10.31030559539795
-882.7578735351562 11.756277084350586
-881.2786254882812 13.349346160888672
-879.2815551757812 11.373477935791016
-878.0388793945312 9.669669151306152
-878.3355712890625 9.339335441589355
-877.030029296875 11.13376522064209
-875.9110717773438 10.972684860229492
-873.9361572265625 12.915382385253906
-871.9526977539062 10.936006546020508
-873.0927124023438 11.827911376953125
-871.1272583007812 13.765121459960938
-869.1348876953125 12.323030471801758
-867.279296875 10.414176940917969
-865.4135131835938 11.978787422180176
-865.1521606445312 13.682268142700195
-863.1532592773438 12.172774314880371
-862.5527954101562 13.638361930847168
-860.553466796875 11.905922889709473
-860.7398071289062 13.48654556274414
-858.795654296875 11.563941955566406
-856.9817504882812 13.46126937866211
-855.1058349609375 11.482966423034668
-856.019287109375 13.209808349609375
-854.3639526367188 11.225418090820312
-855.7086791992188 13.08213996887207
-855.417724609375 11.087188720703125
-855.634033203125 12.210206031799316
-854.9273681640625 12.004393577575684
-856.486083984375 13.141495704650879
-856.5776977539062 11.253168106079102
-856.74755859375 12.784809112548828
-855.8611450195312 14.473450660705566
-854.27978515625 12.484655380249023
-853.4364624023438 14.075279235839844
-851.9523315429688 12.109012603759766
-851.2842407226562 13.24924087524414
-849.43115234375 11.536784172058105
-850.0215454101562 13.496686935424805
-848.3734130859375 11.839378356933594
-847.6558837890625 13.719522476196289
-845.7191162109375 11.777034759521484
-845.7677001953125 13.214444160461426
-845.0635986328125 11.22510814666748
-846.5872802734375 12.929326057434082
-844.5911865234375 11.917202949523926
-845.76416015625 13.792288780212402
-843.9121704101562 11.854785919189453
-843.51025390625 13.484280586242676
-841.544189453125 11.498993873596191
-839.5731201171875 13.040473937988281
-837.573486328125 11.127737998962402
-835.8870239257812 13.071690559387207
-833.8934326171875 11.135278701782227
-834.4940795898438 9.583579063415527
-835.6014404296875 7.752912521362305
-833.6200561523438 8.170036315917969
-833.188232421875 6.256239414215088
-832.242919921875 6.476346492767334
-833.7542724609375 5.1639556884765625
-832.15087890625 3.4258670806884766
-834.120361328125 2.2752788066864014
-835.7760009765625 1.0704405307769775
-833.78076171875 2.884627342224121
-834.9302978515625 1.629440188407898
-832.930419921875 2.313018560409546
-833.1276245117188 0.7068700790405273
-835.0330200195312 -1.1014256477355957
-833.0354614257812 -0.04602501913905144
-832.716796875 1.3866398334503174
-834.13330078125 1.3380117416381836
-835.4933471679688 0.9375176429748535
-833.4953002929688 2.408402919769287
-834.7251586914062 0.47221195697784424
-832.725830078125 0.6183987259864807
-834.6443481445312 -1.2435758113861084
-832.6448364257812 -1.39644193649292
-834.5474243164062 -2.638056755065918
-832.5789794921875 -1.14963698387146
-833.9759521484375 -1.724251627922058
-835.9497680664062 -3.047520160675049
-833.96044921875 -2.8371055126190186
-835.4532470703125 -3.8743362426757812
-833.453857421875 -5.225306987762451
-833.6528930664062 -3.9929585456848145
-835.5333862304688 -3.5756561756134033
-833.5344848632812 -3.3323521614074707
-832.7685546875 -3.097092628479004
-834.7642211914062 -5.068172454833984
-832.7683715820312 -4.121667385101318
-831.654541015625 -5.465953350067139
-832.924072265625 -6.083467960357666
-834.3287353515625 -7.956295967102051
-832.328857421875 -6.935364246368408
-833.9733276367188 -8.695540428161621
-833.9530639648438 -10.409327507019043
-832.3517456054688 -11.805570602416992
-834.3401489257812 -12.816844940185547
