-1103.60107421875 12.621353149414062
-1101.60205078125 10.621784210205078
-1099.60205078125 12.475690841674805
-1097.6029052734375 10.475751876831055
-1095.6029052734375 12.475312232971191
-1093.6029052734375 14.475196838378906
-1091.6029052734375 16.475072860717773
-1089.6346435546875 14.475995063781738
-1087.6966552734375 12.476703643798828
-1085.6966552734375 14.476053237915039
-1083.8243408203125 12.476156234741211
-1081.8243408203125 14.47603988647461
-1079.855224609375 12.476218223571777
-1077.855224609375 14.475109100341797
-1075.860595703125 12.47541332244873
-1073.860595703125 14.474806785583496
-1071.8746337890625 12.474933624267578
-1069.8746337890625 14.472943305969238
-1067.93896484375 12.474263191223145
-1065.93896484375 14.472691535949707
-1063.9705810546875 12.472723007202148
-1061.9705810546875 14.472676277160645
-1060.073974609375 12.473713874816895
-1058.073974609375 14.47319221496582
-1056.080810546875 12.473243713378906
-1054.080810546875 14.473092079162598
-1052.105712890625 12.473135948181152
-1050.105712890625 14.473004341125488
-1048.1593017578125 12.473040580749512
-1046.1593017578125 14.471755981445312
-1044.2420654296875 12.471853256225586
-1042.2420654296875 14.47043228149414
-1040.383544921875 12.47053337097168
-1038.3836669921875 14.46318244934082
-1036.3836669921875 16.461257934570312
-1034.4349365234375 14.463021278381348
-1032.4349365234375 16.46212387084961
-1030.4908447265625 14.46232795715332
-1028.7022705078125 12.462407112121582
-1026.7022705078125 14.459218978881836
-1024.78759765625 12.459389686584473
-1022.7876586914062 14.442997932434082
-1020.9024658203125 12.443083763122559
-1018.9024658203125 14.439905166625977
-1017.3626708984375 12.439918518066406
-1015.3626708984375 14.378003120422363
-1013.4413452148438 12.378005027770996
-1011.5106201171875 10.378130912780762
-1009.5106201171875 12.370491027832031
-1007.5106201171875 14.361599922180176
-1005.698974609375 12.361601829528809
-1003.718505859375 10.361656188964844
-1001.7186279296875 12.35193920135498
-1000.2793579101562 10.351970672607422
-998.2793579101562 12.34527587890625
-996.5635375976562 10.345579147338867
-994.5635986328125 12.329601287841797
-994.1343994140625 10.329606056213379
-992.1343994140625 12.326130867004395
-990.3599853515625 10.32613754272461
-988.3600463867188 12.267460823059082
-986.6290283203125 10.267463684082031
-984.6290893554688 12.213537216186523
-983.0978393554688 10.213539123535156
-981.2150268554688 8.213541030883789
-979.2152099609375 10.197335243225098
-977.216552734375 12.140763282775879
-975.3392944335938 10.140765190124512
-973.3395385742188 11.902230262756348
-971.339599609375 13.744319915771484
-969.525390625 11.744321823120117
-967.5255737304688 13.376070022583008
-965.526123046875 15.36593246459961
-963.9480590820312 13.365933418273926
-961.9483032226562 15.34270191192627
-960.2579345703125 13.342702865600586
-958.2584838867188 15.328587532043457
-956.5165405273438 13.328590393066406
-954.5166625976562 15.297218322753906
-953.0770263671875 13.297222137451172
-952.1886596679688 11.297228813171387
-950.188720703125 13.264311790466309
-948.3046264648438 11.264311790466309
-946.3731079101562 9.264314651489258
-944.3812866210938 11.084929466247559
-942.3814697265625 13.061715126037598
-940.7704467773438 11.061715126037598
-938.7709350585938 12.901479721069336
-937.264892578125 10.901479721069336
-935.2650146484375 12.733695983886719
-933.2684936523438 14.710479736328125
-931.5248413085938 12.710479736328125
-929.5260620117188 14.622072219848633
-929.4517822265625 12.622072219848633
-927.454345703125 14.609000205993652
-927.806396484375 12.609000205993652
-925.815185546875 14.36648178100586
-923.9061889648438 12.36648178100586
-922.738525390625 10.366488456726074
-920.7431030273438 12.22863483428955
-919.9442138671875 10.228635787963867
-917.9473266601562 12.149991989135742
-916.4635009765625 10.149992942810059
-915.3616943359375 8.150026321411133
-913.3629760742188 6.164957523345947
-911.3641967773438 7.575044631958008
-909.3644409179688 7.84597635269165
-907.6282958984375 9.822915077209473
-905.649658203125 11.679848670959473
-903.9762573242188 13.463422775268555
-904.7247924804688 11.463422775268555
-902.7391967773438 12.534051895141602
-903.0399169921875 10.534053802490234
-901.0880126953125 12.503243446350098
-899.5794067382812 10.503247261047363
-897.5994262695312 12.178241729736328
-898.4939575195312 10.17824649810791
-896.501708984375 11.105401992797852
-894.513916015625 12.395689964294434
-893.8937377929688 10.395695686340332
-891.9056396484375 12.229719161987305
-892.7161254882812 10.229726791381836
-890.7328491210938 12.20247745513916
-889.142333984375 10.202483177185059
-887.1798706054688 10.948142051696777
-885.3135986328125 11.200063705444336
-883.371826171875 12.88847541809082
-884.6444702148438 10.888476371765137
-882.7466430664062 11.498918533325195
-880.9368896484375 12.98383617401123
-882.3275756835938 10.98384952545166
-880.660888671875 9.90377426147461
-878.662841796875 10.377748489379883
-876.6681518554688 11.193192481994629
-875.2387084960938 13.136877059936523
-874.7281494140625 11.136879920959473
-872.8135375976562 10.667153358459473
-870.9489135742188 11.651528358459473
-869.4338989257812 13.509892463684082
-869.151611328125 11.509894371032715
-867.3677368164062 11.794471740722656
-865.510986328125 12.083060264587402
-863.7526245117188 13.438475608825684
-864.7584838867188 11.438478469848633
-862.7889404296875 12.420035362243652
-860.8812255859375 13.934137344360352
-862.256591796875 11.934138298034668
-860.573486328125 12.382411003112793
-859.05322265625 13.342185020446777
-859.6370849609375 11.34218692779541
-857.7421875 11.087777137756348
-855.9188842773438 11.932454109191895
-855.7808837890625 13.777155876159668
-857.5862426757812 11.777166366577148
-855.9000244140625 11.822378158569336
-855.1616821289062 13.688053131103516
-855.8171997070312 11.688070297241211
-856.5733642578125 13.260527610778809
-857.6569213867188 11.260534286499023
-855.8690185546875 11.867202758789062
-855.87451171875 12.029302597045898
-856.8273315429688 13.904361724853516
-858.484619140625 11.904363632202148
-857.6741943359375 13.313566207885742
-857.0250854492188 11.313569068908691
-856.2311401367188 13.027865409851074
-856.040771484375 14.137885093688965
-858.0037231445312 12.137896537780762
-856.2709350585938 12.805923461914062
-854.7525024414062 14.288592338562012
-855.698974609375 12.288620948791504
-855.0375366210938 14.050158500671387
-856.7674560546875 12.050198554992676
-855.1344604492188 13.603642463684082
-854.28564453125 11.603670120239258
-854.8369750976562 12.563206672668457
-853.3582153320312 13.153732299804688
-854.06298828125 11.15374755859375
-852.8240356445312 12.975411415100098
-854.5601196289062 10.97541332244873
-855.0225830078125 10.939916610717773
-853.717529296875 12.659867286682129
-853.4613647460938 13.466443061828613
-854.3785400390625 11.466468811035156
-853.9580688476562 12.500164985656738
-854.1364135742188 13.872628211975098
-855.4642944335938 11.872648239135742
-854.1622924804688 12.314136505126953
-852.6734619140625 12.809266090393066
-853.9654541015625 10.809280395507812
-853.009033203125 11.211938858032227
-851.826171875 11.30037784576416
-850.3742065429688 12.926873207092285
-851.7008056640625 10.926877975463867
-850.4271850585938 12.723984718322754
-851.5208740234375 10.72398853302002
-850.1383666992188 10.99150562286377
-848.8394775390625 11.345304489135742
-847.4267578125 12.509733200073242
-846.6748046875 10.509737014770508
-845.8383178710938 10.733960151672363
-844.2702026367188 11.120274543762207
-844.7401733398438 10.318065643310547
-843.2905883789062 9.501033782958984
-842.1384887695312 9.548439025878906
-840.4893798828125 8.821531295776367
-840.5204467773438 6.986774444580078
-838.714599609375 5.149588584899902
-837.1663818359375 3.1800079345703125
-835.2179565429688 1.1840773820877075
-833.3021240234375 -0.7882564663887024
-834.1016845703125 -2.3900492191314697
-835.6397705078125 -3.281893491744995
-833.7207641601562 -5.259812831878662
-835.6737670898438 -6.151994705200195
-834.6925659179688 -8.133450508117676
-832.8760986328125 -10.125373840332031
-834.585693359375 -11.832440376281738
-833.255615234375 -13.825647354125977
