-1103.60107421875 12.601584434509277
-1101.60107421875 10.780198097229004
-1099.60107421875 11.728352546691895
-1097.60107421875 13.606343269348145
-1095.60107421875 11.621052742004395
-1093.6011962890625 13.602800369262695
-1091.601318359375 15.483428001403809
-1089.6029052734375 13.894609451293945
-1087.6029052734375 12.479594230651855
-1085.6029052734375 13.845170974731445
-1083.6029052734375 15.7466459274292
-1081.6029052734375 13.77827262878418
-1079.6029052734375 14.827591896057129
-1077.6029052734375 12.900568962097168
-1075.60302734375 14.240069389343262
-1073.60302734375 12.293525695800781
-1071.60302734375 13.929424285888672
-1069.60302734375 15.871846199035645
-1067.60302734375 13.873693466186523
-1065.60302734375 15.273412704467773
-1063.60302734375 13.288976669311523
-1061.60302734375 14.191291809082031
-1059.60302734375 12.330490112304688
-1057.6031494140625 14.268321990966797
-1055.6031494140625 12.27284049987793
-1053.6031494140625 13.704792022705078
-1051.6031494140625 15.099172592163086
-1049.603271484375 13.168013572692871
-1047.603515625 14.925859451293945
-1045.603515625 13.1000394821167
-1043.6036376953125 14.437959671020508
-1041.6036376953125 12.449256896972656
-1039.6036376953125 13.97075080871582
-1037.6036376953125 13.960725784301758
-1035.603759765625 14.465126037597656
-1033.603759765625 14.83747673034668
-1031.6375732421875 12.864579200744629
-1029.6376953125 14.545586585998535
-1027.639404296875 12.555115699768066
-1025.6395263671875 14.182124137878418
-1023.6397094726562 12.229697227478027
-1021.6397094726562 13.463446617126465
-1019.6400146484375 14.915637016296387
-1017.64013671875 12.917157173156738
-1015.6401977539062 12.064793586730957
-1013.640380859375 13.858494758605957
-1011.6407470703125 11.88050365447998
-1009.6582641601562 13.667041778564453
-1007.6592407226562 11.727750778198242
-1005.6691284179688 11.889800071716309
-1003.6691284179688 12.81541919708252
-1001.6707763671875 10.867862701416016
-999.671875 10.334708213806152
-997.6729125976562 12.047171592712402
-995.6795043945312 10.123414039611816
-993.682861328125 11.169726371765137
-991.6842651367188 11.734434127807617
-989.6970825195312 9.747146606445312
-987.7066040039062 10.622876167297363
-985.708251953125 10.15688705444336
-983.709716796875 10.605838775634766
-981.7116088867188 8.642001152038574
-979.7117309570312 10.251297950744629
-977.73095703125 8.293179512023926
-975.782958984375 9.586085319519043
-973.91259765625 9.10407829284668
-971.9376831054688 10.668475151062012
-969.9593505859375 11.869701385498047
-967.9606323242188 10.724089622497559
-965.9810791015625 12.41357421875
-963.982421875 13.64179801940918
-961.982666015625 14.667957305908203
-960.0281982421875 12.78659439086914
-958.0304565429688 13.246798515319824
-956.0360107421875 15.164852142333984
-954.0804443359375 13.42611312866211
-952.08935546875 11.612810134887695
-950.1500244140625 13.580801010131836
-948.1502075195312 11.918848991394043
-946.1845703125 10.741085052490234
-944.2098388671875 8.969972610473633
-942.3071899414062 10.639595031738281
-940.3145751953125 12.50695514678955
-938.3150024414062 10.513017654418945
-938.7743530273438 12.310580253601074
-936.7782592773438 10.319387435913086
-934.9036254882812 12.1520357131958
-932.9545288085938 14.097431182861328
-930.9560546875 12.117462158203125
-929.1578369140625 13.237403869628906
-927.1593017578125 11.254679679870605
-925.4331665039062 12.925437927246094
-923.43994140625 10.948270797729492
-921.5116577148438 12.877442359924316
-919.5120239257812 10.926362991333008
-918.3092651367188 12.586488723754883
-916.3113403320312 10.676467895507812
-914.3195190429688 8.680871963500977
-912.3489379882812 9.713784217834473
-910.3489990234375 7.736394882202148
-910.6970825195312 7.144948482513428
-908.8323974609375 8.920918464660645
-908.8784790039062 10.230557441711426
-906.8947143554688 8.378942489624023
-908.4353637695312 9.815631866455078
-908.1937866210938 8.834716796875
-906.484619140625 10.008431434631348
-905.8201293945312 11.905274391174316
-903.8297729492188 9.917744636535645
-901.9855346679688 10.38649845123291
-902.6409301757812 11.199810981750488
-901.5482788085938 12.262691497802734
-899.54833984375 10.280757904052734
-897.6245727539062 12.125936508178711
-895.6266479492188 10.159303665161133
-896.513916015625 11.201358795166016
-894.58642578125 13.146757125854492
-892.593505859375 11.224970817565918
-891.9090576171875 10.741896629333496
-891.8281860351562 11.695577621459961
-891.619384765625 12.875264167785645
-889.6266479492188 10.928380966186523
-889.6793823242188 12.842055320739746
-887.68408203125 10.886628150939941
-887.7339477539062 12.800118446350098
-885.7365112304688 10.825510025024414
-883.9525756835938 10.063183784484863
-882.0158081054688 11.416121482849121
-880.3047485351562 13.21507740020752
-878.3670043945312 11.247872352600098
-879.7513427734375 12.093899726867676
-877.7789306640625 10.11219596862793
-877.7134399414062 12.093457221984863
-875.7161254882812 10.26685619354248
-873.8180541992188 10.070575714111328
-873.5720825195312 11.909829139709473
-871.5824584960938 9.975276947021484
-871.4220581054688 11.9348726272583
-869.5816650390625 13.388568878173828
-867.5835571289062 11.913229942321777
-868.3269653320312 13.531723022460938
-866.3283081054688 11.579984664916992
-864.5199584960938 12.722406387329102
-863.6495361328125 14.31889533996582
-861.653076171875 12.733508110046387
-861.6102294921875 14.68958854675293
-859.6195068359375 15.306965827941895
-857.6663818359375 13.561455726623535
-855.7654418945312 12.113202095031738
-854.2750854492188 13.199641227722168
-852.2903442382812 11.206029891967773
-852.1592407226562 12.99290943145752
-850.4262084960938 10.998870849609375
-850.020751953125 12.859207153320312
-848.5501708984375 10.936714172363281
-848.8402099609375 12.933148384094238
-846.8588256835938 11.273422241210938
-845.6922607421875 10.97138786315918
-844.2568969726562 12.765120506286621
-842.3374633789062 11.484796524047852
-840.40966796875 13.401737213134766
-838.410400390625 12.05687141418457
-836.42138671875 12.835026741027832
-834.4483032226562 10.875468254089355
-834.531005859375 9.081683158874512
-833.9288330078125 7.479532718658447
-835.4623413085938 5.533822059631348
-833.4917602539062 7.172250270843506
-835.4130859375 7.477063179016113
-833.4198608398438 8.509111404418945
-835.1884155273438 7.084723472595215
-833.2003173828125 6.538196086883545
-832.9323120117188 7.0411696434021
-834.8850708007812 8.11519718170166
-832.8994750976562 9.858067512512207
-834.8975830078125 10.208499908447266
-833.7438354492188 11.152560234069824
-834.5118408203125 11.023881912231445
-835.2321166992188 9.482292175292969
-833.2333374023438 9.496514320373535
-835.0460205078125 8.229264259338379
-833.0467529296875 10.13856029510498
-833.6097412109375 8.561893463134766
-835.5360107421875 8.730314254760742
-833.5392456054688 10.555281639099121
-834.8867797851562 8.741792678833008
-833.0028686523438 8.453255653381348
-834.1732788085938 7.173600196838379
-832.8543090820312 6.129912853240967
-834.6807861328125 4.190450191497803
-832.7289428710938 5.675053596496582
-834.7125854492188 3.733628988265991
-832.7346801757812 2.3436920642852783
-834.68896484375 0.5688493847846985
-832.743896484375 -0.6517807841300964
-834.541015625 -1.445834755897522
-832.5413208007812 -1.053287386894226
-833.1463012695312 -2.9483542442321777
-834.2080078125 -3.4918081760406494
-833.1725463867188 -5.381976127624512
-834.33056640625 -6.486650466918945
-832.3317260742188 -5.053244113922119
-834.3069458007812 -6.189493656158447
-832.3082885742188 -5.122399806976318
-834.1835327148438 -5.842202663421631
-834.7465209960938 -7.736732482910156
-832.7526245117188 -6.438042640686035
-834.2271118164062 -8.138080596923828
-832.5313110351562 -9.68487548828125
-834.2638549804688 -10.357791900634766
-832.2662353515625 -8.97689151763916
-831.8344116210938 -10.787309646606445
-833.806396484375 -10.839043617248535
-834.8973999023438 -10.76644229888916
-832.8984985351562 -11.405745506286621
-833.9691162109375 -12.572160720825195
-835.7308349609375 -13.77966022491455
