-1103.601318359375 12.638114929199219
-1101.6019287109375 10.6381196975708
-1099.6019287109375 12.638107299804688
-1097.602294921875 10.63811206817627
-1095.6126708984375 12.63811206817627
-1093.6126708984375 14.638111114501953
-1091.613037109375 16.638071060180664
-1089.6319580078125 14.63807201385498
-1087.63623046875 12.63807487487793
-1085.6368408203125 14.638054847717285
-1083.6370849609375 12.638055801391602
-1081.637451171875 14.638053894042969
-1079.6375732421875 12.638054847717285
-1077.6376953125 14.63804817199707
-1075.637939453125 12.638050079345703
-1073.63818359375 14.638049125671387
-1071.647705078125 12.638049125671387
-1069.64794921875 14.638032913208008
-1067.6492919921875 12.638033866882324
-1065.650146484375 14.638030052185059
-1063.6505126953125 12.638030052185059
-1061.6507568359375 14.638029098510742
-1059.65087890625 12.638030052185059
-1057.653076171875 14.638014793395996
-1055.653076171875 12.638015747070312
-1053.65478515625 14.637923240661621
-1051.655029296875 12.637923240661621
-1049.6551513671875 14.637772560119629
-1047.6558837890625 12.637772560119629
-1045.6563720703125 14.637527465820312
-1043.658203125 12.637528419494629
-1041.658447265625 14.634716033935547
-1039.658935546875 12.634718894958496
-1037.659423828125 14.634382247924805
-1035.7352294921875 16.634357452392578
-1035.3314208984375 14.634363174438477
-1033.3316650390625 16.633914947509766
-1031.429931640625 14.634149551391602
-1029.431396484375 12.634153366088867
-1027.4324951171875 14.633856773376465
-1025.4478759765625 12.63386058807373
-1023.4522094726562 14.633837699890137
-1021.4525146484375 12.633837699890137
-1019.4672241210938 14.632766723632812
-1017.46728515625 12.632767677307129
-1015.4816284179688 14.628143310546875
-1013.4819946289062 12.628154754638672
-1011.482177734375 10.628154754638672
-1009.4855346679688 12.621028900146484
-1007.4942626953125 10.621061325073242
-1005.5321044921875 12.620771408081055
-1003.5431518554688 10.620772361755371
-1001.5462646484375 12.620306968688965
-999.546630859375 10.620307922363281
-997.5475463867188 12.610710144042969
-995.5787963867188 10.61075210571289
-993.5838623046875 12.6079683303833
-991.5852661132812 10.6079683303833
-989.5877685546875 12.563092231750488
-987.5916137695312 10.563092231750488
-985.5941772460938 12.560919761657715
-983.5968627929688 10.560956001281738
-981.6135864257812 8.56096363067627
-979.61669921875 10.545063018798828
-977.6204223632812 8.545063972473145
-978.4617919921875 10.515839576721191
-978.8827514648438 12.513726234436035
-977.105712890625 10.513727188110352
-978.7308959960938 12.510581970214844
-976.7320556640625 10.510594367980957
-975.9152221679688 12.510409355163574
-973.9157104492188 10.51042366027832
-972.3433227539062 12.508805274963379
-970.3795166015625 14.493341445922852
-968.3822021484375 12.49334716796875
-966.3838500976562 14.493135452270508
-964.3866577148438 12.493142127990723
-962.3867797851562 14.491459846496582
-960.3875122070312 12.491477012634277
-958.3878784179688 14.49069881439209
-956.3903198242188 12.490699768066406
-954.390869140625 14.490477561950684
-952.3928833007812 12.490485191345215
-950.4526977539062 10.490489959716797
-948.4530029296875 12.48852825164795
-946.4530639648438 10.488530158996582
-944.4873046875 12.487709045410156
-942.4874877929688 10.487767219543457
-940.5191650390625 12.486017227172852
-938.5548706054688 10.4860200881958
-936.554931640625 12.46635627746582
-934.5560913085938 14.456880569458008
-932.556884765625 12.45688247680664
-930.5584716796875 14.442033767700195
-928.5586547851562 12.442036628723145
-926.5739135742188 14.38733196258545
-924.5819091796875 12.387381553649902
-922.5868530273438 14.35825252532959
-920.587158203125 12.358291625976562
-918.58740234375 10.358450889587402
-916.5905151367188 12.356942176818848
-914.6145629882812 10.357090950012207
-912.617431640625 8.357314109802246
-910.6192626953125 7.10115909576416
-908.6192626953125 9.058844566345215
-908.8944702148438 8.303112983703613
-906.9635620117188 10.137002944946289
-905.0009765625 9.563812255859375
-903.0787963867188 9.710095405578613
-901.0965576171875 9.376275062561035
-899.175048828125 8.044689178466797
-897.1754760742188 9.70656681060791
-895.2030029296875 9.886664390563965
-893.2048950195312 8.712030410766602
-891.2103271484375 9.758605003356934
-890.41943359375 8.78734016418457
-888.4227294921875 9.272305488586426
-886.4568481445312 8.95249080657959
-884.613525390625 10.105013847351074
-883.1578979492188 8.63380241394043
-881.65234375 9.470561027526855
-879.697998046875 10.99527359008789
-877.7665405273438 9.517101287841797
-875.9694213867188 7.898643970489502
-873.9850463867188 7.8355560302734375
-872.1995849609375 8.08105754852295
-870.256103515625 7.771084785461426
-868.729248046875 9.14574146270752
-867.5367431640625 7.3358283042907715
-866.1180419921875 7.585515022277832
-865.7748413085938 8.58916187286377
-866.6311645507812 9.866153717041016
-865.6309204101562 8.475255012512207
-864.116455078125 8.87729263305664
-864.7816772460938 9.183180809020996
-864.37353515625 8.271517753601074
-864.0206909179688 9.812188148498535
-862.462646484375 8.673182487487793
-860.5457763671875 9.910004615783691
-861.8171997070312 9.591443061828613
-860.9794921875 7.857259273529053
-859.5638427734375 8.945354461669922
-858.80615234375 7.08234977722168
-857.07080078125 8.435995101928711
-856.6826171875 7.027707576751709
-855.2573852539062 8.272302627563477
-857.234375 6.998036861419678
-855.2562255859375 8.872243881225586
-857.1084594726562 7.095497131347656
-855.6827392578125 8.773214340209961
-854.8475952148438 7.952188968658447
-856.3853149414062 9.402300834655762
-855.6885986328125 9.58117961883545
-857.511474609375 7.6569719314575195
-855.8673706054688 9.237668991088867
-854.0013427734375 9.571671485900879
-853.9127807617188 9.090961456298828
-855.1431274414062 7.3297247886657715
-854.7581176757812 8.53825569152832
-855.2310791015625 8.39133358001709
-856.4654541015625 9.72803783416748
-856.5023803710938 10.561453819274902
-854.56689453125 9.632660865783691
-856.0700073242188 8.931005477905273
-854.1320190429688 10.224727630615234
-855.882568359375 10.99714183807373
-854.9944458007812 9.047810554504395
-856.6083374023438 8.968870162963867
-856.3798828125 7.164740085601807
-854.9630737304688 8.865981101989746
-855.8678588867188 10.082497596740723
-857.504638671875 8.49903678894043
-856.0369873046875 9.619034767150879
-857.3885498046875 7.720607280731201
-855.4644165039062 8.32197380065918
-854.842041015625 10.001704216003418
-854.953369140625 10.085430145263672
-854.3716430664062 8.339912414550781
-856.0897827148438 10.15068244934082
-854.4574584960938 8.588040351867676
-856.3584594726562 9.804966926574707
-855.6613159179688 8.673881530761719
-856.0256958007812 7.698566436767578
-855.9493408203125 8.576717376708984
-854.3504028320312 7.654392242431641
-856.1547241210938 9.241408348083496
-857.4453125 9.003092765808105
-855.743896484375 10.42696475982666
-857.7384643554688 10.569852828979492
-855.9985961914062 9.219493865966797
-854.253173828125 8.979187965393066
-852.5165405273438 10.566675186157227
-851.2964477539062 12.009593963623047
-849.4169921875 12.548762321472168
-850.6842651367188 10.571459770202637
-852.1417846679688 11.211753845214844
-850.2859497070312 9.418179512023926
-851.2183837890625 10.546051979064941
-849.5975952148438 10.434331893920898
-847.6386108398438 9.441712379455566
-848.2770385742188 10.959506034851074
-846.9317016601562 11.130475044250488
-847.1644897460938 10.064251899719238
-845.7978515625 9.160370826721191
-844.5618896484375 10.358410835266113
-845.3123779296875 10.760200500488281
-843.51806640625 12.001898765563965
-844.7398071289062 10.313068389892578
-843.6655883789062 9.872720718383789
-844.3116455078125 9.29697036743164
-842.470947265625 11.146149635314941
-842.8946533203125 9.244231224060059
-843.7549438476562 9.06413745880127
-843.7421264648438 9.496993064880371
-843.4342041015625 11.465547561645508
-843.7631225585938 9.752693176269531
-841.9090576171875 9.796844482421875
-841.5596313476562 11.61695671081543
-841.10888671875 12.173633575439453
-839.4549560546875 10.173931121826172
-838.0586547851562 11.383136749267578
-838.2075805664062 10.85955810546875
-836.738525390625 11.447617530822754
-835.216796875 9.448882102966309
-833.3595581054688 10.09018325805664
-835.303955078125 8.173851013183594
-833.4891967773438 9.781682968139648
-835.4376831054688 7.879908084869385
-833.4547729492188 9.279783248901367
-835.452880859375 7.311031341552734
-833.5432739257812 6.41792106628418
-835.455810546875 5.1950578689575195
-834.140869140625 7.044421195983887
-836.11669921875 6.222814559936523
-834.7399291992188 5.036309242248535
-833.7603149414062 6.824814319610596
-835.755859375 4.83849573135376
-833.760986328125 4.070696830749512
-835.759033203125 2.111809492111206
-833.7608032226562 1.6806583404541016
-835.7258911132812 0.04136941209435463
-833.7262573242188 -1.2478599548339844
-835.4957275390625 -3.1726157665252686
-833.5097045898438 -4.941657066345215
-835.3821411132812 -6.606546878814697
-833.4144897460938 -7.2631731033325195
-835.291748046875 -9.024014472961426
-833.3021240234375 -10.64134693145752
-834.88427734375 -12.16796588897705
-832.8919067382812 -13.405867576599121
-834.878662109375 -15.342217445373535
