-954.8858642578125 -174.700927734375
-952.9072875976562 -173.15235900878906
-950.9085693359375 -174.3922119140625
-948.9243774414062 -176.073974609375
-946.9312133789062 -174.4595184326172
-944.9327392578125 -175.69400024414062
-946.9327392578125 -177.6813507080078
-944.9327392578125 -179.45826721191406
-946.9327392578125 -181.4577178955078
-944.9329833984375 -183.4223175048828
-946.9329833984375 -185.4219207763672
-948.9329833984375 -187.42079162597656
-946.9718627929688 -188.79708862304688
-948.9718627929688 -190.79476928710938
-946.9779663085938 -192.36221313476562
-948.9779663085938 -194.3579864501953
-946.984619140625 -195.7210235595703
-948.9845581054688 -197.7098846435547
-946.9850463867188 -197.7819061279297
-948.9850463867188 -199.7812957763672
-946.9872436523438 -201.0723114013672
-948.9872436523438 -203.07003784179688
-946.9876708984375 -204.78480529785156
-948.9876708984375 -206.77194213867188
-950.9876708984375 -208.77069091796875
-948.98779296875 -210.25146484375
-950.9877319335938 -212.2510528564453
-949.0032348632812 -213.3750457763672
-951.0032348632812 -215.37295532226562
-949.0033569335938 -215.7793426513672
-951.0032958984375 -217.77801513671875
-949.0036010742188 -217.3473358154297
-951.0035400390625 -219.3460693359375
-949.0047607421875 -219.11441040039062
-947.0050048828125 -220.0699920654297
-949.0049438476562 -222.06690979003906
-947.0056762695312 -221.43389892578125
-949.0056762695312 -223.4324188232422
-947.0056762695312 -225.1545867919922
-949.0056762695312 -227.1414794921875
-947.0056762695312 -228.56509399414062
-945.006103515625 -230.21470642089844
-947.0060424804688 -232.21302795410156
-945.006103515625 -233.99948120117188
-947.006103515625 -235.995361328125
-949.0059814453125 -237.99017333984375
-947.0066528320312 -239.7827606201172
-949.0062866210938 -241.7814483642578
-947.0064697265625 -243.51266479492188
-949.0064697265625 -245.50596618652344
-947.0095825195312 -247.4318084716797
-949.0091552734375 -249.42617797851562
-947.00927734375 -251.1525115966797
-949.0092163085938 -253.15191650390625
-947.00927734375 -254.7991943359375
-949.0089721679688 -256.7976379394531
-947.009033203125 -258.7022705078125
-949.0088500976562 -260.6929931640625
-947.0088500976562 -262.5835266113281
-949.0074462890625 -264.5828552246094
-947.007568359375 -266.28289794921875
-949.0060424804688 -268.2808532714844
-947.0061645507812 -269.41839599609375
-949.0035400390625 -271.3744812011719
-947.003662109375 -273.01214599609375
-948.96826171875 -275.0118408203125
-946.96826171875 -276.01239013671875
-948.9671020507812 -277.9951477050781
-946.9671020507812 -278.9693603515625
-948.95556640625 -280.96099853515625
-946.9556274414062 -282.74261474609375
-948.9317016601562 -284.6971130371094
-946.9317626953125 -286.29193115234375
-948.9149169921875 -288.2908020019531
-946.9149780273438 -289.68603515625
-948.9127807617188 -291.68084716796875
-946.912841796875 -293.6009216308594
-948.9122314453125 -295.5997314453125
-946.9122314453125 -297.4856262207031
-948.8908081054688 -299.48187255859375
-946.8908081054688 -298.7185363769531
-948.7115478515625 -300.6814880371094
-946.7116088867188 -300.8170166015625
-948.5509033203125 -302.8021240234375
-946.5509033203125 -304.2247619628906
-948.3551635742188 -306.22119140625
-946.3551635742188 -307.8101501464844
-948.3026733398438 -309.7893981933594
-946.3026733398438 -311.7715148925781
-947.4905395507812 -313.7422790527344
-949.4777221679688 -315.7184753417969
-947.4777221679688 -316.429931640625
-949.3228759765625 -318.3826904296875
-947.3228759765625 -319.9523620605469
-949.07080078125 -321.9463806152344
-947.0708618164062 -322.8183288574219
-948.4418334960938 -324.62109375
-946.4418334960938 -326.4990539550781
-948.41162109375 -328.493896484375
-949.3228149414062 -330.4867248535156
-947.3228149414062 -332.09991455078125
-948.995361328125 -334.08648681640625
-946.9954223632812 -335.6166687011719
-947.678955078125 -337.54296875
-946.02587890625 -339.2734069824219
-946.6769409179688 -340.7144775390625
-948.5872802734375 -341.5120849609375
-946.5875854492188 -343.338623046875
-946.0941772460938 -344.991455078125
-945.72802734375 -346.947021484375
-947.3145751953125 -348.9085693359375
-948.6541748046875 -350.8713684082031
-946.6542358398438 -352.037353515625
-947.0490112304688 -353.9090881347656
-948.4409790039062 -355.507568359375
-946.4409790039062 -357.0682067871094
-947.4590454101562 -358.99615478515625
-946.6953735351562 -358.86474609375
-947.8709716796875 -360.1316223144531
-947.8138427734375 -361.8778076171875
-946.2340698242188 -363.5562744140625
-945.6350708007812 -365.32708740234375
-944.1307373046875 -367.2079162597656
-942.7933349609375 -368.78271484375
-941.6444702148438 -369.6152648925781
-940.71826171875 -371.6084289550781
-942.457275390625 -373.2904968261719
-940.6698608398438 -375.1762390136719
-939.0418090820312 -376.7044982910156
-937.1829833984375 -378.2769775390625
-939.1499633789062 -380.1409606933594
-940.2974853515625 -382.015625
-940.5704345703125 -384.0077819824219
-939.3438110351562 -385.44677734375
-938.2403564453125 -387.33087158203125
-938.9931640625 -389.1684875488281
-937.5017700195312 -391.1369934082031
-938.444091796875 -393.08673095703125
-937.7229614257812 -394.8980712890625
-936.03955078125 -396.0912780761719
-935.4067993164062 -397.910888671875
-936.240478515625 -399.3885192871094
-934.2872924804688 -400.8714599609375
-933.832763671875 -402.6357116699219
-932.5999755859375 -403.15087890625
-933.4251708984375 -404.75726318359375
-933.7283325195312 -405.8435363769531
-932.0128173828125 -407.41949462890625
-931.4114379882812 -409.24176025390625
-931.924072265625 -411.0643310546875
-929.9805908203125 -412.6500244140625
-929.078857421875 -413.2331848144531
-927.5059204101562 -412.0943298339844
-929.1483764648438 -413.7419738769531
-929.6221923828125 -415.37286376953125
-931.0090942382812 -415.9167785644531
-931.1255493164062 -417.50616455078125
-930.3065185546875 -418.5837707519531
-931.2696533203125 -420.28668212890625
-932.487548828125 -421.13812255859375
-933.72607421875 -423.0348205566406
-935.4346313476562 -423.3280029296875
-933.9710083007812 -425.2416687011719
-932.2125854492188 -427.21380615234375
-932.947998046875 -429.1390686035156
-931.1819458007812 -431.12200927734375
-929.189208984375 -433.1139221191406
-928.7510986328125 -432.8874206542969
-928.492431640625 -433.980224609375
-929.3719482421875 -433.80694580078125
-927.6463623046875 -435.6113586425781
-926.3138427734375 -436.0543212890625
-928.035888671875 -437.6124267578125
-926.22998046875 -437.224853515625
-927.90087890625 -436.20196533203125
-928.3905029296875 -437.26702880859375
-927.1508178710938 -436.7701721191406
-926.1492919921875 -438.5660095214844
-927.1829833984375 -438.9325866699219
-928.1597290039062 -440.2455749511719
-929.0576171875 -442.14874267578125
-928.382568359375 -444.13116455078125
-926.6263427734375 -443.9339294433594
-927.716064453125 -444.0426940917969
-926.1827392578125 -445.16412353515625
-925.6722412109375 -445.1985778808594
-925.3676147460938 -447.12030029296875
-924.9034423828125 -448.4031066894531
-926.6852416992188 -449.2756042480469
-927.1323852539062 -450.59051513671875
-925.249755859375 -452.4571228027344
-924.0238647460938 -454.3554382324219
-922.157958984375 -455.23956298828125
-924.0050659179688 -454.46612548828125
-925.6536254882812 -454.29046630859375
-927.2135009765625 -453.13543701171875
-925.2554931640625 -455.1056213378906
-927.06005859375 -454.31884765625
-926.8245849609375 -453.7096862792969
-925.1612548828125 -454.12158203125
-925.0948486328125 -453.2918701171875
-923.1759033203125 -455.2415466308594
-922.23779296875 -453.5723571777344
-920.5947875976562 -455.5542907714844
-919.49951171875 -453.91290283203125
-917.5369873046875 -455.8471984863281
-916.3428344726562 -453.96484375
-914.35107421875 -455.7555236816406
-914.1863403320312 -455.1220397949219
