-954.8375854492188 -176.8447265625
-952.8375854492188 -178.8433380126953
-950.8375854492188 -180.84259033203125
-948.8375854492188 -182.84239196777344
-946.8375854492188 -184.8422393798828
-948.83740234375 -186.8422393798828
-946.83740234375 -188.8420867919922
-948.837158203125 -190.8420867919922
-946.837158203125 -192.84149169921875
-948.83642578125 -194.84144592285156
-946.83642578125 -196.84030151367188
-948.8363037109375 -198.84030151367188
-946.8363037109375 -200.8389434814453
-948.8356323242188 -202.8389434814453
-946.8356323242188 -204.83876037597656
-948.834716796875 -206.8387451171875
-950.8346557617188 -208.83863830566406
-948.8346557617188 -210.83860778808594
-950.8299560546875 -212.83860778808594
-948.8299560546875 -214.8385772705078
-950.82958984375 -216.8385772705078
-948.82958984375 -218.7479705810547
-950.8292236328125 -220.7479705810547
-948.8292236328125 -222.74777221679688
-946.8292236328125 -224.74391174316406
-948.8284301757812 -226.74388122558594
-946.8284301757812 -228.74298095703125
-944.8284301757812 -230.74282836914062
-946.828369140625 -232.74276733398438
-944.828369140625 -234.7426300048828
-946.8093872070312 -236.7426300048828
-948.809326171875 -238.7426300048828
-946.809326171875 -240.74058532714844
-948.80859375 -242.74057006835938
-946.80859375 -244.74038696289062
-948.8063354492188 -246.74034118652344
-946.8063354492188 -248.7401885986328
-948.803955078125 -250.74017333984375
-946.8040161132812 -252.73974609375
-948.8037719726562 -254.73951721191406
-946.8037719726562 -256.7391662597656
-948.7899780273438 -258.7391662597656
-946.7899780273438 -260.73907470703125
-948.7896728515625 -262.7390441894531
-946.7896728515625 -264.7387390136719
-948.7850341796875 -266.7386779785156
-946.7850341796875 -268.7384948730469
-948.5433349609375 -270.7379455566406
-946.5433349609375 -272.7378234863281
-948.5405883789062 -274.7378234863281
-946.5405883789062 -276.7376403808594
-948.5272827148438 -278.73760986328125
-946.5272827148438 -280.737548828125
-948.5239868164062 -282.7375183105469
-946.5239868164062 -284.73748779296875
-948.5234985351562 -286.7374572753906
-946.5234985351562 -288.7357482910156
-948.52099609375 -290.7357482910156
-946.52099609375 -292.7335510253906
-948.5054931640625 -294.7335510253906
-946.5054931640625 -296.7335205078125
-948.5027465820312 -298.7335205078125
-946.5028076171875 -300.73333740234375
-948.5023803710938 -302.73333740234375
-946.5025024414062 -304.7330627441406
-948.4959716796875 -306.7330322265625
-946.4959716796875 -308.7131652832031
-948.2095336914062 -310.7131652832031
-946.2095336914062 -312.7103271484375
-948.2050170898438 -314.71026611328125
-949.5154418945312 -316.7102355957031
-947.5154418945312 -318.7055969238281
-949.4445190429688 -320.7055969238281
-947.4445190429688 -322.7015380859375
-949.3994750976562 -324.70147705078125
-947.3994750976562 -326.6888732910156
-949.339599609375 -328.6888732910156
-947.3396606445312 -330.6845703125
-947.0592041015625 -332.6845397949219
-949.0433959960938 -334.6832275390625
-947.0433959960938 -336.6805725097656
-948.7526245117188 -338.6802978515625
-946.752685546875 -340.64923095703125
-948.4697265625 -342.64923095703125
-946.4697875976562 -344.64361572265625
-948.3801879882812 -346.6434020996094
-946.3801879882812 -348.6252746582031
-947.1551513671875 -350.6251220703125
-946.32421875 -352.6236877441406
-946.1165771484375 -354.62255859375
-946.8607177734375 -356.6188659667969
-947.9656372070312 -358.6110534667969
-946.6021728515625 -360.6097106933594
-946.714111328125 -362.6094055175781
-945.4581909179688 -364.60687255859375
-946.2667236328125 -366.6059265136719
-946.8741455078125 -368.6052551269531
-945.6893310546875 -370.599365234375
-946.6928100585938 -372.5956726074219
-947.31396484375 -374.58270263671875
-945.3143310546875 -376.55413818359375
-944.5679931640625 -378.55364990234375
-943.8111572265625 -380.55224609375
-942.1134643554688 -382.5107116699219
-940.3358764648438 -384.45819091796875
-939.6499633789062 -386.4382629394531
-940.587890625 -388.43670654296875
-940.6143188476562 -390.4347839355469
-941.2346801757812 -392.4292297363281
-942.1751708984375 -394.3478698730469
-942.8701171875 -396.3331604003906
-941.9155883789062 -398.3294372558594
-941.477783203125 -400.32659912109375
-942.7098999023438 -402.32373046875
-941.8700561523438 -403.0011901855469
-940.795654296875 -404.998291015625
-939.4812622070312 -406.9278564453125
-937.7808837890625 -408.8363952636719
-936.6757202148438 -410.8106689453125
-934.9324340820312 -412.7427062988281
-936.2257080078125 -414.72540283203125
-937.6664428710938 -416.7190856933594
-938.9893798828125 -418.5702819824219
-939.4521484375 -418.41900634765625
-940.584716796875 -420.3670349121094
-939.612548828125 -422.27471923828125
-941.5106811523438 -424.14794921875
-940.7046508789062 -425.8727111816406
-941.3388061523438 -427.273193359375
-939.6340942382812 -428.34814453125
-940.6477661132812 -428.4309387207031
-941.4710083007812 -429.14312744140625
-942.5115966796875 -430.8705139160156
-941.2354736328125 -432.5888366699219
-940.162353515625 -434.58782958984375
-939.1494140625 -436.5780944824219
-937.9014282226562 -436.0035400390625
-936.217041015625 -435.63677978515625
-937.1109619140625 -436.896240234375
-935.2263793945312 -438.28997802734375
-936.3318481445312 -439.90771484375
-935.083251953125 -439.21331787109375
-934.8853759765625 -440.3013000488281
-935.9188842773438 -438.7835998535156
-934.2214965820312 -439.22735595703125
-932.9091796875 -440.3772888183594
-931.2486572265625 -442.1425476074219
-929.43505859375 -442.3471374511719
-930.750732421875 -443.6318054199219
-930.8052368164062 -442.5719299316406
-929.6066284179688 -443.92962646484375
-927.8195190429688 -445.6578063964844
-928.1737670898438 -443.9996337890625
-927.620849609375 -445.4914245605469
-926.68017578125 -447.3138732910156
-928.080810546875 -448.7314147949219
-928.2005004882812 -450.25390625
-928.46875 -449.6808776855469
-928.03662109375 -449.1486511230469
-926.092041015625 -450.3981628417969
-926.0250244140625 -452.1398010253906
-927.64501953125 -454.0614929199219
-925.697021484375 -452.24664306640625
-924.0580444335938 -453.9637756347656
-922.6058959960938 -451.9664001464844
-924.4520263671875 -453.85748291015625
-922.96435546875 -451.8752746582031
-924.7765502929688 -453.8518371582031
-922.7964477539062 -451.9437255859375
-921.7745971679688 -453.9046936035156
-920.9540405273438 -455.89312744140625
-919.0068969726562 -453.9389953613281
-918.3750610351562 -455.93646240234375
-916.6347045898438 -453.9440002441406
-915.0232543945312 -455.9195861816406
-913.2208251953125 -453.9501037597656
