-957.2156372070312 -176.84304809570312
-955.96240234375 -178.84091186523438
-954.0761108398438 -180.8299102783203
-952.6091918945312 -182.8193359375
-952.3050537109375 -184.81887817382812
-950.3709106445312 -186.81556701660156
-949.614990234375 -188.81344604492188
-948.5624389648438 -190.8112335205078
-947.039794921875 -192.80934143066406
-949.030517578125 -194.79690551757812
-950.106689453125 -196.7950897216797
-948.2975463867188 -198.79226684570312
-946.3396606445312 -200.7920379638672
-948.3312377929688 -202.78973388671875
-950.32666015625 -204.77391052246094
-950.5773315429688 -206.7177276611328
-948.95556640625 -208.71673583984375
-950.9549560546875 -210.69076538085938
-949.0043334960938 -212.69012451171875
-951.0038452148438 -214.68832397460938
-949.3170166015625 -216.6875762939453
-951.3165283203125 -218.68409729003906
-949.388916015625 -220.6785125732422
-947.4174194335938 -222.6777801513672
-949.4169311523438 -224.675048828125
-947.557861328125 -226.67489624023438
-945.6941528320312 -228.67457580566406
-947.6939086914062 -230.64126586914062
-945.8700561523438 -232.60826110839844
-947.8521118164062 -234.60757446289062
-945.8684692382812 -236.59124755859375
-947.8682250976562 -238.58985900878906
-946.3222045898438 -240.58970642089844
-948.3215942382812 -242.55262756347656
-946.402099609375 -244.55242919921875
-948.39990234375 -246.5322265625
-946.436279296875 -248.53152465820312
-948.4284057617188 -250.518798828125
-946.5030517578125 -252.51560974121094
-948.5030517578125 -254.49452209472656
-946.5770874023438 -256.4900817871094
-948.5762329101562 -258.40093994140625
-946.792724609375 -260.4008483886719
-948.7725219726562 -262.364990234375
-946.8630981445312 -264.3640441894531
-948.8607177734375 -266.36285400390625
-947.2991333007812 -268.3627624511719
-945.412353515625 -270.3596496582031
-947.3856811523438 -272.33123779296875
-945.3955078125 -274.3305969238281
-947.3954467773438 -276.3282775878906
-945.9983520507812 -278.298095703125
-947.9983520507812 -280.28314208984375
-946.0726928710938 -282.2756652832031
-948.0726318359375 -284.2352294921875
-946.3924560546875 -286.23370361328125
-948.3923950195312 -288.19036865234375
-946.5286254882812 -290.1824035644531
-948.5218505859375 -292.1793212890625
-946.5428466796875 -294.1656494140625
-948.5404052734375 -296.1613464355469
-948.6163330078125 -298.15716552734375
-946.619873046875 -300.139404296875
-948.619873046875 -302.13787841796875
-946.6380615234375 -304.12274169921875
-948.6373291015625 -306.1211242675781
-946.7406005859375 -308.10955810546875
-948.7405395507812 -310.06756591796875
-946.8482055664062 -312.065673828125
-948.84814453125 -313.9676818847656
-946.957763671875 -315.9548034667969
-948.9564819335938 -317.951171875
-946.9909057617188 -319.9493408203125
-948.9718627929688 -321.94122314453125
-947.013671875 -323.9271545410156
-949.0076904296875 -325.9241943359375
-947.0107421875 -327.9239196777344
-949.0107421875 -329.91021728515625
-947.64599609375 -331.8917236328125
-949.6019897460938 -333.8887939453125
-947.646728515625 -335.8852233886719
-949.6329345703125 -337.8713684082031
-947.7901000976562 -339.8711853027344
-949.784912109375 -341.8688659667969
-947.8722534179688 -343.8663635253906
-949.5256958007812 -345.8529052734375
-947.5429077148438 -347.8389892578125
-949.3609619140625 -349.6391906738281
-947.3848266601562 -351.6270446777344
-949.2360229492188 -353.6219482421875
-947.2523803710938 -355.5530090332031
-949.00146484375 -357.52276611328125
-947.0435180664062 -359.42633056640625
-948.9060668945312 -361.4181213378906
-946.9180908203125 -363.4109191894531
-948.7966918945312 -365.4031066894531
-946.8978881835938 -367.3314514160156
-948.6849365234375 -369.1390075683594
-946.6893920898438 -371.1329345703125
-948.682373046875 -372.605712890625
-946.7197875976562 -374.56915283203125
-946.4434204101562 -376.5645446777344
-946.4766845703125 -378.5458984375
-948.09521484375 -380.4734802246094
-946.1019287109375 -381.7117919921875
-946.75341796875 -383.6048583984375
-947.2366333007812 -385.5029602050781
-947.5740356445312 -387.5018005371094
-949.1484985351562 -389.432373046875
-948.3163452148438 -390.673583984375
-946.3424682617188 -392.653564453125
-944.841552734375 -394.65155029296875
-944.7500610351562 -396.6163635253906
-943.0826416015625 -398.49969482421875
-944.0955200195312 -400.419189453125
-942.1996459960938 -402.2927551269531
-941.4425048828125 -404.1871337890625
-940.1521606445312 -406.1648254394531
-938.4474487304688 -408.16015625
-936.5496826171875 -410.13812255859375
-935.1396484375 -411.9910583496094
-935.3944091796875 -413.4909362792969
-937.1454467773438 -415.4329528808594
-935.7237548828125 -417.40386962890625
-937.2440185546875 -419.3489074707031
-938.8972778320312 -421.33477783203125
-939.6153564453125 -423.2124328613281
-938.760986328125 -422.4001770019531
-939.3781127929688 -423.6200256347656
-941.296875 -425.434326171875
-939.3618774414062 -424.0952453613281
-939.3914184570312 -425.3545837402344
-940.7139892578125 -427.2097473144531
-939.6756591796875 -428.91302490234375
-941.4078979492188 -429.9576721191406
-940.927978515625 -429.6310119628906
-942.83837890625 -428.87982177734375
-944.1327514648438 -430.5216064453125
-944.5737915039062 -429.1026306152344
-946.2604370117188 -430.8619689941406
-945.219482421875 -432.5201416015625
-943.3473510742188 -433.466064453125
-941.4360961914062 -435.2804260253906
-940.35009765625 -437.10675048828125
-938.5270385742188 -435.3492126464844
-936.6272583007812 -437.3319396972656
-937.7146606445312 -438.65484619140625
-936.3222045898438 -437.37628173828125
-934.5953979492188 -435.8095397949219
-934.5484008789062 -434.6316833496094
-934.528076171875 -436.43804931640625
-934.9536743164062 -437.37994384765625
-935.3908081054688 -437.8935546875
-936.435791015625 -437.256103515625
-934.6773681640625 -437.07171630859375
-933.2338256835938 -438.4058837890625
-934.5372924804688 -439.8127136230469
-933.0845336914062 -438.921875
-934.2908935546875 -439.58319091796875
-933.7111206054688 -438.0800476074219
-933.2890014648438 -439.4754333496094
-935.1885986328125 -437.8701477050781
-934.4867553710938 -439.6648864746094
-934.0269775390625 -439.2740173339844
-933.9371948242188 -441.2579345703125
-933.0704345703125 -441.51318359375
-931.1594848632812 -440.8975524902344
-930.5092163085938 -441.8196716308594
-931.9547119140625 -441.3059997558594
-930.5527954101562 -441.8531494140625
-930.8092651367188 -442.92523193359375
-928.828857421875 -444.86181640625
-927.4537353515625 -445.75445556640625
-928.8887329101562 -445.31768798828125
-927.6700439453125 -443.9785461425781
-929.29052734375 -444.0873718261719
-929.9281616210938 -443.2575378417969
-928.4800415039062 -445.2170715332031
-929.9683837890625 -445.7696838378906
-929.0183715820312 -447.6200866699219
-928.1224975585938 -446.2499084472656
-929.7589111328125 -445.40130615234375
-929.6580810546875 -443.50653076171875
-928.4633178710938 -444.8621826171875
-930.369140625 -445.4351501464844
-928.6784057617188 -446.0384521484375
-929.408203125 -445.4322204589844
-927.6897583007812 -446.45721435546875
-927.7703247070312 -445.60504150390625
-929.6829223632812 -444.4650573730469
-929.3908081054688 -442.7923889160156
-930.3427734375 -444.7043762207031
-931.4019165039062 -446.17987060546875
-930.8101196289062 -447.8916931152344
-929.228515625 -449.4158935546875
-928.78369140625 -449.7064514160156
-927.68896484375 -447.83953857421875
-928.3558959960938 -446.7543029785156
-926.53564453125 -448.22259521484375
-926.4271240234375 -450.1111755371094
-927.7123413085938 -448.3954162597656
-928.5849609375 -447.5914306640625
-927.3323364257812 -447.9369812011719
-925.7847900390625 -448.1011047363281
-925.5881958007812 -447.01324462890625
-927.1328125 -448.29547119140625
-928.965576171875 -448.1910095214844
-930.0750122070312 -447.844482421875
-929.4573974609375 -446.69903564453125
-927.7998657226562 -446.8308410644531
-927.5340576171875 -446.97613525390625
-926.2782592773438 -446.3471984863281
-926.607666015625 -446.04754638671875
-927.8816528320312 -444.4861145019531
-929.5830688476562 -444.1151123046875
-927.6764526367188 -444.2811584472656
-925.9097900390625 -444.1940002441406
-927.7679443359375 -445.2601623535156
-927.6414184570312 -446.4494323730469
-928.2696533203125 -448.08416748046875
-927.797607421875 -449.78985595703125
-929.7379150390625 -449.2460021972656
-928.1884155273438 -448.9277648925781
-927.8098754882812 -448.6614074707031
-926.3187866210938 -449.3303527832031
-926.495849609375 -449.7789001464844
-924.9863891601562 -451.09417724609375
-926.6224975585938 -452.9657897949219
-926.1599731445312 -454.8236083984375
-924.5922241210938 -452.82794189453125
-926.5078735351562 -454.81927490234375
-926.7999267578125 -453.06365966796875
-926.7994995117188 -454.29193115234375
-924.8988647460938 -452.33258056640625
-925.1326293945312 -454.29949951171875
-923.1580200195312 -452.4130554199219
-921.4900512695312 -454.4093322753906
-919.4992065429688 -452.41778564453125
-918.884521484375 -454.3764953613281
-917.37158203125 -456.3754577636719
-915.3803100585938 -454.3772888183594
-913.4019775390625 -456.3769226074219
