-954.837646484375 -176.84434509277344
-952.8380126953125 -178.83717346191406
-950.8381958007812 -180.83641052246094
-948.83837890625 -182.8352508544922
-946.83837890625 -184.83523559570312
-948.8362426757812 -186.83523559570312
-946.8362426757812 -188.83502197265625
-948.8360595703125 -190.83502197265625
-946.8361206054688 -192.83499145507812
-948.8350830078125 -194.83497619628906
-946.8350830078125 -196.8347625732422
-948.8350219726562 -198.83474731445312
-946.8350219726562 -200.83335876464844
-948.83447265625 -202.83335876464844
-946.83447265625 -204.833251953125
-948.8335571289062 -206.833251953125
-950.828857421875 -208.83323669433594
-948.8289184570312 -210.83282470703125
-950.8284301757812 -212.83282470703125
-948.8284301757812 -214.83233642578125
-950.828369140625 -216.8323211669922
-948.8285522460938 -218.8305206298828
-950.824951171875 -220.8305206298828
-948.8250122070312 -222.8280029296875
-946.8250122070312 -224.82614135742188
-948.8241577148438 -226.82614135742188
-946.8241577148438 -228.8259735107422
-944.8241577148438 -230.8258514404297
-946.8240966796875 -232.82583618164062
-944.8240966796875 -234.82579040527344
-946.82373046875 -236.82579040527344
-948.7481689453125 -238.82579040527344
-946.7481689453125 -240.8234405517578
-948.7466430664062 -242.8234405517578
-946.7466430664062 -244.8232421875
-948.744384765625 -246.82318115234375
-946.7444458007812 -248.8228302001953
-948.7443237304688 -250.82281494140625
-946.7443237304688 -252.82241821289062
-948.7440185546875 -254.82241821289062
-946.745361328125 -256.8221740722656
-948.7450561523438 -258.8221740722656
-946.7451782226562 -260.8221435546875
-948.742919921875 -262.8221435546875
-946.742919921875 -264.8215637207031
-948.7427978515625 -266.8215637207031
-946.7430419921875 -268.8213806152344
-948.7275390625 -270.8213806152344
-946.7275390625 -272.8209228515625
-948.7247924804688 -274.8209228515625
-946.7271728515625 -276.8200378417969
-948.7249755859375 -278.8199768066406
-946.725341796875 -280.8199462890625
-948.7124633789062 -282.8199462890625
-946.7128295898438 -284.8197326660156
-948.710693359375 -286.8197021484375
-946.7107543945312 -288.8186950683594
-948.7080688476562 -290.8186950683594
-946.7084350585938 -292.81781005859375
-948.5224609375 -294.81781005859375
-946.5224609375 -296.8172607421875
-948.5218505859375 -298.8172607421875
-946.5220336914062 -300.8171691894531
-948.5142211914062 -302.8171691894531
-946.514404296875 -304.8169250488281
-948.4879760742188 -306.81689453125
-946.488037109375 -308.8155212402344
-948.4812622070312 -310.8155212402344
-946.4816284179688 -312.81536865234375
-948.4514770507812 -314.81536865234375
-950.28955078125 -316.8153381347656
-948.2897338867188 -318.7989807128906
-947.47216796875 -320.7989807128906
-949.4696655273438 -322.7989807128906
-947.4697265625 -324.7975158691406
-949.3638916015625 -326.7974853515625
-947.3641967773438 -328.79730224609375
-949.1416015625 -330.79718017578125
-947.1417846679688 -332.7917175292969
-948.990966796875 -334.7916259765625
-946.9916381835938 -336.7903137207031
-948.8389282226562 -338.7902526855469
-946.8516235351562 -340.77923583984375
-945.9984130859375 -342.77923583984375
-947.8424682617188 -344.7792053222656
-949.8240966796875 -346.77899169921875
-947.8246459960938 -348.7689208984375
-949.2617797851562 -350.768798828125
-947.2625732421875 -352.7601623535156
-948.2698974609375 -354.7596740722656
-949.6694946289062 -356.7595520019531
-947.669677734375 -358.71527099609375
-948.6049194335938 -360.7150573730469
-946.6058349609375 -362.7093811035156
-946.7261352539062 -364.70782470703125
-948.5057373046875 -366.70770263671875
-946.5067138671875 -368.70489501953125
-948.1550903320312 -370.7039489746094
-946.1552124023438 -372.6910705566406
-947.889892578125 -374.6891784667969
-945.890380859375 -376.683837890625
-946.580078125 -378.6801452636719
-948.2747802734375 -380.679931640625
-946.27685546875 -382.5545654296875
-946.2334594726562 -384.5532531738281
-944.361572265625 -386.5528259277344
-944.7297973632812 -388.5500793457031
-944.1102905273438 -390.54931640625
-942.193115234375 -392.5469665527344
-944.130615234375 -394.54156494140625
-945.5435180664062 -396.5403747558594
-943.9300537109375 -398.5328674316406
-942.125 -400.5238952636719
-942.822509765625 -402.5181579589844
-940.9882202148438 -404.4478759765625
-939.438720703125 -406.4279479980469
-938.891845703125 -408.19073486328125
-937.0560302734375 -410.1884460449219
-938.0043334960938 -412.1651916503906
-936.1229248046875 -414.15936279296875
-936.017333984375 -415.9851989746094
-937.5780029296875 -417.9476318359375
-938.1781005859375 -419.8848876953125
-939.4451904296875 -421.3981628417969
-940.1354370117188 -423.24853515625
-938.1757202148438 -425.2134704589844
-938.8165283203125 -426.7883605957031
-939.858154296875 -428.7438659667969
-938.1824340820312 -430.7050476074219
-939.2658081054688 -432.6695556640625
-939.3766479492188 -434.6440734863281
-937.8850708007812 -436.5719299316406
-935.9024047851562 -435.7695617675781
-935.8751220703125 -437.2678527832031
-935.9019775390625 -439.0380554199219
-934.1672973632812 -440.8927001953125
-932.761962890625 -442.6024169921875
-932.3687133789062 -443.8876953125
-931.365234375 -445.4727783203125
-930.5211791992188 -446.46148681640625
-928.7339477539062 -444.947509765625
-926.9594116210938 -444.6787109375
-925.5068969726562 -445.7203369140625
-926.871337890625 -445.8746643066406
-927.9273681640625 -447.0353698730469
-928.331298828125 -448.77130126953125
-929.9536743164062 -448.1127014160156
-929.0506591796875 -449.52178955078125
-927.0812377929688 -449.11151123046875
-925.6914672851562 -450.9091491699219
-924.4526977539062 -452.8155212402344
-926.2030029296875 -454.79583740234375
-924.311279296875 -452.88739013671875
-925.43896484375 -454.8806457519531
-924.0565185546875 -452.8850402832031
-925.44384765625 -454.8773498535156
-925.2357788085938 -452.90362548828125
-926.81396484375 -454.8420104980469
-925.1697998046875 -452.9700012207031
-926.9407348632812 -454.967041015625
-928.3778686523438 -453.0595703125
-930.33740234375 -453.4221496582031
-928.95166015625 -455.0456848144531
-928.0138549804688 -453.2348937988281
-926.1011352539062 -451.7541809082031
-927.8466796875 -453.05059814453125
-929.1961059570312 -454.2740173339844
-927.91015625 -452.3948059082031
-927.0087280273438 -452.912109375
-928.0618286132812 -454.8145446777344
-926.1143188476562 -453.24560546875
-927.7728271484375 -454.9827880859375
-928.8246459960938 -452.98541259765625
-929.8811645507812 -454.30908203125
-928.2345581054688 -455.76263427734375
-926.8950805664062 -454.6884460449219
-928.2838134765625 -452.7317199707031
-927.2446899414062 -454.4172668457031
-925.2891845703125 -452.4296875
-927.2473754882812 -454.42340087890625
-928.6019897460938 -452.476318359375
-926.818359375 -454.2502136230469
-924.8648681640625 -453.5171203613281
-922.9459838867188 -451.71124267578125
-924.3677368164062 -453.6949768066406
-922.3817749023438 -451.7027282714844
-924.3547973632812 -453.70037841796875
-922.478759765625 -451.71820068359375
-924.0178833007812 -453.70001220703125
-922.021728515625 -451.70770263671875
-923.8461303710938 -453.7008972167969
-921.850830078125 -451.71307373046875
-921.7883911132812 -453.70361328125
-922.5663452148438 -455.7020263671875
-920.5930786132812 -453.70550537109375
-921.0169067382812 -455.69635009765625
-919.052001953125 -453.7020568847656
-919.4673461914062 -455.689453125
-917.472900390625 -453.6911926269531
-917.3062744140625 -455.6792297363281
-915.3228759765625 -453.8799743652344
-913.9149780273438 -455.8793029785156
-911.9266967773438 -453.909423828125
