-956.029541015625 -176.728515625
-954.1595458984375 -178.7140350341797
-952.2316284179688 -180.66909790039062
-950.6255493164062 -182.65469360351562
-949.2371215820312 -184.6347198486328
-947.2623291015625 -186.6276397705078
-945.2623901367188 -188.5732879638672
-947.2241821289062 -190.57249450683594
-945.5576171875 -192.48622131347656
-947.55712890625 -194.48484802246094
-949.5402221679688 -196.48040771484375
-948.2032470703125 -198.37515258789062
-946.9351806640625 -200.25819396972656
-948.8827514648438 -202.25747680664062
-946.964111328125 -203.45001220703125
-948.9581909179688 -205.44985961914062
-946.9912109375 -207.41966247558594
-948.9901123046875 -209.41957092285156
-950.988037109375 -211.41941833496094
-949.2411499023438 -213.3726348876953
-951.2260131835938 -215.37232971191406
-949.2623901367188 -217.35411071777344
-951.2601318359375 -219.3527069091797
-949.6680297851562 -221.3197784423828
-947.7297973632812 -223.2666473388672
-949.7288208007812 -225.26641845703125
-947.8836059570312 -227.2625274658203
-945.9105224609375 -229.2183074951172
-947.8590087890625 -231.21803283691406
-948.184814453125 -233.19381713867188
-946.4083251953125 -235.0810546875
-948.3885498046875 -237.08087158203125
-946.9207153320312 -239.02572631835938
-948.8963623046875 -241.0194854736328
-947.0974731445312 -242.9458770751953
-949.0597534179688 -244.9412384033203
-947.1627197265625 -246.81036376953125
-949.16259765625 -248.81021118164062
-947.2906494140625 -250.60447692871094
-947.9707641601562 -252.60232543945312
-945.9939575195312 -254.44061279296875
-947.9625854492188 -256.4394836425781
-945.9883422851562 -258.3220520019531
-947.8253784179688 -260.3096008300781
-945.8295288085938 -261.8083801269531
-947.8234252929688 -263.8052978515625
-945.84765625 -264.0057678222656
-947.5851440429688 -266.0039367675781
-945.6248168945312 -267.877685546875
-947.6184692382812 -269.875732421875
-946.0637817382812 -271.832275390625
-948.0171508789062 -273.8294372558594
-946.0801391601562 -275.8174133300781
-948.0748901367188 -277.815673828125
-946.3804321289062 -279.62774658203125
-948.3341674804688 -281.627685546875
-946.4864501953125 -283.6108703613281
-948.22119140625 -285.60906982421875
-946.6246337890625 -287.46441650390625
-948.3350219726562 -289.461181640625
-946.684814453125 -291.2091979980469
-948.6145629882812 -293.2087097167969
-946.6202392578125 -294.90887451171875
-948.619384765625 -296.90673828125
-946.6517333984375 -298.6761169433594
-948.2363891601562 -300.67352294921875
-946.2415771484375 -302.4350891113281
-946.2738647460938 -304.4339599609375
-948.1407470703125 -306.43359375
-946.2182006835938 -308.3273010253906
-947.8970336914062 -310.32427978515625
-946.2686157226562 -312.04986572265625
-948.2593994140625 -314.0459289550781
-949.7913208007812 -316.0445861816406
-948.6871337890625 -317.9241943359375
-946.7260131835938 -319.1292419433594
-948.6063842773438 -321.1120300292969
-948.0454711914062 -322.6205139160156
-949.865966796875 -324.6203308105469
-947.8901977539062 -326.5735168457031
-949.7467041015625 -328.56744384765625
-947.7833862304688 -330.2569274902344
-949.6045532226562 -332.2392272949219
-948.0787353515625 -334.15130615234375
-950.0205078125 -336.148681640625
-948.0962524414062 -337.1978454589844
-949.7484741210938 -339.19525146484375
-948.6618041992188 -340.8320617675781
-946.71337890625 -341.8225402832031
-948.6051025390625 -343.7637023925781
-946.651123046875 -344.4112854003906
-948.5382690429688 -346.4086608886719
-946.9929809570312 -346.8747863769531
-946.1461791992188 -348.8552551269531
-948.0244140625 -350.8548278808594
-947.6207885742188 -352.8524475097656
-947.5582275390625 -354.7448425292969
-949.2498779296875 -356.7297058105469
-948.7582397460938 -358.70428466796875
-946.7849731445312 -360.5926818847656
-948.0335693359375 -362.58612060546875
-947.4998168945312 -364.5797424316406
-948.90185546875 -366.5408935546875
-947.0147705078125 -368.3465881347656
-948.8399658203125 -370.2944641113281
-947.362060546875 -371.4823303222656
-949.0445556640625 -373.3565368652344
-947.1077880859375 -373.19866943359375
-948.829345703125 -375.1977844238281
-948.1990356445312 -375.9189758300781
-946.561767578125 -376.7156066894531
-945.47509765625 -378.70538330078125
-943.7559204101562 -380.6402587890625
-942.7637329101562 -382.6325378417969
-941.7911376953125 -384.63031005859375
-940.2713623046875 -386.1091613769531
-942.1590576171875 -388.08489990234375
-944.0885009765625 -389.99896240234375
-945.9391479492188 -391.9982604980469
-944.2200927734375 -393.9975891113281
-943.9645385742188 -395.9930419921875
-944.9561767578125 -397.9923095703125
-943.0939331054688 -399.9307861328125
-943.6141967773438 -401.8828430175781
-942.3350219726562 -403.87042236328125
-942.2937622070312 -405.8509826660156
-940.4756469726562 -407.0367126464844
-938.4949340820312 -409.0011291503906
-938.001953125 -409.50958251953125
-939.4734497070312 -408.7507629394531
-938.0396118164062 -409.8324279785156
-936.4482421875 -411.14630126953125
-935.4400024414062 -411.39666748046875
-936.5316772460938 -412.245849609375
-938.485595703125 -412.2670593261719
-939.4627075195312 -414.2305603027344
-941.0401611328125 -416.1858825683594
-939.1222534179688 -418.1390075683594
-937.2561645507812 -419.4034118652344
-936.0113525390625 -421.3856201171875
-937.65576171875 -423.3123779296875
-939.5121459960938 -424.4957275390625
-939.172119140625 -425.94525146484375
-938.9840087890625 -427.9205322265625
-940.7117309570312 -429.91986083984375
-942.2935180664062 -431.918701171875
-942.2669067382812 -433.9185791015625
-940.68115234375 -435.9185791015625
-940.3899536132812 -437.9185791015625
-938.5741577148438 -439.858154296875
-937.5430908203125 -441.75244140625
-935.5504150390625 -443.7150573730469
-937.0296630859375 -445.714599609375
-935.9801025390625 -447.58795166015625
-934.0924682617188 -449.5664978027344
-933.5139770507812 -451.5247802734375
-931.5277099609375 -453.5191955566406
-929.8499145507812 -452.9894104003906
-928.2384643554688 -454.9878234863281
-928.2096557617188 -454.23809814453125
-930.1411743164062 -453.0448303222656
-928.6531372070312 -455.04437255859375
-927.470458984375 -453.22125244140625
-925.5828857421875 -455.22113037109375
-923.9479370117188 -453.5380554199219
-925.2494506835938 -451.8656311035156
-923.358642578125 -453.8656311035156
-923.6146850585938 -452.298095703125
-923.882080078125 -454.2978515625
-924.8416748046875 -452.3423156738281
-924.8284912109375 -454.3420104980469
-924.6783447265625 -452.9491271972656
-924.2461547851562 -454.9491271972656
-924.867919921875 -452.9898376464844
-924.2860107421875 -454.9897766113281
-925.9295654296875 -453.4911193847656
-925.4488525390625 -451.50067138671875
-925.3341674804688 -453.4875183105469
-925.5234985351562 -451.6235656738281
-924.51708984375 -453.6231994628906
-926.3761596679688 -451.9176025390625
-928.1170043945312 -453.9136962890625
-928.4471435546875 -454.2873840332031
-928.097412109375 -453.9546813964844
-926.5887451171875 -452.0359802246094
-926.8462524414062 -454.03472900390625
-925.9032592773438 -452.1040344238281
-925.9328002929688 -454.10394287109375
-924.708251953125 -452.30999755859375
-926.4639892578125 -454.3099365234375
-928.139404296875 -452.607666015625
-930.0469970703125 -454.6037292480469
-928.728271484375 -452.7995910644531
-928.6939086914062 -454.7957763671875
-926.748779296875 -453.0186462402344
-925.0266723632812 -455.0157165527344
-924.1740112304688 -454.1329040527344
-922.5833740234375 -452.2430725097656
-920.6219482421875 -454.2430419921875
-918.9451293945312 -452.3393859863281
-920.2702026367188 -454.3327331542969
-918.4058837890625 -452.34393310546875
-917.3462524414062 -454.3429870605469
-915.3509521484375 -456.3423767089844
-913.4675903320312 -454.47625732421875
