-833.6124267578125 -102.44547271728516
-833.1895751953125 -104.44445037841797
-835.1874389648438 -106.44406127929688
-837.1430053710938 -108.44335174560547
-839.1320190429688 -110.44332885742188
-840.7864379882812 -108.48556518554688
-842.751220703125 -110.48478698730469
-844.0991821289062 -108.488037109375
-846.0858764648438 -110.48800659179688
-848.0735473632812 -108.51461029052734
-850.0681762695312 -110.51362609863281
-852.0220947265625 -110.38507080078125
-853.8241577148438 -108.39611053466797
-855.822998046875 -110.39591979980469
-857.770751953125 -108.40603637695312
-859.7696533203125 -110.406005859375
-861.6875610351562 -108.42313385009766
-863.6839599609375 -110.42292022705078
-865.125244140625 -108.42549896240234
-867.1251220703125 -110.42522430419922
-869.0059204101562 -108.67709350585938
-871.0004272460938 -106.72561645507812
-872.9960327148438 -108.72541809082031
-874.9751586914062 -110.12629699707031
-876.8033447265625 -111.50079345703125
-878.7730102539062 -113.47883605957031
-880.7720336914062 -115.47513580322266
-881.2308349609375 -116.9847183227539
-879.3402709960938 -118.95292663574219
-881.3357543945312 -120.94671630859375
-880.7503051757812 -122.94473266601562
-879.89013671875 -124.92852783203125
-880.5999145507812 -126.91139221191406
-880.56591796875 -128.8957061767578
-879.5467529296875 -130.55764770507812
-881.5462646484375 -132.54043579101562
-880.056396484375 -134.52699279785156
-882.05615234375 -136.52613830566406
-881.6568603515625 -138.177978515625
-882.9000244140625 -140.1693572998047
-882.0006103515625 -139.51600646972656
-880.4423217773438 -137.90182495117188
-882.4422607421875 -139.8983917236328
-880.8389892578125 -140.6863250732422
-879.350830078125 -141.88453674316406
-881.3218994140625 -143.88113403320312
-879.4094848632812 -145.87747192382812
-881.4092407226562 -147.8687286376953
-880.780517578125 -146.40576171875
-879.1644897460938 -147.8500213623047
-881.1644287109375 -149.84361267089844
-880.5415649414062 -151.75462341308594
-882.4187622070312 -153.73751831054688
-880.69482421875 -155.65675354003906
-882.6907348632812 -157.64175415039062
-883.65380859375 -159.63465881347656
-882.4539794921875 -157.76870727539062
-882.7301635742188 -159.7666778564453
-880.7923583984375 -158.09185791015625
-882.7774047851562 -160.068115234375
-880.9920043945312 -158.3981170654297
-882.98681640625 -160.389892578125
-881.2891845703125 -158.7113494873047
-883.2816162109375 -160.6959228515625
-883.5385131835938 -160.16783142089844
-883.1033935546875 -158.2151641845703
-881.2315673828125 -158.60498046875
-883.2252197265625 -160.5998077392578
-881.2742309570312 -158.89756774902344
-883.2730102539062 -160.88992309570312
-884.0935668945312 -160.53038024902344
-882.2594604492188 -159.43692016601562
-880.3156127929688 -157.50538635253906
-882.3087158203125 -159.48757934570312
-881.6141357421875 -157.53587341308594
-883.6134643554688 -159.5174102783203
-881.8370361328125 -157.5380859375
-883.6195678710938 -159.52587890625
-881.664794921875 -157.54335021972656
-883.66064453125 -159.53335571289062
-881.9786376953125 -158.249755859375
-883.9430541992188 -160.2187042236328
-882.7601318359375 -158.27101135253906
-881.2769775390625 -159.85049438476562
-883.159423828125 -161.8454132080078
-883.5827026367188 -160.8499755859375
-884.3334350585938 -160.12962341308594
-882.7238159179688 -158.85043334960938
-881.7247314453125 -157.00999450683594
-883.4067993164062 -158.97024536132812
-881.672607421875 -157.28097534179688
-881.4240112304688 -159.2560577392578
-883.4154663085938 -161.25131225585938
-882.7230224609375 -160.5006866455078
-883.2019653320312 -160.15589904785156
-881.9608154296875 -158.37718200683594
-883.7684326171875 -160.37149047851562
-884.4105224609375 -158.94639587402344
-882.7935791015625 -156.9630584716797
-884.0053100585938 -158.95741271972656
-882.0596313476562 -156.9899444580078
-883.9110717773438 -158.91983032226562
-883.83740234375 -156.92709350585938
-885.5604248046875 -158.8689727783203
-885.3964233398438 -159.06260681152344
-884.3815307617188 -158.18206787109375
-882.6358642578125 -160.1378631591797
-881.2704467773438 -158.20672607421875
-883.2620849609375 -160.20651245117188
-882.0435180664062 -158.91632080078125
-880.616455078125 -157.05780029296875
-882.5980834960938 -159.05667114257812
-880.7935791015625 -157.4187469482422
-882.7915649414062 -159.4176788330078
-881.1083374023438 -157.66566467285156
-883.0843505859375 -159.66497802734375
-881.3333129882812 -158.80958557128906
-883.329833984375 -160.79071044921875
-881.4224243164062 -160.03123474121094
-883.419921875 -162.02613830566406
-882.1726684570312 -161.74134826660156
-881.6947631835938 -162.12350463867188
-882.2694091796875 -163.89874267578125
-880.7307739257812 -165.76805114746094
-882.7138061523438 -167.734375
-881.4779052734375 -167.76821899414062
-883.4432983398438 -169.75975036621094
-881.9578857421875 -171.27578735351562
-880.034912109375 -171.9437713623047
-881.9796142578125 -173.93679809570312
-882.3718872070312 -175.87025451660156
-884.3375854492188 -177.8681182861328
-886.0711669921875 -179.86785888671875
-888.070068359375 -181.8675994873047
-889.9693603515625 -179.88059997558594
-891.84619140625 -181.87945556640625
-893.7446899414062 -183.87857055664062
-891.8606567382812 -182.02490234375
-893.0313110351562 -180.09841918945312
-894.8206787109375 -182.09677124023438
-892.8480224609375 -180.0973663330078
-894.8457641601562 -182.09722900390625
-896.4632568359375 -180.09796142578125
-898.263427734375 -182.09596252441406
-897.658935546875 -180.0960693359375
-899.2705078125 -182.03125
-901.0260620117188 -180.03138732910156
-902.9553833007812 -182.0303192138672
-902.1992797851562 -180.03045654296875
-904.19384765625 -182.0286407470703
-904.7854614257812 -180.03363037109375
-906.7376098632812 -182.03134155273438
-908.3840942382812 -180.0347137451172
-910.3746337890625 -182.0339813232422
-912.3612060546875 -180.03868103027344
-914.3523559570312 -182.03805541992188
-915.5430297851562 -180.0410614013672
-917.5074462890625 -182.03994750976562
-918.8291015625 -180.04452514648438
-920.2796020507812 -182.03594970703125
-922.0662231445312 -180.0366668701172
-923.9766845703125 -182.03518676757812
-925.9633178710938 -180.8525390625
-927.961181640625 -182.8417205810547
-929.9579467773438 -184.61346435546875
-931.9544677734375 -186.3668212890625
-933.8751831054688 -188.00552368164062
-935.872802734375 -189.8397216796875
-937.8702392578125 -190.6770477294922
-939.8335571289062 -192.22401428222656
-941.7778930664062 -193.45077514648438
-943.7538452148438 -193.96383666992188
-945.683837890625 -194.56564331054688
-947.663330078125 -196.39794921875
-949.6288452148438 -198.140869140625
-951.6263427734375 -197.99708557128906
-953.6168212890625 -198.5791473388672
-955.6109008789062 -200.332763671875
-957.60595703125 -202.27076721191406
-959.5855102539062 -204.26141357421875
-961.1234130859375 -204.34585571289062
-962.906494140625 -206.33340454101562
-964.8797607421875 -208.3226776123047
-966.8795776367188 -210.31991577148438
-968.8506469726562 -212.3193359375
-970.8482055664062 -214.31272888183594
-972.8444213867188 -216.31198120117188
-974.8365478515625 -214.35861206054688
-976.832763671875 -216.35821533203125
-978.723876953125 -218.20396423339844
-980.6561279296875 -216.23548889160156
-982.647216796875 -218.21983337402344
-984.640380859375 -216.83843994140625
-986.6395263671875 -215.618408203125
-988.62060546875 -217.6150360107422
-990.2620239257812 -215.707763671875
-992.2498779296875 -214.2814178466797
-994.1121826171875 -216.28004455566406
-996.0814208984375 -215.53163146972656
-998.055908203125 -217.46485900878906
-998.2738647460938 -215.74977111816406
-1000.245361328125 -214.40113830566406
-1002.2266845703125 -216.39974975585938
-1003.1575927734375 -214.43942260742188
-1003.4686889648438 -216.4342498779297
-1004.8980102539062 -214.57687377929688
-1006.37646484375 -216.57015991210938
-1008.36181640625 -215.883544921875
-1009.923583984375 -214.14785766601562
-1011.100341796875 -212.32749938964844
-1012.958251953125 -214.32156372070312
