-833.60205078125 -102.46243286132812
-831.6976928710938 -104.4623794555664
-833.4091186523438 -106.46102142333984
-831.6380615234375 -108.45855712890625
-833.1094360351562 -110.45836639404297
-835.102783203125 -112.45093536376953
-833.1796875 -114.40987396240234
-835.1490478515625 -116.3808822631836
-833.1493530273438 -118.38052368164062
-835.1121215820312 -120.37380981445312
-833.117431640625 -122.37309265136719
-835.0477294921875 -124.36640167236328
-833.0933227539062 -126.35565948486328
-834.0765380859375 -128.35186767578125
-835.9078979492188 -130.2364959716797
-833.936279296875 -132.2358856201172
-835.61572265625 -134.12863159179688
-833.6248168945312 -136.12783813476562
-835.4796752929688 -138.12144470214844
-833.5492553710938 -140.1170654296875
-835.53759765625 -142.10972595214844
-834.3360595703125 -144.0546417236328
-832.3914794921875 -146.04638671875
-833.7839965820312 -148.0421600341797
-835.7817993164062 -149.86647033691406
-833.783935546875 -151.83352661132812
-835.7395629882812 -153.8195343017578
-834.8284301757812 -155.81939697265625
-833.3394775390625 -157.77932739257812
-835.2975463867188 -159.77113342285156
-833.49462890625 -161.73695373535156
-832.38427734375 -163.66030883789062
-830.6279907226562 -165.63990783691406
-832.5570678710938 -167.53602600097656
-834.4541015625 -168.0579833984375
-832.4616088867188 -169.8457794189453
-834.438232421875 -171.56350708007812
-836.3651123046875 -173.4245147705078
-836.2935180664062 -175.41954040527344
-837.72119140625 -177.17051696777344
-839.7091064453125 -179.0284881591797
-838.19677734375 -181.0271453857422
-839.8271484375 -179.03280639648438
-841.7776489257812 -180.990966796875
-843.5888671875 -178.99234008789062
-845.5064086914062 -180.9398193359375
-846.885986328125 -178.95899963378906
-848.760498046875 -180.9405059814453
-850.4756469726562 -178.9419403076172
-850.065673828125 -180.93258666992188
-852.0132446289062 -178.93276977539062
-853.9960327148438 -180.91842651367188
-855.458984375 -178.9478759765625
-856.860107421875 -180.60069274902344
-858.72119140625 -178.60302734375
-860.71240234375 -180.03314208984375
-862.6270141601562 -181.91876220703125
-864.525390625 -179.93423461914062
-866.45263671875 -177.93618774414062
-867.7980346679688 -179.89773559570312
-869.6180419921875 -177.8987274169922
-870.7410278320312 -179.8950653076172
-872.7017822265625 -177.8953857421875
-874.661376953125 -179.88951110839844
-875.99951171875 -177.89866638183594
-877.9890747070312 -179.87969970703125
-879.9647827148438 -177.8835906982422
-879.1776123046875 -179.85308837890625
-880.93359375 -177.8544921875
-880.896728515625 -179.56411743164062
-882.83740234375 -177.57371520996094
-884.1243286132812 -179.55670166015625
-883.7550659179688 -181.54347229003906
-885.558349609375 -179.6576385498047
-886.8577270507812 -181.57644653320312
-888.6192016601562 -179.59608459472656
-890.1925659179688 -181.59556579589844
-892.1767578125 -183.55490112304688
-890.2244873046875 -184.12701416015625
-892.163818359375 -185.02294921875
-890.5665893554688 -186.59307861328125
-892.141357421875 -185.68460083007812
-890.2750854492188 -187.3094482421875
-892.0709838867188 -187.17005920410156
-894.0518798828125 -185.49200439453125
-892.6192016601562 -186.65138244628906
-892.4874877929688 -188.5325469970703
-894.423583984375 -188.89312744140625
-892.602783203125 -189.3310546875
-890.85302734375 -190.5660400390625
-891.0531616210938 -191.43043518066406
-892.3521728515625 -193.10263061523438
-893.0823364257812 -194.7885284423828
-891.1126708984375 -196.7115020751953
-892.982177734375 -198.56210327148438
-893.4182739257812 -198.3353271484375
-891.4317016601562 -200.28363037109375
-893.3267211914062 -202.12319946289062
-891.5411376953125 -203.6943817138672
-892.7398071289062 -203.2025604248047
-890.8284301757812 -205.1157684326172
-892.7174072265625 -206.90542602539062
-894.6844482421875 -208.81944274902344
-893.5532836914062 -210.43653869628906
-891.9072265625 -211.9197540283203
-893.8676147460938 -213.78968811035156
-891.927978515625 -213.10140991210938
-893.7932739257812 -213.4754638671875
-891.8619384765625 -214.2762908935547
-893.7960815429688 -215.0872802734375
-891.8084716796875 -215.8544921875
-893.5447387695312 -217.65286254882812
-891.8333129882812 -219.4402313232422
-893.5986328125 -221.39260864257812
-895.5086669921875 -223.3740234375
-897.32421875 -223.74810791015625
-899.1600952148438 -225.7294158935547
-901.141845703125 -225.6754150390625
-903.097412109375 -227.58380126953125
-905.0834350585938 -225.58567810058594
-906.4717407226562 -227.5111541748047
-908.46728515625 -225.55679321289062
-909.1675415039062 -227.5489044189453
-911.1267700195312 -225.55068969726562
-912.9466552734375 -227.08070373535156
-914.914306640625 -228.26876831054688
-916.8683471679688 -226.2704620361328
-918.86376953125 -228.19871520996094
-920.37646484375 -226.2002716064453
-922.1039428710938 -228.0260772705078
-924.0244750976562 -226.02906799316406
-925.7210083007812 -227.33938598632812
-927.6559448242188 -228.74520874023438
-929.6455078125 -226.77452087402344
-931.5952758789062 -227.77133178710938
-933.3157348632812 -228.19183349609375
-935.2252807617188 -226.22511291503906
-937.1712036132812 -227.11373901367188
-939.1607666015625 -227.5999298095703
-941.1513061523438 -229.19680786132812
-943.1481323242188 -227.5116729736328
-945.14013671875 -228.48226928710938
-947.11376953125 -228.86146545410156
-947.8771362304688 -227.15951538085938
-949.33984375 -225.1660919189453
-951.245361328125 -223.1684112548828
-952.9759521484375 -221.2058563232422
-954.973388671875 -219.23106384277344
-956.8773193359375 -217.234619140625
-958.8767700195312 -215.23504638671875
-960.8557739257812 -217.17530822753906
-962.8522338867188 -215.17660522460938
-964.8448486328125 -216.85987854003906
-966.8358764648438 -214.85997009277344
-966.8392944335938 -216.12916564941406
-968.8345336914062 -214.1291961669922
-970.0216674804688 -215.9862060546875
-971.8121948242188 -213.99371337890625
-973.7122802734375 -215.9431610107422
-975.5767822265625 -217.5638885498047
-977.5764770507812 -215.5645751953125
-979.54345703125 -217.0384979248047
-981.537353515625 -215.06040954589844
-983.4794311523438 -216.87806701660156
-985.467041015625 -214.87863159179688
-987.107177734375 -216.7621307373047
-989.1060180664062 -214.7866668701172
-990.09033203125 -215.56491088867188
-992.0020141601562 -217.5327911376953
-993.9627075195312 -215.5378875732422
-995.9564208984375 -217.2672576904297
-997.9493408203125 -215.3113250732422
-998.6118774414062 -217.01206970214844
-1000.5992431640625 -215.16021728515625
-1002.4522705078125 -216.82676696777344
-1004.3111572265625 -214.82888793945312
-1004.4720458984375 -216.8262939453125
-1006.4628295898438 -214.83889770507812
-1008.4609375 -212.8523406982422
-1010.0035400390625 -212.4920654296875
-1011.43408203125 -214.40158081054688
-1013.4247436523438 -212.40737915039062
