-833.6126708984375 -102.4636459350586
-831.9505004882812 -104.46361541748047
-833.9502563476562 -106.46361541748047
-835.8892822265625 -108.4636001586914
-837.8681640625 -110.46354675292969
-836.2416381835938 -110.48725891113281
-836.7230224609375 -109.6864013671875
-837.6177368164062 -108.30860137939453
-839.6035766601562 -110.30852508544922
-838.2948608398438 -109.98257446289062
-838.7409057617188 -108.5984115600586
-840.73486328125 -110.5984115600586
-839.900634765625 -109.02668762207031
-839.3961791992188 -107.05574798583984
-841.3246459960938 -109.05574798583984
-842.3967895507812 -107.06343078613281
-844.1732177734375 -109.06340789794922
-846.1461791992188 -107.36090850830078
-848.1080932617188 -109.36090850830078
-850.1076049804688 -107.39309692382812
-852.0642700195312 -109.39309692382812
-854.0606079101562 -107.39700317382812
-856.0460815429688 -109.3969955444336
-858.0404663085938 -107.4045181274414
-860.0402221679688 -109.40447998046875
-861.9854736328125 -107.40887451171875
-863.984619140625 -109.40887451171875
-865.91162109375 -107.4680404663086
-867.906494140625 -109.46626281738281
-869.6142578125 -107.5030288696289
-871.5897216796875 -109.50302124023438
-873.5838012695312 -107.52804565429688
-875.5830688476562 -109.52788543701172
-877.5819091796875 -107.56663513183594
-879.5762939453125 -109.56655883789062
-877.6369018554688 -111.50332641601562
-879.6365966796875 -113.24205780029297
-877.6636352539062 -115.23750305175781
-879.6634521484375 -117.10604095458984
-877.7468872070312 -119.10586547851562
-879.746826171875 -121.100341796875
-877.7902221679688 -123.06359100341797
-879.7902221679688 -125.0600814819336
-877.7919921875 -127.04994201660156
-879.7918701171875 -129.01419067382812
-877.7965087890625 -131.00503540039062
-879.7951049804688 -132.9696044921875
-881.7940063476562 -134.96682739257812
-879.7964477539062 -136.96656799316406
-881.79638671875 -138.9608154296875
-879.7966918945312 -140.95460510253906
-881.796630859375 -142.9536590576172
-879.796875 -144.95120239257812
-881.7967529296875 -146.949462890625
-879.7968139648438 -148.94940185546875
-881.7950439453125 -150.9491424560547
-879.7969360351562 -152.94906616210938
-881.7603149414062 -154.9311981201172
-879.7798461914062 -156.93069458007812
-881.7477416992188 -158.92970275878906
-879.7479248046875 -160.908447265625
-881.7457885742188 -162.90834045410156
-879.7616577148438 -164.9080352783203
-881.7586669921875 -166.90460205078125
-879.8043212890625 -168.9045867919922
-881.7942504882812 -170.90423583984375
-879.7943725585938 -172.90402221679688
-880.332275390625 -174.90402221679688
-878.3712158203125 -176.90402221679688
-880.3610229492188 -178.9040069580078
-882.1080322265625 -180.9040069580078
-883.9598388671875 -178.90451049804688
-885.285400390625 -180.90447998046875
-887.2747802734375 -178.905029296875
-887.2111206054688 -180.905029296875
-888.8240966796875 -182.905029296875
-890.8165283203125 -180.9368438720703
-892.7628784179688 -182.9368438720703
-890.76318359375 -184.92953491210938
-892.7225952148438 -184.05465698242188
-890.722900390625 -186.05398559570312
-892.6715698242188 -184.24839782714844
-890.671875 -186.24755859375
-892.6666870117188 -186.00941467285156
-890.669677734375 -188.00917053222656
-892.6455688476562 -189.89218139648438
-890.6538696289062 -191.89215087890625
-892.5694580078125 -193.8920135498047
-894.568359375 -195.89120483398438
-892.5684204101562 -197.89120483398438
-894.5029907226562 -199.88819885253906
-892.5059204101562 -201.88816833496094
-894.4990844726562 -203.88235473632812
-892.49951171875 -205.8821563720703
-894.4889526367188 -207.88162231445312
-892.4906005859375 -209.88160705566406
-894.4884033203125 -211.81494140625
-892.5137939453125 -213.81492614746094
-894.4842529296875 -215.8133544921875
-892.5511474609375 -217.81333923339844
-890.5668334960938 -219.81329345703125
-892.45166015625 -221.81329345703125
-890.596923828125 -223.8132781982422
-892.3318481445312 -225.8132781982422
-894.3311157226562 -223.81350708007812
-893.7599487304688 -225.81350708007812
-894.2462158203125 -227.81350708007812
-896.243408203125 -225.8137664794922
-898.1126098632812 -227.8137664794922
-900.1085205078125 -225.82928466796875
-901.4822998046875 -227.8292694091797
-903.4812622070312 -225.8292999267578
-902.9728393554688 -227.8292999267578
-904.97265625 -225.82989501953125
-906.4995727539062 -227.82989501953125
-908.498291015625 -225.8302459716797
-907.626953125 -227.8302459716797
-909.6268920898438 -225.83218383789062
-910.6337280273438 -227.83218383789062
-912.6334838867188 -225.83316040039062
-911.4043579101562 -227.83316040039062
-913.4043579101562 -225.8336181640625
-914.676513671875 -227.8336181640625
-916.6751708984375 -225.83377075195312
-918.6682739257812 -227.83377075195312
-920.6677856445312 -225.83384704589844
-922.6192626953125 -227.8338165283203
-924.6187744140625 -225.83392333984375
-926.5220336914062 -227.83392333984375
-928.52099609375 -225.83872985839844
-930.5095825195312 -227.83871459960938
-932.509521484375 -225.85647583007812
-934.4600219726562 -227.8564453125
-936.404541015625 -229.85643005371094
-938.404296875 -227.873046875
-940.4024658203125 -229.8722381591797
-942.3821411132812 -227.8914794921875
-944.3773193359375 -229.78599548339844
-946.3753051757812 -227.8224334716797
-948.3645629882812 -229.82142639160156
-950.3263549804688 -227.9221649169922
-952.3060913085938 -226.19813537597656
-954.3055419921875 -224.2165985107422
-956.284423828125 -222.219970703125
-958.2660522460938 -220.22332763671875
-960.26025390625 -218.22357177734375
-962.241455078125 -216.22364807128906
-964.2403564453125 -214.2248077392578
-966.2100830078125 -216.20770263671875
-968.1708984375 -214.20770263671875
-969.6201782226562 -216.20765686035156
-971.6094360351562 -214.21209716796875
-973.355712890625 -216.21177673339844
-975.3556518554688 -214.2127227783203
-975.9459838867188 -216.21270751953125
-977.857421875 -218.2125701904297
-979.8543090820312 -216.2139129638672
-981.8534545898438 -218.21388244628906
-983.8488159179688 -216.21409606933594
-985.8394165039062 -218.21401977539062
-987.8302612304688 -216.2140350341797
-989.8259887695312 -214.21548461914062
-991.794189453125 -216.2143096923828
-993.7897338867188 -214.21591186523438
-994.7642211914062 -216.2158660888672
-996.7305297851562 -214.2196807861328
-998.580322265625 -216.21966552734375
-1000.5100708007812 -214.22052001953125
-1002.4987182617188 -216.2203369140625
-1004.4160766601562 -214.2211151123047
-1006.3953247070312 -216.2194366455078
-1008.216552734375 -214.22085571289062
-1010.1267700195312 -216.22084045410156
-1011.6118774414062 -214.22486877441406
-1013.5064697265625 -212.2259979248047
