-833.6109619140625 -102.454345703125
-835.11181640625 -104.45246887207031
-836.9785766601562 -106.45166015625
-838.946533203125 -108.44236755371094
-840.7252197265625 -110.4391860961914
-842.7200317382812 -108.52989959716797
-844.6946411132812 -110.52879333496094
-846.6926879882812 -108.53588104248047
-848.687744140625 -110.53199768066406
-850.6873168945312 -108.53984832763672
-852.6090698242188 -110.53797149658203
-854.6019287109375 -108.59639739990234
-856.6006469726562 -106.6009292602539
-858.06591796875 -108.60010528564453
-860.0655517578125 -106.6008071899414
-861.9572143554688 -108.59886932373047
-863.9563598632812 -106.5989990234375
-865.9381103515625 -108.59845733642578
-867.9364013671875 -106.60401916503906
-869.8787231445312 -108.59889221191406
-871.8783569335938 -106.59979248046875
-873.874267578125 -108.59928894042969
-875.8740234375 -108.00762939453125
-877.873046875 -109.99878692626953
-879.8726806640625 -111.94493103027344
-878.00048828125 -113.92405700683594
-880.0003662109375 -115.83284759521484
-879.8968505859375 -117.820556640625
-881.2015380859375 -119.81914520263672
-881.8114624023438 -121.80957794189453
-882.6716918945312 -123.79093170166016
-881.2726440429688 -125.78707122802734
-881.7246704101562 -127.76587677001953
-882.1328125 -129.7629852294922
-882.2510986328125 -131.74783325195312
-880.3741455078125 -133.67559814453125
-882.3739624023438 -135.6007843017578
-880.7607421875 -137.5437774658203
-878.7791748046875 -139.49986267089844
-880.7789916992188 -141.49859619140625
-880.1114501953125 -143.39891052246094
-882.1110229492188 -145.37176513671875
-880.7704467773438 -147.3460235595703
-879.1539916992188 -149.21142578125
-881.1527709960938 -151.19256591796875
-879.7373657226562 -152.36395263671875
-881.7368774414062 -154.0932159423828
-882.7788696289062 -156.0846710205078
-882.3832397460938 -158.08396911621094
-883.282470703125 -160.08392333984375
-881.48291015625 -161.64431762695312
-883.4828491210938 -163.62147521972656
-883.938232421875 -165.62106323242188
-882.1303100585938 -167.57147216796875
-882.860595703125 -169.53408813476562
-884.0050659179688 -171.53224182128906
-882.0590209960938 -173.52459716796875
-881.2711791992188 -175.5206298828125
-882.5287475585938 -177.520263671875
-884.1917724609375 -179.5200653076172
-886.1597290039062 -181.519775390625
-888.1594848632812 -179.5225830078125
-890.1456909179688 -181.52133178710938
-891.4547729492188 -183.5199737548828
-889.5184936523438 -183.03530883789062
-891.5159912109375 -181.2998809814453
-893.4615478515625 -183.2952423095703
-892.4072875976562 -182.1936798095703
-890.5523071289062 -181.11337280273438
-892.5195922851562 -183.1043243408203
-892.00732421875 -182.06466674804688
-892.3159790039062 -182.01663208007812
-891.96435546875 -180.5768585205078
-893.9471435546875 -182.57620239257812
-892.2604370117188 -180.76133728027344
-894.1139526367188 -182.7591552734375
-892.1791381835938 -181.4641876220703
-894.0968017578125 -183.4636993408203
-892.120849609375 -182.975341796875
-890.176513671875 -183.344970703125
-892.17333984375 -181.37249755859375
-893.935302734375 -183.32830810546875
-892.0196533203125 -181.77032470703125
-893.3207397460938 -183.76954650878906
-891.3368530273438 -183.94651794433594
-893.334228515625 -182.6160888671875
-891.3387451171875 -181.37071228027344
-892.9592895507812 -183.36810302734375
-891.2346801757812 -181.87078857421875
-893.2305297851562 -183.87060546875
-891.2410888671875 -185.01483154296875
-893.1611328125 -184.96859741210938
-891.17578125 -186.76715087890625
-893.1747436523438 -187.45018005371094
-891.1791381835938 -189.4338836669922
-893.17529296875 -190.4683837890625
-891.3359985351562 -192.45167541503906
-893.3230590820312 -194.42599487304688
-891.341796875 -196.33094787597656
-893.328125 -197.73599243164062
-891.387451171875 -199.71522521972656
-893.3709106445312 -201.66380310058594
-891.47412109375 -203.38417053222656
-893.4721069335938 -204.74705505371094
-891.5236206054688 -206.74440002441406
-893.5149536132812 -207.76683044433594
-891.5158081054688 -208.3345489501953
-893.5130615234375 -210.2130584716797
-891.5449829101562 -212.20176696777344
-893.5376586914062 -214.0957489013672
-891.614501953125 -215.86460876464844
-893.6104125976562 -217.80966186523438
-891.65087890625 -219.76841735839844
-893.6502685546875 -221.76722717285156
-891.8343505859375 -223.7669219970703
-890.5593872070312 -225.7655029296875
-892.5465698242188 -223.76736450195312
-893.6905517578125 -225.766357421875
-894.2919311523438 -227.7642822265625
-896.2835693359375 -225.76467895507812
-897.5839233398438 -227.76161193847656
-899.5802612304688 -225.7616729736328
-901.4362182617188 -227.7613983154297
-903.4332885742188 -225.76171875
-905.1633911132812 -227.76158142089844
-907.1561889648438 -225.76182556152344
-908.5635375976562 -227.7606658935547
-910.5614013671875 -225.76119995117188
-912.048583984375 -227.76097106933594
-914.034912109375 -225.76107788085938
-914.4462280273438 -227.7584991455078
-916.4450073242188 -225.75868225097656
-917.3438720703125 -227.7572479248047
-919.341064453125 -225.75733947753906
-920.1710205078125 -227.75689697265625
-922.16748046875 -225.77098083496094
-922.7947998046875 -227.7620391845703
-924.7920532226562 -225.76290893554688
-926.6333618164062 -227.75979614257812
-928.599365234375 -225.77613830566406
-930.5322875976562 -227.76605224609375
-932.3671264648438 -229.75048828125
-934.3645629882812 -228.57286071777344
-936.3580322265625 -226.8582305908203
-938.265869140625 -228.63296508789062
-940.260498046875 -226.8338623046875
-942.2562866210938 -228.8209228515625
-944.0968627929688 -227.80491638183594
-945.0726928710938 -229.67608642578125
-947.0045776367188 -227.73065185546875
-948.5390625 -225.76571655273438
-950.5350952148438 -223.77012634277344
-952.5277099609375 -221.8050537109375
-954.5199584960938 -219.8245849609375
-956.5189208984375 -217.83975219726562
-958.4949951171875 -215.85914611816406
-960.4949340820312 -213.86045837402344
-961.8781127929688 -215.78810119628906
-963.8714599609375 -213.82115173339844
-965.5922241210938 -215.8195037841797
-967.5728759765625 -213.82406616210938
-969.5155029296875 -215.7683868408203
-971.5014038085938 -213.79127502441406
-972.7276000976562 -215.72608947753906
-973.6536865234375 -217.54147338867188
-975.320556640625 -215.7987518310547
-977.1982421875 -217.7644500732422
-979.170166015625 -216.05581665039062
-981.0889892578125 -217.9820098876953
-983.0639038085938 -216.0333251953125
-984.7005615234375 -217.92727661132812
-986.656005859375 -215.98931884765625
-988.6067504882812 -217.9288787841797
-988.6038208007812 -215.98353576660156
-990.4718627929688 -214.19125366210938
-992.21923828125 -215.88540649414062
-993.3104858398438 -213.93812561035156
-995.2153930664062 -215.8058319091797
-996.9907836914062 -214.02842712402344
-997.8611450195312 -215.9655303955078
-997.55419921875 -214.168212890625
-997.2445678710938 -216.16058349609375
-999.11767578125 -214.37818908691406
-1000.8123168945312 -216.1319122314453
-1002.4701538085938 -214.2036590576172
-1004.398193359375 -216.19911193847656
-1005.1246337890625 -214.29588317871094
-1004.6455688476562 -216.24769592285156
-1004.8605346679688 -214.47708129882812
-1003.7128295898438 -216.1393280029297
-1004.5255737304688 -214.28038024902344
-1006.1846313476562 -216.22816467285156
-1004.9107666015625 -214.3563232421875
-1005.421142578125 -216.33570861816406
-1005.1834716796875 -214.5638427734375
-1005.001220703125 -216.5005645751953
-1003.19580078125 -214.6280517578125
-1002.1024169921875 -216.60842895507812
-1003.9735717773438 -214.74420166015625
-1005.9144897460938 -216.6094970703125
-1007.433837890625 -215.16514587402344
-1007.9498291015625 -213.8329620361328
-1009.911376953125 -215.829345703125
-1011.7318725585938 -214.18833923339844
-1011.107177734375 -212.2169952392578
-1010.6694946289062 -214.21209716796875
-1012.3748168945312 -212.21685791015625
