-833.6126708984375 -102.46357727050781
-834.6646118164062 -104.46258544921875
-836.6622314453125 -106.4615707397461
-838.662109375 -108.46117401123047
-840.6615600585938 -110.46087646484375
-840.7224731445312 -108.50051879882812
-842.7223510742188 -110.50048065185547
-843.8480224609375 -108.82982635498047
-845.840576171875 -106.92072296142578
-847.8399658203125 -108.91883087158203
-849.8289794921875 -106.93663787841797
-851.828857421875 -108.93660736083984
-853.8282470703125 -107.26495361328125
-855.8281860351562 -109.26492309570312
-857.82666015625 -107.33409118652344
-859.8162231445312 -109.33379364013672
-861.8119506835938 -107.43365478515625
-863.811767578125 -109.43347930908203
-865.7632446289062 -107.73755645751953
-867.7631225585938 -109.73751068115234
-869.7626953125 -107.83464050292969
-871.7620849609375 -109.8345718383789
-873.7605590820312 -107.84893035888672
-875.759033203125 -109.84851837158203
-877.7538452148438 -109.79057312011719
-879.7537841796875 -111.7901840209961
-877.9783325195312 -113.41626739501953
-879.977294921875 -115.29725646972656
-878.1392211914062 -116.03486633300781
-880.1378784179688 -118.02701568603516
-878.1689453125 -119.88623046875
-880.1689453125 -121.85438537597656
-881.3604736328125 -121.79695129394531
-880.2162475585938 -123.76697540283203
-879.2573852539062 -125.15306091308594
-881.2560424804688 -127.1254653930664
-880.2136840820312 -128.8395233154297
-880.0403442382812 -130.61080932617188
-882.0398559570312 -132.5313262939453
-882.1567993164062 -134.39393615722656
-880.3543090820312 -136.34376525878906
-882.3538818359375 -138.27255249023438
-883.5764770507812 -140.2647247314453
-882.0936279296875 -141.99095153808594
-880.9660034179688 -142.9346923828125
-879.3035888671875 -144.64100646972656
-881.2991333007812 -146.62620544433594
-879.4376220703125 -147.68893432617188
-881.4359130859375 -148.9653778076172
-879.5131225585938 -150.72169494628906
-881.5108642578125 -152.69204711914062
-879.8516235351562 -154.65269470214844
-881.8507690429688 -156.47154235839844
-883.5960083007812 -158.4681854248047
-884.0746459960938 -160.4588623046875
-884.0214233398438 -161.79946899414062
-882.1879272460938 -163.79452514648438
-882.3046875 -165.74374389648438
-880.4017333984375 -167.70474243164062
-882.4017333984375 -169.68275451660156
-881.1697998046875 -171.62548828125
-879.4376220703125 -173.5637969970703
-881.4373779296875 -175.56312561035156
-880.508056640625 -177.55442810058594
-882.48583984375 -179.55093383789062
-884.4856567382812 -181.5483856201172
-886.4118041992188 -179.77598571777344
-888.400390625 -181.77499389648438
-890.376953125 -180.47268676757812
-892.365478515625 -182.46685791015625
-891.4964599609375 -180.89602661132812
-893.4962768554688 -182.88528442382812
-891.5497436523438 -182.94944763183594
-889.7861938476562 -181.6015625
-891.7848510742188 -183.599853515625
-889.9700317382812 -181.98960876464844
-891.969970703125 -183.9871063232422
-890.8218383789062 -185.57797241210938
-892.8217163085938 -186.19676208496094
-891.4446411132812 -188.06166076660156
-893.4443969726562 -188.61146545410156
-891.4675903320312 -188.55970764160156
-893.4671630859375 -190.36111450195312
-891.8248291015625 -192.3194580078125
-893.5983276367188 -194.22955322265625
-891.6651611328125 -195.73533630371094
-893.655029296875 -196.97479248046875
-891.7181396484375 -198.78594970703125
-893.7171020507812 -200.78294372558594
-891.8652954101562 -202.76101684570312
-893.8632202148438 -204.71817016601562
-891.8937377929688 -206.63787841796875
-893.8914794921875 -208.13723754882812
-891.9339599609375 -209.2220458984375
-893.9248657226562 -211.2085418701172
-891.99169921875 -212.88002014160156
-893.99072265625 -214.20608520507812
-892.412841796875 -215.613525390625
-894.4127807617188 -217.52386474609375
-892.424560546875 -219.46311950683594
-892.5950927734375 -221.3063201904297
-894.1956787109375 -223.25399780273438
-896.1798095703125 -225.24803161621094
-898.176513671875 -227.247314453125
-900.1647338867188 -225.2666473388672
-902.1630859375 -227.26559448242188
-904.1627197265625 -229.26202392578125
-905.778564453125 -227.26463317871094
-906.90234375 -225.45741271972656
-908.8760375976562 -227.45709228515625
-909.3724975585938 -225.468994140625
-911.299560546875 -227.4680938720703
-913.2677001953125 -225.50497436523438
-915.2661743164062 -227.43284606933594
-917.2081909179688 -225.4358367919922
-919.2077026367188 -227.43173217773438
-921.10498046875 -225.54151916503906
-923.0982055664062 -227.53927612304688
-925.0952758789062 -225.5416717529297
-927.0950317382812 -227.5397186279297
-929.0864868164062 -229.5340118408203
-931.0861206054688 -227.5561065673828
-933.082763671875 -229.55062866210938
-935.0818481445312 -228.38343811035156
-937.0612182617188 -226.455322265625
-939.0604248046875 -227.7897491455078
-941.0604248046875 -227.99942016601562
-943.0603637695312 -227.35693359375
-945.0577392578125 -225.68565368652344
-947.0525512695312 -226.29147338867188
-949.0440673828125 -224.4285125732422
-951.0255737304688 -222.45150756835938
-952.4872436523438 -220.50001525878906
-954.4409790039062 -218.52835083007812
-955.7540283203125 -216.5453643798828
-957.7337646484375 -214.54884338378906
-959.7289428710938 -216.5263214111328
-961.6848754882812 -214.54641723632812
-963.6830444335938 -216.544677734375
-965.6170043945312 -214.66934204101562
-967.6160888671875 -216.6292266845703
-969.2401123046875 -214.63511657714844
-971.146240234375 -216.61398315429688
-973.1404418945312 -214.65933227539062
-975.0797729492188 -216.655029296875
-977.0234375 -214.73841857910156
-978.9779052734375 -216.7378387451172
-980.977783203125 -218.7352294921875
-982.2531127929688 -216.88577270507812
-984.05419921875 -214.9320831298828
-986.018310546875 -216.9187774658203
-987.5989990234375 -214.95669555664062
-989.5905151367188 -216.95639038085938
-990.2092895507812 -214.9603271484375
-992.1893920898438 -216.95899963378906
-994.18359375 -215.7608642578125
-996.152587890625 -214.16688537597656
-997.7984619140625 -216.16481018066406
-998.66162109375 -214.21099853515625
-1000.4825439453125 -216.2108612060547
-1002.2644653320312 -214.73069763183594
-1004.140380859375 -216.72801208496094
-1004.9625854492188 -214.75277709960938
-1006.6376342773438 -216.75140380859375
-1008.45556640625 -214.75283813476562
-1008.3438110351562 -212.76817321777344
-1010.3055419921875 -214.76727294921875
-1011.3821411132812 -213.06361389160156
-1012.6956176757812 -215.06346130371094
