-833.6126098632812 -102.46358489990234
-833.1926879882812 -104.46331787109375
-835.1925048828125 -106.46312713623047
-836.8670654296875 -108.46307373046875
-837.822509765625 -110.46305084228516
-836.62744140625 -108.7007064819336
-837.9871215820312 -110.7007064819336
-837.5511474609375 -108.79637145996094
-839.3819580078125 -110.79631805419922
-840.45556640625 -108.84440612792969
-842.4016723632812 -110.84439086914062
-842.9691162109375 -108.84579467773438
-844.8988647460938 -106.85552215576172
-846.8861083984375 -108.85552215576172
-848.7221069335938 -106.87079620361328
-850.46630859375 -108.87079620361328
-852.4609985351562 -106.90988159179688
-854.08984375 -108.90960693359375
-856.0211181640625 -106.93126678466797
-856.7570190429688 -108.93125915527344
-858.7505493164062 -107.01683044433594
-860.721435546875 -109.01683044433594
-862.7098388671875 -107.2869644165039
-864.6879272460938 -109.28694915771484
-866.6679077148438 -107.34166717529297
-868.6036376953125 -109.34164428710938
-870.580322265625 -107.36150360107422
-872.53369140625 -109.36146545410156
-874.5275268554688 -111.19967651367188
-876.5255737304688 -112.63665771484375
-878.5247192382812 -114.62991333007812
-880.5242919921875 -116.60572052001953
-878.5532836914062 -118.59430694580078
-880.55322265625 -120.59397888183594
-878.553955078125 -122.59259033203125
-880.553955078125 -124.59109497070312
-878.64697265625 -126.58892059326172
-880.6469116210938 -128.58859252929688
-878.6849365234375 -130.5772247314453
-880.6848754882812 -132.48374938964844
-878.6926879882812 -134.48348999023438
-880.6863403320312 -136.47900390625
-878.7654418945312 -138.475341796875
-880.765380859375 -140.47274780273438
-878.833251953125 -142.439453125
-880.8331909179688 -144.43772888183594
-878.9273681640625 -146.4360809326172
-880.92724609375 -148.43585205078125
-879.45263671875 -150.4322052001953
-881.4524536132812 -152.4303741455078
-879.6613159179688 -154.4241943359375
-881.6605834960938 -156.3837432861328
-879.8956298828125 -158.3822479248047
-881.8941650390625 -160.2702178955078
-880.6365356445312 -162.0497589111328
-882.6361083984375 -164.03831481933594
-880.6860961914062 -166.0266876220703
-882.6739501953125 -168.02536010742188
-880.9793090820312 -170.01344299316406
-882.9789428710938 -172.01243591308594
-881.0559692382812 -173.89337158203125
-879.8919677734375 -175.8909912109375
-879.0343017578125 -177.88551330566406
-880.9567260742188 -179.8846435546875
-882.88232421875 -177.88499450683594
-884.739013671875 -179.88497924804688
-886.7378540039062 -181.88458251953125
-888.7299194335938 -179.88531494140625
-890.603759765625 -181.88510131835938
-892.594970703125 -183.88180541992188
-890.831298828125 -183.88119506835938
-892.8289184570312 -182.34486389160156
-890.8318481445312 -180.6378631591797
-892.8301391601562 -182.63760375976562
-890.83203125 -180.65835571289062
-892.8042602539062 -182.65708923339844
-891.0210571289062 -182.1677703857422
-893.0162963867188 -184.16567993164062
-891.0321044921875 -184.50912475585938
-892.911865234375 -183.32192993164062
-890.9182739257812 -181.43516540527344
-892.9034423828125 -183.43443298339844
-890.9054565429688 -182.6107635498047
-892.8812255859375 -180.64547729492188
-894.8399658203125 -182.64492797851562
-892.9085083007812 -180.66165161132812
-894.6507568359375 -182.66148376464844
-892.6541748046875 -180.71115112304688
-894.635986328125 -182.71054077148438
-892.6427001953125 -180.72373962402344
-894.601318359375 -182.7235107421875
-892.6035766601562 -180.76425170898438
-894.5820922851562 -182.7634735107422
-892.5836181640625 -180.81382751464844
-894.5531616210938 -182.8137969970703
-892.5532836914062 -180.81761169433594
-894.545166015625 -182.81727600097656
-892.5452880859375 -180.84103393554688
-894.4739990234375 -182.83164978027344
-892.4815063476562 -180.85731506347656
-894.4777221679688 -182.85659790039062
-892.47802734375 -180.9139862060547
-894.4755249023438 -182.91375732421875
-892.4761352539062 -181.02694702148438
-894.4635009765625 -183.02554321289062
-892.4711303710938 -181.28860473632812
-894.4281616210938 -183.2882537841797
-892.428466796875 -181.37803649902344
-894.4090576171875 -183.37713623046875
-892.4386596679688 -181.4149627685547
-894.320068359375 -183.4148712158203
-892.3970336914062 -181.6275177001953
-893.9556274414062 -183.62559509277344
-891.9566040039062 -181.8427734375
-893.8948974609375 -183.8418731689453
-891.9027709960938 -185.28579711914062
-890.1915893554688 -187.15858459472656
-892.1847534179688 -188.36962890625
-894.1792602539062 -188.89007568359375
-892.1817016601562 -190.67047119140625
-894.1757202148438 -192.63864135742188
-894.2831420898438 -194.6369171142578
-892.2923583984375 -195.71810913085938
-894.2435302734375 -197.68792724609375
-892.3280029296875 -198.9656982421875
-894.325927734375 -200.66221618652344
-892.3458862304688 -201.7506866455078
-894.3284301757812 -203.7133026123047
-892.338623046875 -205.40162658691406
-894.33056640625 -207.2682342529297
-892.3314819335938 -205.36488342285156
-894.173095703125 -207.24208068847656
-892.1732177734375 -205.3484344482422
-894.1637573242188 -207.25946044921875
-892.1637573242188 -205.3050537109375
-894.1581420898438 -206.5312957763672
-894.6205444335938 -208.45648193359375
-892.6268310546875 -209.2571258544922
-890.6480712890625 -210.91517639160156
-892.5248413085938 -212.24105834960938
-894.4843139648438 -214.0335235595703
-892.4847412109375 -212.45082092285156
-894.4252319335938 -213.96165466308594
-892.4357299804688 -213.02706909179688
-894.3876953125 -214.92184448242188
-892.4175415039062 -216.24118041992188
-894.405029296875 -218.20018005371094
-892.4075927734375 -219.40452575683594
-890.4340209960938 -220.51126098632812
-892.238525390625 -222.4888916015625
-893.3204956054688 -224.48501586914062
-893.4930419921875 -226.48394775390625
-895.4902954101562 -224.48399353027344
-896.8896484375 -226.48263549804688
-898.812255859375 -228.4820556640625
-900.72216796875 -226.482177734375
-902.5774536132812 -228.48023986816406
-904.5750732421875 -226.48052978515625
-906.4070434570312 -228.47328186035156
-907.7154541015625 -226.47337341308594
-909.7029418945312 -228.46926879882812
-911.6270141601562 -226.46929931640625
-912.2484130859375 -228.46803283691406
-914.2239379882812 -226.4680633544922
-916.04345703125 -228.46153259277344
-918.0231323242188 -226.4639892578125
-919.7940063476562 -228.4618682861328
-921.7415161132812 -226.46188354492188
-923.7249755859375 -228.41078186035156
-925.7211303710938 -226.4118194580078
-926.3972778320312 -228.40818786621094
-928.3953857421875 -226.52284240722656
-930.3819580078125 -228.4991912841797
-932.375732421875 -226.92230224609375
-934.2724609375 -228.86087036132812
-936.2705688476562 -227.76614379882812
-938.2666625976562 -229.61264038085938
-940.25390625 -227.7222900390625
-942.2510986328125 -228.68626403808594
-944.248046875 -226.80857849121094
-946.1400146484375 -225.62045288085938
-948.12939453125 -225.14080810546875
-950.11572265625 -223.7710418701172
-951.968017578125 -222.15122985839844
-953.9576416015625 -220.33123779296875
-955.913818359375 -218.69656372070312
-957.912109375 -216.70742797851562
-959.910400390625 -214.71328735351562
-961.8369750976562 -216.61968994140625
-963.8369140625 -214.62832641601562
-965.8327026367188 -216.53395080566406
-967.7977294921875 -214.53768920898438
-969.79541015625 -216.5132293701172
-971.7947998046875 -214.56591796875
-973.6553955078125 -216.5273895263672
-975.6552124023438 -214.53114318847656
-977.6326904296875 -216.5064239501953
-979.6203002929688 -218.5018768310547
-981.6187744140625 -216.51271057128906
-983.6028442382812 -218.4475860595703
-985.5380249023438 -216.4556427001953
-987.257568359375 -214.49310302734375
-989.1293334960938 -216.48724365234375
-990.9306640625 -215.18011474609375
-992.6749877929688 -216.61419677734375
-994.6502075195312 -214.8875274658203
-996.64013671875 -216.83042907714844
-998.4891967773438 -215.11170959472656
-1000.442138671875 -216.9967041015625
-1002.3700561523438 -215.02354431152344
-1003.6265258789062 -216.975830078125
-1005.320556640625 -215.03536987304688
-1007.2138061523438 -213.2096710205078
-1009.2022705078125 -215.1500244140625
-1011.0525512695312 -213.70677185058594
-1010.9423828125 -211.86273193359375
-1012.74755859375 -213.5032958984375
