-946.8900146484375 9.68386173248291
-944.9725341796875 8.239593505859375
-945.4718017578125 10.2391939163208
-943.7308959960938 12.236343383789062
-941.7335205078125 10.697891235351562
-939.7421875 12.68893051147461
-938.82275390625 10.734488487243652
-936.8238525390625 12.734390258789062
-934.8521118164062 14.732544898986816
-933.0545043945312 12.75350284576416
-931.1239624023438 14.753231048583984
-929.1724243164062 12.754387855529785
-927.3145751953125 14.754199028015137
-925.3154907226562 12.756890296936035
-923.4929809570312 10.757847785949707
-921.4931030273438 12.752257347106934
-919.6276245117188 10.807784080505371
-917.6277465820312 12.617384910583496
-915.7395629882812 10.65593433380127
-913.9368286132812 8.817254066467285
-912.146728515625 6.827683448791504
-910.1516723632812 8.298075675964355
-910.2512817382812 9.147875785827637
-908.2875366210938 7.151072978973389
-909.468994140625 8.702662467956543
-907.8527221679688 10.621379852294922
-905.9699096679688 8.65119457244873
-903.9956665039062 10.640810012817383
-902.0020141601562 12.631178855895996
-901.932373046875 10.636530876159668
-899.9659423828125 12.636430740356445
-898.0357666015625 10.637596130371094
-896.041748046875 12.602753639221191
-894.134033203125 10.626724243164062
-892.13671875 12.498672485351562
-890.3809814453125 10.505728721618652
-888.3853149414062 12.504334449768066
-886.5015258789062 10.507919311523438
-884.5017700195312 12.489385604858398
-882.714599609375 10.497565269470215
-880.71630859375 12.397098541259766
-879.40283203125 10.406577110290527
-877.4121704101562 12.363436698913574
-875.4286499023438 10.363879203796387
-873.4288940429688 12.223180770874023
-873.1433715820312 10.397080421447754
-871.1467895507812 12.395699501037598
-869.18115234375 10.4271821975708
-867.1845092773438 12.426706314086914
-865.2006225585938 14.396071434020996
-863.2100830078125 12.396685600280762
-861.2109375 14.377079010009766
-859.4205322265625 12.382587432861328
-857.4342651367188 14.375621795654297
-855.442138671875 12.376300811767578
-853.4915161132812 13.527987480163574
-851.6234741210938 11.591010093688965
-849.6254272460938 13.576801300048828
-847.6358032226562 11.608172416687012
-845.669677734375 13.4973783493042
-843.6939086914062 11.521580696105957
-841.6966552734375 13.211133003234863
-839.9351196289062 11.211210250854492
-837.9370727539062 10.32090950012207
-835.964111328125 9.35681438446045
-833.9645385742188 7.358527183532715
-835.1014404296875 5.397218227386475
-833.10302734375 3.4079670906066895
-835.0881958007812 1.4105911254882812
-833.0892333984375 -0.5706837773323059
-834.8994140625 -2.478447914123535
-832.9566040039062 -4.4739789962768555
-834.674560546875 -6.468532085418701
-832.6813354492188 -8.457430839538574
-832.7868041992188 -10.374759674072266
-834.716064453125 -12.36897087097168
-832.7269287109375 -14.36440372467041
-834.5836181640625 -16.359111785888672
-832.599609375 -18.358421325683594
-833.6461181640625 -20.357858657836914
-835.5718383789062 -22.080284118652344
-833.601806640625 -24.07952308654785
-835.2362060546875 -25.977615356445312
-833.2686767578125 -27.97447395324707
-835.2369384765625 -29.965375900268555
-833.2481079101562 -31.961238861083984
-834.4047241210938 -33.93851852416992
-835.9730224609375 -35.9207878112793
-834.0263061523438 -37.91974639892578
-835.4107666015625 -39.911956787109375
-833.4154052734375 -41.86113357543945
-833.8907470703125 -43.85906982421875
-835.5833129882812 -45.85298538208008
-833.5936279296875 -47.84912872314453
-833.4306030273438 -49.84579086303711
-834.8890380859375 -51.845401763916016
-832.891845703125 -53.84109115600586
-834.2999877929688 -55.835784912109375
-836.1643676757812 -57.830345153808594
-834.1886596679688 -59.8303108215332
-835.7958374023438 -61.81491470336914
-833.8034057617188 -60.104087829589844
-835.7238159179688 -62.043758392333984
-833.7313842773438 -61.09266662597656
-835.4710083007812 -62.76348876953125
-833.4713134765625 -64.54560089111328
-835.3114624023438 -66.49919128417969
-833.3209838867188 -68.49143981933594
-831.3318481445312 -70.48965454101562
-831.7540893554688 -72.44415283203125
-833.2389526367188 -74.44302368164062
-831.2413330078125 -76.42621612548828
-829.5609741210938 -74.79352569580078
-827.642822265625 -76.79042053222656
-825.6727905273438 -74.7916030883789
-823.69580078125 -76.79155731201172
-821.7010498046875 -78.79148864746094
-819.7034912109375 -76.92096710205078
-817.704345703125 -74.92469024658203
-815.708740234375 -76.92466735839844
-813.7099609375 -78.92450714111328
-811.71728515625 -76.96772003173828
-809.7200927734375 -78.96768951416016
-807.7377319335938 -77.0357666015625
-805.8126220703125 -75.37167358398438
-804.0630493164062 -77.37162017822266
-802.0650024414062 -75.3986587524414
-800.0664672851562 -77.39855194091797
-798.2301635742188 -75.45902252197266
-796.26904296875 -77.45874786376953
-794.4348754882812 -75.52001190185547
-792.4380493164062 -77.51978302001953
-790.4520263671875 -76.51396942138672
-788.4520874023438 -78.51387786865234
-786.4527587890625 -80.51306915283203
-784.4617309570312 -82.50840759277344
-786.4275512695312 -84.50762176513672
-784.436279296875 -86.50750732421875
-786.341064453125 -87.94914245605469
-784.3486328125 -89.9490966796875
-785.9437255859375 -91.94137573242188
-784.3423461914062 -93.94129180908203
-784.9959106445312 -95.9013900756836
-786.5718994140625 -97.88370513916016
-784.5826416015625 -99.88311004638672
-786.4630737304688 -101.87931823730469
-784.5372314453125 -103.87814331054688
-783.276611328125 -105.87797546386719
-781.3868408203125 -107.87718200683594
-780.6304931640625 -106.33473205566406
-778.7407836914062 -108.33146667480469
-779.4089965820312 -109.62059020996094
-779.5330810546875 -107.8244400024414
-780.8807373046875 -107.55359649658203
-781.0050048828125 -109.189453125
-779.5843505859375 -108.50367736816406
-779.0900268554688 -106.94622802734375
-779.8193969726562 -108.94445037841797
-781.5934448242188 -108.09258270263672
-780.1322631835938 -108.03679656982422
-781.5828247070312 -109.56050872802734
-782.3349609375 -111.50636291503906
-783.0175170898438 -113.32865905761719
-784.8967895507812 -114.02786254882812
-786.6817016601562 -115.42891693115234
-784.7387084960938 -117.4254379272461
-786.7073364257812 -119.26605224609375
-784.7084350585938 -121.26415252685547
-786.01123046875 -123.22364044189453
-784.0123901367188 -125.22183227539062
-783.7826538085938 -126.8083724975586
-785.4209594726562 -128.7447509765625
-783.4210205078125 -130.73316955566406
