-945.4531860351562 9.621389389038086
-947.405517578125 11.607610702514648
-945.4559326171875 9.60925006866455
-947.3204345703125 11.59581184387207
-945.6637573242188 9.603303909301758
-947.4454956054688 11.349103927612305
-945.4622802734375 9.35177993774414
-947.2138671875 11.30070972442627
-945.4608154296875 9.302483558654785
-947.296875 11.276400566101074
-946.5230712890625 9.278202056884766
-948.469970703125 11.019434928894043
-946.4783935546875 12.945334434509277
-944.5750732421875 10.952683448791504
-945.977294921875 12.950512886047363
-944.7817993164062 10.955157279968262
-944.7724609375 12.951828002929688
-944.7010498046875 10.9654541015625
-944.53857421875 12.96536636352539
-942.959228515625 10.967220306396484
-941.2040405273438 12.93016529083252
-941.0654907226562 10.932489395141602
-940.4478149414062 12.928534507751465
-938.629638671875 10.930240631103516
-937.5079345703125 12.929556846618652
-937.1245727539062 10.931092262268066
-936.1060180664062 12.9308443069458
-934.3319091796875 10.934921264648438
-934.5711669921875 12.933959007263184
-932.6280517578125 14.925918579101562
-931.9136962890625 12.92656135559082
-929.9285888671875 14.92569351196289
-928.0350952148438 12.927741050720215
-926.12060546875 14.926040649414062
-924.79638671875 12.944075584411621
-922.8750610351562 10.948010444641113
-920.8820190429688 12.947436332702637
-919.2654418945312 10.947797775268555
-917.2989501953125 12.922537803649902
-915.9115600585938 10.941600799560547
-915.808837890625 9.042128562927246
-913.8381958007812 7.05450963973999
-911.8541259765625 8.983745574951172
-909.9251098632812 6.993123531341553
-911.8637084960938 6.948421955108643
-909.8792114257812 7.863177299499512
-911.6593627929688 8.957048416137695
-910.9150390625 6.95806360244751
-908.919189453125 6.1396098136901855
-910.8853149414062 8.054906845092773
-908.9358520507812 8.638501167297363
-910.2813720703125 10.630864143371582
-908.364990234375 8.651371955871582
-909.958740234375 10.146956443786621
-908.0239868164062 8.15013313293457
-909.0261840820312 10.07955551147461
-907.8545532226562 8.08023738861084
-907.0900268554688 9.965899467468262
-905.1604614257812 11.931559562683105
-903.1732788085938 9.954279899597168
-901.1823120117188 11.809319496154785
-899.19189453125 13.797791481018066
-898.2940063476562 11.801546096801758
-896.4199829101562 13.632654190063477
-894.4510498046875 11.661075592041016
-892.5054321289062 13.385045051574707
-890.5110473632812 11.390640258789062
-888.60546875 13.388396263122559
-886.887939453125 11.39120864868164
-884.891357421875 13.346619606018066
-883.0199584960938 11.34738540649414
-881.021240234375 13.342089653015137
-879.8740234375 11.343890190124512
-878.4659423828125 13.340940475463867
-876.4715576171875 11.34127426147461
-874.7235107421875 13.331441879272461
-872.9048461914062 11.344576835632324
-870.9107666015625 13.300418853759766
-868.9686279296875 11.303190231323242
-866.9735717773438 13.283980369567871
-865.194091796875 11.285616874694824
-863.2183837890625 13.281116485595703
-861.6651000976562 11.283150672912598
-859.675048828125 13.118229866027832
-857.69677734375 14.903801918029785
-855.7880859375 12.904683113098145
-853.8294067382812 14.777607917785645
-851.9058227539062 12.782588958740234
-850.0431518554688 10.784238815307617
-848.0532836914062 12.771896362304688
-846.1740112304688 10.772025108337402
-844.1998901367188 12.70443344116211
-842.2052612304688 10.711249351501465
-840.2073364257812 12.569665908813477
-838.2219848632812 10.569826126098633
-836.2620239257812 9.537392616271973
-834.82568359375 7.68851375579834
-832.8741455078125 5.702986717224121
-834.6033325195312 3.7723851203918457
-832.7103881835938 1.773226022720337
-834.0636596679688 -0.22120855748653412
-836.0526123046875 -0.8416356444358826
-834.0537719726562 -2.8412868976593018
-835.9512329101562 -4.8399200439453125
-833.9546508789062 -6.830665588378906
-834.8412475585938 -8.706968307495117
-832.8538818359375 -10.706530570983887
-834.7522583007812 -12.643315315246582
-832.7780151367188 -14.642977714538574
-834.6461791992188 -16.596975326538086
-832.70849609375 -18.59176254272461
-834.6985473632812 -20.59087562561035
-833.0418090820312 -22.586713790893555
-835.021728515625 -24.515241622924805
-833.0230712890625 -26.505535125732422
-834.97705078125 -28.41830825805664
-832.9823608398438 -30.417888641357422
-834.9343872070312 -32.39699172973633
-832.9597778320312 -34.39340591430664
-834.85595703125 -36.041622161865234
-832.859130859375 -38.03777313232422
-834.5108032226562 -40.0068359375
-836.4153442382812 -41.89206314086914
-834.459228515625 -43.879329681396484
-836.4124755859375 -45.87581253051758
-834.4232177734375 -47.8740348815918
-832.48193359375 -49.80088424682617
-834.4705810546875 -51.715389251708984
-832.5335693359375 -53.71509552001953
-834.275146484375 -55.58657455444336
-836.2188720703125 -57.539798736572266
-834.2920532226562 -59.53907012939453
-835.8026733398438 -61.523433685302734
-833.8096923828125 -60.28517150878906
-835.6858520507812 -62.27494430541992
-833.6897583007812 -63.850345611572266
-835.0355834960938 -65.62764739990234
-833.0357666015625 -67.61927032470703
-834.97802734375 -69.38563537597656
-832.9822387695312 -71.38465881347656
-833.7499389648438 -73.2958755493164
-831.7804565429688 -75.29488372802734
-830.1698608398438 -77.2795639038086
-828.7918090820312 -75.65200805664062
-826.7998657226562 -77.65032958984375
-824.8373413085938 -75.65412139892578
-822.8464965820312 -77.65250396728516
-820.8472290039062 -75.68436431884766
-818.847900390625 -77.68434143066406
-816.8526000976562 -75.73330688476562
-815.1728515625 -77.7331771850586
-813.3469848632812 -75.73452758789062
-811.3958740234375 -77.73439025878906
-809.4308471679688 -75.73627471923828
-807.431884765625 -77.73626708984375
-805.453857421875 -75.77156066894531
-803.59423828125 -77.77153015136719
-801.7611694335938 -75.77951049804688
-800.0221557617188 -77.77949523925781
-798.3362426757812 -76.29046630859375
-796.35546875 -78.29044342041016
-794.5673828125 -76.50347137451172
-792.918701171875 -78.50288391113281
-790.9453125 -77.15103912353516
-788.9461669921875 -79.15103912353516
-786.9572143554688 -81.15037536621094
-785.0007934570312 -83.1497573852539
-783.0135498046875 -85.14952087402344
-784.8609008789062 -87.1466293334961
-782.9111938476562 -89.14601135253906
-784.8702392578125 -90.74565887451172
-786.8612060546875 -92.73716735839844
-784.87841796875 -94.73658752441406
-786.7589111328125 -96.73197937011719
-784.7662963867188 -98.72990417480469
-785.0040283203125 -100.59517669677734
-783.0894775390625 -102.59226989746094
-781.962158203125 -104.58436584472656
-781.009521484375 -106.58364868164062
-782.2355346679688 -108.58183288574219
-781.92529296875 -110.31317901611328
-781.9411010742188 -109.59954071044922
-781.2901611328125 -108.87910461425781
-782.3230590820312 -108.95970153808594
-780.7168579101562 -107.48331451416016
-779.0439453125 -109.341064453125
-779.780517578125 -110.3331527709961
-781.4365234375 -109.80303955078125
-783.1587524414062 -108.44567108154297
-784.9033203125 -110.02928924560547
-786.5009765625 -111.9435806274414
-784.5023803710938 -113.94165802001953
-786.132080078125 -115.80811309814453
-784.13427734375 -117.8045425415039
-785.8521118164062 -117.35758972167969
-783.880859375 -119.35344696044922
-783.4344482421875 -121.02519989013672
-785.395263671875 -122.93091583251953
-783.39599609375 -124.9242935180664
-785.32568359375 -126.6855239868164
-783.3258666992188 -128.66506958007812
