-945.6622314453125 9.581894874572754
-944.0032958984375 9.427205085754395
-942.12646484375 8.202903747558594
-941.96484375 9.773723602294922
-940.788818359375 11.312803268432617
-939.04052734375 13.101784706115723
-939.3713989257812 11.112174034118652
-937.425048828125 13.09010124206543
-936.4247436523438 11.111771583557129
-934.7922973632812 12.721858978271484
-932.9265747070312 14.691254615783691
-931.1620483398438 12.695646286010742
-929.6403198242188 14.324394226074219
-929.5723876953125 12.330557823181152
-928.1583862304688 13.70146369934082
-928.9913940429688 11.756674766540527
-927.01611328125 13.352452278137207
-925.0548706054688 11.853588104248047
-924.16357421875 12.567839622497559
-922.3056640625 10.582069396972656
-921.1864624023438 12.314525604248047
-919.5305786132812 10.466291427612305
-917.9154663085938 12.09475326538086
-916.66015625 10.102387428283691
-915.033447265625 9.716435432434082
-913.8917846679688 8.01566219329834
-912.4232788085938 9.889829635620117
-911.0524291992188 7.891680717468262
-910.7567749023438 9.569665908813477
-910.3748779296875 7.576981067657471
-908.673583984375 5.589337348937988
-909.4393310546875 6.375727653503418
-910.9080810546875 4.98049783706665
-909.5364990234375 4.056832313537598
-909.3131103515625 4.882246017456055
-909.2909545898438 3.2227463722229004
-910.232666015625 1.399327039718628
-909.6174926757812 -0.15576568245887756
-910.7015991210938 -2.0903632640838623
-909.2680053710938 -3.393467664718628
-910.5737915039062 -4.557165145874023
-908.96923828125 -6.265915870666504
-908.6022338867188 -8.234219551086426
-909.3490600585938 -10.21781063079834
-908.5634765625 -12.191404342651367
-908.5953979492188 -10.84634017944336
-908.155517578125 -12.835944175720215
-907.6679077148438 -14.811064720153809
-908.3692626953125 -16.435192108154297
-908.22802734375 -18.333593368530273
-909.0152587890625 -20.11027717590332
-909.889404296875 -22.011247634887695
-910.843017578125 -20.47089385986328
-910.1495971679688 -21.44089126586914
-908.578369140625 -19.822235107421875
-907.8770141601562 -20.30185890197754
-906.0643310546875 -22.165979385375977
-905.6065063476562 -23.378936767578125
-906.8151245117188 -24.82843017578125
-907.5930786132812 -26.80318832397461
-908.0160522460938 -28.760404586791992
-908.3693237304688 -29.705965042114258
-909.7883911132812 -31.693038940429688
-909.2771606445312 -33.564414978027344
-909.8278198242188 -35.511940002441406
-911.1420288085938 -37.420143127441406
-909.7789916992188 -39.27949905395508
-908.9586791992188 -41.26845169067383
-907.0626220703125 -43.258155822753906
-907.4124145507812 -45.22761154174805
-906.0100708007812 -47.182491302490234
-906.8407592773438 -48.914371490478516
-905.0029907226562 -50.789791107177734
-904.8311767578125 -52.74738693237305
-903.1390991210938 -54.74451446533203
-901.1439819335938 -56.7431755065918
-899.2326049804688 -58.724544525146484
-897.2438354492188 -60.70893478393555
-895.5491943359375 -59.0853385925293
-893.5509033203125 -61.08376693725586
-891.5563354492188 -60.486717224121094
-889.5830078125 -59.301856994628906
-887.6044921875 -61.25992965698242
-885.61083984375 -60.02296447753906
-883.6240844726562 -61.99518585205078
-881.7037353515625 -60.838077545166016
-879.7115478515625 -61.572696685791016
-877.7285766601562 -60.51972961425781
-875.7821044921875 -61.39128494262695
-873.78662109375 -62.12333679199219
-871.7974243164062 -60.78428649902344
-869.8369140625 -60.822540283203125
-868.3426513671875 -59.98167037963867
-866.7960815429688 -60.463523864746094
-864.8003540039062 -59.28731918334961
-862.8321533203125 -57.5262451171875
-860.8380737304688 -59.495704650878906
-858.9181518554688 -60.12364959716797
-856.983642578125 -59.82355880737305
-855.0946655273438 -60.13450622558594
-853.1387939453125 -58.62598419189453
-851.1717529296875 -60.605167388916016
-849.587158203125 -58.91855239868164
-847.5903930664062 -60.838348388671875
-845.6342163085938 -58.92306137084961
-843.6351318359375 -60.922142028808594
-841.666015625 -60.67306137084961
-839.7025146484375 -61.084716796875
-837.7071533203125 -59.109397888183594
-836.43896484375 -59.14750289916992
-834.5535888671875 -58.231414794921875
-834.5228271484375 -60.202545166015625
-832.5298461914062 -60.65831756591797
-830.9793090820312 -62.49980545043945
-832.1181640625 -63.86154556274414
-833.2455444335938 -64.42089080810547
-835.0203247070312 -66.4004135131836
-833.0226440429688 -67.6987533569336
-833.5585327148438 -69.60572052001953
-831.559326171875 -68.85950469970703
-832.623046875 -70.74834442138672
-834.3789672851562 -72.72610473632812
-832.3793334960938 -74.54349517822266
-830.6344604492188 -76.52674102783203
-829.1526489257812 -77.43415832519531
-828.43408203125 -79.05732727050781
-827.0059204101562 -78.3310546875
-825.13330078125 -76.43164825439453
-823.1607055664062 -78.43030548095703
-821.6303100585938 -76.57071685791016
-819.6354370117188 -78.55938720703125
-817.6618041992188 -76.67752075195312
-815.9227905273438 -78.67415618896484
-813.9298095703125 -76.739990234375
-811.9376831054688 -78.73809814453125
-810.00732421875 -76.9493408203125
-808.0131225585938 -78.94775390625
-806.0377197265625 -77.03912353515625
-804.81689453125 -75.15127563476562
-803.7435302734375 -77.14324951171875
-801.7574462890625 -75.17642211914062
-800.0798950195312 -77.1762466430664
-798.3212280273438 -79.17261505126953
-796.359130859375 -77.31211853027344
-794.5054931640625 -75.50005340576172
-793.79443359375 -77.49964904785156
-792.2415161132812 -75.59508514404297
-790.2670288085938 -77.58453369140625
-788.2839965820312 -79.52955627441406
-787.6685180664062 -80.8218994140625
-785.6813354492188 -79.860595703125
-783.7228393554688 -81.77577209472656
-783.8134765625 -83.1834945678711
-785.613037109375 -84.17070770263672
-783.6355590820312 -84.38591766357422
-785.1400146484375 -85.43866729736328
-783.149658203125 -86.31562805175781
-784.9796142578125 -88.2665023803711
-784.0337524414062 -90.22883605957031
-784.0875244140625 -92.16218566894531
-785.71240234375 -93.86035919189453
-783.7175903320312 -95.04737854003906
-782.1033935546875 -96.7479476928711
-783.806640625 -98.63545227050781
-785.7240600585938 -100.45565032958984
-783.724609375 -101.45008087158203
-785.6146240234375 -103.39502716064453
-783.6146240234375 -105.17878723144531
-785.3795776367188 -107.14227294921875
-783.6083374023438 -109.03173828125
-782.175048828125 -109.26750183105469
-781.1824340820312 -111.12003326416016
-781.973388671875 -112.71460723876953
-781.2532958984375 -114.6581039428711
-782.8709716796875 -116.32908630371094
-784.5191040039062 -118.19701385498047
-785.9838256835938 -120.17835235595703
-783.98388671875 -121.98906707763672
-785.2735595703125 -123.94996643066406
-783.2738037109375 -125.55098724365234
-781.7937622070312 -126.18456268310547
