-945.5147094726562 9.633049011230469
-947.4857788085938 10.810629844665527
-945.492431640625 8.820572853088379
-947.4688720703125 10.54181957244873
-945.469970703125 12.486495971679688
-943.4742431640625 10.489500999450684
-943.326904296875 12.080657958984375
-941.3297729492188 10.099211692810059
-939.6995849609375 12.068525314331055
-937.799560546875 13.988340377807617
-935.83642578125 11.990867614746094
-935.1107177734375 13.826109886169434
-933.1129150390625 11.829622268676758
-931.48095703125 13.758755683898926
-929.4841918945312 11.785646438598633
-927.492919921875 13.77017879486084
-925.4934692382812 11.774291038513184
-923.4955444335938 13.67730712890625
-921.5075073242188 11.735981941223145
-919.5133666992188 13.70083999633789
-917.5515747070312 11.772175788879395
-915.5546875 9.804986000061035
-913.5765380859375 7.816253662109375
-911.5787353515625 9.592935562133789
-909.5850830078125 7.611877918243408
-911.5668334960938 6.447394371032715
-909.5702514648438 7.558437824249268
-911.5487060546875 5.857269287109375
-909.5492553710938 7.711213111877441
-907.7929077148438 8.912500381469727
-909.6695556640625 10.897370338439941
-907.6800537109375 8.916142463684082
-909.1746826171875 9.246442794799805
-909.1336059570312 10.598200798034668
-907.386474609375 8.632081985473633
-906.6295166015625 7.16592264175415
-906.2265014648438 8.986824035644531
-904.932373046875 10.958045959472656
-903.814697265625 12.631874084472656
-901.8211059570312 10.635969161987305
-899.839599609375 12.536540985107422
-897.8428344726562 10.552857398986816
-895.8474731445312 12.536762237548828
-893.9702758789062 10.660650253295898
-892.0409545898438 12.561120986938477
-890.11181640625 10.689727783203125
-888.15673828125 12.643619537353516
-886.24560546875 10.646849632263184
-884.2810668945312 12.641566276550293
-882.2919921875 10.648844718933105
-880.4103393554688 12.58154582977295
-878.49462890625 10.673203468322754
-876.5615844726562 12.58594036102295
-874.5814208984375 10.640161514282227
-872.6188354492188 12.453862190246582
-870.6229858398438 10.466399192810059
-869.7412109375 12.445953369140625
-867.7568359375 10.447078704833984
-865.9448852539062 12.368610382080078
-863.9483032226562 14.163180351257324
-861.948974609375 12.16500473022461
-860.0633544921875 13.850454330444336
-858.0817260742188 11.902633666992188
-856.1458740234375 13.350988388061523
-854.8424072265625 11.374116897583008
-853.1066284179688 13.366781234741211
-851.578857421875 11.406245231628418
-849.6478881835938 13.372323036193848
-848.0453491210938 11.37878131866455
-846.0595703125 13.363451957702637
-844.081298828125 11.373554229736328
-842.0999755859375 13.03244400024414
-840.1204833984375 11.096048355102539
-838.1218872070312 12.46249771118164
-836.1239013671875 10.477812767028809
-834.135498046875 8.747260093688965
-836.1168823242188 6.894864082336426
-834.1387939453125 4.974036693572998
-836.130126953125 3.0426275730133057
-834.1307373046875 1.089932918548584
-836.1112060546875 -0.9020887017250061
-834.11328125 -2.839478015899658
-835.00439453125 -4.796813011169434
-833.008544921875 -6.791150093078613
-834.9647216796875 -8.760165214538574
-832.9659423828125 -10.745923042297363
-834.9213256835938 -12.6233491897583
-832.9739990234375 -14.610939025878906
-834.9489135742188 -16.59248924255371
-832.954833984375 -18.396841049194336
-834.8151245117188 -20.390766143798828
-832.81640625 -22.254512786865234
-834.7756958007812 -24.190753936767578
-832.77587890625 -26.18233299255371
-834.7692260742188 -28.053544998168945
-832.7715454101562 -30.040382385253906
-834.7573852539062 -31.98434829711914
-832.7709350585938 -32.898441314697266
-834.7483520507812 -34.89316177368164
-832.751708984375 -36.80452346801758
-834.4891967773438 -37.6934814453125
-836.3180541992188 -39.67611312866211
-834.3224487304688 -41.561485290527344
-836.3184204101562 -43.5237922668457
-834.3364868164062 -45.49879837036133
-835.5177001953125 -47.490474700927734
-833.5210571289062 -49.38716125488281
-832.1412963867188 -51.3770866394043
-833.6400756835938 -53.25922775268555
-835.6224975585938 -55.231414794921875
-833.6255493164062 -56.92705154418945
-835.5267944335938 -58.92399215698242
-833.5313720703125 -57.81078338623047
-835.4480590820312 -59.80552673339844
-833.4541625976562 -58.034122467041016
-835.1062622070312 -60.008975982666016
-833.1318359375 -59.94734191894531
-834.9776611328125 -61.843414306640625
-832.97802734375 -60.11363220214844
-834.5997924804688 -62.10942459106445
-832.6019287109375 -62.89577865600586
-833.9896850585938 -64.74127197265625
-831.9916381835938 -66.58174133300781
-833.8599853515625 -68.41533660888672
-831.8604736328125 -68.79669952392578
-833.1921997070312 -70.32320404052734
-835.0902099609375 -72.31688690185547
-833.0902709960938 -74.27719116210938
-831.09033203125 -75.74909210205078
-830.89599609375 -73.83003234863281
-829.4226684570312 -75.82980346679688
-829.7910766601562 -77.82581329345703
-828.0731201171875 -75.9098129272461
-827.2806396484375 -77.90875244140625
-828.189453125 -75.9161376953125
-828.8094482421875 -77.91167449951172
-827.2754516601562 -75.94585418701172
-828.81640625 -77.9449691772461
-828.4173583984375 -76.01122283935547
-826.4891357421875 -78.01040649414062
-824.9083251953125 -76.01880645751953
-825.5672607421875 -77.99852752685547
-823.7508544921875 -76.0613021850586
-821.9531860351562 -78.05734252929688
-820.4567260742188 -76.06788635253906
-818.5875854492188 -78.03599548339844
-816.7521362304688 -76.12540435791016
-816.2069702148438 -78.12240600585938
-814.3970947265625 -76.17411804199219
-812.5685424804688 -78.14360046386719
-810.6336669921875 -76.37355041503906
-809.1132202148438 -78.37136840820312
-807.18505859375 -76.41358184814453
-805.19091796875 -78.39747619628906
-803.4276123046875 -76.39936828613281
-801.6856689453125 -78.389892578125
-799.7188110351562 -76.56888580322266
-797.910888671875 -78.56820678710938
-796.5116577148438 -76.59336853027344
-795.3243408203125 -78.5865249633789
-793.8006591796875 -77.87720489501953
-791.8656005859375 -75.98979949951172
-790.0870971679688 -77.98217010498047
-788.1251831054688 -79.6587905883789
-786.1310424804688 -81.59901428222656
-784.1325073242188 -83.59748840332031
-785.7604370117188 -85.5513916015625
-783.7606201171875 -87.52832794189453
-785.734619140625 -87.66777038574219
-783.798828125 -89.44793701171875
-785.7951049804688 -90.99126434326172
-783.8003540039062 -92.82576751708984
-785.713134765625 -94.76873779296875
-783.7177124023438 -96.74881744384766
-785.1484985351562 -98.1707992553711
-787.08349609375 -100.10090637207031
-785.0906372070312 -102.0999755859375
-783.0962524414062 -104.09877014160156
-785.0278930664062 -105.94239044189453
-783.6097412109375 -107.94110870361328
-782.506103515625 -109.62757873535156
-784.0975952148438 -110.09337615966797
-785.963623046875 -111.71791076660156
-787.8828735351562 -112.88311767578125
-785.8839721679688 -114.874267578125
-783.9900512695312 -116.82658386230469
-785.8975219726562 -118.80207824707031
-783.910888671875 -120.78868865966797
-785.4169921875 -120.8785400390625
-783.4175415039062 -122.67688751220703
-785.4024658203125 -122.68745422363281
-783.4299926757812 -124.66999053955078
-785.212646484375 -126.50994873046875
-783.2130126953125 -128.50253295898438
