-945.4255981445312 9.579730033874512
-947.03271484375 11.562976837158203
-945.042724609375 9.566583633422852
-946.6087036132812 11.438728332519531
-944.6478881835938 9.445923805236816
-946.1594848632812 11.194709777832031
-944.18212890625 9.195155143737793
-945.3153686523438 11.014440536499023
-943.33984375 12.851093292236328
-941.3408813476562 10.852279663085938
-939.45751953125 12.351361274719238
-937.4620971679688 10.354081153869629
-939.2442016601562 12.274943351745605
-937.287353515625 10.2824068069458
-937.5764770507812 12.01482105255127
-935.88623046875 13.904390335083008
-933.8963012695312 11.905173301696777
-931.9593505859375 12.656662940979004
-930.030029296875 13.029274940490723
-928.1524658203125 14.056748390197754
-926.1664428710938 12.060064315795898
-924.171142578125 13.805418014526367
-924.591552734375 11.805545806884766
-922.6366577148438 12.069029808044434
-920.6524047851562 13.989089965820312
-918.6551513671875 11.989500999450684
-917.31494140625 9.990524291992188
-915.327392578125 11.251206398010254
-913.3342895507812 9.251582145690918
-911.34423828125 7.2542948722839355
-909.3461303710938 8.379477500915527
-908.5523071289062 7.1966657638549805
-910.24658203125 8.68456745147705
-908.2593994140625 6.6847333908081055
-910.0606689453125 7.3149847984313965
-912.0527954101562 7.286153316497803
-910.0630493164062 8.203680038452148
-910.4321899414062 8.727836608886719
-908.507568359375 6.727889060974121
-910.37255859375 8.304147720336914
-912.2924194335938 9.134832382202148
-910.3046264648438 7.136005878448486
-912.0511474609375 7.814345836639404
-910.0982666015625 6.989914417266846
-911.9229736328125 6.092105865478516
-909.9237670898438 6.5969672203063965
-911.8623046875 8.170451164245605
-909.900146484375 8.86182975769043
-907.9100341796875 6.86199951171875
-909.0123291015625 6.932182788848877
-908.6842041015625 8.167372703552246
-910.3598022460938 8.703510284423828
-908.362060546875 6.704423427581787
-910.2738037109375 7.162508487701416
-910.3355102539062 6.784202575683594
-912.2723388671875 8.637434005737305
-910.3055419921875 6.63748025894165
-912.2880859375 5.754179954528809
-910.2919311523438 5.16478967666626
-911.1429443359375 4.29909610748291
-909.2947387695312 3.410064697265625
-911.1758422851562 4.079919338226318
-909.1797485351562 3.717238187789917
-910.8904418945312 3.476212739944458
-908.9043579101562 1.6361777782440186
-910.4811401367188 1.8128901720046997
-908.539794921875 0.39822402596473694
-910.1854858398438 0.6458888649940491
-908.2071533203125 -1.072182536125183
-910.1007080078125 0.11702188849449158
-908.1013793945312 -1.7027575969696045
-910.065673828125 0.07342109084129333
-908.1537475585938 -1.6532052755355835
-909.9151611328125 -0.18673387169837952
-911.9082641601562 -0.5857914686203003
-909.9547119140625 -2.2405471801757812
-911.769775390625 -3.0376248359680176
-909.7957153320312 -5.002201557159424
-911.1975708007812 -6.102921485900879
-909.3496704101562 -8.075074195861816
-910.236572265625 -8.015920639038086
-910.7039184570312 -9.724140167236328
-908.723876953125 -11.672276496887207
-909.4682006835938 -9.944039344787598
-909.8322143554688 -11.747550010681152
-911.7735595703125 -10.452614784240723
-910.7333984375 -12.123550415039062
-908.7367553710938 -14.120038986206055
-910.6343383789062 -13.81682300567627
-908.6427612304688 -15.765946388244629
-908.6375732421875 -15.236308097839355
-910.5510864257812 -16.489328384399414
-912.441162109375 -15.41279411315918
-910.4906616210938 -17.412681579589844
-909.8148193359375 -18.386014938354492
-911.2583618164062 -19.5517578125
-912.61865234375 -19.673606872558594
-910.6207885742188 -21.67314910888672
-912.1215209960938 -22.221511840820312
-912.99169921875 -23.329511642456055
-914.1914672851562 -25.180709838867188
-915.3087768554688 -26.961894989013672
-916.2687377929688 -27.996248245239258
-914.6257934570312 -29.164382934570312
-914.4844970703125 -30.38172149658203
-916.197021484375 -32.09355926513672
-917.7166137695312 -31.18665885925293
-915.9201049804688 -33.1387939453125
-914.3668212890625 -34.92735290527344
-915.3211669921875 -36.79591369628906
-913.425048828125 -38.092037200927734
-913.2776489257812 -39.73069763183594
-914.5670776367188 -41.55430221557617
-912.9854736328125 -43.52440643310547
-914.788330078125 -44.8372688293457
-914.4771118164062 -46.47407913208008
-913.3321533203125 -48.35517120361328
-915.2083740234375 -49.945892333984375
-913.5374755859375 -50.45103073120117
-912.3073120117188 -52.365081787109375
-913.6071166992188 -54.05709457397461
-912.6209716796875 -55.99338150024414
-910.6212768554688 -54.15864181518555
-908.7869873046875 -56.0748291015625
-906.7984008789062 -58.07096481323242
-905.0782470703125 -60.07069778442383
-903.078369140625 -58.36857604980469
-901.1041870117188 -60.36847686767578
-899.1085815429688 -58.4181022644043
-897.1174926757812 -60.41794967651367
-895.1239624023438 -58.79253005981445
-893.1571655273438 -60.79244613647461
-891.161376953125 -59.660003662109375
-889.1720581054688 -57.729732513427734
-887.2647094726562 -59.72972106933594
-886.062255859375 -61.72898483276367
-884.0624389648438 -59.73542785644531
-882.0853271484375 -61.73542022705078
-880.1030883789062 -59.835147857666016
-878.1495971679688 -61.835140228271484
-876.1578979492188 -60.242210388183594
-874.23828125 -62.24217224121094
-872.2918090820312 -61.27168273925781
-870.3280029296875 -59.7581787109375
-868.3280639648438 -58.19379806518555
-866.3364868164062 -60.19379425048828
-864.3674926757812 -58.639041900634766
-862.3760375976562 -60.6390380859375
-860.3778076171875 -59.587284088134766
-858.384033203125 -57.71328353881836
-856.4686889648438 -59.713279724121094
-854.4691162109375 -57.883663177490234
-852.4956665039062 -59.88365936279297
-850.4991455078125 -59.8835334777832
-848.5759887695312 -58.825157165527344
-846.5790405273438 -60.82515335083008
-844.6166381835938 -61.779380798339844
-842.6304931640625 -60.114681243896484
-840.6312866210938 -58.633975982666016
-838.6325073242188 -60.633975982666016
-836.6336669921875 -61.05349349975586
-834.635009765625 -62.199485778808594
-832.6350708007812 -63.455196380615234
-834.5881958007812 -65.32489776611328
-832.5888671875 -67.29151153564453
-834.5535888671875 -69.26451873779297
-832.5535888671875 -71.2508773803711
-834.5316162109375 -73.2470474243164
-832.5326538085938 -75.23307800292969
-830.5328979492188 -77.22203826904297
-831.8912353515625 -77.4390869140625
-833.8541259765625 -79.28634643554688
-831.8541259765625 -81.28546142578125
-833.7979736328125 -83.26473999023438
-831.8005981445312 -85.26114654541016
-833.7666625976562 -87.2518539428711
-831.7671508789062 -89.147705078125
-833.755859375 -91.09265899658203
-831.7582397460938 -93.07345581054688
-833.2459106445312 -94.97132873535156
-834.1630859375 -96.943115234375
-832.1636352539062 -98.92845153808594
-833.935791015625 -100.86456298828125
-831.9358520507812 -102.8642807006836
-833.031494140625 -104.8641357421875
-832.401123046875 -106.8640365600586
-830.93359375 -108.86384582519531
-829.3505249023438 -110.86380004882812
-827.3604736328125 -109.04850006103516
-825.3605346679688 -108.3626480102539
-823.36474609375 -107.31649780273438
-821.4205322265625 -109.31649017333984
-819.426513671875 -108.40154266357422
-817.426513671875 -107.05077362060547
-816.496826171875 -109.05077362060547
-814.5530395507812 -109.01065826416016
-812.5596923828125 -107.4050521850586
-810.5634765625 -109.4050064086914
-808.5856323242188 -107.98218536376953
-806.6010131835938 -109.98218536376953
-804.7465209960938 -109.60408020019531
-802.7623291015625 -108.32564544677734
-800.8275756835938 -110.24667358398438
-798.8523559570312 -108.57257843017578
-797.7554321289062 -109.37722778320312
-795.7621459960938 -107.92484283447266
-793.9595947265625 -109.92484283447266
-792.1090698242188 -108.00757598876953
-790.8054809570312 -110.00756072998047
-789.0355224609375 -110.8032455444336
-787.67529296875 -110.02119445800781
-786.0460205078125 -108.70305633544922
-788.018798828125 -110.2581787109375
-786.1319580078125 -109.01690673828125
-787.9207763671875 -110.87857055664062
-785.9259643554688 -109.32901000976562
-787.549072265625 -111.32003784179688
-785.5510864257812 -111.18797302246094
-787.5416870117188 -113.12457275390625
-785.5985107421875 -114.7664566040039
-787.490966796875 -116.55427551269531
-785.5032348632812 -117.94850158691406
-783.5918579101562 -119.19373321533203
-785.5817260742188 -121.1810531616211
-783.6510009765625 -122.47367095947266
-784.7384033203125 -124.38278198242188
-786.7152709960938 -126.37074279785156
-784.7222290039062 -128.25733947753906
-784.7957153320312 -127.55671691894531
-785.3906860351562 -129.07901000976562
-786.7416381835938 -130.39239501953125
-784.7548217773438 -132.37850952148438
