-957.5221557617188 -428.9454040527344
-955.6509399414062 -426.94573974609375
-954.9805297851562 -424.9486999511719
-955.6439819335938 -422.9532470703125
-955.3438720703125 -420.95684814453125
-955.286376953125 -418.9604187011719
-954.1614990234375 -416.9610595703125
-952.5455932617188 -414.9796447753906
-953.4083862304688 -412.98272705078125
-951.41650390625 -410.99176025390625
-949.8898315429688 -409.0537109375
-948.51708984375 -407.0541687011719
-946.8002319335938 -405.07867431640625
-948.8001708984375 -403.07867431640625
-949.2228393554688 -401.08050537109375
-949.0972900390625 -399.0828552246094
-950.4120483398438 -397.0833740234375
-951.0880737304688 -395.08367919921875
-952.5891723632812 -393.4326477050781
-950.889404296875 -391.56719970703125
-949.6582641601562 -390.2881774902344
-947.7677001953125 -388.2944641113281
-949.7667236328125 -386.2946472167969
-948.7280883789062 -384.30072021484375
-950.0739135742188 -382.30517578125
-948.6588134765625 -380.3089294433594
-949.9353637695312 -378.3844299316406
-950.20849609375 -376.3898010253906
-949.0347290039062 -374.39306640625
-948.3778076171875 -372.3934020996094
-948.6919555664062 -370.3951721191406
-948.9494018554688 -368.3986511230469
-950.6008911132812 -366.4077453613281
-950.2337036132812 -364.4129333496094
-949.1369018554688 -362.4136047363281
-949.2155151367188 -360.4524841308594
-950.9761352539062 -358.4961242675781
-952.6992797851562 -356.4961853027344
-950.874267578125 -354.55535888671875
-952.290771484375 -352.57305908203125
-951.4923095703125 -350.57940673828125
-952.092041015625 -348.58148193359375
-950.5968627929688 -346.5841979980469
-951.3150024414062 -344.60693359375
-950.2726440429688 -342.6133728027344
-950.7759399414062 -340.6292724609375
-950.8336791992188 -338.6508483886719
-952.4545288085938 -336.6548156738281
-952.6054077148438 -334.659912109375
-953.9186401367188 -332.67071533203125
-955.295166015625 -330.69842529296875
-955.1097412109375 -328.7030334472656
-954.5481567382812 -326.7317810058594
-955.2901611328125 -324.7757263183594
-953.7156372070312 -322.87799072265625
-955.3533325195312 -320.8837890625
-956.231201171875 -318.8856506347656
-956.8671264648438 -316.88568115234375
-958.8367309570312 -314.8857421875
-960.503662109375 -312.8857421875
-958.917724609375 -313.5884094238281
-960.5296630859375 -314.30926513671875
-962.48095703125 -312.3092956542969
-962.0509643554688 -313.9534606933594
-963.6848754882812 -315.6058044433594
-965.660400390625 -313.6058349609375
-965.929443359375 -315.511962890625
-967.8861694335938 -313.5122375488281
-968.4545288085938 -315.48870849609375
-969.9778442382812 -313.4888610839844
-971.9129638671875 -315.4196472167969
-973.90771484375 -313.4196472167969
-975.537109375 -315.3637390136719
-977.5062866210938 -313.3637390136719
-979.3892211914062 -315.0589294433594
-981.3892211914062 -313.0589294433594
-983.365966796875 -314.7518615722656
-985.3640747070312 -312.75189208984375
-986.718017578125 -314.7427978515625
-988.7174682617188 -312.7427978515625
-989.7661743164062 -314.6419372558594
-991.76611328125 -312.6419677734375
-993.7523193359375 -314.5880126953125
-995.7508544921875 -312.5880126953125
-997.1699829101562 -313.2594909667969
-999.169921875 -311.259521484375
-1001.106201171875 -313.0754699707031
-1003.1012573242188 -311.0755310058594
-1005.0529174804688 -313.0509338378906
-1007.052734375 -311.05096435546875
-1005.1575927734375 -312.9691467285156
-1007.1563110351562 -310.9691467285156
-1008.6544189453125 -312.85699462890625
-1010.4150390625 -314.8330993652344
-1012.4148559570312 -312.8330993652344
-1014.3049926757812 -314.81866455078125
-1015.4015502929688 -316.6078186035156
-1017.1209716796875 -318.1565246582031
-1017.2557983398438 -316.1689453125
-1019.2086791992188 -318.12152099609375
-1017.3912963867188 -316.1268005371094
-1019.0657958984375 -317.8185119628906
-1020.6600341796875 -315.82513427734375
-1021.6286010742188 -313.82513427734375
-1023.4451904296875 -314.9918518066406
-1022.6931762695312 -312.991943359375
-1024.6558837890625 -314.78973388671875
-1023.4254150390625 -312.789794921875
-1023.9739990234375 -314.6913146972656
-1025.8746337890625 -312.69146728515625
-1025.2889404296875 -314.505126953125
-1027.0765380859375 -312.5051574707031
-1029.0667724609375 -314.30731201171875
-1031.059326171875 -312.3073425292969
-1033.050537109375 -310.3073425292969
-1034.084228515625 -311.87701416015625
-1036.08056640625 -309.8770446777344
-1038.0186767578125 -311.6238098144531
-1040.0140380859375 -309.6238098144531
-1041.991455078125 -307.6238098144531
-1043.9534912109375 -309.23883056640625
-1045.9527587890625 -307.23883056640625
-1047.951904296875 -305.23883056640625
-1045.9598388671875 -303.4856872558594
-1047.9498291015625 -303.6823425292969
-1045.9749755859375 -303.8703918457031
-1047.9736328125 -301.94854736328125
-1046.0499267578125 -300.0199890136719
-1048.04296875 -298.0569763183594
-1050.0404052734375 -296.063720703125
-1048.3192138671875 -294.1679992675781
-1049.468017578125 -295.6131591796875
-1047.9620361328125 -293.61761474609375
-1046.1202392578125 -293.40802001953125
-1047.8787841796875 -291.4080505371094
-1046.03369140625 -292.6316223144531
-1048.0281982421875 -290.6329040527344
-1046.0738525390625 -290.93072509765625
-1048.0718994140625 -288.9310607910156
-1046.58251953125 -287.6393127441406
-1048.558349609375 -288.2890625
-1046.7486572265625 -286.65185546875
-1047.8720703125 -285.37860107421875
-1049.346435546875 -286.14971923828125
-1047.5853271484375 -284.53802490234375
-1049.1099853515625 -285.0429992675781
-1048.1048583984375 -283.11572265625
-1050.0894775390625 -282.3598937988281
-1048.1063232421875 -280.3861999511719
-1050.025634765625 -278.3895263671875
-1048.1812744140625 -276.50439453125
-1050.1224365234375 -274.5086669921875
-1048.2774658203125 -273.31988525390625
-1050.270751953125 -271.3202209472656
-1048.3798828125 -269.33734130859375
-1050.314697265625 -267.33758544921875
-1048.97998046875 -265.52978515625
-1047.1993408203125 -264.8349914550781
-1049.1807861328125 -262.83502197265625
-1049.663330078125 -261.1890563964844
-1047.8153076171875 -259.19635009765625
-1049.629638671875 -257.2969055175781
-1047.7086181640625 -255.6901397705078
-1049.6820068359375 -253.70233154296875
-1050.867431640625 -251.7234344482422
-1052.8211669921875 -249.72430419921875
-1051.5159912109375 -250.83184814453125
-1050.070068359375 -250.5113067626953
-1050.8902587890625 -248.77981567382812
-1049.2764892578125 -247.4254150390625
-1051.2657470703125 -245.4259033203125
-1049.2847900390625 -245.31072998046875
-1047.3687744140625 -243.35472106933594
-1049.3681640625 -241.35484313964844
-1047.8109130859375 -239.65855407714844
-1049.6884765625 -237.77365112304688
-1047.9368896484375 -235.93923950195312
-1049.9287109375 -237.16737365722656
-1049.44677734375 -235.29446411132812
-1047.59912109375 -235.04396057128906
-1049.5933837890625 -234.6774139404297
-1047.88671875 -234.93312072753906
-1049.5010986328125 -234.31591796875
-1047.688232421875 -233.1290740966797
-1049.6544189453125 -231.42922973632812
-1048.5966796875 -229.47360229492188
-1050.5865478515625 -227.78668212890625
-1048.6541748046875 -226.77210998535156
-1049.82568359375 -224.77276611328125
-1048.0601806640625 -223.10507202148438
-1050.0450439453125 -221.10809326171875
-1049.074951171875 -219.1520233154297
-1051.06494140625 -221.08792114257812
-1050.6474609375 -219.0939483642578
-1052.548095703125 -217.1023712158203
-1054.4078369140625 -215.1026153564453
-1056.4066162109375 -217.0920867919922
-1058.4017333984375 -215.0921630859375
-1060.3963623046875 -216.50350952148438
-1062.0201416015625 -214.50369262695312
-1064.009521484375 -212.50392150878906
-1065.27685546875 -214.4582977294922
-1066.0635986328125 -216.31069946289062
-1068.0616455078125 -214.3107147216797
-1069.5343017578125 -216.2482452392578
-1071.5281982421875 -214.2483367919922
-1073.2938232421875 -216.22669982910156
-1075.0167236328125 -218.17108154296875
-1076.99072265625 -216.17300415039062
-1078.9674072265625 -218.1583709716797
-1080.9193115234375 -218.9808807373047
-1082.9185791015625 -216.98094177246094
-1084.7021484375 -218.74343872070312
-1086.644775390625 -220.5169677734375
-1088.455078125 -218.517333984375
-1090.4473876953125 -216.51736450195312
-1092.248046875 -218.4058837890625
-1094.06005859375 -216.40594482421875
-1095.562744140625 -218.3977813720703
-1097.4691162109375 -216.3988800048828
-1099.4534912109375 -218.38050842285156
-1101.4395751953125 -216.3806610107422
-1103.2962646484375 -218.32644653320312
-1105.2845458984375 -216.3265380859375
-1107.264892578125 -214.32659912109375
-1109.117431640625 -216.32318115234375
-1111.1134033203125 -214.3233184814453
-1112.980712890625 -216.2490692138672
-1114.9788818359375 -214.24929809570312
-1115.9715576171875 -216.20167541503906
-1117.9610595703125 -214.20196533203125
-1119.4913330078125 -216.1948699951172
-1120.643310546875 -218.19398498535156
-1122.639892578125 -216.19412231445312
-1124.62451171875 -214.19418334960938
-1126.4306640625 -216.1466827392578
-1128.33642578125 -214.14691162109375
-1127.5628662109375 -216.1439971923828
-1129.462646484375 -214.14491271972656
-1130.278076171875 -216.13870239257812
-1132.27685546875 -214.13876342773438
-1133.4561767578125 -216.12454223632812
-1135.3089599609375 -214.12509155273438
