-957.0771484375 -429.097900390625
-955.9279174804688 -427.1239013671875
-954.3461303710938 -425.3010559082031
-953.3251342773438 -423.3132629394531
-951.3677368164062 -421.4352111816406
-949.8424072265625 -419.4436340332031
-950.404541015625 -417.9601745605469
-948.60888671875 -415.9712219238281
-948.8048706054688 -414.2243957519531
-950.0468139648438 -412.9859313964844
-948.2586669921875 -410.9936828613281
-948.9552001953125 -409.234130859375
-947.1421508789062 -407.2377014160156
-948.8828735351562 -405.4541015625
-947.7960205078125 -403.4643249511719
-946.2405395507812 -401.6101379394531
-947.0371704101562 -400.8481140136719
-948.4398803710938 -398.95703125
-947.15771484375 -396.9592590332031
-947.604248046875 -395.22406005859375
-949.2406005859375 -394.5062561035156
-948.298828125 -392.5334777832031
-946.754150390625 -390.5457763671875
-948.7047729492188 -389.2493591308594
-947.0865478515625 -387.2568054199219
-946.4763793945312 -387.1102600097656
-947.6400146484375 -386.18109130859375
-948.9839477539062 -386.5264587402344
-947.3955688476562 -384.5290222167969
-949.076904296875 -383.2017822265625
-947.44384765625 -381.2040710449219
-947.1288452148438 -380.68218994140625
-947.5016479492188 -378.82305908203125
-948.8402099609375 -377.0526428222656
-948.3575439453125 -375.1434326171875
-948.4561767578125 -373.181640625
-947.31494140625 -371.1973571777344
-948.9896240234375 -372.6772766113281
-950.7271728515625 -370.67803955078125
-949.0714721679688 -368.6925964355469
-949.4806518554688 -366.71832275390625
-948.2957763671875 -364.7315979003906
-947.2919921875 -362.7334289550781
-948.7651977539062 -362.06884765625
-948.0819091796875 -360.07025146484375
-949.340576171875 -359.51837158203125
-950.093505859375 -357.5213928222656
-948.2977905273438 -355.5225830078125
-950.1994018554688 -357.0437316894531
-948.6892700195312 -355.0929260253906
-948.3153686523438 -353.4842834472656
-947.1859741210938 -351.4889221191406
-947.9176635742188 -350.02423095703125
-948.5426635742188 -350.91925048828125
-950.3717651367188 -348.9306945800781
-950.283935546875 -346.935302734375
-948.83447265625 -344.95318603515625
-947.7637329101562 -342.9671630859375
-948.1923828125 -341.5481262207031
-949.4370727539062 -339.7830505371094
-950.8629760742188 -337.8595886230469
-951.0548095703125 -335.9285583496094
-951.3516845703125 -333.95703125
-953.2796020507812 -332.01763916015625
-953.7986450195312 -330.0513000488281
-952.1231079101562 -328.6692199707031
-950.85791015625 -326.79852294921875
-949.272216796875 -324.9027404785156
-950.9381103515625 -322.9371032714844
-951.2669067382812 -320.9551696777344
-949.695068359375 -318.97601318359375
-951.2430419921875 -316.9814453125
-953.0202026367188 -315.1136474609375
-953.5159912109375 -313.1160583496094
-953.9276733398438 -313.9308776855469
-952.2080078125 -312.4525146484375
-950.530029296875 -312.6728210449219
-949.7274169921875 -310.8815002441406
-951.0692138671875 -309.3064270019531
-951.9270629882812 -308.4273376464844
-953.3526611328125 -306.471435546875
-953.5612182617188 -304.5072326660156
-954.8674926757812 -303.9061279296875
-955.5983276367188 -302.4228515625
-955.7935180664062 -300.47686767578125
-957.4779663085938 -298.6191711425781
-958.4633178710938 -296.64837646484375
-958.6764526367188 -294.7740783691406
-960.3923950195312 -293.0265808105469
-961.2353515625 -291.766845703125
-962.587646484375 -290.0240478515625
-962.2505493164062 -288.57196044921875
-963.37841796875 -286.6926574707031
-963.8307495117188 -286.2327880859375
-964.9436645507812 -284.37615966796875
-966.095947265625 -282.40228271484375
-967.0279541015625 -281.47503662109375
-965.8468017578125 -279.5318603515625
-967.116943359375 -277.5508728027344
-968.6712646484375 -275.5834655761719
-968.3007202148438 -273.5911560058594
-969.5081176757812 -271.6213073730469
-967.830810546875 -269.627197265625
-967.015869140625 -267.72198486328125
-967.0753173828125 -265.755615234375
-968.5489501953125 -263.9147644042969
-967.5751342773438 -261.91522216796875
-969.2813720703125 -260.55218505859375
-970.8427734375 -258.806640625
-970.7095947265625 -256.8274841308594
-968.9898681640625 -255.59056091308594
-968.2241821289062 -254.34091186523438
-966.9732666015625 -252.3741455078125
-967.57568359375 -250.44607543945312
-968.8807373046875 -249.82069396972656
-969.3403930664062 -247.86187744140625
-969.1258544921875 -245.86767578125
-968.5665283203125 -244.50816345214844
-968.9387817382812 -242.7848358154297
-967.3271484375 -240.83767700195312
-969.2291259765625 -238.84178161621094
-969.1448974609375 -236.93885803222656
-968.6646728515625 -234.95733642578125
-967.2003173828125 -232.9808807373047
-966.847412109375 -231.01248168945312
-966.4700927734375 -229.059326171875
-967.2027587890625 -227.0902557373047
-968.9120483398438 -225.09764099121094
-970.90966796875 -223.0985107421875
-972.8916625976562 -221.0989227294922
-974.7556762695312 -219.09906005859375
-976.7495727539062 -217.0992889404297
-978.73828125 -215.09947204589844
-980.381103515625 -215.4463653564453
-981.8917236328125 -216.77474975585938
-983.7109375 -216.503662109375
-985.7008666992188 -214.51348876953125
-987.3336791992188 -214.50750732421875
-988.8399047851562 -214.10682678222656
-990.7278442382812 -215.8331756591797
-992.7002563476562 -213.8341522216797
-994.4956665039062 -215.3444366455078
-995.4475708007812 -214.63516235351562
-995.9033203125 -215.63955688476562
-996.6312866210938 -214.82887268066406
-997.2005004882812 -215.84503173828125
-999.1984252929688 -213.84732055664062
-999.3292846679688 -213.7794189453125
-1001.2689819335938 -215.53961181640625
-1003.04052734375 -215.72850036621094
-1005.03369140625 -213.72857666015625
-1005.4598388671875 -212.7590789794922
-1007.1019287109375 -213.03758239746094
-1007.5732421875 -211.88156127929688
-1009.4905395507812 -210.93511962890625
-1009.3820190429688 -212.0653076171875
-1010.0827026367188 -213.93862915039062
-1012.0734252929688 -211.93922424316406
-1013.8944702148438 -212.73280334472656
-1015.8861694335938 -211.93519592285156
-1017.4854736328125 -210.78631591796875
-1018.5964965820312 -210.95526123046875
-1020.2734985351562 -212.85435485839844
-1020.3728637695312 -211.84237670898438
-1019.8609619140625 -211.86314392089844
-1020.1017456054688 -213.6156463623047
-1020.262451171875 -213.5433807373047
-1021.9307250976562 -214.3671875
-1023.860107421875 -213.76512145996094
-1024.7652587890625 -215.25245666503906
-1026.71923828125 -216.52716064453125
-1028.716796875 -214.52783203125
-1030.4769287109375 -214.24783325195312
-1032.369384765625 -215.4690704345703
-1034.362548828125 -213.46920776367188
-1036.0914306640625 -214.101806640625
-1037.58984375 -215.5069580078125
-1039.30908203125 -216.1694793701172
-1041.279052734375 -214.16949462890625
-1042.27685546875 -215.2052459716797
-1043.9871826171875 -217.1192169189453
-1044.4229736328125 -217.21017456054688
-1046.37646484375 -218.31614685058594
-1048.235595703125 -217.981689453125
-1050.1654052734375 -218.48109436035156
-1052.050537109375 -220.04420471191406
-1051.70849609375 -218.0556640625
-1053.6748046875 -216.05967712402344
-1055.4674072265625 -215.10362243652344
-1057.371337890625 -216.10983276367188
-1059.3697509765625 -214.11065673828125
-1061.1666259765625 -215.81854248046875
-1063.140380859375 -213.81906127929688
-1064.3956298828125 -215.2034454345703
-1066.393798828125 -213.21096801757812
-1066.3670654296875 -215.1290740966797
-1068.0228271484375 -214.7766571044922
-1067.095703125 -216.13014221191406
-1069.0902099609375 -214.13160705566406
-1069.8876953125 -214.83056640625
-1071.3145751953125 -215.00436401367188
-1072.568603515625 -216.7373504638672
-1074.5601806640625 -214.7698974609375
-1075.74072265625 -216.69064331054688
-1077.5223388671875 -217.94253540039062
-1079.31884765625 -219.58848571777344
-1081.314453125 -217.61354064941406
-1082.404541015625 -218.83680725097656
-1084.3616943359375 -216.8988800048828
-1085.3765869140625 -217.6849822998047
-1087.37158203125 -217.49478149414062
-1089.3707275390625 -217.06182861328125
-1090.7603759765625 -218.26345825195312
-1090.91162109375 -218.38914489746094
-1092.8863525390625 -217.373291015625
-1093.6907958984375 -218.77618408203125
-1095.486328125 -216.8688201904297
-1097.0394287109375 -218.00982666015625
-1099.02587890625 -216.1121063232422
-1100.5189208984375 -217.57525634765625
-1102.452392578125 -215.60931396484375
-1102.327880859375 -217.527587890625
-1104.2166748046875 -215.626220703125
-1106.1243896484375 -215.2864532470703
-1105.9134521484375 -217.0940399169922
-1107.84326171875 -215.4170379638672
-1108.6815185546875 -217.23880004882812
-1110.6435546875 -215.42547607421875
-1111.894775390625 -217.06105041503906
-1113.7711181640625 -215.1041717529297
-1115.075439453125 -217.09262084960938
-1117.061767578125 -216.39414978027344
-1118.8502197265625 -217.850341796875
-1118.374267578125 -217.37408447265625
-1120.0355224609375 -215.79519653320312
-1120.5074462890625 -217.21685791015625
-1122.4891357421875 -215.22401428222656
-1123.57275390625 -217.0084686279297
-1125.446533203125 -215.18344116210938
-1124.2178955078125 -217.1688690185547
-1125.35595703125 -216.0074920654297
-1127.1138916015625 -214.54562377929688
-1128.3572998046875 -216.51263427734375
-1130.073974609375 -214.68026733398438
-1128.6883544921875 -216.62594604492188
-1130.5068359375 -214.80137634277344
-1132.08837890625 -212.9473114013672
-1131.8267822265625 -214.9314727783203
-1133.6468505859375 -213.2105255126953
-1133.1495361328125 -215.21009826660156
-1133.4783935546875 -213.43653869628906
-1132.36962890625 -215.434814453125
-1133.73681640625 -215.25230407714844
-1135.6383056640625 -213.3550567626953
-1133.8385009765625 -215.26400756835938
-1135.7718505859375 -214.45469665527344
