-958.8057861328125 -429.00482177734375
-957.4794921875 -427.0204772949219
-955.6893310546875 -425.0984802246094
-954.3777465820312 -423.1052551269531
-956.0108642578125 -421.17742919921875
-957.1209106445312 -419.18377685546875
-956.5444946289062 -417.19500732421875
-955.7113037109375 -415.2044372558594
-956.6701049804688 -413.3106994628906
-957.6304931640625 -411.3122863769531
-957.2025146484375 -409.3158264160156
-955.7478637695312 -407.3233337402344
-954.349609375 -405.3331604003906
-953.9486083984375 -403.3520812988281
-953.7030029296875 -401.35711669921875
-954.67236328125 -399.3653869628906
-954.5687866210938 -397.369140625
-954.6072387695312 -395.3793640136719
-955.000732421875 -393.3829040527344
-956.5455932617188 -394.5061950683594
-954.8226318359375 -392.5990905761719
-954.2128295898438 -390.6895751953125
-953.1678466796875 -388.79705810546875
-951.8861083984375 -386.8431701660156
-953.3058471679688 -385.1096496582031
-952.7962646484375 -383.145263671875
-953.7686157226562 -381.1502685546875
-953.6493530273438 -379.1756286621094
-954.541259765625 -377.2596435546875
-952.7311401367188 -375.28033447265625
-953.8458251953125 -373.8935241699219
-955.5106811523438 -371.9853210449219
-956.5286254882812 -369.98681640625
-955.6486206054688 -368.0617980957031
-957.4379272460938 -366.0901184082031
-958.75537109375 -364.14361572265625
-959.2916870117188 -362.1877136230469
-960.5709838867188 -360.193359375
-962.5180053710938 -358.2112731933594
-964.1876831054688 -356.2156982421875
-962.4605712890625 -356.05621337890625
-960.6949462890625 -354.6587829589844
-960.3101806640625 -352.80035400390625
-961.9944458007812 -350.9310302734375
-963.2860107421875 -348.9967346191406
-963.183837890625 -347.0478820800781
-965.1605224609375 -345.0703430175781
-966.4319458007812 -343.1284484863281
-965.2351684570312 -341.1620178222656
-966.1409301757812 -339.16552734375
-965.1610107421875 -337.1698303222656
-963.3876953125 -335.300537109375
-965.3536987304688 -333.4591064453125
-966.9307250976562 -331.5871276855469
-967.43115234375 -329.62066650390625
-965.9427490234375 -327.6608581542969
-964.2987060546875 -325.77532958984375
-965.8231201171875 -323.78704833984375
-967.1302490234375 -321.90521240234375
-967.1116333007812 -319.90679931640625
-968.6343994140625 -317.90789794921875
-970.6324462890625 -315.908203125
-972.6316528320312 -313.9082336425781
-974.6044921875 -315.888671875
-976.6044921875 -313.8895568847656
-977.35693359375 -315.0995178222656
-979.3568115234375 -313.1282958984375
-980.9400634765625 -314.94091796875
-982.9386596679688 -312.9413757324219
-984.2950439453125 -314.9022216796875
-986.2947998046875 -312.90423583984375
-988.0249633789062 -314.28436279296875
-990.0247192382812 -312.28509521484375
-991.96923828125 -314.1523132324219
-993.9686889648438 -312.15234375
-994.96728515625 -313.27264404296875
-996.6869506835938 -314.7638854980469
-998.6869506835938 -312.7666015625
-1000.6857299804688 -310.7762756347656
-1001.918212890625 -310.6944885253906
-1003.04150390625 -312.6014099121094
-1005.039794921875 -310.60430908203125
-1006.8787841796875 -311.751220703125
-1007.7411499023438 -312.1643371582031
-1006.0824584960938 -313.89141845703125
-1008.0816650390625 -311.94647216796875
-1006.519287109375 -313.64404296875
-1008.5189819335938 -311.6470031738281
-1010.4258422851562 -313.5521545410156
-1011.27392578125 -315.12908935546875
-1013.2664184570312 -313.2064514160156
-1015.1238403320312 -315.1716613769531
-1014.7392578125 -317.03314208984375
-1016.279541015625 -318.22857666015625
-1017.8602294921875 -316.23040771484375
-1019.3079833984375 -316.4969482421875
-1021.2647705078125 -314.4981384277344
-1021.1500244140625 -316.3506164550781
-1023.0509033203125 -314.3672180175781
-1025.037109375 -312.36810302734375
-1025.497314453125 -314.1626281738281
-1027.4932861328125 -312.1627197265625
-1027.1783447265625 -314.0439758300781
-1029.1065673828125 -312.0471496582031
-1031.1016845703125 -310.0474853515625
-1030.2615966796875 -311.8822021484375
-1032.2611083984375 -309.8837585449219
-1032.6331787109375 -311.7620544433594
-1034.627685546875 -309.8466491699219
-1034.8067626953125 -311.7906494140625
-1036.80615234375 -309.79302978515625
-1038.3204345703125 -311.13134765625
-1040.1134033203125 -309.1651306152344
-1042.0552978515625 -307.1651611328125
-1043.9656982421875 -308.5670166015625
-1045.955810546875 -306.5679931640625
-1047.953369140625 -304.67108154296875
-1046.2705078125 -303.0833740234375
-1048.094970703125 -302.9199523925781
-1046.288330078125 -300.9327392578125
-1048.276123046875 -299.0473937988281
-1048.5869140625 -297.0721740722656
-1050.396728515625 -295.11279296875
-1052.0509033203125 -293.1285400390625
-1050.0858154296875 -294.4615783691406
-1049.8336181640625 -292.50506591796875
-1048.0535888671875 -291.4690856933594
-1046.1195068359375 -290.3323974609375
-1048.100830078125 -288.983154296875
-1049.4765625 -287.34722900390625
-1049.26318359375 -285.4823303222656
-1047.844482421875 -283.5148620605469
-1049.818603515625 -282.8164978027344
-1047.9754638671875 -280.8539733886719
-1049.9501953125 -278.8619689941406
-1048.40673828125 -276.8749084472656
-1050.3956298828125 -274.90472412109375
-1050.512939453125 -272.923095703125
-1049.21337890625 -271.3428955078125
-1048.337890625 -269.7987060546875
-1050.3199462890625 -267.83984375
-1049.261962890625 -266.179931640625
-1050.458984375 -264.23895263671875
-1048.6405029296875 -262.3652038574219
-1050.6396484375 -260.6753234863281
-1049.9498291015625 -259.0695495605469
-1049.9119873046875 -258.198486328125
-1048.4036865234375 -256.37518310546875
-1050.4000244140625 -254.3807373046875
-1051.2596435546875 -252.39248657226562
-1053.1658935546875 -250.42147827148438
-1051.18115234375 -251.6526641845703
-1053.05810546875 -249.65269470214844
-1052.25048828125 -247.8068389892578
-1052.4310302734375 -246.4307098388672
-1050.6380615234375 -244.45640563964844
-1049.9833984375 -242.5615997314453
-1050.84912109375 -240.59677124023438
-1051.9732666015625 -238.9415740966797
-1050.66650390625 -237.48745727539062
-1048.9903564453125 -237.05450439453125
-1048.171142578125 -235.9173583984375
-1050.155517578125 -237.5345001220703
-1050.9266357421875 -235.65586853027344
-1049.060302734375 -233.70603942871094
-1051.0552978515625 -232.61575317382812
-1049.3662109375 -230.9857940673828
-1051.0506591796875 -229.41990661621094
-1049.7340087890625 -227.5858154296875
-1048.8831787109375 -225.61868286132812
-1050.8826904296875 -224.80172729492188
-1049.0838623046875 -223.23193359375
-1049.3599853515625 -223.74172973632812
-1049.2957763671875 -221.9578399658203
-1050.0791015625 -220.28073120117188
-1051.4931640625 -218.28399658203125
-1052.237060546875 -216.30093383789062
-1054.138671875 -218.28504943847656
-1056.0648193359375 -216.28575134277344
-1058.0513916015625 -214.2858123779297
-1059.8544921875 -216.2843475341797
-1061.8544921875 -214.2843475341797
-1061.95458984375 -216.25167846679688
-1063.95361328125 -214.25172424316406
-1063.622314453125 -215.55905151367188
-1065.619873046875 -213.55911254882812
-1063.7535400390625 -215.16961669921875
-1065.752685546875 -213.17027282714844
-1064.2684326171875 -214.8488311767578
-1066.2684326171875 -212.848876953125
-1064.3133544921875 -214.64413452148438
-1066.313232421875 -212.6441650390625
-1064.4080810546875 -214.50143432617188
-1062.4130859375 -216.4172821044922
-1064.4130859375 -214.4172821044922
-1064.75390625 -216.17893981933594
-1066.7529296875 -214.17897033691406
-1068.3004150390625 -216.0174560546875
-1070.300048828125 -214.01747131347656
-1070.34619140625 -215.98048400878906
-1072.3441162109375 -213.9805450439453
-1074.1746826171875 -215.91448974609375
-1074.7725830078125 -217.90135192871094
-1076.772216796875 -215.99749755859375
-1076.06494140625 -217.9910888671875
-1078.033203125 -216.23703002929688
-1079.936767578125 -218.06578063964844
-1081.35009765625 -220.05177307128906
-1083.3494873046875 -218.05177307128906
-1083.9986572265625 -220.0071563720703
-1085.9923095703125 -218.00753784179688
-1086.8389892578125 -219.97964477539062
-1088.8387451171875 -217.9797821044922
-1090.82177734375 -219.9785919189453
-1092.821533203125 -217.97877502441406
-1094.8121337890625 -215.9788360595703
-1095.9814453125 -217.93470764160156
-1097.912841796875 -215.93470764160156
-1099.84130859375 -217.63201904296875
-1101.8348388671875 -215.63450622558594
-1102.6402587890625 -217.6144256591797
-1104.6092529296875 -215.61508178710938
-1106.5733642578125 -217.60760498046875
-1108.572509765625 -215.61114501953125
-1110.343017578125 -217.60452270507812
-1112.325439453125 -215.60462951660156
-1114.226318359375 -217.604248046875
-1116.2220458984375 -215.60496520996094
-1114.748779296875 -217.6025848388672
-1116.633544921875 -215.60426330566406
-1118.126708984375 -217.59915161132812
-1120.1092529296875 -218.05381774902344
-1122.0980224609375 -216.05392456054688
-1124.0972900390625 -214.0548553466797
-1125.8739013671875 -216.0546112060547
-1127.858154296875 -214.095703125
-1127.423828125 -216.0936737060547
-1129.4095458984375 -214.09703063964844
-1128.7275390625 -216.09616088867188
-1130.645263671875 -214.0962677001953
-1131.7724609375 -216.09617614746094
-1133.593994140625 -214.1305389404297
-1131.88671875 -216.12928771972656
-1133.873779296875 -214.13055419921875
-1135.58837890625 -216.1300811767578
