-957.08837890625 -429.3046875
-955.1735229492188 -427.3607177734375
-953.3147583007812 -425.37646484375
-951.3869018554688 -423.40167236328125
-949.4295654296875 -421.40985107421875
-947.7752685546875 -419.89300537109375
-946.9413452148438 -417.95648193359375
-946.9496459960938 -416.211181640625
-948.0993041992188 -414.5161437988281
-949.9412841796875 -412.5754089355469
-948.192138671875 -410.6981506347656
-947.6566772460938 -409.3075256347656
-949.3038940429688 -407.7299499511719
-947.3093872070312 -405.7341003417969
-949.2406005859375 -403.9518737792969
-947.4656372070312 -401.9676818847656
-945.5037841796875 -399.96917724609375
-945.2406005859375 -398.0974426269531
-946.144287109375 -396.3948669433594
-945.441162109375 -395.62835693359375
-946.5858764648438 -394.5787048339844
-947.7920532226562 -395.6783447265625
-945.8289794921875 -393.7194519042969
-947.2318725585938 -392.4993591308594
-946.48974609375 -390.63629150390625
-946.1798706054688 -390.46728515625
-948.1316528320312 -389.0979309082031
-946.3271484375 -387.1570739746094
-946.5696411132812 -385.2409362792969
-946.1962890625 -384.3867492675781
-945.2481689453125 -383.9225158691406
-946.463623046875 -382.2191467285156
-947.1004638671875 -380.4122314453125
-947.2788696289062 -379.2072448730469
-947.6624755859375 -377.4936218261719
-945.8622436523438 -375.6571350097656
-947.4183959960938 -373.6971130371094
-946.054443359375 -371.7062072753906
-945.7538452148438 -370.367431640625
-947.2400512695312 -369.3665771484375
-948.4246215820312 -368.2532043457031
-946.6096801757812 -366.33441162109375
-947.9664916992188 -367.74212646484375
-947.0812377929688 -367.0265197753906
-949.0385131835938 -366.6297912597656
-947.6989135742188 -364.6457214355469
-948.8607788085938 -363.08551025390625
-946.990234375 -361.122802734375
-947.3377075195312 -359.25518798828125
-949.2425537109375 -358.0033264160156
-948.0993041992188 -356.0117492675781
-948.9779052734375 -354.4314880371094
-947.6226806640625 -352.598876953125
-949.35693359375 -354.4646301269531
-947.6520385742188 -352.7882080078125
-947.7911376953125 -353.5713806152344
-948.860107421875 -354.2658996582031
-946.92822265625 -352.3955383300781
-948.58642578125 -351.6169738769531
-947.2592163085938 -349.64892578125
-949.0391235351562 -348.0021057128906
-947.3748168945312 -346.27044677734375
-949.158203125 -345.1277160644531
-948.909912109375 -343.1726989746094
-947.2129516601562 -341.1886901855469
-949.1275634765625 -340.09271240234375
-947.7559204101562 -338.3846130371094
-949.4190063476562 -339.3764953613281
-949.536865234375 -337.44268798828125
-948.2598876953125 -335.60382080078125
-946.7471313476562 -334.23870849609375
-948.5562744140625 -332.56787109375
-947.2103271484375 -330.69451904296875
-948.5130615234375 -332.2022705078125
-949.378173828125 -330.2587890625
-948.321044921875 -328.27764892578125
-950.224853515625 -329.1648254394531
-948.829345703125 -327.2395324707031
-947.4708862304688 -325.5225830078125
-949.0808715820312 -326.9246520996094
-949.7000732421875 -325.2943420410156
-947.810791015625 -323.3453063964844
-949.4799194335938 -324.01007080078125
-947.8335571289062 -322.0613708496094
-949.617919921875 -322.374267578125
-948.9086303710938 -320.4028625488281
-948.5537719726562 -318.41259765625
-947.6417846679688 -316.4379577636719
-949.6115112304688 -317.074951171875
-949.1098022460938 -315.11505126953125
-949.4092407226562 -313.2513732910156
-951.0997924804688 -312.07562255859375
-952.146728515625 -312.71954345703125
-952.984130859375 -311.6091613769531
-953.69384765625 -309.8180847167969
-952.370849609375 -307.8684997558594
-950.5223999023438 -306.2518310546875
-950.0825805664062 -304.9412536621094
-948.443359375 -303.2618713378906
-949.5360717773438 -303.62091064453125
-950.5963134765625 -301.6717834472656
-951.9745483398438 -299.8658142089844
-952.5905151367188 -297.9996643066406
-954.0183715820312 -296.158447265625
-955.2030029296875 -294.2520446777344
-956.3489379882812 -292.38458251953125
-956.5317993164062 -293.15087890625
-958.4111328125 -291.2152099609375
-959.4575805664062 -289.3362731933594
-958.9598999023438 -287.4757385253906
-959.72412109375 -286.6782531738281
-961.3505249023438 -285.1720886230469
-962.8450927734375 -283.81903076171875
-961.1696166992188 -282.0084228515625
-960.2832641601562 -282.3213806152344
-958.7636108398438 -281.0118103027344
-959.8526000976562 -279.2908020019531
-959.2801513671875 -277.9456481933594
-961.0526733398438 -276.6913146972656
-959.7297973632812 -274.8465270996094
-960.9714965820312 -273.1026916503906
-960.5960693359375 -271.40155029296875
-962.1589965820312 -271.0525817871094
-962.326904296875 -270.1999206542969
-964.033935546875 -268.2218017578125
-963.0424194335938 -266.3900146484375
-963.2229614257812 -264.42181396484375
-962.8922729492188 -262.4273986816406
-963.8222045898438 -260.4594421386719
-964.9103393554688 -258.6307373046875
-966.2423095703125 -257.25933837890625
-966.9963989257812 -257.2583923339844
-967.9251098632812 -255.68458557128906
-967.064697265625 -254.046630859375
-965.2322998046875 -252.0572967529297
-965.8902587890625 -250.22093200683594
-966.0078735351562 -248.22544860839844
-965.338623046875 -246.22654724121094
-964.5667724609375 -245.45787048339844
-965.8883666992188 -243.78907775878906
-964.1451416015625 -242.18551635742188
-962.2927856445312 -240.19508361816406
-960.7467041015625 -238.21908569335938
-961.8167724609375 -236.2699432373047
-960.49462890625 -235.89495849609375
-962.3123168945312 -234.0321502685547
-961.6244506835938 -232.4709014892578
-963.491455078125 -231.02638244628906
-962.2545166015625 -229.12730407714844
-963.826416015625 -227.16299438476562
-964.0806274414062 -225.16506958007812
-962.74267578125 -223.16598510742188
-963.3486328125 -221.16807556152344
-965.3438110351562 -219.16835021972656
-967.298095703125 -217.16856384277344
-969.2407836914062 -215.1694793701172
-970.455810546875 -216.92926025390625
-972.3687744140625 -214.9297332763672
-974.2573852539062 -216.09129333496094
-976.0025024414062 -218.00433349609375
-977.9780883789062 -216.0045166015625
-979.958984375 -215.377685546875
-981.9546508789062 -216.88304138183594
-983.9098510742188 -214.8861541748047
-985.7992553710938 -216.35264587402344
-987.6802368164062 -214.35317993164062
-988.7731323242188 -215.7195587158203
-990.76171875 -216.1138458251953
-992.7597045898438 -214.11761474609375
-993.97509765625 -215.90924072265625
-995.9699096679688 -213.92449951171875
-997.5493774414062 -215.13502502441406
-999.5068359375 -216.07440185546875
-1001.5040893554688 -214.07493591308594
-1003.4982299804688 -215.51882934570312
-1005.4806518554688 -213.51962280273438
-1007.4268188476562 -215.24740600585938
-1009.4024658203125 -213.2662811279297
-1011.1620483398438 -215.25
-1013.1323852539062 -213.25152587890625
-1015.12255859375 -211.2569122314453
-1016.2278442382812 -211.89756774902344
-1017.9226684570312 -212.0371856689453
-1019.731201171875 -213.94161987304688
-1020.0696411132812 -215.8501739501953
-1022.0213623046875 -213.85040283203125
-1023.1102905273438 -215.75460815429688
-1025.107666015625 -213.75619506835938
-1026.811279296875 -215.66822814941406
-1028.8033447265625 -213.67050170898438
-1030.1429443359375 -215.60739135742188
-1032.1395263671875 -213.61328125
-1034.1170654296875 -215.5823211669922
-1036.0950927734375 -213.58380126953125
-1035.4642333984375 -215.52099609375
-1037.4486083984375 -213.52200317382812
-1037.6239013671875 -215.48468017578125
-1038.744873046875 -217.4355926513672
-1040.6729736328125 -215.43849182128906
-1042.3565673828125 -217.12350463867188
-1044.273193359375 -215.12965393066406
-1045.868896484375 -217.0346221923828
-1047.73876953125 -218.64569091796875
-1049.2078857421875 -218.72801208496094
-1051.1915283203125 -218.74160766601562
-1049.3304443359375 -216.7471466064453
-1051.0052490234375 -217.77044677734375
-1052.9302978515625 -219.36279296875
-1051.8612060546875 -217.39854431152344
-1053.6728515625 -219.35647583007812
-1052.065673828125 -217.37864685058594
-1052.501708984375 -215.37989807128906
-1054.1444091796875 -217.28587341308594
-1056.1011962890625 -215.2869873046875
-1057.7659912109375 -215.54489135742188
-1059.7261962890625 -213.54542541503906
-1061.1343994140625 -215.46083068847656
-1063.13330078125 -213.4637451171875
-1064.720703125 -215.2225799560547
-1066.7203369140625 -213.22463989257812
-1066.54833984375 -215.19943237304688
-1068.20361328125 -216.74305725097656
-1070.199951171875 -214.74618530273438
-1071.329833984375 -216.72122192382812
-1073.3282470703125 -214.7213134765625
-1075.0888671875 -216.7138671875
-1074.645751953125 -218.63638305664062
-1076.6422119140625 -216.904296875
-1078.580322265625 -218.54141235351562
-1080.55224609375 -220.3751983642578
-1082.5140380859375 -218.3925323486328
-1084.163818359375 -220.3394012451172
-1086.1583251953125 -218.35214233398438
-1088.0548095703125 -218.4692840576172
-1090.0235595703125 -219.9233856201172
-1092.0211181640625 -218.32199096679688
-1093.9027099609375 -216.32943725585938
-1095.2900390625 -216.60443115234375
-1097.250244140625 -218.20419311523438
-1098.9000244140625 -216.21188354492188
-1100.5889892578125 -218.19375610351562
-1102.5299072265625 -216.5708770751953
-1104.359619140625 -214.98580932617188
-1106.0172119140625 -216.92803955078125
-1107.985107421875 -215.09580993652344
-1109.9405517578125 -216.48143005371094
-1111.568603515625 -214.587890625
-1113.43798828125 -216.53533935546875
-1114.141357421875 -217.1409912109375
-1116.075439453125 -215.36253356933594
-1116.27294921875 -217.35513305664062
-1118.0816650390625 -216.3614044189453
-1119.9189453125 -218.1717987060547
-1119.7620849609375 -216.18099975585938
-1121.718017578125 -217.9829864501953
-1123.2509765625 -216.00318908691406
-1125.07080078125 -215.54408264160156
-1127.0302734375 -213.6764678955078
-1128.794677734375 -215.635986328125
-1130.446044921875 -213.84869384765625
-1132.29150390625 -215.84640502929688
-1134.1090087890625 -214.50254821777344
-1136.0704345703125 -216.438232421875
