-957.1689453125 -429.0760803222656
-955.2807006835938 -427.1502685546875
-953.318359375 -425.23602294921875
-952.2659301757812 -423.24127197265625
-950.9691162109375 -421.2434997558594
-951.610107421875 -419.2490234375
-951.4381103515625 -417.2635498046875
-949.715576171875 -415.3024597167969
-951.6337890625 -413.31060791015625
-949.8206787109375 -411.3772888183594
-951.1849365234375 -409.41986083984375
-949.89404296875 -407.4471130371094
-947.9135131835938 -405.4691467285156
-949.9024658203125 -403.4698486328125
-947.9366455078125 -401.9263000488281
-947.8764038085938 -399.9354248046875
-947.2645263671875 -397.9441833496094
-946.4707641601562 -395.9508361816406
-948.4693603515625 -393.953857421875
-949.8905639648438 -392.0862121582031
-950.2579345703125 -390.1369323730469
-952.072021484375 -388.31329345703125
-950.1114501953125 -386.3380432128906
-948.7584838867188 -384.3494873046875
-947.5941162109375 -382.687744140625
-949.5875854492188 -380.70501708984375
-947.8482666015625 -378.8880615234375
-947.021240234375 -376.9071044921875
-948.99462890625 -374.91131591796875
-950.6610107421875 -372.92242431640625
-949.0765991210938 -371.1313171386719
-947.6721801757812 -369.3404846191406
-949.6719360351562 -367.3480224609375
-950.3616943359375 -365.3533020019531
-949.1381225585938 -363.8768005371094
-949.121337890625 -363.34783935546875
-948.7913818359375 -361.4870910644531
-947.0413818359375 -359.5174865722656
-949.0379028320312 -357.5301208496094
-950.9542236328125 -355.5536804199219
-949.95166015625 -353.592529296875
-951.1210327148438 -351.6596984863281
-950.6105346679688 -349.6976623535156
-950.3636474609375 -347.96551513671875
-950.3316650390625 -346.0520324707031
-948.590087890625 -345.1324462890625
-950.072021484375 -343.2045593261719
-948.8339233398438 -341.3242492675781
-948.6710815429688 -339.44952392578125
-947.6485595703125 -337.493896484375
-949.6478271484375 -335.5015869140625
-950.6796875 -334.33917236328125
-950.6448364257812 -332.4525146484375
-952.2401123046875 -331.170166015625
-951.4884643554688 -329.2313232421875
-952.2836303710938 -327.3036193847656
-951.6236572265625 -325.51727294921875
-951.4686889648438 -323.6310729980469
-949.664794921875 -321.77252197265625
-949.3661499023438 -319.90765380859375
-950.384521484375 -317.9826965332031
-951.5203857421875 -316.041259765625
-951.1529541015625 -314.1141357421875
-952.3441772460938 -313.5243835449219
-954.2172241210938 -313.28497314453125
-956.2125854492188 -311.7702331542969
-957.5194091796875 -309.9237060546875
-957.1360473632812 -310.1435852050781
-959.0648803710938 -310.6824951171875
-960.8800048828125 -308.78704833984375
-958.9415283203125 -308.1239013671875
-960.875244140625 -307.55914306640625
-960.8433227539062 -305.8258361816406
-962.581787109375 -305.0356750488281
-964.3970947265625 -304.33868408203125
-962.8665771484375 -303.8231201171875
-960.946044921875 -302.27069091796875
-959.158447265625 -300.9924621582031
-959.7828369140625 -299.298095703125
-958.2282104492188 -297.5461730957031
-957.1743774414062 -296.1455078125
-956.6637573242188 -294.2413024902344
-956.0699462890625 -292.3913879394531
-957.843505859375 -290.5123596191406
-959.7904663085938 -288.861572265625
-960.646484375 -287.12890625
-960.7738647460938 -285.2546081542969
-960.0082397460938 -283.5995788574219
-961.0836791992188 -281.93109130859375
-959.2794189453125 -282.84405517578125
-958.5552978515625 -280.9830017089844
-957.062255859375 -279.0894775390625
-957.209716796875 -277.75347900390625
-958.0299682617188 -276.1099853515625
-957.23583984375 -274.36041259765625
-957.132568359375 -272.64013671875
-956.1634521484375 -272.1889343261719
-954.3436889648438 -272.0502624511719
-954.652099609375 -270.6218566894531
-955.9127807617188 -268.7986145019531
-954.3302001953125 -267.05218505859375
-954.6651611328125 -265.2582702636719
-955.3289184570312 -263.3204345703125
-954.7772827148438 -261.3376159667969
-954.5560913085938 -260.237548828125
-956.0569458007812 -258.93243408203125
-954.787109375 -259.6196594238281
-955.5244140625 -258.1380310058594
-954.0147094726562 -258.6331787109375
-952.9179077148438 -257.71673583984375
-954.5719604492188 -256.6993408203125
-953.8182983398438 -254.8179473876953
-954.4976806640625 -253.04933166503906
-953.3196411132812 -251.81651306152344
-953.83203125 -250.67453002929688
-952.4105224609375 -250.08140563964844
-953.7666015625 -248.55589294433594
-955.6535034179688 -249.09811401367188
-957.5221557617188 -247.61639404296875
-955.964599609375 -248.17819213867188
-954.232177734375 -248.43939208984375
-953.7965087890625 -249.2810516357422
-954.416748046875 -247.52975463867188
-955.7083129882812 -248.46548461914062
-957.6143798828125 -247.80032348632812
-959.1401977539062 -247.51654052734375
-959.5706787109375 -245.90846252441406
-957.9700927734375 -244.20022583007812
-956.1817626953125 -243.30722045898438
-954.8078002929688 -242.0078887939453
-955.9506225585938 -240.81027221679688
-957.6477661132812 -238.972900390625
-957.5296020507812 -238.70591735839844
-955.5883178710938 -237.7908477783203
-956.2073364257812 -235.97402954101562
-954.4389038085938 -235.18402099609375
-952.8796997070312 -235.4547576904297
-951.0028686523438 -234.16244506835938
-951.7742919921875 -232.26980590820312
-950.8455200195312 -230.3706512451172
-951.5305786132812 -228.51019287109375
-951.1585693359375 -226.52523803710938
-952.26708984375 -224.86032104492188
-953.631103515625 -224.35845947265625
-955.2890625 -223.46697998046875
-954.7402954101562 -221.88856506347656
-956.64404296875 -220.09400939941406
-957.8110961914062 -218.19842529296875
-958.9947509765625 -216.20327758789062
-960.9029541015625 -214.27635192871094
-962.8978271484375 -215.6769256591797
-964.8724975585938 -213.85592651367188
-966.8693237304688 -215.64605712890625
-968.730224609375 -213.6927947998047
-969.7382202148438 -214.5947723388672
-971.7367553710938 -215.14556884765625
-973.7352294921875 -216.99493408203125
-975.716796875 -215.0485076904297
-977.7127685546875 -216.95201110839844
-979.68359375 -215.0023193359375
-981.6720581054688 -216.9985809326172
-983.66064453125 -215.0514678955078
-985.6574096679688 -216.92849731445312
-987.6527709960938 -214.99415588378906
-989.63671875 -216.76571655273438
-991.6304931640625 -214.96397399902344
-993.592529296875 -216.82955932617188
-995.5905151367188 -214.8819580078125
-997.5866088867188 -216.63897705078125
-999.5739135742188 -214.66607666015625
-1001.562255859375 -216.56161499023438
-1003.5374755859375 -214.57009887695312
-1005.5283203125 -216.53103637695312
-1007.134521484375 -214.636962890625
-1008.8565063476562 -212.69618225097656
-1010.8556518554688 -214.63681030273438
-1012.671875 -212.9235382080078
-1014.6517944335938 -210.93118286132812
-1013.3125610351562 -212.56385803222656
-1015.19873046875 -212.80979919433594
-1017.1749267578125 -214.02252197265625
-1019.143310546875 -215.75827026367188
-1020.9483032226562 -213.9856414794922
-1022.8524169921875 -215.9557342529297
-1024.8489990234375 -214.2772674560547
-1025.2762451171875 -216.27340698242188
-1027.2684326171875 -214.3084716796875
-1029.244384765625 -216.28018188476562
-1031.2296142578125 -214.38832092285156
-1033.2235107421875 -216.33937072753906
-1035.2227783203125 -214.34503173828125
-1037.2060546875 -216.0751953125
-1039.0750732421875 -215.12130737304688
-1039.8597412109375 -216.9549102783203
-1041.8182373046875 -216.16537475585938
-1043.8009033203125 -218.01512145996094
-1045.79296875 -216.3450164794922
-1047.750244140625 -218.32293701171875
-1049.7158203125 -220.28521728515625
-1047.8380126953125 -220.36024475097656
-1049.8275146484375 -220.40643310546875
-1047.908935546875 -220.26821899414062
-1049.896484375 -222.01036071777344
-1048.3948974609375 -221.37977600097656
-1050.3924560546875 -221.08639526367188
-1048.9364013671875 -220.19895935058594
-1046.94091796875 -218.93101501464844
-1048.9385986328125 -217.0647735595703
-1050.9156494140625 -219.02633666992188
-1052.4136962890625 -217.744384765625
-1054.3743896484375 -215.74790954589844
-1056.3662109375 -217.7275848388672
-1058.3477783203125 -215.76861572265625
-1059.745361328125 -213.9105987548828
-1061.7271728515625 -215.90658569335938
-1063.7266845703125 -214.15927124023438
-1065.6475830078125 -215.98934936523438
-1067.640380859375 -214.1046142578125
-1069.5579833984375 -216.0810546875
-1071.5169677734375 -214.18260192871094
-1073.4954833984375 -216.1734161376953
-1075.3045654296875 -218.04721069335938
-1077.3040771484375 -216.1891326904297
-1079.1370849609375 -218.13442993164062
-1081.1185302734375 -220.12802124023438
-1083.001953125 -219.3082733154297
-1084.711669921875 -217.48817443847656
-1086.710205078125 -219.40785217285156
-1088.59130859375 -217.66615295410156
-1090.56640625 -219.6630859375
-1092.564208984375 -218.47653198242188
-1094.513427734375 -216.56336975097656
-1096.508056640625 -218.5596466064453
-1098.50439453125 -216.7200164794922
-1100.5015869140625 -214.77432250976562
-1102.458740234375 -216.7698211669922
-1104.457763671875 -215.06686401367188
-1106.4495849609375 -216.9820556640625
-1108.346923828125 -215.7174530029297
-1110.34619140625 -214.03921508789062
-1112.341552734375 -216.01206970214844
-1114.3404541015625 -217.1373291015625
-1116.3123779296875 -215.22816467285156
-1118.24951171875 -217.22450256347656
-1120.2252197265625 -219.02210998535156
-1121.74853515625 -217.09625244140625
-1123.7337646484375 -217.91233825683594
-1125.7335205078125 -216.78663635253906
-1127.7320556640625 -215.69674682617188
-1129.7279052734375 -217.3606414794922
-1131.605224609375 -215.42185974121094
-1133.5455322265625 -216.72286987304688
