-957.3110961914062 -428.94561767578125
-957.7103881835938 -426.94580078125
-958.4310302734375 -424.9468994140625
-960.2916259765625 -422.94696044921875
-958.7498779296875 -420.9472351074219
-958.3750610351562 -418.9476013183594
-956.94921875 -416.9477844238281
-956.0250244140625 -414.94793701171875
-957.2659912109375 -412.9493408203125
-956.4065551757812 -410.94940185546875
-955.000244140625 -408.9494934082031
-955.9195556640625 -406.9496154785156
-957.7509155273438 -404.9497985839844
-958.4830932617188 -402.949951171875
-957.635498046875 -400.9521789550781
-958.85546875 -398.9522399902344
-959.2887573242188 -396.9523620605469
-960.3263549804688 -394.952392578125
-958.6362915039062 -392.95428466796875
-956.930419921875 -390.9678649902344
-956.1415405273438 -388.9684753417969
-954.1915893554688 -386.9691162109375
-952.51123046875 -384.9699401855469
-950.595458984375 -382.9704284667969
-952.4951171875 -380.9710998535156
-954.4682006835938 -378.9979248046875
-954.4722290039062 -376.99871826171875
-956.4443359375 -374.999267578125
-956.6163330078125 -372.99951171875
-954.7725219726562 -371.0035705566406
-956.74560546875 -369.0069274902344
-957.6575927734375 -367.01153564453125
-958.9150390625 -365.0145263671875
-959.533447265625 -363.015625
-959.1058349609375 -361.0166931152344
-960.5459594726562 -359.01934814453125
-958.6505126953125 -357.0229187011719
-956.7274780273438 -355.0238342285156
-957.0350952148438 -353.0403747558594
-958.5935668945312 -351.04107666015625
-957.765869140625 -349.042236328125
-958.246826171875 -347.05010986328125
-959.3953857421875 -345.0514221191406
-960.9523315429688 -343.052490234375
-961.0164184570312 -341.08642578125
-959.2633056640625 -339.1200866699219
-959.1747436523438 -337.12384033203125
-957.5299682617188 -335.1244201660156
-958.9518432617188 -333.1329040527344
-957.678955078125 -331.1439514160156
-959.4057006835938 -329.1656799316406
-959.5198364257812 -327.1665954589844
-960.6939697265625 -325.17626953125
-958.7566528320312 -323.2989807128906
-957.8951416015625 -321.30914306640625
-958.6543579101562 -319.3114013671875
-960.6298828125 -317.3505859375
-962.5 -315.35211181640625
-964.4954833984375 -313.35528564453125
-965.7164916992188 -314.79486083984375
-967.7160034179688 -312.7991638183594
-969.32470703125 -312.3290100097656
-970.90185546875 -314.2606201171875
-972.8980712890625 -312.26251220703125
-971.1751708984375 -314.2469482421875
-973.174072265625 -312.2641906738281
-974.965087890625 -314.1260986328125
-976.6817626953125 -315.43280029296875
-978.6539306640625 -313.50665283203125
-977.2012939453125 -315.3221740722656
-979.1915283203125 -313.33111572265625
-980.6087646484375 -315.1253356933594
-982.5748901367188 -313.1299743652344
-984.4481201171875 -314.71771240234375
-986.447998046875 -312.73126220703125
-987.2882080078125 -313.7131652832031
-988.9185180664062 -315.65386962890625
-990.9179077148438 -313.6937255859375
-991.2380981445312 -315.53076171875
-993.2348022460938 -313.62066650390625
-994.7791748046875 -315.06439208984375
-996.7775268554688 -313.1587829589844
-998.7763671875 -311.1596374511719
-1000.7528686523438 -311.2835388183594
-1002.7115478515625 -312.9980773925781
-1004.7045288085938 -311.0096740722656
-1006.682373046875 -312.02984619140625
-1008.6774291992188 -310.30328369140625
-1010.0491333007812 -311.1857604980469
-1011.7620239257812 -313.0800476074219
-1013.7106323242188 -314.9159851074219
-1014.87890625 -316.60302734375
-1015.1785888671875 -318.4310607910156
-1017.1785888671875 -316.74951171875
-1019.1580810546875 -318.55535888671875
-1017.7061157226562 -316.6262512207031
-1019.340576171875 -318.4395751953125
-1017.4257202148438 -316.4534606933594
-1019.4085083007812 -318.07708740234375
-1018.1814575195312 -316.0916442871094
-1020.1185913085938 -317.42620849609375
-1021.0631103515625 -315.4343566894531
-1022.5673217773438 -313.4387512207031
-1022.6744384765625 -315.3944396972656
-1024.6055908203125 -313.3965759277344
-1026.6026611328125 -311.4231872558594
-1028.515380859375 -313.2111511230469
-1030.50439453125 -311.4830017089844
-1032.498779296875 -313.4115295410156
-1034.4969482421875 -311.62969970703125
-1036.490478515625 -309.68731689453125
-1038.47607421875 -311.2769470214844
-1040.4742431640625 -309.31622314453125
-1042.4459228515625 -307.3338928222656
-1044.43505859375 -308.3174133300781
-1046.4342041015625 -306.3370361328125
-1048.3974609375 -304.351806640625
-1047.1373291015625 -302.4033508300781
-1049.1373291015625 -300.7294616699219
-1049.5489501953125 -298.7569580078125
-1048.280517578125 -296.8108825683594
-1049.5694580078125 -294.9263610839844
-1050.0924072265625 -292.9415283203125
-1048.826171875 -294.31207275390625
-1048.77734375 -296.0556335449219
-1049.4866943359375 -294.05816650390625
-1050.4302978515625 -295.947021484375
-1048.51611328125 -295.25421142578125
-1050.068359375 -293.2589111328125
-1048.494140625 -295.20928955078125
-1048.6873779296875 -293.21502685546875
-1049.6053466796875 -294.58697509765625
-1047.690185546875 -292.5888977050781
-1045.8768310546875 -293.0547180175781
-1047.8768310546875 -291.1672668457031
-1046.2799072265625 -289.98834228515625
-1047.155517578125 -291.7915344238281
-1049.1541748046875 -289.8733215332031
-1048.044921875 -289.2821960449219
-1047.4071044921875 -290.34307861328125
-1045.6029052734375 -288.5482177734375
-1047.5908203125 -289.2789001464844
-1045.663818359375 -287.31231689453125
-1047.648681640625 -287.5656433105469
-1049.6475830078125 -289.1776123046875
-1047.75634765625 -287.7713317871094
-1047.40869140625 -285.8572692871094
-1049.406982421875 -287.6901550292969
-1048.1273193359375 -286.9172058105469
-1048.5543212890625 -285.2526550292969
-1048.212890625 -283.67559814453125
-1050.212646484375 -282.6449279785156
-1048.2437744140625 -280.64892578125
-1050.2410888671875 -279.8782958984375
-1049.600341796875 -277.908447265625
-1048.0068359375 -276.2873840332031
-1050.00634765625 -274.3807678222656
-1048.8970947265625 -272.3872985839844
-1050.89697265625 -271.0303039550781
-1048.89892578125 -269.0711975097656
-1050.8988037109375 -267.46466064453125
-1048.9305419921875 -265.6033020019531
-1049.974609375 -264.15936279296875
-1048.3026123046875 -262.2955322265625
-1050.302001953125 -262.118896484375
-1049.0025634765625 -260.30950927734375
-1048.58056640625 -259.2623291015625
-1050.579833984375 -257.3984069824219
-1048.69287109375 -255.47792053222656
-1050.6898193359375 -256.4389343261719
-1048.6939697265625 -254.58645629882812
-1050.693603515625 -254.39825439453125
-1049.740234375 -252.53953552246094
-1051.18701171875 -252.69203186035156
-1052.2723388671875 -250.94532775878906
-1051.5224609375 -251.72799682617188
-1051.1768798828125 -249.74520874023438
-1050.7725830078125 -248.26165771484375
-1051.1448974609375 -247.67605590820312
-1051.3568115234375 -245.9390411376953
-1050.5484619140625 -244.24444580078125
-1048.7896728515625 -242.333740234375
-1050.6890869140625 -241.01303100585938
-1051.590087890625 -239.1734161376953
-1050.6363525390625 -237.1838836669922
-1051.63037109375 -235.96043395996094
-1049.6978759765625 -236.14878845214844
-1049.714111328125 -234.68307495117188
-1050.1090087890625 -233.2674102783203
-1049.1146240234375 -231.8551483154297
-1051.1141357421875 -230.3513641357422
-1050.9486083984375 -228.50967407226562
-1048.960205078125 -229.5830841064453
-1050.9595947265625 -227.87557983398438
-1049.7435302734375 -226.17225646972656
-1047.8648681640625 -225.9463653564453
-1049.8646240234375 -225.28903198242188
-1050.1468505859375 -225.19271850585938
-1049.0059814453125 -224.03448486328125
-1049.0438232421875 -222.4295654296875
-1050.7303466796875 -220.72463989257812
-1050.304443359375 -219.05126953125
-1052.2237548828125 -217.0873565673828
-1052.8985595703125 -218.86004638671875
-1054.5816650390625 -216.94332885742188
-1056.5816650390625 -215.13221740722656
-1057.2064208984375 -217.10098266601562
-1059.2064208984375 -215.215576171875
-1061.2054443359375 -214.76779174804688
-1063.1802978515625 -212.88272094726562
-1062.331787109375 -214.77598571777344
-1064.3316650390625 -212.90420532226562
-1062.785400390625 -214.2219696044922
-1064.7822265625 -213.95664978027344
-1063.012939453125 -215.76217651367188
-1065.012939453125 -214.1044464111328
-1066.84912109375 -216.09432983398438
-1068.8480224609375 -215.27072143554688
-1068.2989501953125 -217.24679565429688
-1070.2933349609375 -215.81146240234375
-1072.2923583984375 -217.6475372314453
-1074.2919921875 -216.9151611328125
-1076.287353515625 -215.2313690185547
-1077.3857421875 -217.2222442626953
-1079.3331298828125 -219.1190948486328
-1081.331787109375 -217.3075714111328
-1083.215576171875 -219.29348754882812
-1085.2139892578125 -218.7460479736328
-1087.2120361328125 -220.5198974609375
-1089.1962890625 -219.75852966308594
-1091.1962890625 -219.53065490722656
-1093.1939697265625 -219.86163330078125
-1095.1800537109375 -218.3246307373047
-1097.1788330078125 -216.44932556152344
-1098.822998046875 -218.3987579345703
-1100.822998046875 -217.07640075683594
-1102.822265625 -215.4324188232422
-1104.813720703125 -217.32040405273438
-1106.81298828125 -215.48045349121094
-1108.806640625 -215.67987060546875
-1110.804931640625 -215.1837615966797
-1112.758544921875 -217.15696716308594
-1114.7581787109375 -215.71014404296875
-1116.719482421875 -217.31211853027344
-1118.7158203125 -216.64793395996094
-1120.689453125 -218.5999298095703
-1122.67236328125 -217.98141479492188
-1124.6705322265625 -217.61119079589844
-1126.5831298828125 -216.5308380126953
-1128.550537109375 -214.825927734375
-1130.440673828125 -216.65704345703125
-1132.28173828125 -214.87344360351562
-1133.97900390625 -215.12277221679688
-1135.61572265625 -214.324462890625
