-937.6857299804688 -285.79742431640625
-937.8468627929688 -284.510986328125
-938.3883056640625 -282.57696533203125
-936.5123291015625 -280.7451477050781
-938.1784057617188 -279.1085205078125
-938.10791015625 -277.1739196777344
-936.3673706054688 -275.2393493652344
-938.0407104492188 -273.38165283203125
-936.1565551757812 -271.4505920410156
-934.5599975585938 -270.2808837890625
-933.5516357421875 -268.2825927734375
-933.6986083984375 -266.5530090332031
-931.8960571289062 -265.6259765625
-931.8020629882812 -263.7279357910156
-931.5291748046875 -262.30181884765625
-930.2159423828125 -260.30987548828125
-929.1434936523438 -258.3739013671875
-929.9558715820312 -258.38385009765625
-931.777099609375 -259.2971496582031
-929.7869873046875 -257.3077697753906
-927.853759765625 -258.0350646972656
-929.7788696289062 -259.4701843261719
-929.3330078125 -257.5591125488281
-927.60107421875 -258.1004943847656
-926.4569091796875 -256.5448303222656
-928.2047729492188 -254.94775390625
-928.2332763671875 -254.2370147705078
-930.11181640625 -252.3948211669922
-931.9652099609375 -250.4214324951172
-933.9381103515625 -248.5447235107422
-933.8358764648438 -249.71632385253906
-932.2604370117188 -248.39837646484375
-931.950927734375 -247.34632873535156
-933.0017700195312 -245.79490661621094
-934.4835205078125 -243.8184051513672
-936.300048828125 -242.28765869140625
-936.794189453125 -240.34490966796875
-935.0333251953125 -238.4085693359375
-934.180908203125 -236.410888671875
-935.2090454101562 -234.41270446777344
-933.3748779296875 -232.6746368408203
-931.3927001953125 -230.71197509765625
-929.979736328125 -228.76043701171875
-927.9864501953125 -226.7607421875
-929.8179931640625 -228.57923889160156
-930.749267578125 -226.61293029785156
-932.4204711914062 -228.5247039794922
-930.5963134765625 -226.52774047851562
-930.5679931640625 -228.0398712158203
-928.6610107421875 -226.04026794433594
-927.0428466796875 -227.85850524902344
-925.0889892578125 -225.8675537109375
-924.662109375 -227.83273315429688
-922.8675537109375 -225.84576416015625
-921.1275634765625 -227.5935516357422
-919.1336059570312 -225.60919189453125
-917.2236328125 -227.5088348388672
-917.7242431640625 -225.52438354492188
-917.00341796875 -227.47140502929688
-915.1133422851562 -225.50180053710938
-913.1810913085938 -227.41775512695312
-911.1831665039062 -225.42123413085938
-909.303466796875 -225.18643188476562
-907.5125122070312 -226.12158203125
-905.5363159179688 -228.105712890625
-903.549560546875 -226.1110382080078
-901.5698852539062 -228.07591247558594
-899.5802612304688 -226.09359741210938
-897.5865478515625 -227.3898468017578
-896.1953125 -225.3904571533203
-896.125 -227.35235595703125
-895.7029418945312 -225.35353088378906
-893.8868408203125 -225.99725341796875
-892.510009765625 -225.86264038085938
-890.5101928710938 -223.87782287597656
-888.9133911132812 -223.50408935546875
-887.40283203125 -225.46730041503906
-888.1596069335938 -226.6476287841797
-886.2760009765625 -224.6478729248047
-885.9656982421875 -226.29454040527344
-883.97509765625 -228.26951599121094
-882.3720092773438 -226.27023315429688
-881.104248046875 -228.01185607910156
-879.1048583984375 -226.0124053955078
-877.131591796875 -226.0501251220703
-875.1588134765625 -228.00733947753906
-877.0506591796875 -226.01304626464844
-875.1165771484375 -226.89112854003906
-873.1279907226562 -224.8920135498047
-871.1350708007812 -226.84555053710938
-869.36962890625 -224.84585571289062
-867.5236206054688 -226.82569885253906
-865.6077880859375 -224.82716369628906
-863.7344970703125 -224.32333374023438
-861.81982421875 -223.5839385986328
-860.426025390625 -225.53663635253906
-858.4421997070312 -223.5897979736328
-856.5045776367188 -225.13482666015625
-854.54736328125 -223.13487243652344
-855.5601196289062 -224.82662963867188
-853.584716796875 -225.8936309814453
-851.662841796875 -223.8960723876953
-849.8795166015625 -225.6971893310547
-847.9606323242188 -223.70721435546875
-846.0159912109375 -224.97702026367188
-844.0736694335938 -222.9774169921875
-842.4615478515625 -224.95803833007812
-840.4915161132812 -222.95831298828125
-838.5675048828125 -224.76455688476562
-836.7603759765625 -222.7649688720703
-834.7977905273438 -221.56918334960938
-833.0408935546875 -223.2036590576172
-835.0050659179688 -222.16038513183594
-833.019287109375 -222.6123046875
-834.9177856445312 -220.71588134765625
-833.3394775390625 -221.99188232421875
-834.5274047851562 -220.05905151367188
-832.942138671875 -221.0829620361328
-834.721435546875 -219.46920776367188
-834.714599609375 -221.0586700439453
-832.73486328125 -221.26962280273438
-833.3768920898438 -219.41110229492188
-834.9386596679688 -217.42861938476562
-832.9739990234375 -215.73977661132812
-831.6648559570312 -213.75738525390625
-833.0226440429688 -211.79135131835938
-834.6096801757812 -209.79148864746094
-832.6724243164062 -207.7967987060547
-833.278564453125 -205.79685974121094
-831.2786254882812 -203.79708862304688
-830.1558227539062 -201.7974090576172
-832.0178833007812 -199.80018615722656
-833.7088623046875 -197.80282592773438
-831.8975219726562 -195.82383728027344
-832.6889038085938 -193.8749237060547
-832.9743041992188 -191.8787841796875
-834.5801391601562 -189.87901306152344
-832.5809936523438 -187.88287353515625
-831.2978515625 -185.88909912109375
-829.8348388671875 -183.88922119140625
-830.492431640625 -182.08505249023438
-832.4617309570312 -180.08607482910156
-834.1582641601562 -178.08770751953125
-836.0645751953125 -176.08795166015625
-837.88232421875 -174.39083862304688
-835.9526977539062 -175.1385955810547
-833.9557495117188 -173.20230102539062
-835.4932861328125 -171.20236206054688
-834.0213012695312 -169.2425079345703
-835.4774169921875 -167.24256896972656
-833.47900390625 -165.24258422851562
-831.48095703125 -163.24267578125
-833.4210205078125 -161.31442260742188
-832.559814453125 -159.31504821777344
-834.430419921875 -157.32945251464844
-832.4426879882812 -155.32955932617188
-832.2748413085938 -153.33094787597656
-831.9756469726562 -151.3330841064453
-833.7752685546875 -149.3332977294922
-833.347900390625 -147.3333282470703
-834.400634765625 -145.33627319335938
-832.8396606445312 -143.33642578125
-834.2529907226562 -141.38134765625
-832.3568725585938 -139.38494873046875
-831.075439453125 -137.38507080078125
-832.7015380859375 -135.75918579101562
-834.6824340820312 -133.76541137695312
-833.5380249023438 -131.76541137695312
-835.51025390625 -129.76580810546875
-834.8353271484375 -127.76998138427734
-833.4449462890625 -125.77002716064453
-835.3252563476562 -123.77011108398438
-837.1224975585938 -121.77032470703125
-835.4093017578125 -119.77042388916016
-833.9089965820312 -117.77050018310547
-832.2445068359375 -115.77050018310547
-832.76806640625 -113.77084350585938
-831.4329223632812 -111.77098083496094
-833.2490844726562 -109.77098846435547
-831.955322265625 -107.77099609375
-833.9149169921875 -105.77718353271484
-835.7122802734375 -104.07858276367188
-837.306884765625 -102.12545013427734
-837.4661254882812 -100.12722778320312
-839.1353759765625 -98.12747955322266
-839.797607421875 -96.12750244140625
-839.5177612304688 -94.12876892089844
-837.8482666015625 -92.130126953125
