-940.8925170898438 -284.156005859375
-942.4398803710938 -282.17230224609375
-944.3339233398438 -280.1757507324219
-946.2108764648438 -278.26885986328125
-947.9158935546875 -276.2694396972656
-945.9681396484375 -274.282958984375
-946.8604736328125 -272.32373046875
-945.8592529296875 -270.341064453125
-947.5545043945312 -268.3472595214844
-945.5752563476562 -266.3811340332031
-946.62841796875 -264.3871154785156
-948.6168212890625 -262.396240234375
-946.6495361328125 -260.3965759277344
-948.43212890625 -258.4012451171875
-946.437255859375 -256.4414978027344
-948.1929931640625 -254.46469116210938
-946.3887939453125 -252.46627807617188
-947.9205322265625 -250.4752197265625
-945.92236328125 -248.4889678955078
-947.843994140625 -246.50973510742188
-945.8507080078125 -244.9238739013672
-944.44775390625 -242.9965362548828
-946.3645629882812 -241.4332275390625
-948.2224731445312 -239.43881225585938
-946.2251586914062 -237.4396514892578
-946.1029052734375 -235.44219970703125
-946.0078735351562 -233.45005798339844
-947.48486328125 -231.45010375976562
-945.4871215820312 -229.457275390625
-944.6375732421875 -227.45762634277344
-944.6644287109375 -228.05165100097656
-946.5620727539062 -229.1780242919922
-944.572509765625 -227.1789093017578
-945.531494140625 -228.03663635253906
-947.0962524414062 -229.6426239013672
-945.1000366210938 -227.6808624267578
-943.1432495117188 -229.14651489257812
-942.5260009765625 -227.15077209472656
-940.812255859375 -228.38624572753906
-942.7863159179688 -226.57261657714844
-940.9275512695312 -225.2770233154297
-942.7594604492188 -225.7962188720703
-942.28759765625 -227.6088104248047
-941.0540161132812 -228.1710205078125
-939.2777709960938 -227.44223022460938
-937.7959594726562 -229.33660888671875
-936.2769775390625 -227.33721923828125
-934.7391967773438 -227.4049072265625
-934.4156494140625 -229.35845947265625
-935.4453125 -227.3651580810547
-933.7323608398438 -229.24205017089844
-932.5524291992188 -227.2433624267578
-930.6527709960938 -228.86973571777344
-931.6720581054688 -226.8732147216797
-929.832763671875 -228.2410125732422
-927.8478393554688 -226.24307250976562
-925.8531494140625 -226.12559509277344
-923.9035034179688 -228.10177612304688
-922.0776977539062 -226.11807250976562
-920.0783081054688 -228.10755920410156
-918.3014526367188 -226.10984802246094
-916.3016357421875 -228.09939575195312
-914.5173950195312 -226.10060119628906
-912.5213623046875 -227.9936981201172
-910.5366821289062 -225.9947052001953
-908.53857421875 -225.9902801513672
-906.5875854492188 -227.4080810546875
-905.6554565429688 -225.4175262451172
-903.779296875 -227.0895233154297
-901.7819213867188 -228.725830078125
-899.80029296875 -226.744873046875
-897.8005981445312 -228.58819580078125
-898.0170288085938 -226.5921630859375
-896.0287475585938 -228.00733947753906
-894.1044311523438 -226.00779724121094
-892.1520385742188 -227.9690399169922
-893.4298706054688 -225.96946716308594
-891.8787841796875 -223.96969604492188
-889.8818969726562 -225.35867309570312
-889.8377685546875 -227.25186157226562
-888.7341918945312 -225.251953125
-886.7592163085938 -224.78857421875
-886.6495971679688 -226.39337158203125
-885.2736206054688 -224.3961181640625
-884.34375 -226.16641235351562
-882.4151000976562 -228.16358947753906
-882.9869384765625 -226.1642303466797
-880.9935913085938 -227.88034057617188
-880.748046875 -225.88394165039062
-878.7492065429688 -227.7808837890625
-876.9044189453125 -225.7819366455078
-875.0040893554688 -227.4112548828125
-873.5191650390625 -225.41844177246094
-871.6555786132812 -226.28102111816406
-869.69287109375 -224.28131103515625
-867.867431640625 -225.3886260986328
-866.0286254882812 -226.51438903808594
-864.8087158203125 -224.5161895751953
-862.8275146484375 -225.71481323242188
-861.100830078125 -227.6632537841797
-862.8952026367188 -225.6634063720703
-860.9027099609375 -226.79798889160156
-859.6868286132812 -224.80039978027344
-859.088134765625 -225.93255615234375
-857.197998046875 -223.94236755371094
-855.4058227539062 -225.91221618652344
-854.68310546875 -223.91293334960938
-852.7622680664062 -223.47520446777344
-851.2085571289062 -225.27682495117188
-849.2220458984375 -223.2783966064453
-847.4307861328125 -225.15072631835938
-845.7794799804688 -223.15074157714844
-845.5783081054688 -224.18936157226562
-845.1942749023438 -224.99452209472656
-844.619873046875 -222.9945526123047
-843.1644287109375 -224.48770141601562
-841.5301513671875 -225.610107421875
-839.7214965820312 -223.61045837402344
-841.093994140625 -225.0977783203125
-842.227294921875 -223.0978240966797
-840.9921264648438 -225.0399169921875
-842.7232666015625 -223.04806518554688
-843.2476806640625 -224.71755981445312
-843.3632202148438 -225.14093017578125
-841.4093627929688 -223.14183044433594
-839.51416015625 -224.8977508544922
-839.6075439453125 -222.89781188964844
-837.6499633789062 -224.58631896972656
-836.4070434570312 -222.58705139160156
-834.7946166992188 -224.17440795898438
-835.3136596679688 -225.8826141357422
-836.46142578125 -223.88262939453125
-834.6364135742188 -224.8468780517578
-836.1979370117188 -222.84738159179688
-834.4307250976562 -223.3369140625
-835.1207275390625 -223.0799560546875
-835.552734375 -221.53553771972656
-833.9586181640625 -223.03030395507812
-833.0115356445312 -222.97618103027344
-833.416748046875 -221.46092224121094
-835.1005859375 -220.07801818847656
-833.3987426757812 -221.2412872314453
-833.4613647460938 -219.56602478027344
-834.1361694335938 -218.2669677734375
-832.1476440429688 -220.22987365722656
-830.621337890625 -219.85081481933594
-832.5984497070312 -220.23312377929688
-834.3494262695312 -218.3031768798828
-832.3557739257812 -219.32818603515625
-830.883544921875 -217.4521026611328
-829.7526245117188 -215.48744201660156
-829.2446899414062 -215.2867889404297
-830.8234252929688 -213.82351684570312
-832.6144409179688 -212.01051330566406
-832.5370483398438 -210.97000122070312
-832.6952514648438 -208.97251892089844
-834.181640625 -207.82191467285156
-832.5624389648438 -208.3263702392578
-834.1096801757812 -207.21664428710938
-832.1456909179688 -205.5287628173828
-833.763916015625 -203.56080627441406
-831.8815307617188 -203.5506134033203
-833.8518676757812 -201.76162719726562
-831.861328125 -199.77210998535156
-833.4039306640625 -197.7731170654297
-831.407470703125 -196.1504364013672
-831.1863403320312 -195.374755859375
-832.9010009765625 -194.13943481445312
-834.5066528320312 -192.16445922851562
-832.7968139648438 -190.16600036621094
-832.6112670898438 -188.16888427734375
-832.4364624023438 -186.1748809814453
-832.9718017578125 -184.1754150390625
-834.805419921875 -182.1787109375
-836.3834838867188 -180.17886352539062
-835.8738403320312 -178.18299865722656
-836.8811645507812 -176.18307495117188
-835.0194091796875 -177.93690490722656
-836.9716186523438 -175.9373779296875
-835.046875 -177.2504425048828
-836.9121704101562 -175.25057983398438
-834.9591674804688 -177.10594177246094
-834.70556640625 -175.1195831298828
-833.0308837890625 -173.11962890625
-832.6095581054688 -171.11985778808594
-833.9109497070312 -169.12135314941406
-835.3163452148438 -167.12142944335938
-833.3285522460938 -165.13381958007812
-832.9108276367188 -163.13528442382812
-831.5119018554688 -161.15716552734375
-830.2083129882812 -159.62509155273438
-831.8446044921875 -158.7499237060547
-833.5784912109375 -156.97048950195312
-833.5614013671875 -154.97218322753906
-834.73974609375 -152.97398376464844
-834.9473876953125 -150.97525024414062
-833.79345703125 -148.97650146484375
-835.7063598632812 -146.97720336914062
-835.7969970703125 -144.97808837890625
-835.6731567382812 -142.97927856445312
-833.7610473632812 -140.97998046875
-835.6614379882812 -138.98089599609375
-833.845703125 -136.98318481445312
-831.9054565429688 -135.0319061279297
-830.3372802734375 -133.05633544921875
-828.763916015625 -131.0569610595703
-828.7789306640625 -129.06851196289062
-828.886474609375 -127.06912231445312
-827.508544921875 -125.20386505126953
-825.98193359375 -123.2039566040039
-825.2967529296875 -121.20747375488281
-827.1366577148438 -119.20887756347656
-828.26025390625 -117.2819595336914
-829.9275512695312 -115.2867202758789
-830.5681762695312 -113.29299926757812
-832.31396484375 -111.29301452636719
-833.967529296875 -109.29308319091797
-832.0363159179688 -111.23917388916016
-834.02294921875 -109.23918914794922
-832.1451416015625 -110.57688903808594
-832.9697875976562 -108.5769271850586
-832.0315551757812 -106.82540130615234
-832.08984375 -105.19202423095703
-832.1724853515625 -104.03965759277344
