-938.9765625 -284.01861572265625
-940.8908081054688 -282.21685791015625
-942.4901733398438 -280.2375793457031
-941.4071655273438 -278.2449951171875
-942.3419799804688 -276.3783874511719
-943.2780151367188 -274.9593505859375
-944.4449462890625 -273.01519775390625
-946.0235595703125 -271.024658203125
-947.0205688476562 -269.0299377441406
-945.3097534179688 -267.05145263671875
-945.017578125 -265.11932373046875
-946.7465209960938 -263.12518310546875
-945.0386352539062 -261.1258544921875
-946.1214599609375 -259.18341064453125
-944.593994140625 -257.18572998046875
-944.0917358398438 -255.1892852783203
-943.6775512695312 -253.19859313964844
-942.1286010742188 -251.2549285888672
-941.753662109375 -249.28941345214844
-940.787109375 -247.54347229003906
-939.0720825195312 -245.5624237060547
-937.5479736328125 -243.615478515625
-936.8427734375 -241.64068603515625
-936.5703735351562 -239.8417205810547
-936.2025756835938 -237.8683624267578
-935.48486328125 -235.8953094482422
-933.90625 -233.89614868164062
-932.8619995117188 -231.9791259765625
-931.41015625 -229.9814910888672
-929.5104370117188 -227.98971557617188
-927.5485229492188 -225.99061584472656
-927.4506225585938 -227.82986450195312
-925.71484375 -225.8299102783203
-925.0123901367188 -227.76596069335938
-923.0159912109375 -225.7660675048828
-921.549560546875 -227.69056701660156
-919.5637817382812 -225.6906280517578
-920.3618774414062 -227.5392303466797
-918.3668212890625 -225.53924560546875
-917.6568603515625 -227.5108642578125
-915.65869140625 -225.51097106933594
-914.0869750976562 -227.48316955566406
-912.0947265625 -225.4832000732422
-910.4281005859375 -227.36346435546875
-908.6236572265625 -225.36355590820312
-907.9906005859375 -226.9860382080078
-906.4530639648438 -228.81629943847656
-904.6363525390625 -226.81710815429688
-903.0203247070312 -228.44241333007812
-901.0269165039062 -226.4429473876953
-899.3074340820312 -228.2386932373047
-897.3178100585938 -226.23880004882812
-897.7887573242188 -228.00303649902344
-895.819091796875 -226.003662109375
-894.732666015625 -227.81776428222656
-892.7650146484375 -225.82196044921875
-890.9237670898438 -223.82379150390625
-889.625732421875 -222.96133422851562
-890.8974609375 -224.56155395507812
-890.5154418945312 -222.63099670410156
-892.1703491210938 -222.88169860839844
-890.2654418945312 -221.0128631591797
-892.1222534179688 -219.3431854248047
-893.8202514648438 -217.45692443847656
-891.8489990234375 -215.47898864746094
-892.8339233398438 -213.5318603515625
-890.8361206054688 -211.63551330566406
-892.4612426757812 -209.68995666503906
-892.8274536132812 -207.77175903320312
-890.8294067382812 -205.77613830566406
-891.3853149414062 -203.82720947265625
-890.8043823242188 -202.25961303710938
-890.226318359375 -200.55218505859375
-890.8516235351562 -198.6396942138672
-890.2515869140625 -196.65809631347656
-892.0703735351562 -194.80807495117188
-890.6467895507812 -192.8372039794922
-891.7404174804688 -191.0097198486328
-891.2153930664062 -189.0534210205078
-891.2093505859375 -187.14674377441406
-891.0095825195312 -185.14984130859375
-889.0682373046875 -183.14990234375
-887.07958984375 -181.15000915527344
-885.2974853515625 -183.0817108154297
-883.386474609375 -181.0817413330078
-881.3883056640625 -179.08197021484375
-880.3609008789062 -180.99969482421875
-878.3986206054688 -179.00064086914062
-876.4056396484375 -177.00067138671875
-874.9058837890625 -178.56231689453125
-872.9077758789062 -176.56301879882812
-872.3352661132812 -178.5442352294922
-872.0300903320312 -180.24673461914062
-870.050537109375 -178.24766540527344
-868.9384155273438 -180.03030395507812
-867.0543212890625 -178.03076171875
-868.2630615234375 -179.8769989013672
-866.2735595703125 -177.88265991210938
-864.9688720703125 -179.57363891601562
-863.012451171875 -177.57382202148438
-862.444091796875 -179.4816131591797
-863.7259521484375 -181.02255249023438
-861.8099975585938 -179.02308654785156
-861.679443359375 -180.86380004882812
-859.6824340820312 -178.8642120361328
-859.4695434570312 -180.73516845703125
-859.1881713867188 -178.73536682128906
-860.2042846679688 -179.64291381835938
-858.5472412109375 -180.5010986328125
-856.5712280273438 -178.50140380859375
-856.0621337890625 -180.4944610595703
-854.1009521484375 -178.49447631835938
-853.1205444335938 -180.34568786621094
-851.54248046875 -178.34573364257812
-850.9481201171875 -179.4081268310547
-850.1196899414062 -181.3148956298828
-848.2012939453125 -179.31500244140625
-846.8843994140625 -181.23158264160156
-844.9720458984375 -179.23178100585938
-845.4345092773438 -178.05506896972656
-844.5027465820312 -180.01284790039062
-842.6038208007812 -178.01295471191406
-844.3702392578125 -179.2745361328125
-844.1610717773438 -180.6173858642578
-842.1760864257812 -178.6178741455078
-842.649658203125 -180.29873657226562
-840.6625366210938 -178.2987518310547
-842.3483276367188 -178.809326171875
-842.833740234375 -179.39712524414062
-841.9876098632812 -181.15814208984375
-840.086669921875 -179.15823364257812
-839.7591552734375 -180.649658203125
-837.983642578125 -178.65003967285156
-838.3764038085938 -180.2559051513672
-836.5477905273438 -178.25616455078125
-837.5960083007812 -179.75755310058594
-836.7386474609375 -178.3304443359375
-835.6026000976562 -178.66168212890625
-835.0468139648438 -176.6619110107422
-836.072021484375 -174.66468811035156
-835.7297973632812 -172.90347290039062
-833.8184204101562 -171.35105895996094
-833.0777587890625 -169.35157775878906
-831.3352661132812 -167.3516082763672
-829.376953125 -165.35166931152344
-827.5814208984375 -163.35169982910156
-829.227783203125 -162.37034606933594
-831.1016235351562 -162.58071899414062
-832.562255859375 -160.59103393554688
-834.3524169921875 -158.5991973876953
-832.3862915039062 -156.6009979248047
-832.929931640625 -154.60128784179688
-834.1728515625 -152.60145568847656
-832.4833984375 -150.6029052734375
-832.8733520507812 -148.60342407226562
-833.8236083984375 -146.60360717773438
-834.2766723632812 -144.60406494140625
-832.312744140625 -142.6066131591797
-831.4758911132812 -140.6068115234375
-830.5789184570312 -138.60711669921875
-829.2496337890625 -136.60716247558594
-831.1822509765625 -135.23814392089844
-829.6046752929688 -133.27627563476562
-831.3890380859375 -131.27691650390625
-831.691162109375 -129.2777099609375
-832.4389038085938 -127.27848052978516
-833.9909057617188 -125.27926635742188
-834.1298828125 -123.2792739868164
-832.1459350585938 -121.28132629394531
-830.820556640625 -119.28143310546875
-828.886962890625 -117.28226470947266
-827.9591064453125 -115.28326416015625
-827.9318237304688 -113.28485107421875
-826.1653442382812 -111.28486633300781
-824.3391723632812 -109.28487396240234
