-940.9483032226562 -283.94757080078125
-942.9483032226562 -281.9476013183594
-944.9483032226562 -279.94769287109375
-946.9483032226562 -277.9479064941406
-948.9483032226562 -275.9480285644531
-946.9512329101562 -273.9510803222656
-948.951171875 -271.95330810546875
-946.9544067382812 -269.9540710449219
-948.954345703125 -267.9541015625
-946.9791259765625 -265.9770202636719
-948.9790649414062 -263.9770812988281
-946.9796752929688 -261.97900390625
-948.9796142578125 -259.9797058105469
-946.9886474609375 -257.9919738769531
-948.9886474609375 -255.9919891357422
-947.0111083984375 -254.02789306640625
-949.0110473632812 -252.0279083251953
-947.01220703125 -250.10745239257812
-949.0117797851562 -248.1085662841797
-947.0138549804688 -246.3257293701172
-949.013671875 -244.32577514648438
-947.0203857421875 -242.33175659179688
-949.0201416015625 -240.3319549560547
-947.031005859375 -238.33807373046875
-949.0309448242188 -236.3381805419922
-947.04296875 -234.35536193847656
-945.0498657226562 -232.36827087402344
-947.0494384765625 -230.36837768554688
-945.0504760742188 -228.7774200439453
-947.0504760742188 -226.77743530273438
-945.0818481445312 -224.7948455810547
-947.0817260742188 -222.79498291015625
-949.0753784179688 -220.79531860351562
-947.0863647460938 -218.7972869873047
-949.0842895507812 -216.79730224609375
-951.0838012695312 -214.79750061035156
-949.3981323242188 -212.8896026611328
-947.4039916992188 -211.93707275390625
-949.40283203125 -209.9374542236328
-947.641357421875 -209.70394897460938
-949.6311645507812 -207.70484924316406
-947.7131958007812 -205.71640014648438
-949.6987915039062 -203.71665954589844
-948.5128784179688 -201.81478881835938
-946.9986572265625 -200.58433532714844
-948.978271484375 -198.58441162109375
-948.1865234375 -196.60763549804688
-946.1884155273438 -194.6870574951172
-948.1856079101562 -192.69178771972656
-946.2030639648438 -190.81890869140625
-947.9234008789062 -188.81924438476562
-945.9259033203125 -187.30662536621094
-947.8491821289062 -185.30673217773438
-945.903076171875 -184.756591796875
-947.8807373046875 -182.75704956054688
-945.898681640625 -180.8666229248047
-947.8975219726562 -178.8668975830078
-945.900634765625 -178.4658966064453
-947.8994140625 -176.466796875
-945.959716796875 -174.4883575439453
-947.9222412109375 -172.4889373779297
-945.927001953125 -170.62673950195312
-946.1162719726562 -168.62704467773438
-947.78125 -166.62718200683594
-945.7833251953125 -165.0726318359375
-947.6913452148438 -163.07289123535156
-945.7066650390625 -161.228271484375
-944.9924926757812 -159.22842407226562
-946.9201049804688 -157.22903442382812
-944.9384155273438 -156.14193725585938
-946.6367797851562 -154.14356994628906
-944.6597900390625 -152.19325256347656
-946.1822509765625 -150.1973419189453
-945.7870483398438 -148.1974639892578
-944.0864868164062 -146.19898986816406
-945.005859375 -144.20364379882812
-944.4619140625 -142.20423889160156
-945.2877807617188 -140.21644592285156
-943.44287109375 -138.22117614746094
-943.812744140625 -136.2256622314453
-945.2680053710938 -134.22938537597656
-943.7653198242188 -132.2294921875
-945.1708984375 -130.23524475097656
-946.3771362304688 -128.2357635498047
-944.4833984375 -127.50479888916016
-945.2852783203125 -125.50535583496094
-946.3727416992188 -123.5073471069336
-944.4436645507812 -123.89459228515625
-942.7687377929688 -121.8969497680664
-942.6328125 -119.90576171875
-940.825927734375 -117.90826416015625
-939.2632446289062 -115.9128189086914
-937.3036499023438 -113.91756439208984
-935.7715454101562 -111.92201232910156
-935.66259765625 -109.95634460449219
-934.0455322265625 -107.98947143554688
-932.1273193359375 -106.00552368164062
-930.761474609375 -104.14756774902344
-932.3961181640625 -102.15518188476562
-933.2396240234375 -100.40340423583984
-931.4415893554688 -98.45121765136719
-930.5244140625 -96.5314712524414
-930.740234375 -95.60909271240234
-929.13916015625 -94.28824615478516
-928.7192993164062 -93.89986419677734
-930.3189086914062 -92.41812896728516
-932.1644897460938 -90.82299041748047
-930.529541015625 -88.97593688964844
-930.21142578125 -87.31735229492188
-931.6710815429688 -86.52489471435547
-931.1688842773438 -86.23745727539062
-931.1337890625 -85.91185760498047
-932.5423583984375 -84.03054809570312
-932.255859375 -82.31019592285156
-931.2333374023438 -81.3700180053711
-931.6188354492188 -79.69747161865234
-931.7360229492188 -78.88091278076172
-932.2064208984375 -78.82589721679688
-933.3516235351562 -77.34453582763672
-932.9736328125 -75.86134338378906
-934.1356811523438 -76.0863265991211
-932.4906616210938 -75.09561157226562
-933.9739990234375 -76.41450500488281
-932.575927734375 -76.22872161865234
-933.5265502929688 -74.51534271240234
-932.0244750976562 -72.94300079345703
-932.2899169921875 -71.38007354736328
-933.8790283203125 -69.549560546875
-931.9866333007812 -68.28577423095703
-933.2776489257812 -66.71772766113281
-931.8034057617188 -65.05498504638672
-929.851806640625 -63.456634521484375
-928.0477905273438 -61.72108459472656
-926.05126953125 -59.72359085083008
-924.0531005859375 -57.72438430786133
-922.0554809570312 -55.72752380371094
-920.132080078125 -57.705692291259766
-918.1358032226562 -55.71486282348633
-916.135986328125 -53.83849334716797
-914.1361694335938 -51.85673522949219
-913.7987670898438 -52.448524475097656
-912.4851684570312 -53.88346862792969
-911.4318237304688 -54.6088981628418
-910.3448486328125 -55.98543167114258
-908.4013061523438 -57.9631462097168
-906.4013671875 -56.01323318481445
-904.412353515625 -57.9178352355957
-902.4696044921875 -59.91568374633789
-900.47216796875 -57.92856216430664
-898.488037109375 -59.9074821472168
-896.4893188476562 -57.91999435424805
-894.4908447265625 -59.915863037109375
-892.4915161132812 -57.916221618652344
-890.5003662109375 -59.890625
-888.50048828125 -57.893550872802734
-886.5010986328125 -59.87727355957031
-884.686767578125 -61.87397766113281
-882.686767578125 -59.8770866394043
-880.6934204101562 -61.860355377197266
-878.6937866210938 -59.86857986450195
-876.7158813476562 -61.79015350341797
-874.716064453125 -59.821659088134766
-872.8348388671875 -61.80940628051758
-870.8357543945312 -59.815799713134766
-868.8512573242188 -57.826107025146484
-866.900146484375 -59.75804901123047
-864.90185546875 -57.77283477783203
-862.912353515625 -59.63874053955078
-860.951171875 -57.87687683105469
-858.9811401367188 -59.802249908447266
-856.982666015625 -57.81892395019531
-855.0310668945312 -59.80626678466797
-853.0311279296875 -58.50098419189453
-851.3031616210938 -60.4944953918457
-849.3033447265625 -58.67365264892578
-847.3095703125 -60.669578552246094
-845.3099975585938 -58.73780822753906
-843.41357421875 -60.72520446777344
-841.4137573242188 -59.20991897583008
-839.4237670898438 -58.313716888427734
-837.8104858398438 -60.31293487548828
-835.8193359375 -59.852935791015625
-833.8673706054688 -61.0506591796875
-834.0821533203125 -61.235565185546875
-833.5690307617188 -60.51933670043945
-835.2984008789062 -59.62104797363281
-833.3654174804688 -58.14647674560547
-835.1119384765625 -56.53489685058594
-833.3073120117188 -58.534725189208984
-835.2498168945312 -59.610443115234375
-833.2816162109375 -61.53245162963867
-834.3228149414062 -63.27960968017578
-832.3264770507812 -65.27678680419922
-833.44873046875 -66.19487762451172
-831.44921875 -68.16656494140625
