-940.90771484375 -283.9514465332031
-942.9064331054688 -281.95733642578125
-944.9058837890625 -279.95806884765625
-946.905517578125 -278.0028076171875
-948.904541015625 -276.0091857910156
-949.3958740234375 -274.0108642578125
-951.207275390625 -272.0109558105469
-952.718017578125 -270.0113220214844
-954.1456298828125 -268.0127258300781
-954.6885986328125 -266.01324462890625
-954.5560302734375 -264.01416015625
-956.1532592773438 -262.0153503417969
-955.4061279296875 -260.016357421875
-957.2832641601562 -258.02850341796875
-956.140869140625 -256.0291748046875
-956.9667358398438 -254.0296630859375
-958.1809692382812 -252.02992248535156
-958.9244384765625 -250.0309295654297
-958.94677734375 -248.03114318847656
-958.1721801757812 -246.03147888183594
-957.18359375 -244.03469848632812
-956.31982421875 -242.05328369140625
-955.1040649414062 -240.05479431152344
-956.898193359375 -238.05502319335938
-956.72607421875 -236.05699157714844
-958.25390625 -234.08285522460938
-956.53759765625 -232.08334350585938
-958.2855834960938 -230.08624267578125
-957.7380981445312 -228.0885467529297
-955.9658813476562 -226.08877563476562
-956.9351196289062 -224.0888214111328
-955.6356811523438 -222.09471130371094
-953.9423828125 -220.0970001220703
-952.8412475585938 -218.09884643554688
-953.7184448242188 -216.09915161132812
-954.5328979492188 -214.0993194580078
-956.3373413085938 -212.222900390625
-957.6366577148438 -210.2305145263672
-959.2589111328125 -208.24412536621094
-959.6434326171875 -206.25465393066406
-958.283447265625 -204.2552032470703
-956.6617431640625 -202.25575256347656
-955.0223999023438 -200.25979614257812
-955.6484985351562 -198.26365661621094
-957.5044555664062 -196.26380920410156
-955.8587036132812 -194.26402282714844
-954.107666015625 -192.2640838623047
-954.601318359375 -190.2687530517578
-954.5774536132812 -188.2696533203125
-953.0009155273438 -186.2697296142578
-951.6748657226562 -184.26980590820312
-953.6396484375 -182.27146911621094
-953.9142456054688 -180.27838134765625
-952.5614624023438 -178.2820587158203
-951.3399658203125 -176.2831268310547
-951.5512084960938 -174.2876434326172
-952.099609375 -172.31248474121094
-953.1012573242188 -170.31753540039062
-953.1646118164062 -168.31846618652344
-952.3170776367188 -166.32470703125
-950.4506225585938 -164.32730102539062
-950.2310791015625 -162.3284454345703
-948.3764038085938 -160.3441619873047
-946.749267578125 -158.34764099121094
-944.89306640625 -156.35556030273438
-942.9033203125 -154.5249481201172
-940.909912109375 -152.5415802001953
-938.9457397460938 -150.64552307128906
-936.994873046875 -148.64996337890625
-935.359375 -146.68344116210938
-934.1793212890625 -144.6924285888672
-932.2283935546875 -142.98013305664062
-934.056640625 -140.9899139404297
-933.26220703125 -139.2054901123047
-934.1065063476562 -137.2238006591797
-932.125244140625 -135.27334594726562
-930.7916870117188 -133.7245330810547
-930.05029296875 -132.90455627441406
-929.8530883789062 -131.26068115234375
-930.0736694335938 -129.35379028320312
-929.0228881835938 -127.41264343261719
-930.1114501953125 -125.433349609375
-928.1427001953125 -123.49003601074219
-926.6270141601562 -121.49847412109375
-928.5077514648438 -119.7164077758789
-927.968994140625 -118.17320251464844
-929.3104858398438 -116.45372009277344
-928.098388671875 -115.0606689453125
-926.2054443359375 -113.30254364013672
-927.8681030273438 -111.46525573730469
-926.0454711914062 -109.6965560913086
-925.2286376953125 -107.71873474121094
-925.9258422851562 -106.635009765625
-925.483642578125 -105.20051574707031
-924.7782592773438 -103.61217498779297
-925.268798828125 -101.72509002685547
-924.8856811523438 -99.8143310546875
-926.7952270507812 -100.86051940917969
-925.5114135742188 -101.20207977294922
-924.0386352539062 -100.64012145996094
-923.1712646484375 -101.5933837890625
-924.083740234375 -99.60465240478516
-925.948974609375 -98.3587875366211
-927.2762451171875 -96.46973419189453
-927.15771484375 -95.36624908447266
-927.8275756835938 -93.7769546508789
-926.9990844726562 -92.25088500976562
-927.9664916992188 -92.16679382324219
-927.2807006835938 -91.33604431152344
-928.29345703125 -89.52135467529297
-929.1680297851562 -88.27950286865234
-927.3416748046875 -88.01123809814453
-926.5505981445312 -87.62012481689453
-928.4733276367188 -86.81353759765625
-929.2886962890625 -85.36968231201172
-928.8101806640625 -83.80033874511719
-928.4520263671875 -82.95182800292969
-928.2129516601562 -81.40877532958984
-928.6541137695312 -80.29175567626953
-927.4061279296875 -79.028076171875
-928.0296020507812 -77.27166748046875
-928.9422607421875 -75.73609924316406
-929.7940063476562 -77.24655151367188
-927.91796875 -76.21072387695312
-929.130615234375 -76.64086151123047
-927.5555419921875 -77.8267593383789
-927.3561401367188 -75.92096710205078
-928.4630126953125 -74.40978240966797
-929.6643676757812 -72.6527099609375
-927.7913818359375 -71.4550552368164
-926.907470703125 -71.48015594482422
-927.3403930664062 -72.44768524169922
-926.4153442382812 -73.99786376953125
-928.1268920898438 -72.25698852539062
-928.3223876953125 -71.99954223632812
-926.8182373046875 -71.65108489990234
-926.8531494140625 -71.26863098144531
-928.6398315429688 -70.61912536621094
-927.4446411132812 -71.699951171875
-928.2247924804688 -72.09199523925781
-929.8269653320312 -71.50767517089844
-929.7412719726562 -72.74388122558594
-930.717041015625 -73.34819793701172
-929.1580200195312 -74.8015365600586
-927.5017700195312 -73.5267105102539
-929.0272216796875 -73.91093444824219
-928.33935546875 -73.11457824707031
-929.8501586914062 -71.32500457763672
-931.1966552734375 -72.14335632324219
-930.1431884765625 -73.42211151123047
-928.3507690429688 -74.08831024169922
-929.4578857421875 -72.76543426513672
-928.1486206054688 -72.1922607421875
-927.3179931640625 -72.7153091430664
-927.3740234375 -71.80231475830078
-926.6852416992188 -72.23175811767578
-926.2346801757812 -71.08030700683594
-927.5107421875 -69.8114013671875
-927.4353637695312 -69.94070434570312
-926.4667358398438 -69.73497772216797
-927.2648315429688 -68.02326202392578
-925.5826416015625 -66.96624755859375
-927.1310424804688 -65.34228515625
-928.90478515625 -64.07533264160156
-927.1323852539062 -63.395023345947266
-925.478271484375 -61.99983596801758
-923.4854736328125 -60.00109100341797
-921.4862060546875 -58.02130126953125
-919.4865112304688 -56.094417572021484
-917.4869384765625 -54.15831756591797
-915.4873657226562 -52.38134765625
-913.8735961914062 -54.35037612915039
-913.818359375 -56.17708969116211
-911.818359375 -54.44430923461914
-913.780517578125 -55.99500274658203
-911.78662109375 -54.2215461730957
-910.7711791992188 -56.142181396484375
-912.1014404296875 -58.00273513793945
-910.1015625 -56.01741027832031
-909.0879516601562 -58.013832092285156
-907.088134765625 -56.12704086303711
-908.9413452148438 -58.117103576660156
-906.9420776367188 -56.19935607910156
-907.2714233398438 -58.11763381958008
-905.2738647460938 -56.275733947753906
-906.9898681640625 -58.2538948059082
-904.9917602539062 -56.39760971069336
-903.9579467773438 -58.38930892944336
-903.5252685546875 -60.300968170166016
-901.525390625 -58.59932327270508
-899.7822875976562 -60.56496810913086
-897.78271484375 -58.76695251464844
-896.2307739257812 -60.217987060546875
-894.2314453125 -59.09559631347656
-894.095458984375 -61.05312728881836
-892.099609375 -59.06717300415039
-890.1932983398438 -61.0602912902832
-888.1954956054688 -59.3843879699707
-889.312744140625 -61.30231857299805
-887.3140258789062 -59.821014404296875
-885.8193969726562 -61.52915954589844
-883.8291015625 -60.70885467529297
-881.8333740234375 -59.592262268066406
-881.4793701171875 -61.29418182373047
-879.4795532226562 -59.40127182006836
-877.5880126953125 -61.167755126953125
-875.7191162109375 -59.78728103637695
-874.173095703125 -61.76338195800781
-872.1753540039062 -60.84963607788086
-870.2185668945312 -59.40105056762695
-868.4655151367188 -61.38869094848633
-866.5385131835938 -59.449554443359375
-864.5402221679688 -58.49337387084961
-862.8041381835938 -60.36979675292969
-860.805908203125 -59.49736404418945
-858.8324584960938 -60.72359085083008
-856.8339233398438 -61.634544372558594
-855.0078125 -63.130043029785156
-853.00830078125 -61.4898796081543
-851.0508422851562 -61.198219299316406
-849.0556640625 -62.057552337646484
-847.1091918945312 -61.62776565551758
-845.1132202148438 -61.55661392211914
-843.138671875 -60.4100227355957
-841.1414184570312 -60.137535095214844
-839.1598510742188 -61.987483978271484
-837.1668701171875 -61.07072067260742
-835.1883544921875 -62.96129608154297
-833.1893920898438 -62.99733352661133
-835.1665649414062 -64.94931030273438
-833.168701171875 -66.1114273071289
-835.129638671875 -68.02423858642578
-833.1309204101562 -69.6234130859375
