-940.9482421875 -283.9474792480469
-942.9481811523438 -281.94793701171875
-944.9480590820312 -279.9481506347656
-946.94775390625 -277.9485778808594
-948.9476318359375 -275.94866943359375
-946.9479370117188 -273.9665832519531
-948.9478759765625 -271.96661376953125
-946.9501342773438 -269.98834228515625
-948.8251342773438 -267.9883728027344
-946.8258666992188 -266.0555725097656
-948.8253173828125 -264.0556945800781
-946.8297119140625 -262.0595703125
-948.7916259765625 -260.0598449707031
-946.8021240234375 -258.07354736328125
-948.795166015625 -256.0736999511719
-946.7960205078125 -254.08885192871094
-948.6984252929688 -252.08895874023438
-946.7147216796875 -250.09414672851562
-948.6630249023438 -248.0950469970703
-946.6754150390625 -246.2159881591797
-948.6722412109375 -244.21612548828125
-946.6759643554688 -242.26011657714844
-948.6735229492188 -240.26031494140625
-946.71826171875 -238.28363037109375
-948.7153930664062 -236.28379821777344
-946.7179565429688 -234.30787658691406
-948.6576538085938 -232.30810546875
-946.6581420898438 -230.3896942138672
-944.6630859375 -228.4069061279297
-946.649658203125 -226.40762329101562
-948.62939453125 -224.4088897705078
-946.6317138671875 -222.42381286621094
-948.6057739257812 -220.4247589111328
-946.609375 -218.4307403564453
-948.6036376953125 -216.43075561523438
-950.5235595703125 -214.4311065673828
-948.5240478515625 -212.7798614501953
-950.4461669921875 -210.77987670898438
-948.4623413085938 -208.85934448242188
-948.6563110351562 -206.859375
-949.8497924804688 -204.86264038085938
-947.85009765625 -203.03797912597656
-949.8361206054688 -201.04310607910156
-947.8363647460938 -199.1035614013672
-949.7841186523438 -197.1077880859375
-947.811767578125 -195.10887145996094
-945.8118286132812 -193.11268615722656
-947.5272216796875 -191.11305236816406
-945.611572265625 -189.14102172851562
-947.0089721679688 -187.14207458496094
-948.824951171875 -185.14219665527344
-946.8250732421875 -183.32366943359375
-947.2750854492188 -181.3245086669922
-945.2880249023438 -179.34921264648438
-947.1513061523438 -177.351318359375
-945.15283203125 -175.3701629638672
-946.7460327148438 -173.37039184570312
-944.7619018554688 -171.44528198242188
-944.989990234375 -169.4454803466797
-946.5234375 -167.4486083984375
-944.533203125 -166.27928161621094
-945.7913208007812 -164.29296875
-945.9799194335938 -162.29331970214844
-946.546875 -160.2951202392578
-944.5817260742188 -158.30360412597656
-945.0159912109375 -156.30397033691406
-945.191650390625 -154.30714416503906
-944.0540161132812 -152.3085479736328
-942.49072265625 -150.31028747558594
-941.27880859375 -148.3230743408203
-939.8919067382812 -146.3714599609375
-940.0706787109375 -144.3758544921875
-940.6213989257812 -142.48989868164062
-939.6874389648438 -140.49034118652344
-938.89111328125 -138.4948272705078
-937.8134155273438 -136.4958953857422
-938.9680786132812 -134.55673217773438
-939.8273315429688 -132.6395721435547
-938.93115234375 -130.78245544433594
-939.6814575195312 -128.82394409179688
-941.1880493164062 -126.94157409667969
-939.2438354492188 -124.9586181640625
-937.2787475585938 -122.96125030517578
-936.237060546875 -120.96834564208984
-935.5433959960938 -119.15955352783203
-933.842529296875 -117.18064880371094
-933.1542358398438 -115.19652557373047
-934.5352172851562 -113.2620620727539
-932.6378173828125 -111.38235473632812
-931.2320556640625 -109.40773010253906
-930.2164306640625 -107.63125610351562
-930.6685791015625 -105.63687896728516
-929.7302856445312 -104.42361450195312
-929.0643920898438 -102.66912078857422
-928.3389892578125 -100.77690124511719
-927.2122192382812 -99.85277557373047
-927.4371337890625 -101.30335235595703
-925.7274780273438 -103.17813873291016
-927.0499267578125 -101.27307891845703
-926.4973754882812 -102.72708129882812
-927.9522705078125 -100.76271057128906
-926.1480712890625 -99.67110443115234
-927.4667358398438 -99.99732208251953
-928.916748046875 -100.4903335571289
-929.6647338867188 -99.81363677978516
-927.8475952148438 -98.12403106689453
-929.5538940429688 -96.26560974121094
-928.206298828125 -96.62158203125
-929.0331420898438 -95.82815551757812
-929.8155517578125 -93.96250915527344
-928.4822387695312 -93.16250610351562
-927.8292236328125 -91.691162109375
-928.70068359375 -89.99022674560547
-928.7081909179688 -88.10857391357422
-927.4952392578125 -86.976806640625
-925.7984008789062 -85.11048126220703
-927.4026489257812 -83.55872344970703
-927.0255126953125 -82.31756591796875
-927.8662719726562 -80.48881530761719
-926.8885498046875 -78.56631469726562
-928.1146850585938 -76.69654083251953
-926.2034301757812 -75.05357360839844
-927.4943237304688 -74.2148208618164
-927.49560546875 -72.64287567138672
-928.2001342773438 -70.9571762084961
-927.85302734375 -69.7012710571289
-928.6983032226562 -69.6638412475586
-929.227783203125 -70.08141326904297
-927.3095703125 -69.47242736816406
-929.1148071289062 -69.36248779296875
-927.152587890625 -69.22049713134766
-927.6640014648438 -68.60077667236328
-926.0564575195312 -66.9254150390625
-927.9801635742188 -65.09725189208984
-926.5811157226562 -63.185997009277344
-924.8385620117188 -61.223472595214844
-922.843017578125 -59.25357437133789
-922.14453125 -57.85110092163086
-920.87744140625 -56.09710693359375
-919.8121337890625 -57.72936248779297
-918.0927124023438 -56.988983154296875
-917.65185546875 -57.914939880371094
-915.8914794921875 -56.31175994873047
-914.35107421875 -57.72322463989258
-912.594482421875 -58.62268829345703
-911.585205078125 -57.60668182373047
-909.9927978515625 -56.899322509765625
-908.9502563476562 -56.597755432128906
-906.9664916992188 -58.59644317626953
-905.2957153320312 -57.03236770629883
-903.4865112304688 -59.03230285644531
-901.4984741210938 -61.03015899658203
-899.6328125 -59.54634094238281
-897.6328125 -61.54357147216797
-895.6499633789062 -61.076515197753906
-893.6543579101562 -59.41012954711914
-891.65478515625 -61.408851623535156
-889.8070068359375 -59.65898132324219
-887.8111572265625 -61.65877914428711
-885.8541870117188 -61.37876892089844
-884.3209838867188 -60.162837982177734
-882.326171875 -62.16189956665039
-880.4591064453125 -60.48112487792969
-878.6254272460938 -60.73973846435547
-877.839111328125 -60.303871154785156
-875.8410034179688 -62.30368423461914
-874.0065307617188 -63.84284210205078
-872.0272216796875 -63.47200012207031
-871.31884765625 -61.60195541381836
-869.7593383789062 -60.57048034667969
-867.8544921875 -60.446590423583984
-865.9900512695312 -61.377830505371094
-864.80419921875 -60.61624526977539
-863.2650146484375 -59.80571365356445
-862.2546997070312 -61.44455337524414
-860.3682250976562 -60.66380310058594
-859.1328735351562 -61.99834060668945
-857.14453125 -60.393699645996094
-855.4568481445312 -60.73800277709961
-854.5302734375 -59.98025131225586
-853.1217041015625 -61.77891159057617
-851.4017333984375 -61.093353271484375
-849.4669189453125 -61.922325134277344
-848.1455078125 -63.52222442626953
-846.1808471679688 -64.25859069824219
-844.4291381835938 -62.37387466430664
-842.4677124023438 -61.22721481323242
-840.6073608398438 -60.457847595214844
-839.9339599609375 -60.65955352783203
-840.3778076171875 -60.3604850769043
-839.4905395507812 -61.28546142578125
-838.8692016601562 -60.07130432128906
-839.0777587890625 -59.09255599975586
-839.790771484375 -59.923912048339844
-840.402587890625 -60.5629768371582
-838.768310546875 -60.32958984375
-839.1766967773438 -61.26637649536133
-837.357421875 -62.06538391113281
-835.4022216796875 -63.136470794677734
-833.4091186523438 -63.02984619140625
-835.1845092773438 -62.87750244140625
-833.2992553710938 -61.71935272216797
-834.9934692382812 -60.761478424072266
-833.7648315429688 -62.42311477661133
-835.7589111328125 -64.14546966552734
-833.7763671875 -65.4717788696289
-831.849609375 -66.61193084716797
