-940.9219360351562 -283.9474182128906
-942.6590576171875 -281.96954345703125
-944.6311645507812 -279.96978759765625
-946.6195068359375 -277.97003173828125
-948.51904296875 -275.9701843261719
-946.5197143554688 -273.9703063964844
-948.2680053710938 -271.9712219238281
-946.271240234375 -269.97137451171875
-946.1902465820312 -267.97161865234375
-948.1309204101562 -265.9724426269531
-946.1354370117188 -263.97314453125
-948.1256103515625 -261.9735107421875
-946.1273193359375 -259.9736022949219
-948.1146240234375 -257.9739990234375
-946.1185913085938 -255.97462463378906
-948.0606079101562 -253.9748077392578
-946.0607299804688 -251.9755401611328
-948.052001953125 -249.9757080078125
-946.0524291992188 -247.9864501953125
-947.22265625 -245.986572265625
-948.14892578125 -243.9873504638672
-946.1502075195312 -241.9881591796875
-947.7537841796875 -239.98965454101562
-945.7549438476562 -237.99026489257812
-947.63330078125 -235.99061584472656
-945.6339721679688 -233.9912567138672
-947.6190795898438 -231.99134826660156
-945.6203002929688 -229.99278259277344
-947.3291015625 -227.99298095703125
-945.3302001953125 -225.99339294433594
-947.2650756835938 -223.9942169189453
-948.990478515625 -222.01173400878906
-946.9981689453125 -220.01808166503906
-948.9560546875 -218.01966857910156
-950.6966552734375 -216.02342224121094
-948.6969604492188 -214.1126708984375
-950.4136352539062 -212.11270141601562
-948.417724609375 -210.12374877929688
-949.3508911132812 -208.13388061523438
-947.3671264648438 -206.19247436523438
-948.4417114257812 -204.20005798339844
-950.3017578125 -202.20486450195312
-948.3081665039062 -200.2415313720703
-946.3155517578125 -198.24349975585938
-946.7686767578125 -196.2439422607422
-948.5628051757812 -194.259033203125
-946.5744018554688 -192.2600860595703
-948.4129028320312 -190.27687072753906
-946.4816284179688 -188.27896118164062
-948.2684936523438 -186.28089904785156
-946.2711181640625 -184.28199768066406
-948.181640625 -182.28965759277344
-946.1823120117188 -180.31121826171875
-947.5454711914062 -178.31549072265625
-945.5477905273438 -176.31903076171875
-947.1015625 -174.40757751464844
-945.1018676757812 -172.41685485839844
-946.984130859375 -170.43431091308594
-944.9841918945312 -168.55567932128906
-946.5420532226562 -166.5588836669922
-944.54345703125 -164.63348388671875
-946.2227783203125 -162.64132690429688
-948.216796875 -160.6836700439453
-946.2173461914062 -158.69805908203125
-945.87841796875 -156.72927856445312
-947.6823120117188 -154.73309326171875
-945.6826782226562 -152.79226684570312
-947.4708251953125 -150.79591369628906
-945.4776611328125 -149.26751708984375
-947.1774291992188 -147.46360778808594
-945.1777954101562 -145.49014282226562
-947.0400390625 -143.50125122070312
-945.0509033203125 -141.5306396484375
-943.6819458007812 -139.5808868408203
-945.4827270507812 -137.88043212890625
-946.9686279296875 -135.89404296875
-944.97119140625 -133.9248046875
-945.512939453125 -131.94937133789062
-947.0289306640625 -129.96096801757812
-945.0376586914062 -127.97083282470703
-946.88330078125 -126.05615234375
-944.88330078125 -124.11521911621094
-943.9148559570312 -122.12482452392578
-945.5878295898438 -120.1428451538086
-946.7809448242188 -118.16175079345703
-944.794189453125 -116.27259063720703
-944.53564453125 -114.40754699707031
-944.5537109375 -112.41521453857422
-944.7847900390625 -110.55753326416016
-945.124267578125 -108.56022644042969
-943.353271484375 -106.97067260742188
-943.4590454101562 -105.07074737548828
-943.3935546875 -103.10081481933594
-942.2784423828125 -102.58623504638672
-943.2159423828125 -100.65747833251953
-943.4111938476562 -98.83726501464844
-942.1148681640625 -96.93550109863281
-940.3953247070312 -95.11874389648438
-941.5206298828125 -93.4075927734375
-939.9489135742188 -91.77076721191406
-939.5122680664062 -90.00887298583984
-937.7445678710938 -89.0863037109375
-938.2229614257812 -87.32240295410156
-936.434814453125 -85.48434448242188
-935.4993286132812 -84.68460845947266
-933.7434692382812 -82.95252227783203
-931.7996826171875 -82.67961120605469
-931.0645751953125 -83.3663558959961
-932.7446899414062 -82.19608306884766
-934.698974609375 -82.07135772705078
-933.0216674804688 -80.72239685058594
-934.122314453125 -81.45028686523438
-934.85498046875 -81.16311645507812
-934.2527465820312 -80.40444946289062
-932.8929443359375 -79.70572662353516
-933.7516479492188 -80.13396453857422
-934.5358276367188 -79.02822875976562
-933.0120849609375 -77.43341064453125
-931.2542724609375 -77.2021484375
-929.5867919921875 -75.62564849853516
-930.337158203125 -74.01038360595703
-931.4115600585938 -74.46477508544922
-933.23388671875 -73.72428894042969
-935.1453247070312 -72.14417266845703
-935.0447998046875 -70.36807250976562
-934.0418701171875 -69.88739776611328
-932.1175537109375 -68.98057556152344
-932.0826416015625 -67.39000701904297
-930.8799438476562 -66.25826263427734
-929.3251953125 -64.76885223388672
-929.9319458007812 -63.0622444152832
-928.519775390625 -61.30607223510742
-926.5714721679688 -60.109092712402344
-924.73828125 -59.898773193359375
-922.743896484375 -59.867855072021484
-920.7523803710938 -58.193214416503906
-918.7525024414062 -57.29514694213867
-916.7529907226562 -55.358551025390625
-914.7545776367188 -54.83778381347656
-912.7549438476562 -53.067291259765625
-910.9260864257812 -54.82878112792969
-909.4054565429688 -56.60662841796875
-909.239501953125 -58.543540954589844
-907.2405395507812 -57.46147537231445
-905.4627685546875 -59.45899963378906
-903.4874267578125 -59.0700798034668
-901.490234375 -61.05965042114258
-899.4974365234375 -59.21256637573242
-897.5017700195312 -61.19648361206055
-895.5997314453125 -59.91752243041992
-893.601318359375 -58.18353271484375
-891.6082153320312 -60.17859649658203
-889.6119995117188 -59.12783432006836
-887.6119995117188 -61.106239318847656
-885.7400512695312 -60.210357666015625
-883.7401733398438 -62.18831253051758
-881.7507934570312 -61.46798324584961
-879.7711181640625 -60.00360870361328
-877.7717895507812 -62.00146484375
-875.79736328125 -60.06292724609375
-873.80029296875 -61.86593246459961
-871.8021850585938 -60.657047271728516
-870.3009033203125 -59.88564682006836
-868.5927124023438 -59.06892013549805
-866.594482421875 -61.05647277832031
-864.6155395507812 -59.879451751708984
-862.684814453125 -58.855743408203125
-860.6849975585938 -60.80030822753906
-858.80419921875 -58.80907440185547
-856.804931640625 -60.78229522705078
-854.9689331054688 -62.14630126953125
-853.12548828125 -60.75465393066406
-851.5120239257812 -59.08573532104492
-849.5127563476562 -60.95554733276367
-847.9014282226562 -59.058555603027344
-845.9024658203125 -60.9971923828125
-847.524169921875 -62.50792694091797
-845.5860595703125 -60.83169937133789
-844.2966918945312 -59.056968688964844
-842.2972412109375 -61.05221176147461
-841.697021484375 -61.0644645690918
-840.1531982421875 -59.240562438964844
-838.2378540039062 -57.76791763305664
-836.2443237304688 -59.7071418762207
-834.2972412109375 -58.91546630859375
-834.6962890625 -60.30595016479492
-833.1502685546875 -60.506961822509766
-834.7067260742188 -62.023990631103516
-832.840087890625 -63.800018310546875
-833.3334350585938 -65.21002197265625
-834.3145751953125 -64.96331024169922
-832.3976440429688 -65.85372924804688
-832.7211303710938 -67.46136474609375
