-940.9478149414062 -283.9473876953125
-942.9430541992188 -281.9617919921875
-944.94140625 -279.9635925292969
-946.9354858398438 -277.990478515625
-948.9344482421875 -275.9969787597656
-947.3106689453125 -274.0504455566406
-945.6649780273438 -272.31719970703125
-947.664794921875 -270.31829833984375
-945.6738891601562 -268.40283203125
-947.6649780273438 -266.40692138671875
-945.8590087890625 -264.4194641113281
-947.8549194335938 -262.4200744628906
-945.93896484375 -260.42254638671875
-947.937255859375 -258.4239196777344
-946.163330078125 -256.4572448730469
-948.1615600585938 -254.46066284179688
-946.2901611328125 -252.46902465820312
-948.2822265625 -250.51467895507812
-946.3167114257812 -248.52981567382812
-948.3125610351562 -246.5336456298828
-946.342041015625 -245.50828552246094
-948.3409423828125 -243.5133056640625
-946.3449096679688 -241.5149383544922
-948.3441162109375 -239.519775390625
-946.5165405273438 -237.65951538085938
-948.479248046875 -235.66622924804688
-946.577392578125 -234.00244140625
-948.57373046875 -232.02699279785156
-946.7073974609375 -230.07289123535156
-944.7528076171875 -228.09561157226562
-946.7501220703125 -226.22605895996094
-948.7435913085938 -224.26416015625
-946.7723388671875 -222.26681518554688
-948.7327880859375 -220.32138061523438
-946.8267211914062 -218.3285675048828
-948.7586669921875 -216.4149627685547
-950.737060546875 -214.42153930664062
-948.8446655273438 -216.1971435546875
-950.5615844726562 -214.20294189453125
-949.124267578125 -215.1114501953125
-951.1151123046875 -213.11343383789062
-949.2166748046875 -214.70091247558594
-951.0086669921875 -212.70323181152344
-949.0838623046875 -214.00758361816406
-951.0279541015625 -212.03184509277344
-949.0315551757812 -213.72457885742188
-950.96875 -211.72531127929688
-948.9761962890625 -211.5132293701172
-950.940673828125 -209.53456115722656
-948.9418334960938 -208.08656311035156
-950.9341430664062 -206.1288604736328
-948.938232421875 -205.6829376220703
-946.968994140625 -205.74560546875
-948.9558715820312 -203.93209838867188
-946.9559936523438 -202.07357788085938
-948.9288330078125 -200.1764678955078
-946.9368286132812 -198.58474731445312
-948.9242553710938 -196.58847045898438
-946.9990234375 -194.60618591308594
-948.9279174804688 -192.60687255859375
-946.9288940429688 -190.68536376953125
-948.7994384765625 -188.68585205078125
-946.8052978515625 -186.69650268554688
-948.6696166992188 -184.7010498046875
-946.6727905273438 -182.73928833007812
-948.5979614257812 -180.74407958984375
-946.6092529296875 -178.8778076171875
-944.6287231445312 -176.94924926757812
-945.7774047851562 -175.0008087158203
-947.6408081054688 -173.0078125
-945.6417236328125 -171.0447540283203
-946.2770385742188 -169.4699249267578
-947.925048828125 -167.5414276123047
-945.9315185546875 -165.57861328125
-947.4471435546875 -163.65379333496094
-945.4491577148438 -161.6616668701172
-947.3992919921875 -159.66311645507812
-945.4005737304688 -158.61282348632812
-945.6605834960938 -156.61793518066406
-946.8178100585938 -154.61936950683594
-944.8199462890625 -152.64852905273438
-945.8770751953125 -150.75624084472656
-947.5264892578125 -148.7769317626953
-945.5423583984375 -146.7957305908203
-944.5122680664062 -144.79737854003906
-946.2816162109375 -142.83111572265625
-944.7710571289062 -140.83642578125
-945.6624755859375 -138.84535217285156
-946.89111328125 -136.84840393066406
-944.8978271484375 -134.9236297607422
-943.23095703125 -133.12892150878906
-944.4164428710938 -131.1334686279297
-944.6305541992188 -129.13607788085938
-942.8450927734375 -127.16461181640625
-940.9325561523438 -125.1683120727539
-942.4790649414062 -123.1922836303711
-942.362060546875 -121.23458099365234
-941.4817504882812 -119.24479675292969
-941.6925048828125 -117.34980773925781
-942.5228271484375 -115.60059356689453
-943.8490600585938 -113.64474487304688
-942.6778564453125 -111.67639923095703
-941.0166015625 -109.68304443359375
-941.7744140625 -107.6916275024414
-941.5067749023438 -105.72135925292969
-939.7844848632812 -103.72249603271484
-937.9937744140625 -101.83263397216797
-937.1302490234375 -100.46321105957031
-935.439208984375 -100.79395294189453
-934.2408447265625 -100.44556427001953
-933.5870361328125 -98.49266052246094
-935.2598876953125 -96.50589752197266
-933.8923950195312 -96.41127014160156
-933.4240112304688 -94.89653778076172
-933.9066772460938 -93.06549835205078
-934.0219116210938 -91.31875610351562
-934.1364135742188 -89.76144409179688
-935.7116088867188 -87.78028869628906
-935.3694458007812 -86.3500747680664
-935.5911865234375 -85.7553939819336
-934.1355590820312 -83.78649139404297
-932.7466430664062 -82.51107788085938
-933.0003662109375 -81.8240966796875
-931.9903564453125 -80.07738494873047
-933.1619262695312 -78.20695495605469
-932.040771484375 -76.399169921875
-932.467529296875 -75.12364196777344
-933.7664794921875 -73.24439239501953
-933.2024536132812 -71.24845886230469
-933.4675903320312 -69.4402847290039
-934.00439453125 -67.60430908203125
-935.1380615234375 -65.63075256347656
-934.5166625976562 -65.14769744873047
-933.8751831054688 -63.1867561340332
-931.8836669921875 -65.15790557861328
-930.9180297851562 -63.69784164428711
-932.21484375 -61.74554443359375
-930.218994140625 -63.73645782470703
-928.9339599609375 -61.79352951049805
-927.7045288085938 -59.7955207824707
-925.7047729492188 -61.794437408447266
-923.7946166992188 -59.79446029663086
-921.794677734375 -57.79446792602539
-919.7947387695312 -55.79450225830078
-917.7974243164062 -53.797977447509766
-915.7976684570312 -51.804443359375
-914.2484741210938 -51.623287200927734
-914.20849609375 -53.472164154052734
-912.9688720703125 -55.24209976196289
-910.9691772460938 -53.24544143676758
-912.7453002929688 -55.10853958129883
-912.60498046875 -54.80198669433594
-911.1980590820312 -56.605953216552734
-909.1983032226562 -54.62529754638672
-908.8455200195312 -56.622196197509766
-909.3021850585938 -58.4940299987793
-907.302490234375 -56.49433517456055
-906.8623046875 -58.491722106933594
-904.86328125 -56.49396896362305
-903.0392456054688 -58.49187088012695
-901.048828125 -60.43727111816406
-899.0488891601562 -58.43928146362305
-897.0557250976562 -60.43381881713867
-895.0557861328125 -58.434669494628906
-893.0587158203125 -60.415069580078125
-891.0593872070312 -58.42140579223633
-889.1514282226562 -60.408016204833984
-887.1516723632812 -58.41241455078125
-885.1649169921875 -60.396751403808594
-883.166259765625 -58.40597152709961
-881.18603515625 -60.40327453613281
-879.1868896484375 -58.70789337158203
-877.1889038085938 -60.69978332519531
-875.190185546875 -58.70068359375
-873.220947265625 -60.69560623168945
-871.2221069335938 -58.727691650390625
-869.2250366210938 -60.51979446411133
-867.2265625 -58.5540885925293
-865.2276000976562 -60.49623489379883
-863.230224609375 -58.50017166137695
-861.2593383789062 -60.05501937866211
-859.2599487304688 -58.063846588134766
-857.290771484375 -60.055599212646484
-855.2918090820312 -58.1877326965332
-853.299072265625 -59.90806579589844
-851.31689453125 -58.14708709716797
-849.3529052734375 -60.05830764770508
-847.3971557617188 -58.122459411621094
-845.6942749023438 -60.11997985839844
-844.19873046875 -59.78018569946289
-845.3951416015625 -58.07136917114258
-844.2341918945312 -60.0576057434082
-842.4482421875 -58.2081184387207
-841.0653686523438 -60.205101013183594
-839.235595703125 -59.34993362426758
-839.3660888671875 -60.624603271484375
-838.4678955078125 -61.10129928588867
-837.3717651367188 -63.06407165527344
-835.5386352539062 -61.281124114990234
-833.8928833007812 -63.11564636230469
-831.9004516601562 -64.94210052490234
-833.8946533203125 -66.65568542480469
-831.9036865234375 -68.64876556396484
