-940.91748046875 -284.08270263671875
-941.6530151367188 -282.27313232421875
-942.5548095703125 -280.7005310058594
-942.7106323242188 -279.57659912109375
-942.8397216796875 -277.61224365234375
-943.4461059570312 -275.65594482421875
-942.1962280273438 -274.05462646484375
-943.2533569335938 -272.083740234375
-944.9677734375 -270.2728271484375
-944.5853271484375 -269.70684814453125
-945.8933715820312 -267.7780456542969
-946.8735961914062 -265.9820556640625
-948.3836059570312 -264.0523681640625
-946.3858032226562 -262.06683349609375
-948.2636108398438 -260.2120666503906
-946.4476318359375 -258.3361511230469
-945.669189453125 -256.3512878417969
-947.1424560546875 -254.6365203857422
-945.3135986328125 -252.68309020996094
-943.6349487304688 -250.9535369873047
-943.58544921875 -249.11074829101562
-944.6117553710938 -247.1450653076172
-944.3907470703125 -245.575927734375
-943.555908203125 -244.20916748046875
-941.8596801757812 -243.05397033691406
-942.7548828125 -241.12705993652344
-942.572021484375 -239.40895080566406
-941.1615600585938 -237.47059631347656
-939.4212646484375 -236.02395629882812
-937.6683349609375 -234.03817749023438
-937.9041137695312 -233.41209411621094
-938.9176025390625 -231.4993896484375
-937.4713134765625 -229.50863647460938
-937.37646484375 -227.52488708496094
-939.2084350585938 -226.02194213867188
-938.2138671875 -224.5767364501953
-937.7749633789062 -222.73419189453125
-938.7488403320312 -221.180908203125
-938.708984375 -219.20379638671875
-937.6705322265625 -218.24984741210938
-938.1569213867188 -216.5755615234375
-937.2010498046875 -214.6249542236328
-936.4894409179688 -212.64503479003906
-935.306396484375 -210.72850036621094
-935.3117065429688 -208.95733642578125
-935.7002563476562 -207.723876953125
-937.4290771484375 -206.00048828125
-937.1568603515625 -204.22186279296875
-937.3010864257812 -202.2367401123047
-935.451171875 -200.2693634033203
-934.09326171875 -198.75732421875
-932.5426635742188 -196.7915496826172
-931.357177734375 -194.8278350830078
-929.3584594726562 -192.89784240722656
-927.8340454101562 -194.3150177001953
-929.344482421875 -192.41168212890625
-927.6253051757812 -190.51673889160156
-927.6575317382812 -188.9686737060547
-926.0436401367188 -187.42864990234375
-925.4364624023438 -187.57809448242188
-925.7839965820312 -185.81906127929688
-925.7743530273438 -184.63238525390625
-923.8330078125 -182.92791748046875
-921.843505859375 -180.94192504882812
-919.914794921875 -182.89622497558594
-917.9276123046875 -180.90318298339844
-915.937255859375 -182.29443359375
-913.9376831054688 -180.3529510498047
-912.0509033203125 -182.31076049804688
-910.0513916015625 -180.3125457763672
-908.0860595703125 -182.23162841796875
-906.0938110351562 -180.23257446289062
-904.162841796875 -181.97938537597656
-902.1630859375 -179.9903564453125
-900.1661376953125 -181.90423583984375
-898.1729125976562 -179.92462158203125
-896.1734619140625 -180.80250549316406
-894.1735229492188 -179.18060302734375
-892.541015625 -181.1551971435547
-890.5531616210938 -182.6123046875
-888.5606079101562 -180.64059448242188
-886.5623168945312 -182.56712341308594
-884.5634765625 -180.57948303222656
-882.5635375976562 -182.18679809570312
-880.5714111328125 -180.30636596679688
-878.5737915039062 -178.33514404296875
-876.5751953125 -176.63844299316406
-874.656494140625 -178.56387329101562
-872.6612548828125 -176.59487915039062
-870.703857421875 -178.1502685546875
-869.7156982421875 -179.9459228515625
-867.7487182617188 -178.0020751953125
-867.79833984375 -179.59475708007812
-865.814697265625 -177.70010375976562
-864.4227294921875 -177.8424530029297
-862.6594848632812 -177.1965789794922
-860.67138671875 -178.79603576660156
-858.7363891601562 -180.17832946777344
-856.7872924804688 -178.24737548828125
-854.9715576171875 -180.1635284423828
-852.9727783203125 -178.1705780029297
-851.253173828125 -179.90333557128906
-849.2565307617188 -180.03411865234375
-847.2874145507812 -178.06256103515625
-845.3230590820312 -178.73912048339844
-843.6657104492188 -177.74900817871094
-841.7410278320312 -177.04095458984375
-839.7423706054688 -176.18910217285156
-837.7432250976562 -175.16165161132812
-835.74560546875 -173.74729919433594
-833.74560546875 -171.76373291015625
-835.3875732421875 -169.78501892089844
-833.3898315429688 -167.7917022705078
-833.7179565429688 -165.97689819335938
-831.718017578125 -163.97805786132812
-831.6849975585938 -161.98602294921875
-833.6782836914062 -160.66697692871094
-831.6792602539062 -158.67578125
-833.4483642578125 -157.0561065673828
-834.7943725585938 -155.2708740234375
-832.795166015625 -153.27638244628906
-834.7063598632812 -151.3296661376953
-832.7073364257812 -149.33212280273438
-832.7333984375 -147.68382263183594
-833.7703857421875 -145.88180541992188
-832.7852783203125 -144.0070343017578
-834.5501708984375 -142.6709442138672
-832.55029296875 -140.67662048339844
-830.7688598632812 -138.68414306640625
-831.3804931640625 -136.7605743408203
-833.2614135742188 -136.9300079345703
-834.6714477539062 -134.98580932617188
-832.671875 -132.987060546875
-833.7278442382812 -133.01905822753906
-834.456298828125 -133.4008026123047
-832.4567260742188 -131.40206909179688
-834.3914184570312 -129.62777709960938
-832.3921508789062 -127.63074493408203
-831.2544555664062 -126.23714447021484
-829.4031982421875 -124.41096496582031
-829.2674560546875 -122.5091552734375
-827.7796630859375 -120.65449523925781
-826.8632202148438 -118.79431915283203
-827.9935913085938 -116.91831970214844
-829.37841796875 -116.1312484741211
-827.6511840820312 -114.42903137207031
-826.6965942382812 -112.88514709472656
-824.701171875 -110.9669189453125
-822.7060546875 -109.00443267822266
