-938.468017578125 -283.9560852050781
-940.1522827148438 -281.95709228515625
-940.0979614257812 -279.9721374511719
-938.9276733398438 -277.9813232421875
-937.3255615234375 -275.9818115234375
-937.8399658203125 -273.9941101074219
-938.3531494140625 -272.0004577636719
-939.3131103515625 -270.00335693359375
-937.7529907226562 -268.0106201171875
-938.1585083007812 -266.01123046875
-938.681640625 -264.0151062011719
-937.9110107421875 -262.03778076171875
-937.7337646484375 -260.0512390136719
-937.4454956054688 -258.0858154296875
-937.9511108398438 -256.089599609375
-938.8488159179688 -254.09152221679688
-939.5277709960938 -252.09254455566406
-938.713623046875 -250.10008239746094
-940.4229736328125 -248.1017608642578
-941.3091430664062 -246.10195922851562
-941.3118286132812 -244.10874938964844
-941.5995483398438 -242.11248779296875
-940.9176635742188 -240.11549377441406
-939.2108764648438 -238.1155548095703
-937.9867553710938 -236.11587524414062
-936.2677001953125 -234.1158905029297
-937.078857421875 -232.1190643310547
-936.1193237304688 -230.119873046875
-935.957763671875 -228.12042236328125
-937.1113891601562 -226.20375061035156
-938.5494995117188 -224.4022216796875
-939.947998046875 -222.40589904785156
-939.5587158203125 -220.47879028320312
-937.7186889648438 -218.49026489257812
-936.3234252929688 -216.4938201904297
-936.2300415039062 -214.5074462890625
-938.0440673828125 -212.50758361816406
-936.5861206054688 -210.51295471191406
-936.0308227539062 -208.55404663085938
-936.3565673828125 -207.0750732421875
-935.0835571289062 -206.19935607910156
-934.4806518554688 -205.75306701660156
-933.4645385742188 -205.27764892578125
-932.410888671875 -204.94715881347656
-932.618896484375 -204.65406799316406
-933.67333984375 -203.49124145507812
-931.86376953125 -201.60289001464844
-933.4625854492188 -200.2790985107422
-932.9979858398438 -199.76670837402344
-934.2737426757812 -197.8974609375
-932.6078491210938 -195.948974609375
-931.1622314453125 -193.97052001953125
-931.856201171875 -192.73263549804688
-930.671142578125 -190.78042602539062
-930.4955444335938 -188.9695587158203
-930.9996948242188 -187.38160705566406
-929.2015380859375 -185.7523956298828
-929.3712158203125 -186.12632751464844
-930.2481079101562 -185.09259033203125
-930.7714233398438 -184.25254821777344
-928.9510498046875 -182.6941375732422
-928.8148803710938 -181.26234436035156
-927.0955810546875 -182.6009521484375
-925.4110717773438 -181.04408264160156
-923.4595947265625 -183.04159545898438
-921.5172119140625 -182.06842041015625
-919.5214233398438 -180.9057159423828
-917.521484375 -182.9057159423828
-915.5238647460938 -181.20912170410156
-913.5255126953125 -183.20912170410156
-911.5369873046875 -181.87783813476562
-909.5380859375 -179.88485717773438
-907.5413208007812 -181.88485717773438
-905.5426635742188 -179.9869842529297
-903.5497436523438 -181.98695373535156
-901.5525512695312 -179.99354553222656
-899.5535888671875 -181.99351501464844
-897.55615234375 -180.00054931640625
-895.5565795898438 -181.9973602294922
-893.5567016601562 -179.99993896484375
-891.5569458007812 -181.99908447265625
-889.559326171875 -183.82611083984375
-887.5606079101562 -181.84002685546875
-885.5609130859375 -179.84078979492188
-883.5609130859375 -181.73353576660156
-881.5613403320312 -179.73828125
-879.5614624023438 -177.7385711669922
-877.5615234375 -175.7392120361328
-875.611083984375 -177.0547637939453
-873.614990234375 -177.16998291015625
-871.6156616210938 -176.54441833496094
-869.6158447265625 -177.32162475585938
-867.6954956054688 -176.58309936523438
-865.6983032226562 -177.4490203857422
-863.7998657226562 -177.48483276367188
-861.987060546875 -178.7272186279297
-859.9988403320312 -177.4958038330078
-858.0074462890625 -178.60142517089844
-856.0291748046875 -177.54931640625
-854.03076171875 -178.11903381347656
-852.1702880859375 -176.49465942382812
-850.1937255859375 -177.64190673828125
-848.3363037109375 -178.65512084960938
-846.5097045898438 -178.58592224121094
-844.5562133789062 -179.33505249023438
-842.5639038085938 -179.09130859375
-840.5968627929688 -179.6075897216797
-839.5696411132812 -178.74192810058594
-837.7666015625 -177.33355712890625
-835.8751831054688 -176.62709045410156
-834.358642578125 -174.66766357421875
-836.3372802734375 -172.7969970703125
-834.5335083007812 -171.9156036376953
-836.3626098632812 -169.91848754882812
-834.5382690429688 -167.9379119873047
-832.6085815429688 -165.93963623046875
-831.643798828125 -163.95384216308594
-830.1842651367188 -161.95547485351562
-831.2721557617188 -160.13201904296875
-833.2536010742188 -158.18399047851562
-835.0693969726562 -156.28366088867188
-833.0770263671875 -154.34298706054688
-834.9842529296875 -152.35218811035156
-833.0142822265625 -150.35609436035156
-834.7470092773438 -148.38607788085938
-832.7695922851562 -146.39144897460938
-834.690673828125 -144.39651489257812
-832.718505859375 -142.40689086914062
-834.33544921875 -140.41871643066406
-832.4195556640625 -138.44032287597656
-831.8359375 -136.441162109375
-833.6358642578125 -134.4835662841797
-835.396240234375 -132.48704528808594
-833.4260864257812 -130.4928436279297
-835.404052734375 -128.51348876953125
-833.4208984375 -126.51866149902344
-834.7377319335938 -124.65911102294922
-832.7407836914062 -122.66002655029297
-832.14208984375 -120.69669342041016
-833.0613403320312 -118.7140884399414
-834.02001953125 -116.76131439208984
-832.122314453125 -114.76725769042969
-832.9402465820312 -112.77505493164062
-832.3812255859375 -110.99202728271484
-831.97900390625 -109.09813690185547
-832.86328125 -107.1076889038086
-832.2149658203125 -105.64305114746094
-833.9192504882812 -103.86882019042969
-831.94091796875 -101.90816497802734
