-940.5925903320312 -284.0693664550781
-941.8052978515625 -282.1488952636719
-942.6533203125 -281.9165954589844
-944.5215454101562 -280.1369934082031
-946.421630859375 -279.901611328125
-948.2767333984375 -277.9633483886719
-946.3026123046875 -276.0309143066406
-948.0043334960938 -276.0299072265625
-946.0059204101562 -274.1635437011719
-947.406982421875 -272.24310302734375
-945.4072265625 -270.3475646972656
-947.1654052734375 -268.5382080078125
-945.166015625 -267.0465393066406
-946.8218994140625 -265.1390380859375
-948.7594604492188 -263.32550048828125
-946.7608032226562 -261.35479736328125
-948.4924926757812 -259.44281005859375
-946.4961547851562 -257.80718994140625
-948.4706420898438 -256.0428161621094
-946.4911499023438 -254.05580139160156
-948.0091552734375 -252.16600036621094
-946.010498046875 -250.33876037597656
-947.94580078125 -248.54173278808594
-945.9464111328125 -247.44796752929688
-947.6618041992188 -245.5438995361328
-945.662841796875 -245.38116455078125
-947.5823974609375 -243.50234985351562
-945.5852661132812 -241.51040649414062
-947.4290161132812 -240.3523712158203
-945.4295043945312 -238.35934448242188
-946.8941650390625 -236.4305877685547
-948.7208862304688 -234.58401489257812
-946.7515869140625 -232.6050262451172
-947.3987426757812 -230.62960815429688
-945.4099731445312 -228.74017333984375
-944.971435546875 -226.7574920654297
-946.9091796875 -225.0810546875
-948.7008056640625 -223.1654815673828
-946.7009887695312 -221.1897430419922
-948.6454467773438 -219.19691467285156
-950.4597778320312 -217.33047485351562
-948.4935302734375 -215.42987060546875
-950.4816284179688 -213.4813995361328
-948.48193359375 -213.19912719726562
-949.8416137695312 -211.2017364501953
-947.8456420898438 -209.29371643066406
-949.8106689453125 -207.31288146972656
-947.8114013671875 -205.42608642578125
-948.7860717773438 -203.45623779296875
-946.7869873046875 -202.24905395507812
-948.4431762695312 -200.27493286132812
-946.443603515625 -198.52528381347656
-947.6654663085938 -196.58419799804688
-949.6116943359375 -194.59202575683594
-947.6122436523438 -192.71092224121094
-945.6136474609375 -190.7418670654297
-947.3103637695312 -188.78501892089844
-945.3109741210938 -186.9580841064453
-945.8948974609375 -184.97311401367188
-946.6299438476562 -182.97605895996094
-945.6947631835938 -181.18875122070312
-945.0579833984375 -179.1979217529297
-946.9467163085938 -177.29295349121094
-944.966552734375 -175.98345947265625
-945.0835571289062 -174.5584259033203
-944.568115234375 -173.9468231201172
-944.8904418945312 -171.96463012695312
-945.5656127929688 -169.9754638671875
-946.464111328125 -168.01792907714844
-946.0242309570312 -166.2706298828125
-944.9678955078125 -164.27291870117188
-944.37060546875 -162.27810668945312
-942.8258056640625 -160.27993774414062
-942.8246459960938 -158.288818359375
-941.57763671875 -156.4525604248047
-942.7362060546875 -154.45838928222656
-943.8579711914062 -152.48716735839844
-944.1260375976562 -150.51177978515625
-943.1537475585938 -148.6604766845703
-941.9735107421875 -146.7173309326172
-940.4869384765625 -144.90411376953125
-939.0885620117188 -144.94647216796875
-938.4111328125 -143.00892639160156
-936.7047119140625 -141.03076171875
-935.7330322265625 -139.03350830078125
-934.9954223632812 -137.04319763183594
-933.3564453125 -135.0489959716797
-935.1990966796875 -133.05410766601562
-934.0093994140625 -131.853759765625
-933.5176391601562 -129.8684844970703
-931.7570190429688 -128.32464599609375
-931.7144165039062 -126.33004760742188
-930.1891479492188 -124.3431167602539
-930.4509887695312 -122.36827850341797
-929.0028076171875 -120.3873291015625
-927.81982421875 -118.43826293945312
-926.4072265625 -116.54658508300781
-926.2069702148438 -114.55902099609375
-928.0003662109375 -113.1894760131836
-926.1463012695312 -111.21869659423828
-927.8142700195312 -109.23929595947266
-925.9298095703125 -107.29448699951172
-925.9451293945312 -105.38945770263672
-926.6152954101562 -103.67056274414062
-925.3682861328125 -102.01155090332031
-925.7418823242188 -100.0719985961914
-926.5625 -102.01863861083984
-927.53076171875 -100.1221694946289
-928.1602783203125 -99.48436737060547
-927.3135986328125 -97.98528289794922
-926.8001098632812 -96.00433349609375
-928.2484741210938 -94.48681640625
-929.3829956054688 -92.4901123046875
-929.2599487304688 -90.53297424316406
-930.0231323242188 -89.43133544921875
-931.2529296875 -90.11612701416016
-929.76806640625 -88.19988250732422
-928.1363525390625 -86.61161804199219
-930.0211791992188 -85.00875091552734
-930.3783569335938 -84.88552856445312
-930.6034545898438 -83.51667785644531
-929.8028564453125 -82.3852767944336
-930.9376220703125 -81.26329040527344
-929.4113159179688 -79.5880355834961
-928.7542114257812 -80.22315979003906
-929.8623657226562 -81.80313873291016
-928.6640014648438 -79.97821044921875
-928.46826171875 -78.77796173095703
-930.2415161132812 -77.75701141357422
-928.9656372070312 -75.9365463256836
-929.4735107421875 -76.5257568359375
-930.1629638671875 -74.91157531738281
-931.036376953125 -73.29534912109375
-929.7462768554688 -73.39036560058594
-929.4241333007812 -72.73331451416016
-927.666748046875 -72.65251159667969
-927.97509765625 -71.91791534423828
-927.625244140625 -73.13705444335938
-928.97607421875 -71.47163391113281
-927.3261108398438 -69.70901489257812
-929.318359375 -69.92914581298828
-929.4042358398438 -70.32447814941406
-928.5792846679688 -71.63819122314453
-929.7791137695312 -70.54901885986328
-930.9489135742188 -68.86914825439453
-929.1796875 -69.98350524902344
-928.420166015625 -69.63217163085938
-929.9278564453125 -67.9205551147461
-930.5999145507812 -66.37896728515625
-931.2852783203125 -67.5468521118164
-929.3033447265625 -66.06676483154297
-929.9373168945312 -64.71163177490234
-931.052734375 -63.376163482666016
-929.53515625 -63.29558563232422
-929.0499877929688 -61.93263626098633
-929.5656127929688 -61.49518585205078
-927.56591796875 -63.49502182006836
-927.4826049804688 -61.58070373535156
-925.5201416015625 -59.65816879272461
-923.5287475585938 -60.07456588745117
-921.5464477539062 -58.22315216064453
-919.5559692382812 -56.389488220214844
-917.607421875 -55.253501892089844
-915.6080932617188 -56.340087890625
-913.613037109375 -57.6083869934082
-911.6723022460938 -59.56178665161133
-909.6751098632812 -57.68213653564453
-907.6813354492188 -57.533775329589844
-906.572021484375 -59.531654357910156
-904.5845336914062 -58.491973876953125
-902.7392578125 -60.49153137207031
-900.7431030273438 -59.621829986572266
-898.7442016601562 -59.27860641479492
-896.7474365234375 -61.27843475341797
-894.7686767578125 -59.487144470214844
-892.775634765625 -61.483848571777344
-890.790771484375 -59.81451416015625
-888.7965087890625 -60.071998596191406
-886.79931640625 -59.9478874206543
-884.8102416992188 -61.94784927368164
-882.8119506835938 -61.045562744140625
-880.8687744140625 -60.03586196899414
-878.9091796875 -62.034847259521484
-876.920166015625 -63.05632019042969
-874.9652099609375 -62.83916091918945
-872.9920654296875 -62.62969970703125
-871.0664672851562 -62.837162017822266
-869.2060546875 -60.87996292114258
-867.2672729492188 -59.2530632019043
-865.2965698242188 -61.03260040283203
-863.333251953125 -62.0739860534668
-861.338623046875 -63.31595993041992
-859.3551025390625 -62.03724670410156
-857.3609619140625 -61.1434211730957
-855.3711547851562 -62.01631164550781
-853.6328125 -63.449283599853516
-851.6583251953125 -62.60130310058594
-849.7046508789062 -61.65110778808594
-848.2289428710938 -61.114715576171875
-846.239501953125 -62.99183654785156
-844.3802490234375 -61.8422737121582
-842.5174560546875 -62.18675994873047
-840.6812133789062 -60.405635833740234
-839.4007568359375 -62.22903060913086
-837.4749755859375 -62.7914924621582
-835.4903564453125 -60.93647003173828
-833.49853515625 -59.219417572021484
-835.475341796875 -61.097660064697266
-833.4982299804688 -59.39307403564453
-835.2793579101562 -61.059932708740234
-833.30810546875 -62.046844482421875
-834.7483520507812 -62.853546142578125
-832.7505493164062 -62.84697341918945
-834.5177001953125 -64.78333282470703
-832.518310546875 -65.10171508789062
-834.0521850585938 -67.01778411865234
-832.0607299804688 -65.83238220214844
-832.9390869140625 -66.9900131225586
-834.7617797851562 -68.60149383544922
-832.7667846679688 -69.16451263427734
