-1129.0545654296875 13.576071739196777
-1127.0546875 12.027579307556152
-1125.0548095703125 14.015267372131348
-1123.0548095703125 12.125329971313477
-1121.0548095703125 14.122488021850586
-1119.153076171875 13.526268005371094
-1117.1534423828125 12.100523948669434
-1115.153564453125 14.097482681274414
-1113.1551513671875 12.232471466064453
-1111.1551513671875 14.174793243408203
-1109.1552734375 15.277742385864258
-1107.1552734375 13.607000350952148
-1105.1563720703125 11.704129219055176
-1103.1563720703125 13.464284896850586
-1101.156494140625 11.581764221191406
-1099.156494140625 13.535093307495117
-1097.1566162109375 11.585186004638672
-1095.15771484375 12.864108085632324
-1093.1578369140625 14.838776588439941
-1091.1578369140625 16.825214385986328
-1089.1578369140625 15.189959526062012
-1087.1578369140625 13.253326416015625
-1085.157958984375 15.108129501342773
-1083.157958984375 13.618487358093262
-1081.157958984375 15.580037117004395
-1079.1588134765625 14.011940002441406
-1077.158935546875 15.186305046081543
-1075.1590576171875 13.22075080871582
-1073.1590576171875 13.235796928405762
-1071.159423828125 13.975977897644043
-1069.1597900390625 15.622848510742188
-1067.16015625 13.650566101074219
-1065.160400390625 15.395978927612305
-1063.161865234375 13.467755317687988
-1061.16259765625 14.972268104553223
-1059.16259765625 13.003188133239746
-1057.16259765625 14.965865135192871
-1055.16259765625 12.993927001953125
-1053.1627197265625 14.792512893676758
-1051.1627197265625 12.814143180847168
-1049.1630859375 13.015228271484375
-1047.1630859375 14.541284561157227
-1045.1630859375 13.051980972290039
-1043.1630859375 13.537267684936523
-1041.1632080078125 15.443014144897461
-1039.163330078125 13.492874145507812
-1037.1634521484375 14.155120849609375
-1035.1636962890625 16.011219024658203
-1033.20751953125 14.175479888916016
-1031.2078857421875 15.850614547729492
-1029.291748046875 13.864635467529297
-1027.2918701171875 15.65991497039795
-1025.2940673828125 13.727649688720703
-1023.29443359375 11.994258880615234
-1021.2950439453125 13.77612018585205
-1019.295654296875 12.022531509399414
-1017.2962036132812 13.834644317626953
-1015.2965087890625 11.890780448913574
-1013.3003540039062 13.086498260498047
-1011.301513671875 11.115030288696289
-1009.3021240234375 11.899070739746094
-1007.303466796875 13.300102233886719
-1005.3092041015625 11.882015228271484
-1003.3180541992188 13.597384452819824
-1001.3198852539062 11.612849235534668
-999.353759765625 12.912734985351562
-997.3555297851562 10.92923355102539
-995.3557739257812 12.10549259185791
-993.356689453125 10.296850204467773
-991.3568115234375 10.786540985107422
-989.3788452148438 8.881049156188965
-987.380615234375 8.546365737915039
-985.4282836914062 9.214493751525879
-983.4293212890625 10.152260780334473
-981.4373779296875 8.187285423278809
-979.4577026367188 10.128954887390137
-977.8055419921875 11.221818923950195
-975.8114013671875 9.341682434082031
-973.9253540039062 10.043021202087402
-971.9891357421875 11.568354606628418
-970.0443115234375 11.655858993530273
-968.0567016601562 11.406804084777832
-966.239501953125 9.723115921020508
-964.2526245117188 11.557345390319824
-962.2539672851562 12.01452922821045
-960.264892578125 11.741689682006836
-958.4617919921875 12.846528053283691
-956.5090942382812 14.73045825958252
-954.5125732421875 12.877960205078125
-952.5526123046875 11.186050415039062
-950.6218872070312 13.13969612121582
-948.6318969726562 11.184591293334961
-946.6318969726562 9.289661407470703
-945.172119140625 10.721365928649902
-943.8055419921875 12.690441131591797
-941.8279418945312 12.27509880065918
-939.828125 10.366273880004883
-938.001953125 10.51148796081543
-936.155517578125 12.194995880126953
-934.2142333984375 13.771074295043945
-932.2183227539062 11.79782485961914
-930.2897338867188 13.445816040039062
-928.291015625 11.451930046081543
-927.0875854492188 12.701470375061035
-925.1260375976562 14.322339057922363
-923.1275024414062 12.606201171875
-921.1278076171875 10.627790451049805
-920.2127685546875 12.51700210571289
-918.2493896484375 10.539108276367188
-916.73193359375 12.47690200805664
-914.7326049804688 10.531904220581055
-912.7327270507812 8.682465553283691
-910.7333374023438 6.702621936798096
-908.7348022460938 8.198163986206055
-907.7610473632812 9.253474235534668
-906.7134399414062 8.570795059204102
-905.6641235351562 10.194451332092285
-904.5734252929688 9.840298652648926
-902.8456420898438 9.006056785583496
-901.8090209960938 10.758757591247559
-900.4238891601562 12.374894142150879
-898.4254760742188 10.437796592712402
-896.5108642578125 9.79738712310791
-895.1744384765625 11.303573608398438
-893.8617553710938 11.578245162963867
-892.6290283203125 11.80621337890625
-891.0753173828125 12.926636695861816
-889.0756225585938 11.05882740020752
-887.1962280273438 11.098106384277344
-885.826416015625 12.952533721923828
-883.8297119140625 11.225347518920898
-882.9653930664062 12.903000831604004
-880.9660034179688 10.911016464233398
-879.3717041015625 12.363513946533203
-877.3817138671875 10.393316268920898
-877.73974609375 11.255098342895508
-876.4559936523438 12.117363929748535
-874.4625244140625 10.622879981994629
-872.7728881835938 10.67733097076416
-872.8219604492188 12.208925247192383
-870.896240234375 10.805984497070312
-871.8175659179688 12.110974311828613
-869.818115234375 10.11902141571045
-871.0048828125 12.05785083770752
-869.0111083984375 10.418572425842285
-869.6699829101562 12.285186767578125
-867.6734619140625 12.28812313079834
-867.0303344726562 14.136956214904785
-865.039306640625 14.561792373657227
-863.0400390625 12.784416198730469
-862.0343627929688 12.194405555725098
-860.9521484375 10.448266983032227
-860.2086791992188 11.867032051086426
-859.6904907226562 13.144364356994629
-858.5189208984375 13.27557373046875
-856.5362548828125 11.82902717590332
-856.828125 11.345126152038574
-856.74853515625 11.60677433013916
-856.2777709960938 12.530388832092285
-857.5604858398438 11.575989723205566
-859.23486328125 13.49777889251709
-857.2931518554688 11.533686637878418
-855.4840087890625 12.600091934204102
-857.4388427734375 12.200050354003906
-857.0767211914062 12.180803298950195
-855.6277465820312 11.952831268310547
-856.6497192382812 13.23098087310791
-854.812255859375 11.25473403930664
-853.0780029296875 12.050025939941406
-851.4544677734375 11.09816837310791
-851.3506469726562 13.056224822998047
-849.5050048828125 11.070972442626953
-849.2239379882812 11.961316108703613
-848.2462158203125 13.942686080932617
-846.252197265625 11.956035614013672
-844.6458129882812 12.380481719970703
-842.6460571289062 11.103108406066895
-842.367431640625 11.157998085021973
-841.828369140625 13.08304214477539
-839.8311767578125 11.995139122009277
-837.8411865234375 12.387378692626953
-835.8427734375 11.292880058288574
-834.2498779296875 13.011038780212402
-832.2843017578125 11.714898109436035
-833.4172973632812 11.146652221679688
-833.2799682617188 9.338892936706543
-834.4199829101562 7.533206939697266
-833.8399658203125 5.754260063171387
-833.9627075195312 3.8722188472747803
-834.9994506835938 2.3803975582122803
-833.0010986328125 2.5238430500030518
-834.6829223632812 1.0153542757034302
-832.6848754882812 -0.46076199412345886
-833.6698608398438 1.347184658050537
-835.5390014648438 -0.4832627475261688
-833.5418701171875 -1.1856518983840942
-833.0578002929688 -2.691870927810669
-832.158203125 -4.546419143676758
-834.0929565429688 -3.465280294418335
-835.3515014648438 -3.701176881790161
-833.35205078125 -1.9377442598342896
-832.9362182617188 -3.7792909145355225
-833.3883666992188 -5.716886520385742
-834.455322265625 -5.926793098449707
-832.4556884765625 -4.261673927307129
-833.5947265625 -4.475703239440918
-834.411376953125 -5.311915874481201
-832.41357421875 -7.162458419799805
-834.3800048828125 -8.384608268737793
-832.3914794921875 -10.086087226867676
-834.032470703125 -11.54886245727539
-832.2216186523438 -13.214373588562012
-833.5880126953125 -14.400860786437988
