-1129.0875244140625 13.574482917785645
-1127.08837890625 11.574483871459961
-1125.0982666015625 13.556517601013184
-1123.159423828125 15.552044868469238
-1121.162353515625 13.552776336669922
-1119.179443359375 11.552850723266602
-1117.211181640625 13.538376808166504
-1115.2220458984375 11.539077758789062
-1113.9959716796875 13.517145156860352
-1112.783935546875 11.517287254333496
-1110.7950439453125 13.510726928710938
-1108.795654296875 11.510869979858398
-1106.814453125 13.50703239440918
-1104.994384765625 11.507377624511719
-1102.9957275390625 13.49299430847168
-1101.0003662109375 11.493033409118652
-1099.05810546875 13.492773056030273
-1097.067626953125 11.493980407714844
-1095.0970458984375 13.487768173217773
-1094.666015625 15.475375175476074
-1092.6993408203125 13.476839065551758
-1090.7496337890625 15.466446876525879
-1089.7723388671875 13.467105865478516
-1088.8466796875 15.458568572998047
-1086.955810546875 13.459280967712402
-1085.0107421875 15.451760292053223
-1083.0379638671875 13.451876640319824
-1081.1806640625 15.352742195129395
-1079.2005615234375 13.352790832519531
-1077.348876953125 15.314212799072266
-1075.3994140625 13.31497859954834
-1073.519287109375 15.305744171142578
-1071.5247802734375 13.311126708984375
-1069.5870361328125 15.282848358154297
-1067.593994140625 13.285562515258789
-1065.6217041015625 14.665056228637695
-1063.64013671875 12.665070533752441
-1061.7120361328125 14.529939651489258
-1060.1943359375 12.531656265258789
-1058.4617919921875 14.413971900939941
-1056.527587890625 12.414318084716797
-1054.6436767578125 14.390511512756348
-1052.75341796875 12.391098022460938
-1050.756103515625 14.016214370727539
-1049.0574951171875 12.018038749694824
-1047.081298828125 14.010119438171387
-1045.1260986328125 12.010189056396484
-1043.135009765625 13.022159576416016
-1041.1591796875 14.483927726745605
-1039.1607666015625 12.486849784851074
-1037.4935302734375 14.081759452819824
-1035.7037353515625 15.5907564163208
-1034.2667236328125 13.59091567993164
-1033.826416015625 15.39228630065918
-1034.3538818359375 13.394092559814453
-1033.1641845703125 15.365453720092773
-1034.9237060546875 13.365815162658691
-1033.0706787109375 15.309938430786133
-1033.8046875 13.310261726379395
-1031.9864501953125 15.299668312072754
-1030.1414794921875 13.299948692321777
-1028.5240478515625 15.277615547180176
-1028.5157470703125 13.278319358825684
-1026.8663330078125 15.249825477600098
-1026.0548095703125 13.24995231628418
-1024.1048583984375 15.175474166870117
-1022.1449584960938 13.175812721252441
-1020.7989501953125 15.144989967346191
-1018.8934936523438 13.145084381103516
-1016.9185791015625 15.074376106262207
-1015.0285034179688 13.074395179748535
-1013.0311889648438 11.074607849121094
-1011.2527465820312 12.879128456115723
-1009.2593383789062 10.880783081054688
-1007.4732666015625 12.307981491088867
-1005.5021362304688 13.426949501037598
-1003.5277709960938 11.427653312683105
-1001.6345825195312 13.057040214538574
-999.785888671875 11.058743476867676
-999.2384033203125 13.036703109741211
-997.5501708984375 11.036898612976074
-995.8010864257812 12.026331901550293
-994.0185546875 10.026423454284668
-993.2538452148438 11.901432037353516
-991.2542724609375 9.901834487915039
-989.5176391601562 11.447927474975586
-987.5193481445312 9.448208808898926
-986.56787109375 11.37908935546875
-984.574462890625 9.379112243652344
-982.5929565429688 11.354153633117676
-980.6327514648438 9.355179786682129
-979.207275390625 10.551559448242188
-977.2108154296875 8.551610946655273
-979.1546630859375 7.398838996887207
-980.43505859375 9.391138076782227
-979.5641479492188 10.791277885437012
-977.567626953125 8.791289329528809
-979.5671997070312 6.903984546661377
-978.7670288085938 8.421579360961914
-977.0059204101562 10.166025161743164
-978.978759765625 11.880592346191406
-976.98388671875 9.882255554199219
-978.0770874023438 11.582717895507812
-976.0836181640625 9.582880020141602
-977.734130859375 11.047051429748535
-978.2102661132812 10.686246871948242
-979.390625 9.905903816223145
-979.835205078125 8.606979370117188
-978.0089721679688 10.30595874786377
-979.1525268554688 10.513347625732422
-977.1634521484375 8.51335620880127
-978.8026123046875 7.709677696228027
-979.554931640625 9.692654609680176
-981.23681640625 7.774302005767822
-982.2124633789062 9.008580207824707
-982.6826782226562 9.796253204345703
-980.6836547851562 7.796336650848389
-982.349609375 9.543055534362793
-980.3499145507812 7.545317649841309
-980.096435546875 9.420546531677246
-979.21728515625 10.828245162963867
-977.2191162109375 8.828511238098145
-979.1675415039062 7.394524574279785
-978.4061279296875 8.451310157775879
-980.3902587890625 9.10778522491455
-978.7067260742188 10.562180519104004
-980.618408203125 10.231531143188477
-978.618896484375 8.231647491455078
-976.8672485351562 10.211002349853516
-977.9254760742188 10.2628755569458
-979.2144165039062 10.013766288757324
-979.071533203125 8.473381996154785
-978.8092041015625 9.942181587219238
-980.2357788085938 8.371875762939453
-978.9766235351562 10.237747192382812
-980.8484497070312 8.982346534729004
-980.421875 9.431326866149902
-981.4164428710938 9.831938743591309
-979.4173583984375 7.831987380981445
-977.5498657226562 9.779680252075195
-977.8621215820312 8.077855110168457
-979.5322875976562 6.870554447174072
-978.1205444335938 8.154041290283203
-980.094482421875 6.217905521392822
-981.380615234375 5.539745807647705
-983.0169677734375 7.051496505737305
-981.02001953125 8.633329391479492
-980.1143798828125 10.055265426635742
-978.11572265625 8.05546760559082
-980.1095581054688 6.125071048736572
-981.5350952148438 4.463329315185547
-982.5291748046875 4.114657878875732
-984.5167236328125 3.2287209033966064
-982.5220947265625 4.050588130950928
-983.2227172851562 2.2824547290802
-981.2239379882812 1.0695677995681763
-982.9472045898438 -0.9082615971565247
-984.10400390625 -2.883570671081543
-982.1052856445312 -4.7423014640808105
-984.0523681640625 -6.736895561218262
-982.072509765625 -8.717779159545898
-983.8709106445312 -10.53908920288086
-981.8790893554688 -12.29106616973877
-983.4412231445312 -14.290656089782715
-981.4517822265625 -16.286685943603516
-982.5130004882812 -18.286396026611328
-980.5234375 -19.761117935180664
-978.5237426757812 -20.962841033935547
-978.2011108398438 -22.962217330932617
-976.2777709960938 -24.962129592895508
-974.442626953125 -26.962074279785156
-972.4432983398438 -28.95989418029785
-971.7617797851562 -29.761093139648438
-971.9635620117188 -31.068262100219727
-973.4612426757812 -32.868621826171875
-971.5904541015625 -34.75204849243164
-971.8336791992188 -36.67353820800781
-969.9972534179688 -38.29351043701172
-971.1914672851562 -39.97488021850586
-970.05322265625 -41.91395568847656
-971.9312744140625 -42.82015609741211
-972.6094360351562 -43.910888671875
-973.5087280273438 -45.61980438232422
-971.5960693359375 -45.96217727661133
-971.104248046875 -47.221580505371094
-972.8514404296875 -47.544578552246094
-973.8470458984375 -48.607662200927734
-972.5186157226562 -50.21987533569336
-970.9296264648438 -51.766788482666016
-970.9004516601562 -53.504947662353516
-969.8890380859375 -55.318641662597656
-969.9371948242188 -57.314064025878906
-968.086181640625 -55.32167053222656
-969.6314697265625 -57.30487060546875
-969.0840454101562 -55.31277847290039
-967.2559814453125 -57.31159973144531
-965.9696044921875 -59.31157684326172
-964.022705078125 -61.31156921386719
-962.0233764648438 -59.31558609008789
-960.0382080078125 -61.315547943115234
-958.0382080078125 -63.315494537353516
-956.0382690429688 -65.31507110595703
-954.0384521484375 -67.31096649169922
-952.0384521484375 -69.31092071533203
-950.0386962890625 -71.31089782714844
-948.0391845703125 -73.30670928955078
-946.0391845703125 -75.30481719970703
-944.0391845703125 -77.30452728271484
-942.89013671875 -75.56507110595703
-941.2833862304688 -73.56999969482422
-939.2877197265625 -71.75521850585938
-938.3221435546875 -70.77210998535156
-936.3932495117188 -68.79267120361328
-934.4252319335938 -67.10481262207031
-932.4774169921875 -65.16695404052734
-930.4989013671875 -63.94444274902344
-929.4921875 -62.25764465332031
-929.3721923828125 -60.324893951416016
-927.3724975585938 -62.324256896972656
-926.8822631835938 -60.3434944152832
-926.6553344726562 -58.576171875
-924.6553955078125 -60.57596969604492
-922.7762451171875 -58.57639694213867
-922.5609741210938 -56.58626937866211
-920.61474609375 -55.131343841552734
-918.7733154296875 -53.2363166809082
-916.7733764648438 -54.78997039794922
-918.3358764648438 -53.299705505371094
-916.3358764648438 -54.809261322021484
-915.0501708984375 -53.13043212890625
-913.0524291992188 -55.003814697265625
-911.0765991210938 -56.983341217041016
-911.5812377929688 -55.09395980834961
-909.5949096679688 -57.08563995361328
-909.3714599609375 -55.15187072753906
-907.94677734375 -57.14892578125
-905.9528198242188 -59.14878463745117
-905.976806640625 -57.69855499267578
-903.9774169921875 -59.698509216308594
-902.5368041992188 -58.301612854003906
-900.538818359375 -60.30159378051758
-898.9344482421875 -59.0673942565918
-896.9345092773438 -61.067138671875
-896.4873046875 -59.28766632080078
-894.4874267578125 -61.287628173828125
-894.9149780273438 -59.307281494140625
-892.9150390625 -61.30720901489258
-894.1326293945312 -59.33634567260742
-892.1326904296875 -61.33633041381836
-892.7069702148438 -59.35707473754883
-890.7069702148438 -61.356990814208984
-891.4276733398438 -59.3671760559082
-889.427734375 -61.36715316772461
-889.7945556640625 -59.69261169433594
-888.4593505859375 -57.73164367675781
-886.4593505859375 -59.731605529785156
-884.4593505859375 -61.731292724609375
-882.4978637695312 -59.91553497314453
-880.4978637695312 -61.915504455566406
-882.455810546875 -59.97275161743164
-880.455810546875 -61.97272872924805
-881.7174072265625 -60.308265686035156
-883.135498046875 -58.61048889160156
-881.1356811523438 -60.61046600341797
-835.3788452148438 -59.03591537475586
