-1129.0245361328125 13.56845474243164
-1127.024658203125 11.655092239379883
-1125.027587890625 13.629582405090332
-1123.0277099609375 15.53255844116211
-1121.0277099609375 13.564338684082031
-1119.0277099609375 11.571910858154297
-1117.028564453125 13.556623458862305
-1115.028564453125 11.558305740356445
-1113.0286865234375 13.547428131103516
-1111.0286865234375 11.582759857177734
-1109.0303955078125 13.580347061157227
-1107.0303955078125 11.603148460388184
-1105.03271484375 13.472585678100586
-1103.03271484375 11.490863800048828
-1101.033203125 11.629207611083984
-1099.034912109375 13.2926607131958
-1097.034912109375 11.32343578338623
-1095.0357666015625 13.267361640930176
-1093.0360107421875 15.216275215148926
-1091.0360107421875 13.216753005981445
-1089.0377197265625 15.207568168640137
-1087.0377197265625 13.212480545043945
-1085.037841796875 15.17479133605957
-1083.0380859375 13.187946319580078
-1081.038818359375 14.827824592590332
-1079.0389404296875 12.834803581237793
-1077.0404052734375 14.779593467712402
-1075.0406494140625 12.816462516784668
-1073.04248046875 13.848877906799316
-1071.0443115234375 15.785833358764648
-1069.0443115234375 13.786198616027832
-1067.044677734375 15.724939346313477
-1065.044677734375 13.730329513549805
-1063.0447998046875 15.491212844848633
-1061.045166015625 13.496675491333008
-1059.045166015625 15.463181495666504
-1057.0455322265625 13.472228050231934
-1055.0460205078125 15.207050323486328
-1053.046630859375 13.222152709960938
-1051.046630859375 15.206521034240723
-1049.0467529296875 13.235051155090332
-1047.046875 14.992039680480957
-1045.0469970703125 13.005287170410156
-1043.0474853515625 14.781893730163574
-1041.0474853515625 12.782803535461426
-1039.0484619140625 14.310879707336426
-1037.049072265625 15.30794620513916
-1035.0704345703125 13.325167655944824
-1033.0718994140625 15.149020195007324
-1031.072021484375 13.15305233001709
-1029.0791015625 14.160148620605469
-1027.0792236328125 12.164118766784668
-1025.0794677734375 12.700643539428711
-1023.0806884765625 14.514204025268555
-1021.0810546875 12.519308090209961
-1019.0813598632812 13.526832580566406
-1017.0814208984375 11.54603099822998
-1015.0822143554688 11.654793739318848
-1013.082275390625 10.056856155395508
-1011.0855712890625 11.80628490447998
-1009.0861206054688 12.875658988952637
-1007.086181640625 10.912870407104492
-1005.0980224609375 11.875044822692871
-1003.0985107421875 13.351116180419922
-1001.0985107421875 11.37121868133545
-999.1007690429688 12.483916282653809
-997.1041870117188 10.491421699523926
-995.1104125976562 11.87536907196045
-993.1104125976562 9.879383087158203
-991.1107177734375 10.313871383666992
-989.1116333007812 9.21747875213623
-987.1151123046875 10.47103500366211
-985.1380004882812 11.868388175964355
-983.1480712890625 9.86870002746582
-981.1481323242188 7.873259544372559
-979.15576171875 6.122616767883301
-977.1581420898438 6.031282901763916
-975.1673583984375 7.33141565322876
-973.4031982421875 7.339055061340332
-971.425048828125 9.126112937927246
-969.437744140625 10.431755065917969
-967.4600219726562 11.039209365844727
-965.470947265625 12.084555625915527
-963.4752807617188 13.968172073364258
-961.4761352539062 11.974588394165039
-959.5012817382812 13.501809120178223
-957.51318359375 14.607193946838379
-955.5132446289062 12.630050659179688
-953.513427734375 13.701176643371582
-951.5135498046875 11.783346176147461
-949.5145263671875 13.425150871276855
-947.5145874023438 11.427664756774902
-945.5148315429688 9.445003509521484
-943.62109375 9.952767372131348
-941.6226196289062 9.334970474243164
-939.6471557617188 10.496309280395508
-937.67041015625 10.959061622619629
-935.677490234375 10.843348503112793
-933.6859741210938 12.769746780395508
-931.7257690429688 12.48254680633545
-929.728759765625 13.755522727966309
-927.7293701171875 11.758843421936035
-925.7334594726562 12.543999671936035
-923.7503051757812 14.505293846130371
-921.75048828125 12.510136604309082
-919.7506713867188 10.51843547821045
-917.7943725585938 10.578235626220703
-915.80908203125 9.33647632598877
-913.8181762695312 8.701632499694824
-911.8753051757812 7.539680480957031
-909.941650390625 7.835719108581543
-908.0573120117188 6.985026836395264
-906.11865234375 5.961986541748047
-904.216064453125 7.483164310455322
-902.2189331054688 8.876099586486816
-900.2398681640625 7.690667629241943
-898.3430786132812 9.328045845031738
-896.5745239257812 8.768024444580078
-895.4219360351562 8.657195091247559
-893.5181884765625 8.71240234375
-891.8477172851562 8.941022872924805
-889.8571166992188 8.397687911987305
-887.8605346679688 8.101067543029785
-886.197998046875 8.576287269592285
-884.2932739257812 8.333534240722656
-882.2996215820312 7.693777561187744
-880.3500366210938 8.470168113708496
-878.6988525390625 8.59434700012207
-876.8308715820312 7.902726650238037
-875.909423828125 8.44356632232666
-875.200439453125 8.968584060668945
-873.603759765625 7.701827526092529
-871.6574096679688 7.6944708824157715
-869.8392333984375 6.908348560333252
-869.0863037109375 8.194387435913086
-868.5889892578125 6.459604740142822
-868.0813598632812 5.938891410827637
-869.0802001953125 6.32447624206543
-867.4639282226562 6.35375452041626
-865.8572998046875 8.024786949157715
-864.3800048828125 9.622963905334473
-862.4146728515625 10.4054594039917
-860.8861083984375 11.413716316223145
-861.9325561523438 12.895925521850586
-860.5484619140625 10.999217987060547
-858.7279052734375 10.15611457824707
-859.536865234375 10.371037483215332
-857.7975463867188 8.558977127075195
-859.1986694335938 9.382101058959961
-858.7952880859375 8.658029556274414
-856.8235473632812 8.380435943603516
-855.0465698242188 8.545991897583008
-856.8829956054688 9.101247787475586
-855.1814575195312 8.850312232971191
-853.2337646484375 7.237713813781738
-854.9606323242188 8.285272598266602
-853.6739501953125 8.377859115600586
-853.2669677734375 8.59373664855957
-854.9179077148438 8.101248741149902
-853.3457641601562 7.1847076416015625
-855.1962280273438 8.103381156921387
-856.33251953125 8.666278839111328
-856.3233032226562 7.542104721069336
-854.966796875 7.717086315155029
-854.19287109375 7.555945873260498
-855.559814453125 6.377614974975586
-856.21484375 6.644450664520264
-854.6602783203125 8.162272453308105
-855.4459228515625 7.1392669677734375
-854.110107421875 7.751500606536865
-853.4091186523438 7.606212615966797
-854.7913208007812 6.022352695465088
-854.8550415039062 7.387707710266113
-854.2636108398438 7.408382415771484
-855.8819580078125 7.5631256103515625
-855.958740234375 8.777563095092773
-855.2521362304688 9.528717994689941
-853.95947265625 7.736457347869873
-854.2937622070312 7.288448333740234
-856.0015869140625 7.178435325622559
-854.4342651367188 7.299889087677002
-853.8712158203125 6.735965251922607
-853.1220703125 7.322028160095215
-851.4537963867188 9.007135391235352
-851.3336791992188 9.82525634765625
-850.2379760742188 7.876341819763184
-848.777587890625 9.276263236999512
-847.8723754882812 9.640390396118164
-846.451416015625 8.145764350891113
-847.209228515625 9.846953392028809
-848.9342041015625 9.940194129943848
-849.977294921875 8.412861824035645
-849.5781860351562 10.068258285522461
-848.2964477539062 10.704008102416992
-847.9373779296875 10.37509822845459
-846.7247314453125 9.393791198730469
-845.3129272460938 9.487646102905273
-844.332275390625 10.605070114135742
-842.3475341796875 10.114630699157715
-840.5097045898438 10.089131355285645
-839.458984375 9.307171821594238
-841.2352905273438 7.9931464195251465
-839.3968505859375 8.338752746582031
-838.1207275390625 9.979802131652832
-839.8578491210938 8.528145790100098
-840.6520385742188 8.296036720275879
-841.7401733398438 6.369558334350586
-839.83935546875 7.966869354248047
-840.0748901367188 9.606916427612305
-838.2200317382812 7.805600643157959
-838.158935546875 7.034233093261719
-836.4872436523438 5.324606895446777
-835.4435424804688 3.704850673675537
-833.456787109375 3.141775131225586
-832.7748413085938 1.526130199432373
-831.506103515625 0.03294896334409714
-830.1033325195312 -1.183477520942688
-828.6453247070312 -1.456329107284546
-829.742431640625 -0.9887300133705139
-829.0838012695312 -2.820049285888672
-831.0363159179688 -3.4665324687957764
-829.2725830078125 -5.252805233001709
-831.1062622070312 -6.998622417449951
-829.2665405273438 -7.357296943664551
-830.4401245117188 -7.496734142303467
-832.0721435546875 -8.94342041015625
-830.1217041015625 -10.735709190368652
-831.412109375 -11.645564079284668
-830.8782958984375 -9.985041618347168
-832.498046875 -10.88290023803711
-833.1439819335938 -12.373058319091797
-831.5828247070312 -13.4190673828125
-832.6536865234375 -15.262131690979004
