-1129.0230712890625 13.462250709533691
-1127.0230712890625 11.568319320678711
-1125.0247802734375 13.547306060791016
-1123.025146484375 15.532500267028809
-1121.025146484375 13.558375358581543
-1119.025146484375 11.562588691711426
-1117.025634765625 13.508193016052246
-1115.025634765625 11.562582969665527
-1113.0291748046875 13.520594596862793
-1111.0291748046875 11.580968856811523
-1109.0302734375 13.578001976013184
-1107.0302734375 11.633903503417969
-1105.0311279296875 13.62224006652832
-1103.0311279296875 11.737427711486816
-1101.0364990234375 13.695401191711426
-1099.0364990234375 12.109341621398926
-1097.03662109375 10.115005493164062
-1095.349365234375 12.087133407592773
-1093.3509521484375 14.021446228027344
-1091.3526611328125 16.02035140991211
-1089.352783203125 14.03660774230957
-1087.361328125 15.993782997131348
-1085.361572265625 14.038928031921387
-1083.36181640625 12.246068000793457
-1081.3623046875 14.231462478637695
-1079.3624267578125 12.246140480041504
-1077.370849609375 14.22169017791748
-1075.37109375 12.225348472595215
-1073.3760986328125 14.22330379486084
-1071.3763427734375 12.368326187133789
-1069.406982421875 14.365674018859863
-1067.4073486328125 12.722933769226074
-1065.4095458984375 14.722294807434082
-1063.410400390625 12.879809379577637
-1061.42724609375 14.878214836120605
-1059.427978515625 13.143205642700195
-1057.42919921875 15.142420768737793
-1055.43212890625 13.193889617919922
-1053.5828857421875 15.180047035217285
-1051.583251953125 13.329751014709473
-1049.5875244140625 15.320595741271973
-1047.5875244140625 13.785261154174805
-1045.587646484375 11.81704330444336
-1043.607421875 13.814457893371582
-1041.611572265625 15.761486053466797
-1039.6121826171875 13.775884628295898
-1037.647216796875 15.741872787475586
-1035.6484375 13.753788948059082
-1033.656982421875 15.752362251281738
-1031.6580810546875 14.119905471801758
-1029.688720703125 16.089750289916992
-1027.6895751953125 14.120950698852539
-1025.6922607421875 12.144322395324707
-1023.7000122070312 14.137739181518555
-1021.7001953125 12.369623184204102
-1019.7518920898438 14.368409156799316
-1017.751953125 12.392675399780273
-1015.7637939453125 14.38848876953125
-1013.763916015625 12.426323890686035
-1011.7640991210938 10.431114196777344
-1009.771728515625 12.430554389953613
-1007.7763671875 14.42873764038086
-1005.7770385742188 12.483881950378418
-1003.77734375 10.535859107971191
-1001.7839965820312 12.531023979187012
-999.7874145507812 10.554298400878906
-997.7901000976562 12.55246353149414
-995.796630859375 10.58613395690918
-993.8143920898438 12.584220886230469
-991.8145141601562 11.594768524169922
-989.8154296875 9.609017372131348
-987.8344116210938 11.608871459960938
-985.8345336914062 9.621638298034668
-983.8399047851562 11.620394706726074
-981.8399047851562 9.696959495544434
-979.8408813476562 7.708678245544434
-977.8572387695312 9.70645523071289
-976.6792602539062 11.539888381958008
-974.7203979492188 13.494404792785645
-972.720458984375 12.000744819641113
-970.7467041015625 13.996895790100098
-968.7468872070312 12.109297752380371
-966.798095703125 14.103121757507324
-964.7982177734375 12.123541831970215
-962.8048706054688 14.116259574890137
-960.8054809570312 12.136240005493164
-958.8078002929688 14.13585090637207
-956.8079833984375 12.147875785827637
-954.9142456054688 14.137916564941406
-952.9151000976562 12.157732963562012
-950.916748046875 10.263871192932129
-948.987060546875 12.261775970458984
-946.9882202148438 10.27314567565918
-944.9884643554688 12.272526741027832
-942.990966796875 10.292048454284668
-941.1695556640625 12.285928726196289
-939.17138671875 10.440364837646484
-937.1726684570312 12.431727409362793
-935.2310791015625 14.414007186889648
-933.2314453125 12.459988594055176
-931.23583984375 14.454900741577148
-929.2391967773438 12.49985408782959
-927.2716064453125 14.49903392791748
-925.2763671875 12.565204620361328
-923.2781982421875 14.559789657592773
-921.2799072265625 12.561609268188477
-919.2810668945312 10.573005676269531
-917.2835083007812 12.571623802185059
-915.2881469726562 10.584617614746094
-913.294921875 8.713126182556152
-911.2960815429688 6.721375465393066
-909.2974243164062 8.704835891723633
-907.3116455078125 10.672825813293457
-905.3519897460938 12.120515823364258
-903.4007568359375 10.209537506103516
-901.4658203125 12.202470779418945
-899.6287841796875 10.547499656677246
-897.6428833007812 12.294700622558594
-895.6657104492188 10.75267219543457
-893.6909790039062 12.704071044921875
-891.71533203125 10.913440704345703
-889.7177734375 12.159505844116211
-888.0792846679688 10.223901748657227
-886.1183471679688 9.573969841003418
-884.1522827148438 10.815601348876953
-882.44775390625 11.585967063903809
-880.5061645507812 11.352519989013672
-878.7258911132812 12.193784713745117
-877.0670166015625 10.230072021484375
-875.2877807617188 11.372364044189453
-873.30419921875 12.806964874267578
-871.8551025390625 10.81682014465332
-870.17578125 10.072566032409668
-868.278076171875 10.446878433227539
-866.78076171875 11.689787864685059
-864.8910522460938 10.307720184326172
-863.1882934570312 11.189055442810059
-861.30712890625 10.986624717712402
-859.5350952148438 11.007524490356445
-857.7749633789062 9.167067527770996
-857.6122436523438 10.787485122680664
-856.2764282226562 11.286767959594727
-856.0143432617188 12.757657051086426
-855.7864379882812 11.702557563781738
-856.5331420898438 9.971609115600586
-855.2572631835938 9.380106925964355
-854.2877807617188 10.932904243469238
-852.68408203125 11.55955982208252
-852.3709716796875 11.117483139038086
-853.0006713867188 13.020804405212402
-854.9674682617188 11.02473258972168
-855.8726196289062 10.779508590698242
-855.4835815429688 12.536880493164062
-855.6491088867188 13.33629322052002
-857.4799194335938 11.364832878112793
-855.5946044921875 9.912846565246582
-855.2372436523438 11.440766334533691
-853.755126953125 13.301514625549316
-855.6831665039062 11.309846878051758
-854.7918701171875 10.574908256530762
-854.8336791992188 10.876540184020996
-855.04638671875 11.138957977294922
-855.9137573242188 9.979208946228027
-856.536865234375 11.74721908569336
-855.5873413085938 11.150959014892578
-857.2317504882812 11.060093879699707
-856.8515014648438 10.021883010864258
-857.2762451171875 9.92366886138916
-857.7931518554688 9.992037773132324
-857.7098999023438 10.731426239013672
-856.0761108398438 11.284046173095703
-854.5888671875 12.397134780883789
-853.59228515625 10.853120803833008
-853.3905639648438 11.501394271850586
-851.7205200195312 13.03267765045166
-853.6984252929688 11.034881591796875
-855.0830078125 9.595422744750977
-854.0988159179688 9.133525848388672
-852.4535522460938 7.816138744354248
-852.7582397460938 9.684764862060547
-852.1282348632812 10.768386840820312
-850.335693359375 9.26425838470459
-851.6646118164062 10.215364456176758
-852.6698608398438 11.911809921264648
-852.259033203125 11.316834449768066
-853.375732421875 11.549149513244629
-853.83740234375 11.17674446105957
-852.9571533203125 12.293313980102539
-852.9523315429688 13.334478378295898
-854.947265625 12.126116752624512
-853.4160766601562 10.711832046508789
-853.046630859375 11.430747032165527
-854.1536254882812 12.091279983520508
-854.3829956054688 12.041426658630371
-853.7871704101562 10.189517974853516
-852.6747436523438 9.813977241516113
-851.3831176757812 8.50519847869873
-850.0886840820312 10.396478652954102
-850.0357666015625 10.955754280090332
-850.6699829101562 11.739877700805664
-850.665283203125 10.57278823852539
-850.8643798828125 11.807437896728516
-849.6705322265625 13.040029525756836
-851.631591796875 11.057761192321777
-850.9903564453125 10.130924224853516
-849.322265625 11.520865440368652
-848.991455078125 12.443399429321289
-850.815673828125 10.472623825073242
-852.5877685546875 8.788702964782715
-851.882568359375 9.971857070922852
-853.03564453125 11.492923736572266
-854.6759033203125 11.26497745513916
-855.513427734375 12.806415557861328
-855.6592407226562 11.704330444335938
-856.15380859375 10.003979682922363
-854.675537109375 10.87975788116455
-853.7523803710938 12.157151222229004
-853.5003662109375 10.90773868560791
-852.9413452148438 12.493627548217773
-852.528076171875 10.638689041137695
-850.93896484375 12.265426635742188
-852.3450317382812 13.893767356872559
-853.960205078125 11.911295890808105
-853.8265991210938 10.195948600769043
-855.1123657226562 9.836320877075195
-856.5227661132812 8.44242000579834
-855.2719116210938 9.152143478393555
-855.5050048828125 11.105744361877441
-854.3025512695312 10.342611312866211
-852.5830078125 8.597801208496094
-853.2562255859375 8.078980445861816
-851.3632202148438 8.719291687011719
-850.8521118164062 9.617772102355957
-850.1742553710938 11.165706634521484
-850.9425048828125 10.268213272094727
-850.6429443359375 11.45010757446289
-852.2030639648438 10.788067817687988
-853.6843872070312 11.690204620361328
-852.1314697265625 10.787829399108887
-852.2146606445312 10.518115997314453
-850.7314453125 9.648795127868652
-850.7051391601562 10.86463451385498
-849.5282592773438 10.257482528686523
-848.4613037109375 10.031553268432617
-848.1240234375 11.288055419921875
-846.3909912109375 11.18018627166748
-844.770751953125 11.438078880310059
-845.5431518554688 12.675091743469238
-844.2650756835938 10.693902969360352
-842.5921020507812 11.290541648864746
-840.8108520507812 12.264303207397461
-842.7045288085938 10.284193992614746
-841.4251098632812 11.139205932617188
-840.3101196289062 11.832544326782227
-840.9529418945312 9.834464073181152
-840.353515625 10.93138313293457
-838.5845336914062 10.135408401489258
-836.731201171875 8.153047561645508
-834.9329223632812 6.195876598358154
-832.9345703125 4.317547798156738
-834.929931640625 3.1027891635894775
-832.9696655273438 1.2988030910491943
-834.9625244140625 0.22699151933193207
-832.9714965820312 -1.0998560190200806
-834.9678344726562 -2.156151294708252
-833.052490234375 -4.15228271484375
-835.051513671875 -4.9398674964904785
-833.1642456054688 -6.86611270904541
-835.1614379882812 -5.498145580291748
-833.7227783203125 -7.109708309173584
-835.719482421875 -8.590720176696777
-833.77001953125 -10.575446128845215
-835.7610473632812 -11.70360279083252
-833.819580078125 -13.595209121704102
