-1129.022705078125 13.57898998260498
-1127.022705078125 11.578990936279297
-1125.022705078125 13.578593254089355
-1123.022705078125 15.578434944152832
-1121.02294921875 13.578435897827148
-1119.02294921875 11.578463554382324
-1117.02294921875 13.578125953674316
-1115.023681640625 11.578126907348633
-1113.0238037109375 13.577932357788086
-1111.02392578125 11.577933311462402
-1109.02392578125 13.577914237976074
-1107.024169921875 11.577923774719238
-1105.024169921875 13.577569007873535
-1103.0291748046875 11.577580451965332
-1101.029296875 13.574177742004395
-1099.030029296875 11.574180603027344
-1097.030517578125 13.5195951461792
-1095.0345458984375 11.519601821899414
-1093.0345458984375 13.519351959228516
-1091.0352783203125 15.517891883850098
-1089.0384521484375 13.517892837524414
-1087.03857421875 15.508387565612793
-1085.0408935546875 13.50838851928711
-1083.0408935546875 15.507193565368652
-1081.0423583984375 13.507193565368652
-1079.04248046875 15.505444526672363
-1077.051025390625 13.505451202392578
-1075.0511474609375 15.49252986907959
-1073.057373046875 13.49252986907959
-1071.057373046875 15.492036819458008
-1069.0645751953125 13.492037773132324
-1067.06494140625 15.491329193115234
-1065.1541748046875 13.491329193115234
-1063.154296875 15.476823806762695
-1061.1551513671875 13.476824760437012
-1059.1556396484375 15.475308418273926
-1057.15673828125 13.475309371948242
-1055.1575927734375 15.47418212890625
-1053.1697998046875 13.47418212890625
-1051.1700439453125 15.457534790039062
-1049.1710205078125 13.457535743713379
-1047.171142578125 15.445282936096191
-1045.1712646484375 13.445283889770508
-1043.1715087890625 15.434983253479004
-1041.1717529296875 13.435051918029785
-1039.172119140625 15.203413009643555
-1037.1754150390625 13.203452110290527
-1035.1761474609375 15.194692611694336
-1033.1798095703125 13.194695472717285
-1031.181884765625 15.19337272644043
-1029.2974853515625 13.193375587463379
-1027.2977294921875 15.190195083618164
-1025.298095703125 13.190200805664062
-1023.2984008789062 15.187248229980469
-1021.2996826171875 13.187249183654785
-1019.3007202148438 15.177593231201172
-1017.3007202148438 13.177595138549805
-1015.30078125 15.154155731201172
-1013.30078125 13.154156684875488
-1011.3009643554688 11.154169082641602
-1009.3018798828125 13.110729217529297
-1007.302490234375 11.110733032226562
-1005.302490234375 13.079627990722656
-1003.302734375 11.079629898071289
-1001.3027954101562 13.048622131347656
-999.3029174804688 11.048624992370605
-997.3057250976562 13.046298027038574
-995.3119506835938 11.04629898071289
-993.3121337890625 13.033445358276367
-991.3121337890625 11.033446311950684
-989.3121948242188 12.980344772338867
-987.3125610351562 10.980428695678711
-985.3125610351562 8.980432510375977
-983.3125610351562 10.693394660949707
-981.3128051757812 8.693402290344238
-979.3138427734375 10.686483383178711
-977.3142700195312 8.686493873596191
-978.90234375 10.670713424682617
-976.9193115234375 8.672013282775879
-978.1512451171875 10.64887523651123
-976.3501586914062 12.646581649780273
-974.3502807617188 10.646608352661133
-972.3544921875 12.640738487243652
-970.3544921875 14.588361740112305
-968.3555908203125 12.588369369506836
-966.4132080078125 14.528891563415527
-964.413330078125 12.528913497924805
-962.41357421875 14.397860527038574
-960.41357421875 12.397886276245117
-958.4187622070312 14.167967796325684
-956.42041015625 12.168103218078613
-954.42041015625 14.054008483886719
-952.4276733398438 12.054052352905273
-950.434326171875 13.899415016174316
-948.4346923828125 11.899417877197266
-946.4660034179688 9.89946460723877
-945.0614013671875 11.746698379516602
-943.0618286132812 9.746850967407227
-941.394287109375 11.728585243225098
-939.3955078125 13.689785957336426
-937.395751953125 11.689797401428223
-935.3990478515625 13.675699234008789
-933.4005737304688 11.675724983215332
-931.4007568359375 13.641807556152344
-929.4014282226562 11.641819953918457
-927.401611328125 13.592612266540527
-925.4039306640625 11.592634201049805
-923.4055786132812 13.429239273071289
-921.4136962890625 11.429245948791504
-919.4136962890625 12.831229209899902
-917.415771484375 10.831296920776367
-915.5519409179688 8.83134937286377
-913.552001953125 7.0438456535339355
-911.55224609375 5.617519855499268
-909.5523681640625 5.513410568237305
-911.145751953125 3.5375936031341553
-909.1458129882812 2.2845399379730225
-909.7971801757812 0.28800371289253235
-911.24365234375 -1.6636470556259155
-909.2438354492188 -3.6556296348571777
-911.1453857421875 -5.11338996887207
-909.146240234375 -7.106602191925049
-910.5278930664062 -9.051517486572266
-908.5377197265625 -10.996295928955078
-907.286376953125 -12.995980262756348
-908.7102661132812 -14.919106483459473
-908.9215087890625 -16.913549423217773
-910.2102661132812 -18.89402198791504
-912.1879272460938 -20.887601852416992
-911.7012939453125 -22.887481689453125
-913.4880981445312 -24.886585235595703
-911.7797241210938 -26.885412216186523
-911.4842529296875 -28.879465103149414
-912.1185913085938 -30.878341674804688
-911.9794311523438 -32.875831604003906
-912.2283935546875 -34.87242126464844
-912.4137573242188 -36.87042236328125
-913.1235961914062 -38.8520393371582
-911.859130859375 -40.85152053833008
-913.2532348632812 -42.842628479003906
-911.7114868164062 -44.840179443359375
-910.1223754882812 -46.59422302246094
-909.2427368164062 -48.57218551635742
-908.03076171875 -50.560829162597656
-906.8284912109375 -52.293182373046875
-907.0511474609375 -54.27870559692383
-906.3634643554688 -56.27656936645508
-905.3403930664062 -58.27627182006836
-904.7732543945312 -60.27619171142578
-902.8154296875 -61.27973175048828
-900.9318237304688 -61.24677276611328
-898.9356689453125 -61.323062896728516
-896.9954833984375 -61.86096954345703
-895.1061401367188 -60.56072998046875
-893.154296875 -60.19723892211914
-891.2039794921875 -61.83030319213867
-889.4468994140625 -60.03059005737305
-887.4868774414062 -60.18043518066406
-885.6539916992188 -62.095008850097656
-884.081787109375 -60.69145584106445
-882.0979614257812 -61.72609329223633
-881.6131591796875 -62.96204376220703
-879.8380126953125 -61.58003616333008
-878.3540649414062 -61.331329345703125
-879.5230102539062 -62.29061508178711
-877.8269653320312 -63.098854064941406
-876.3275756835938 -64.70565032958984
-874.3385620117188 -62.97269058227539
-872.3893432617188 -61.845680236816406
-870.9656372070312 -61.610958099365234
-869.6741333007812 -60.61570358276367
