-987.9959716796875 -216.2211456298828
-986.3633422851562 -214.22117614746094
-986.1419677734375 -215.9556121826172
-984.4901733398438 -216.1771240234375
-982.903564453125 -217.6135711669922
-981.89697265625 -215.61363220214844
-980.9444580078125 -215.8033905029297
-979.5274047851562 -216.85205078125
-980.2966918945312 -214.8531951904297
-978.6470336914062 -216.72755432128906
-979.5576782226562 -214.72755432128906
-977.61083984375 -216.54669189453125
-976.1324462890625 -218.4462127685547
-976.730712890625 -216.44630432128906
-975.1722412109375 -217.30142211914062
-975.05322265625 -215.301513671875
-973.1475219726562 -217.1927032470703
-972.0576171875 -215.19284057617188
-970.0582885742188 -216.29510498046875
-968.6591186523438 -214.29537963867188
-966.6603393554688 -216.12657165527344
-965.6773681640625 -214.12698364257812
-963.6885986328125 -215.64080810546875
-962.4707641601562 -213.6409149169922
-960.5225830078125 -213.08018493652344
-958.528564453125 -211.3098907470703
-956.5386962890625 -209.361572265625
-954.548095703125 -207.3639678955078
-952.5667114257812 -205.3689727783203
-951.7759399414062 -203.46548461914062
-949.7923583984375 -201.46864318847656
-948.4158935546875 -199.50245666503906
-946.55517578125 -197.503662109375
-946.7537231445312 -195.5041046142578
-948.721923828125 -193.50550842285156
-947.2654418945312 -191.50572204589844
-945.83349609375 -189.50601196289062
-947.821533203125 -187.50607299804688
-947.9732666015625 -185.50787353515625
-948.9180908203125 -183.5081329345703
-948.4375610351562 -181.508544921875
-946.9479370117188 -179.5110626220703
-945.7462768554688 -177.5124053955078
-947.6405639648438 -175.51290893554688
-947.273681640625 -173.51382446289062
-948.45556640625 -171.51394653320312
-948.1351928710938 -169.5175018310547
-947.8896484375 -167.517578125
-949.5473022460938 -165.5511932373047
-948.8916625976562 -163.5631561279297
-950.1347045898438 -161.5645294189453
-951.8511352539062 -159.56463623046875
-953.0464477539062 -157.56480407714844
-952.9127197265625 -155.5653076171875
-954.718017578125 -153.56967163085938
-953.597900390625 -151.57171630859375
-955.0860595703125 -149.5778350830078
-956.1065063476562 -147.5796661376953
-956.5146484375 -145.59706115722656
-956.2598876953125 -143.61756896972656
-957.7870483398438 -141.62242126464844
-958.073974609375 -139.6307373046875
-957.2621459960938 -137.645263671875
-958.8074951171875 -135.64755249023438
-957.8499755859375 -134.56492614746094
-956.9443969726562 -132.5650634765625
-957.4689331054688 -130.56809997558594
-958.9307250976562 -128.5745086669922
-957.4519653320312 -126.57465362548828
-957.1181640625 -124.58894348144531
-958.4033813476562 -124.02957916259766
-957.9614868164062 -122.1489486694336
-956.8983154296875 -120.28921508789062
-956.9801635742188 -118.31096649169922
-957.627197265625 -116.34158325195312
-956.2199096679688 -114.37322998046875
-957.216796875 -112.37468719482422
-957.2520751953125 -110.41236114501953
-958.3831787109375 -108.41598510742188
-956.678955078125 -106.41641998291016
-957.977783203125 -104.41674041748047
-959.8428344726562 -102.42284393310547
-961.6495971679688 -100.423095703125
-963.49560546875 -98.44459533691406
-962.1558227539062 -96.45914459228516
-961.6500244140625 -94.53290557861328
-960.7835083007812 -92.56746673583984
-961.4287719726562 -90.5976791381836
-960.6995239257812 -88.61407470703125
-962.3792724609375 -86.61778259277344
-961.5476684570312 -84.62965393066406
-961.7050170898438 -83.30207824707031
-963.6278076171875 -81.31998443603516
-963.019775390625 -79.33597564697266
-961.284423828125 -77.3894271850586
-961.7017211914062 -75.419189453125
-960.0675659179688 -73.53987884521484
-961.975830078125 -71.80020904541016
-963.8527221679688 -69.90469360351562
-964.6043090820312 -67.96110534667969
-964.1312866210938 -66.02297973632812
-965.779052734375 -64.0352554321289
-967.7298583984375 -62.037139892578125
-969.7173461914062 -60.03721237182617
-971.7149047851562 -58.037261962890625
-973.6810913085938 -56.03731155395508
-975.6707153320312 -54.037384033203125
-977.587890625 -52.0378532409668
-979.5745239257812 -50.03941345214844
-980.8366088867188 -48.40596008300781
-982.6099853515625 -46.459373474121094
-983.9451293945312 -44.47135925292969
-985.30908203125 -42.487648010253906
-986.2868041992188 -40.52437210083008
-985.704833984375 -42.48841094970703
-985.747802734375 -40.5441780090332
-987.6673583984375 -41.89780807495117
-988.4155883789062 -39.994964599609375
-987.954345703125 -41.22439956665039
-986.19677734375 -39.24455642700195
-984.7271728515625 -38.8610954284668
-983.3927001953125 -37.82357406616211
-983.8648681640625 -36.67967987060547
-983.5390625 -35.802337646484375
-983.9600219726562 -33.827030181884766
-982.712890625 -32.76970291137695
-984.3656005859375 -30.942729949951172
-984.7254028320312 -28.99106216430664
-983.5385131835938 -27.8073673248291
-982.1448974609375 -26.167016983032227
-982.9877319335938 -24.368816375732422
-982.3089599609375 -22.511194229125977
-983.4478149414062 -20.727684020996094
-984.042724609375 -18.855520248413086
-985.36865234375 -18.070554733276367
-983.7041015625 -16.398571014404297
-985.1846313476562 -14.712761878967285
-983.737060546875 -12.75406551361084
-984.1257934570312 -10.823637008666992
-982.916748046875 -8.942609786987305
-984.7786254882812 -7.735660076141357
-986.2400512695312 -5.865981578826904
-985.9323120117188 -4.915168762207031
-986.0961303710938 -3.064749240875244
-984.8237915039062 -2.049159049987793
-986.3618774414062 -1.123383641242981
-984.9275512695312 -0.06917034834623337
-986.5131225585938 -0.28548094630241394
-986.3074340820312 -0.594322681427002
-984.5093383789062 -0.06319179385900497
-983.1971435546875 1.0818592309951782
-984.9082641601562 2.750669002532959
-986.6405639648438 4.702916622161865
-988.6381225585938 6.699471473693848
-990.6134643554688 8.698999404907227
-992.5938720703125 10.69862174987793
-994.591064453125 12.698076248168945
-994.928466796875 11.25989818572998
-996.9266357421875 13.255927085876465
-998.5802001953125 11.348182678222656
-1000.568115234375 13.347652435302734
-1002.2498168945312 11.662459373474121
-1004.1668090820312 13.660163879394531
-1005.81884765625 11.70536994934082
-1007.7535400390625 13.70447826385498
-1009.7079467773438 11.753551483154297
-1011.6997680664062 13.753190994262695
-1013.5191040039062 13.570342063903809
-1015.3136596679688 12.239055633544922
-1017.3116455078125 14.237150192260742
-1016.5416870117188 12.926738739013672
-1018.4725952148438 14.925271034240723
-1019.5511474609375 14.180715560913086
-1021.0914916992188 12.42180347442627
-1023.06591796875 14.415276527404785
-1025.02783203125 13.207046508789062
-1026.978271484375 15.20657730102539
-1028.650634765625 13.276955604553223
-1030.650146484375 15.276585578918457
-1031.5225830078125 13.88711166381836
-1033.520751953125 15.886103630065918
-1032.559814453125 13.890327453613281
-1034.4678955078125 15.889972686767578
-1034.946533203125 14.143202781677246
-1036.681884765625 16.14285659790039
-1036.9810791015625 15.608972549438477
-1037.149658203125 13.789460182189941
-1039.146240234375 15.782463073730469
-1040.6878662109375 13.809444427490234
-1042.680908203125 15.797306060791016
-1044.388671875 14.165542602539062
-1046.106689453125 12.528281211853027
-1048.0911865234375 14.516133308410645
-1049.9935302734375 12.805864334106445
-1051.99169921875 14.804550170898438
-1053.5714111328125 12.88548469543457
-1055.5706787109375 14.885072708129883
-1057.1685791015625 12.970773696899414
-1059.093017578125 14.968929290771484
-1060.318603515625 13.176789283752441
-1062.30224609375 15.176435470581055
-1062.2625732421875 13.741772651672363
-1064.252197265625 15.73938274383545
-1065.9935302734375 15.21947956085205
-1067.9329833984375 13.550172805786133
-1069.899169921875 15.549809455871582
-1069.70703125 13.571375846862793
-1071.60205078125 15.550114631652832
-1072.7188720703125 14.191608428955078
-1074.7109375 16.190576553344727
-1076.6107177734375 15.912567138671875
-1078.38720703125 14.13611125946045
-1080.3709716796875 16.10660743713379
-1081.836181640625 14.800607681274414
-1082.4072265625 13.522608757019043
-1084.0201416015625 15.495587348937988
-1085.7191162109375 13.562908172607422
-1087.69287109375 15.557353973388672
-1087.5946044921875 13.79199504852295
-1089.5750732421875 15.749417304992676
-1090.412109375 14.434553146362305
-1092.3614501953125 16.426118850708008
-1093.2530517578125 14.5823335647583
-1095.2493896484375 16.553956985473633
-1096.5875244140625 15.816022872924805
-1097.2244873046875 14.237497329711914
-1098.4625244140625 13.893508911132812
-1100.44189453125 12.796751022338867
-1100.9710693359375 12.776505470275879
-1099.8343505859375 11.321515083312988
-1101.2532958984375 13.321385383605957
-1102.8087158203125 11.499049186706543
-1104.2255859375 13.498808860778809
-1103.4061279296875 11.601164817810059
-1105.394775390625 13.601110458374023
-1107.15771484375 11.673458099365234
-1108.9888916015625 13.66661548614502
-1109.4544677734375 11.70667839050293
-1111.0123291015625 13.690574645996094
-1111.607177734375 11.782529830932617
-1112.9208984375 13.782093048095703
-1114.6065673828125 12.123311996459961
-1116.3731689453125 14.090529441833496
