-991.7908325195312 -216.23654174804688
-993.7614135742188 -214.24200439453125
-995.7156982421875 -216.18173217773438
-997.713623046875 -214.18223571777344
-999.6805419921875 -216.13177490234375
-1001.6799926757812 -214.13900756835938
-1003.6710205078125 -214.7368621826172
-1005.6350708007812 -213.1139678955078
-1007.511474609375 -213.19483947753906
-1009.462890625 -214.6817169189453
-1011.43115234375 -212.6936492919922
-1013.4292602539062 -210.90078735351562
-1014.1713256835938 -211.15628051757812
-1013.8727416992188 -212.07774353027344
-1015.3106079101562 -213.99166870117188
-1017.30615234375 -211.99307250976562
-1019.2369995117188 -213.82083129882812
-1021.2139282226562 -214.61427307128906
-1023.013671875 -215.96775817871094
-1025.000244140625 -213.976318359375
-1026.866455078125 -215.54714965820312
-1028.8638916015625 -214.4862518310547
-1030.84912109375 -215.7574462890625
-1032.63720703125 -213.76046752929688
-1034.47705078125 -212.75938415527344
-1036.468505859375 -214.41842651367188
-1037.7244873046875 -212.83944702148438
-1037.1341552734375 -212.22251892089844
-1038.4893798828125 -213.30142211914062
-1038.873779296875 -214.24008178710938
-1040.4752197265625 -215.774169921875
-1041.54052734375 -216.52357482910156
-1043.0972900390625 -216.56275939941406
-1044.48779296875 -214.7801971435547
-1046.0782470703125 -215.8865509033203
-1047.939208984375 -215.14297485351562
-1049.65771484375 -215.260498046875
-1049.8922119140625 -216.2860107421875
-1051.8421630859375 -217.7288360595703
-1052.346923828125 -215.7300262451172
-1053.5361328125 -214.08175659179688
-1054.6529541015625 -214.1644744873047
-1056.303466796875 -212.26463317871094
-1057.28857421875 -211.63233947753906
-1058.7391357421875 -212.34413146972656
-1060.6781005859375 -211.03089904785156
-1062.6500244140625 -209.1133575439453
-1064.4412841796875 -207.11648559570312
-1062.4482421875 -205.1275634765625
-1064.4119873046875 -203.12893676757812
-1062.4375 -202.0132293701172
-1064.4208984375 -200.01455688476562
-1062.4298095703125 -198.5178680419922
-1064.41064453125 -196.51824951171875
-1062.474853515625 -194.87380981445312
-1064.451171875 -192.87440490722656
-1062.48388671875 -191.00152587890625
-1064.406494140625 -189.00286865234375
-1062.748046875 -187.03253173828125
-1064.74462890625 -185.03680419921875
-1062.8406982421875 -183.35079956054688
-1064.7652587890625 -181.36534118652344
-1062.8271484375 -179.3979034423828
-1064.817626953125 -177.40060424804688
-1062.8358154296875 -176.3934326171875
-1064.7481689453125 -174.40945434570312
-1062.753662109375 -173.17422485351562
-1064.5184326171875 -171.17909240722656
-1062.532958984375 -169.80062866210938
-1064.5145263671875 -167.8069610595703
-1062.5155029296875 -166.22067260742188
-1064.50439453125 -164.27613830566406
-1062.87255859375 -162.68484497070312
-1064.8311767578125 -160.69223022460938
-1066.4927978515625 -158.69630432128906
-1066.01904296875 -156.696533203125
-1067.882568359375 -154.69918823242188
-1069.069091796875 -152.6996307373047
-1071.0225830078125 -150.9408721923828
-1073.0164794921875 -149.0332489013672
-1074.9759521484375 -147.0354461669922
-1073.1683349609375 -145.41226196289062
-1075.1361083984375 -143.7141571044922
-1073.1363525390625 -141.99240112304688
-1075.1357421875 -140.0341339111328
-1073.1395263671875 -138.5391387939453
-1075.12060546875 -136.67359924316406
-1073.1322021484375 -134.75265502929688
-1075.1236572265625 -132.7565155029297
-1073.1265869140625 -130.90919494628906
-1074.9354248046875 -128.9228057861328
-1072.93994140625 -126.96839141845703
-1074.935546875 -124.99999237060547
-1072.9371337890625 -123.08912658691406
-1074.892333984375 -121.09751892089844
-1072.8924560546875 -119.71629333496094
-1074.85546875 -117.75751495361328
-1072.8685302734375 -115.87442779541016
-1074.8380126953125 -113.92164611816406
-1075.0032958984375 -111.9447250366211
-1076.1646728515625 -109.94556427001953
-1078.140380859375 -109.40748596191406
-1080.097900390625 -111.1631088256836
-1082.080322265625 -109.16358184814453
-1083.5162353515625 -107.7347183227539
-1085.2830810546875 -109.39065551757812
-1087.1956787109375 -108.85331726074219
-1089.0643310546875 -109.79512023925781
-1090.9149169921875 -107.81777954101562
-1092.8956298828125 -106.5608139038086
-1094.6435546875 -106.87162017822266
-1096.61767578125 -106.212158203125
-1098.5819091796875 -104.7110366821289
-1100.5650634765625 -102.7140121459961
-1101.91650390625 -101.69926452636719
-1100.02978515625 -102.28587341308594
-1098.3929443359375 -101.52613830566406
-1096.422119140625 -99.598876953125
-1098.3912353515625 -97.60549926757812
-1096.394775390625 -96.1066665649414
-1098.354736328125 -94.11026763916016
-1096.3563232421875 -92.11661529541016
-1098.3548583984375 -90.15637969970703
-1096.4110107421875 -88.58965301513672
-1098.41064453125 -86.59117889404297
-1096.41357421875 -84.90186309814453
-1098.4129638671875 -82.91376495361328
-1096.4132080078125 -81.19827270507812
-1098.4129638671875 -79.22012329101562
-1096.5841064453125 -77.22402954101562
-1098.580810546875 -75.24153137207031
-1096.58984375 -73.7131576538086
-1098.586669921875 -71.81932067871094
-1096.593017578125 -69.95092010498047
-1094.724365234375 -68.15526580810547
-1096.7236328125 -66.1606216430664
-1094.7303466796875 -64.98722076416016
-1096.7247314453125 -62.99815368652344
-1094.731201171875 -61.022705078125
-1096.731201171875 -59.25347900390625
-1094.735107421875 -59.6779670715332
-1096.7327880859375 -57.741111755371094
-1094.7342529296875 -55.787357330322266
-1096.7308349609375 -53.791358947753906
-1097.191650390625 -51.7932243347168
-1096.1483154296875 -49.80113983154297
-1094.696044921875 -47.80974197387695
-1096.6304931640625 -47.6626091003418
-1096.3355712890625 -46.98597717285156
-1094.3919677734375 -46.76811981201172
-1096.39111328125 -44.941978454589844
-1094.4383544921875 -44.699302673339844
-1096.3748779296875 -42.727294921875
-1094.3876953125 -41.24992370605469
-1096.386962890625 -39.43056106567383
-1094.4093017578125 -37.93356704711914
-1096.4075927734375 -36.097721099853516
-1094.4720458984375 -34.26350784301758
-1096.4610595703125 -32.28196716308594
-1094.4647216796875 -30.945165634155273
-1096.4635009765625 -29.049057006835938
-1094.4727783203125 -28.300081253051758
-1096.447998046875 -26.4853572845459
-1094.5211181640625 -24.741249084472656
-1096.5166015625 -22.874380111694336
-1094.5615234375 -21.79375648498535
-1096.5577392578125 -20.032560348510742
-1098.52734375 -19.182708740234375
-1098.4383544921875 -17.34964370727539
-1099.5035400390625 -15.408543586730957
-1101.495361328125 -13.43784236907959
-1099.5643310546875 -11.811773300170898
-1101.5640869140625 -10.238483428955078
-1099.5965576171875 -10.978047370910645
-1101.541748046875 -9.185221672058105
-1099.593994140625 -9.514863967895508
-1101.5931396484375 -8.030390739440918
-1099.60302734375 -9.99216365814209
-1101.2305908203125 -8.308732032775879
-1100.237548828125 -9.530001640319824
-1099.8792724609375 -8.232585906982422
-1098.5975341796875 -7.485492706298828
-1100.3585205078125 -5.499505519866943
-1098.516357421875 -5.451651573181152
-1100.501708984375 -3.756455659866333
-1098.525390625 -3.162959098815918
-1100.37548828125 -1.3891007900238037
-1098.7862548828125 -2.3772268295288086
-1100.2471923828125 -0.7242697477340698
-1098.802734375 -1.9311771392822266
-1100.756103515625 -0.45208799839019775
-1098.7794189453125 -1.5236231088638306
-1100.75244140625 -0.02392732724547386
-1098.917724609375 1.7593821287155151
-1099.2861328125 2.590696096420288
-1097.4075927734375 0.7953513860702515
-1099.403076171875 2.5865073204040527
-1097.6339111328125 3.8020431995391846
-1099.619140625 4.937591552734375
-1097.6356201171875 4.225879669189453
-1099.5484619140625 4.834884166717529
-1097.601806640625 4.273015975952148
-1099.598388671875 4.45229959487915
-1098.01220703125 5.05381441116333
-1099.9996337890625 5.737459182739258
-1099.6495361328125 4.544229507446289
-1097.74658203125 5.722499370574951
-1099.73388671875 5.854222774505615
-1097.74755859375 6.539309501647949
-1099.7430419921875 4.624251842498779
-1097.8983154296875 3.650440216064453
-1099.8421630859375 2.8258392810821533
-1097.858154296875 4.337898254394531
-1099.3795166015625 6.110053062438965
-1097.3846435546875 6.0909624099731445
-1099.3751220703125 7.080002307891846
-1097.7349853515625 8.315710067749023
-1099.73388671875 7.785133361816406
-1099.17236328125 7.482348442077637
-1098.56201171875 7.8702239990234375
-1100.5604248046875 7.082684516906738
-1098.62890625 5.985000133514404
-1100.6068115234375 6.8357415199279785
-1098.71142578125 7.745667934417725
-1100.7027587890625 6.432873249053955
-1098.8919677734375 7.256344795227051
-1097.0555419921875 9.127983093261719
-1099.0548095703125 9.191411972045898
-1099.915283203125 10.64710807800293
-1100.9105224609375 12.522236824035645
-1102.4129638671875 11.046347618103027
-1104.009765625 12.871672630310059
-1102.3148193359375 10.899402618408203
-1104.193115234375 9.937976837158203
-1105.9591064453125 10.877920150756836
-1107.9532470703125 12.549181938171387
-1109.9478759765625 14.252643585205078
-1111.0311279296875 12.261664390563965
-1113.0244140625 13.937320709228516
-1114.3712158203125 11.942773818969727
-1116.363525390625 12.309572219848633
