-991.6052856445312 -213.7903594970703
-993.5916748046875 -214.7665252685547
-995.518310546875 -214.42869567871094
-997.0137329101562 -213.53065490722656
-998.897705078125 -214.8462677001953
-1000.494140625 -214.2185516357422
-1001.531005859375 -215.48731994628906
-1002.3408813476562 -217.2505645751953
-1004.3152465820312 -215.25059509277344
-1006.2740478515625 -213.2506103515625
-1006.8831176757812 -211.81866455078125
-1007.7061767578125 -211.6421356201172
-1009.5807495117188 -210.82742309570312
-1011.5729370117188 -209.4027557373047
-1013.5609130859375 -207.46339416503906
-1011.5609130859375 -205.4693145751953
-1013.5609130859375 -203.47274780273438
-1011.5625610351562 -201.48089599609375
-1013.5625610351562 -199.48106384277344
-1011.5626220703125 -197.4832763671875
-1013.5623168945312 -195.72412109375
-1011.5623779296875 -193.72848510742188
-1013.5620727539062 -191.7471923828125
-1011.562255859375 -189.92608642578125
-1013.5621948242188 -187.95947265625
-1015.5621337890625 -185.96145629882812
-1013.5621948242188 -183.96595764160156
-1011.5623779296875 -182.16622924804688
-1013.5623779296875 -180.1749267578125
-1011.5628662109375 -178.18118286132812
-1013.5628051757812 -176.181640625
-1011.5631713867188 -174.18751525878906
-1013.5630493164062 -172.18812561035156
-1011.5643310546875 -170.18919372558594
-1013.5643310546875 -168.19480895996094
-1011.5646362304688 -166.32525634765625
-1013.5646362304688 -164.34165954589844
-1011.56494140625 -162.35501098632812
-1013.5648803710938 -160.4193878173828
-1013.1889038085938 -158.41957092285156
-1015.1889038085938 -156.54771423339844
-1017.1864013671875 -154.5478057861328
-1019.1312866210938 -152.5486602783203
-1020.8944702148438 -154.456298828125
-1022.8806762695312 -152.4563446044922
-1024.162841796875 -153.9503936767578
-1024.4713134765625 -155.24693298339844
-1026.446044921875 -153.2471160888672
-1026.6630859375 -154.3184814453125
-1028.6578369140625 -152.3223419189453
-1030.04052734375 -153.9322967529297
-1031.7501220703125 -154.37672424316406
-1033.662841796875 -155.8206024169922
-1035.6497802734375 -153.82069396972656
-1037.3572998046875 -155.51904296875
-1039.3448486328125 -153.5192108154297
-1039.8809814453125 -153.91188049316406
-1041.2838134765625 -153.90579223632812
-1043.0487060546875 -155.52565002441406
-1045.0303955078125 -153.52610778808594
-1046.8939208984375 -153.02859497070312
-1048.37841796875 -154.44161987304688
-1049.857177734375 -152.441650390625
-1050.3515625 -153.5828399658203
-1052.016357421875 -151.58291625976562
-1051.2109375 -152.2515869140625
-1053.1102294921875 -154.01300048828125
-1055.0589599609375 -152.01307678222656
-1056.2738037109375 -152.6266632080078
-1057.5694580078125 -151.5858154296875
-1059.4146728515625 -152.68606567382812
-1061.295654296875 -152.76141357421875
-1060.02880859375 -154.105224609375
-1061.99462890625 -152.10525512695312
-1063.252197265625 -153.24171447753906
-1063.5472412109375 -152.8065185546875
-1065.543701171875 -153.3355255126953
-1067.497314453125 -154.3636016845703
-1069.1595458984375 -152.36366271972656
-1071.134765625 -152.79177856445312
-1072.9033203125 -150.79200744628906
-1074.9005126953125 -148.794189453125
-1072.9010009765625 -147.48826599121094
-1074.803466796875 -147.4678955078125
-1072.803466796875 -145.8292694091797
-1074.766845703125 -144.16134643554688
-1072.766845703125 -142.2039031982422
-1074.7667236328125 -140.25816345214844
-1072.7667236328125 -138.3226776123047
-1074.7666015625 -136.32286071777344
-1072.7666015625 -134.39111328125
-1074.7666015625 -132.3942413330078
-1072.7666015625 -130.40611267089844
-1074.766357421875 -128.40640258789062
-1072.7664794921875 -126.40994262695312
-1074.766357421875 -124.41411590576172
-1072.766357421875 -122.426025390625
-1074.766357421875 -120.45793151855469
-1072.766357421875 -118.46267700195312
-1074.766357421875 -116.46322631835938
-1072.7664794921875 -114.46572875976562
-1074.764892578125 -112.46582794189453
-1076.5955810546875 -110.46604919433594
-1078.2198486328125 -109.73271179199219
-1079.7930908203125 -109.06475830078125
-1080.981689453125 -107.11087036132812
-1079.6590576171875 -107.41233825683594
-1079.6671142578125 -108.00970458984375
-1080.8753662109375 -108.57921600341797
-1082.1044921875 -108.28760528564453
-1083.61669921875 -108.05674743652344
-1084.623046875 -108.01860809326172
-1086.5614013671875 -108.01545715332031
-1088.4290771484375 -109.58509063720703
-1089.93896484375 -110.67072296142578
-1091.850341796875 -108.6707763671875
-1093.5882568359375 -107.21269989013672
-1094.771484375 -105.74942779541016
-1096.7291259765625 -104.83180236816406
-1098.728271484375 -102.86234283447266
-1096.7286376953125 -101.3886947631836
-1098.7286376953125 -99.39509582519531
-1096.72900390625 -97.40727996826172
-1098.72900390625 -95.40966796875
-1096.72900390625 -93.40998840332031
-1098.728271484375 -91.41184997558594
-1096.7286376953125 -89.41267395019531
-1098.7286376953125 -87.45450592041016
-1096.7286376953125 -85.45579528808594
-1098.7286376953125 -83.4618148803711
-1096.7286376953125 -81.46451568603516
-1098.7283935546875 -79.46656036376953
-1096.7412109375 -77.46690368652344
-1098.7412109375 -75.48145294189453
-1096.7413330078125 -73.50215148925781
-1098.7412109375 -71.50670623779297
-1096.742919921875 -69.54275512695312
-1094.7513427734375 -67.58795928955078
-1096.7509765625 -65.591796875
-1094.771240234375 -63.59674072265625
-1096.771240234375 -61.615760803222656
-1094.7720947265625 -59.62650680541992
-1096.7720947265625 -57.62716293334961
-1094.8045654296875 -55.63380432128906
-1096.8043212890625 -53.64398956298828
-1096.0042724609375 -51.64417266845703
-1096.6962890625 -49.64479446411133
-1098.2041015625 -47.64762878417969
-1097.5028076171875 -46.06561279296875
-1095.5604248046875 -44.65632629394531
-1094.1480712890625 -43.05472946166992
-1096.1480712890625 -41.07109832763672
-1094.1513671875 -39.085044860839844
-1096.1512451171875 -37.10366439819336
-1095.1871337890625 -35.11474609375
-1097.1871337890625 -33.13228225708008
-1095.301513671875 -31.170244216918945
-1097.301513671875 -29.30194091796875
-1095.3360595703125 -27.306461334228516
-1097.3359375 -25.307453155517578
-1095.4132080078125 -23.429597854614258
-1097.4129638671875 -21.741037368774414
-1098.1571044921875 -19.742856979370117
-1099.807373046875 -17.792068481445312
-1101.8001708984375 -15.806380271911621
-1101.5609130859375 -16.506336212158203
-1103.529541015625 -14.539473533630371
-1102.5870361328125 -12.589061737060547
-1103.0006103515625 -10.759531021118164
-1103.43310546875 -9.67404842376709
-1103.649169921875 -7.91954231262207
-1103.62158203125 -6.537066459655762
-1101.6617431640625 -4.856712341308594
-1102.521484375 -2.9114177227020264
-1101.021484375 -1.3858305215835571
-1102.5845947265625 -0.12952710688114166
-1101.2056884765625 0.8413237929344177
-1102.67822265625 1.3204940557479858
-1104.46337890625 2.123396635055542
-1106.239013671875 2.5821146965026855
-1104.7559814453125 3.2960519790649414
-1102.8431396484375 1.437057375907898
-1103.606689453125 2.985172748565674
-1102.935791015625 4.249545574188232
-1104.594482421875 3.4788219928741455
-1103.3271484375 5.071720600128174
-1105.27587890625 6.585700511932373
-1106.559326171875 7.140510082244873
-1108.5384521484375 9.119915008544922
-1110.5379638671875 11.102716445922852
-1112.5379638671875 12.799403190612793
-1114.5379638671875 11.148965835571289
-1116.537353515625 11.616297721862793
