-991.2218017578125 -213.97288513183594
-992.7102661132812 -215.84292602539062
-992.8973388671875 -213.84307861328125
-990.9473876953125 -214.09970092773438
-992.619140625 -213.50326538085938
-990.6429443359375 -215.3945770263672
-992.454833984375 -217.1922607421875
-991.9764404296875 -215.19235229492188
-990.0584716796875 -215.914794921875
-989.011962890625 -213.91751098632812
-989.1477661132812 -215.0039825439453
-989.927978515625 -214.0113525390625
-989.5060424804688 -214.51869201660156
-987.6140747070312 -216.21932983398438
-987.6469116210938 -214.21934509277344
-985.7515869140625 -216.0568084716797
-983.8485107421875 -217.64064025878906
-983.0313110351562 -215.6409912109375
-983.9556884765625 -217.0796356201172
-982.7144775390625 -215.08067321777344
-981.8865966796875 -216.09764099121094
-982.2794799804688 -218.06622314453125
-980.5205078125 -216.0662841796875
-980.4296264648438 -217.94631958007812
-981.953369140625 -215.94650268554688
-982.694091796875 -217.79583740234375
-981.0184326171875 -215.79603576660156
-980.0305786132812 -217.78799438476562
-978.6492309570312 -215.78857421875
-977.9769897460938 -216.6444549560547
-976.40576171875 -214.644775390625
-974.4381713867188 -214.1358642578125
-972.4461669921875 -212.26068115234375
-970.4494018554688 -210.30712890625
-968.4501342773438 -208.33277893066406
-966.4507446289062 -206.41224670410156
-964.4566040039062 -204.46946716308594
-962.4608764648438 -202.47720336914062
-960.4609375 -200.4788055419922
-958.46142578125 -198.5092315673828
-956.4633178710938 -196.51414489746094
-954.7587280273438 -194.5144805908203
-952.7611083984375 -192.5145721435547
-950.7926635742188 -190.5146942138672
-948.8211059570312 -188.5147705078125
-947.5667114257812 -186.5148162841797
-945.622802734375 -184.5148468017578
-947.5155639648438 -182.5171356201172
-945.5178833007812 -180.52027893066406
-947.3675537109375 -178.52456665039062
-946.1950073242188 -176.5248565673828
-948.1115112304688 -174.531494140625
-946.1175537109375 -172.53155517578125
-948.0479736328125 -170.53175354003906
-946.415771484375 -168.53176879882812
-948.3385620117188 -166.53855895996094
-948.1967163085938 -164.5386962890625
-948.2449951171875 -162.5386962890625
-947.0371704101562 -160.53884887695312
-948.2006225585938 -158.53903198242188
-946.2186889648438 -156.5391387939453
-948.2138061523438 -154.5412139892578
-947.9165649414062 -152.54127502441406
-946.0979614257812 -150.54129028320312
-948.0844116210938 -148.55453491210938
-946.1495971679688 -146.55455017089844
-947.8272094726562 -144.55743408203125
-947.5076293945312 -142.55746459960938
-947.61474609375 -140.5577392578125
-946.554443359375 -138.55776977539062
-946.4848022460938 -136.55780029296875
-947.6416015625 -134.55780029296875
-946.0081787109375 -132.55784606933594
-948.006103515625 -130.55796813964844
-949.3638305664062 -128.5580596923828
-948.935546875 -126.55809020996094
-949.1367797851562 -124.55809020996094
-947.2824096679688 -122.5583724975586
-945.6603393554688 -120.55843353271484
-947.6498413085938 -118.56076049804688
-946.773681640625 -116.5607681274414
-948.0299072265625 -114.5607681274414
-946.5408325195312 -112.560791015625
-945.1880493164062 -110.56079864501953
-947.1866455078125 -108.56167602539062
-947.9794921875 -106.56168365478516
-949.7503051757812 -104.56168365478516
-951.6060180664062 -102.56168365478516
-952.4451293945312 -100.56168365478516
-950.9629516601562 -98.56173706054688
-952.4109497070312 -96.5617446899414
-952.3709106445312 -94.5617446899414
-952.1016845703125 -92.56175231933594
-952.21533203125 -90.56185913085938
-953.3178100585938 -88.5618896484375
-951.580322265625 -86.5618896484375
-951.5419311523438 -84.56195831298828
-953.3718872070312 -82.56199645996094
-953.5685424804688 -80.56211853027344
-953.93798828125 -78.56212615966797
-952.73779296875 -76.56212615966797
-953.2586059570312 -74.56212615966797
-951.9700927734375 -72.56214904785156
-953.7748413085938 -70.56214904785156
-953.4649047851562 -68.56222534179688
-955.462890625 -70.41617584228516
-955.6361694335938 -68.41622161865234
-953.989013671875 -66.41642761230469
-955.983642578125 -68.14879608154297
-954.9178466796875 -66.14884948730469
-956.912841796875 -67.29106903076172
-956.3084106445312 -65.29112243652344
-958.2150268554688 -67.25856018066406
-956.3282470703125 -65.2585678100586
-958.255615234375 -67.20014953613281
-956.380859375 -65.20014953613281
-958.2435302734375 -67.11272430419922
-956.7476806640625 -65.11273193359375
-958.7105712890625 -66.85537719726562
-958.2686767578125 -64.85538482666016
-960.2097778320312 -66.38663482666016
-961.2381591796875 -64.38664245605469
-959.5003662109375 -62.38664627075195
-961.486572265625 -64.09187316894531
-959.9151611328125 -62.09187316894531
-961.9099731445312 -63.95869827270508
-960.02001953125 -61.958702087402344
-962.0172729492188 -63.94071960449219
-960.6995239257812 -61.94071960449219
-962.6987915039062 -63.73662185668945
-960.9719848632812 -61.73662185668945
-962.9695434570312 -62.95241928100586
-964.5864868164062 -60.95241928100586
-966.4739990234375 -58.952423095703125
-968.4532470703125 -60.918296813964844
-970.4481201171875 -58.91830062866211
-972.4371337890625 -56.91830062866211
-974.4261474609375 -54.91830062866211
-976.4237060546875 -52.91831970214844
-978.4071044921875 -50.9183235168457
-977.530517578125 -48.918548583984375
-976.56005859375 -46.91865921020508
-978.5598754882812 -44.92429733276367
-977.3365478515625 -42.92436599731445
-979.1808471679688 -40.92584228515625
-977.9483642578125 -38.928192138671875
-975.96484375 -36.92842483520508
-977.9642944335938 -34.933349609375
-976.3657836914062 -32.93363952636719
-974.57470703125 -30.933969497680664
-976.5733642578125 -29.004369735717773
-978.0000610351562 -27.004756927490234
-977.741943359375 -25.005617141723633
-979.7395629882812 -26.999656677246094
-977.8108520507812 -24.999797821044922
-979.810302734375 -26.736698150634766
-978.1105346679688 -24.73781394958496
-980.1005859375 -26.714841842651367
-978.1084594726562 -24.722272872924805
-980.1080932617188 -26.600143432617188
-978.157958984375 -24.600357055664062
-980.156005859375 -26.59004783630371
-978.3855590820312 -24.590816497802734
-977.3673095703125 -22.591487884521484
-979.3662109375 -24.573518753051758
-979.40771484375 -22.59798812866211
-977.8917846679688 -20.59825897216797
-979.8558349609375 -21.730491638183594
-978.6972045898438 -19.732786178588867
-980.697021484375 -18.5739803314209
-982.685546875 -20.54221534729004
-980.69970703125 -18.543102264404297
-982.6990966796875 -19.85369110107422
-980.7832641601562 -17.855388641357422
-982.780517578125 -19.83176612854004
-980.7929077148438 -17.83252716064453
-982.7926025390625 -19.785099029541016
-980.7947387695312 -17.785383224487305
-982.7933959960938 -19.77484703063965
-982.5883178710938 -17.775583267211914
-980.6148681640625 -15.776185989379883
-982.6124267578125 -17.740676879882812
-980.9762573242188 -15.741025924682617
-982.9761352539062 -17.620426177978516
-981.0540161132812 -15.620838165283203
-983.0521850585938 -17.45695686340332
-981.19775390625 -15.461527824401855
-983.1942749023438 -16.99222183227539
-981.2024536132812 -14.992368698120117
-983.2009887695312 -16.89444923400879
-982.0084228515625 -14.900701522827148
-983.9982299804688 -16.768234252929688
-982.00439453125 -14.76836109161377
-983.9910278320312 -16.400686264038086
-982.0244750976562 -14.404886245727539
-984.0204467773438 -16.02817153930664
-982.1619262695312 -14.028270721435547
-984.1577758789062 -14.051669120788574
-982.1847534179688 -12.053388595581055
-984.1840209960938 -10.067374229431152
-982.4387817382812 -8.067901611328125
-984.4383544921875 -6.0690460205078125
-983.1495361328125 -4.074076175689697
-981.156005859375 -2.082165241241455
-983.150146484375 -0.17367088794708252
-982.2023315429688 1.822860836982727
-984.1995239257812 3.822662830352783
-982.3226318359375 5.822643280029297
-984.3224487304688 7.8226189613342285
-986.2398071289062 9.822616577148438
-988.2029418945312 11.822616577148438
-990.1839599609375 10.211172103881836
-992.1834106445312 12.21117115020752
-994.16552734375 10.417817115783691
-996.1517944335938 12.417816162109375
-998.150146484375 10.527961730957031
-1000.1488037109375 12.527961730957031
-1002.1069946289062 10.552234649658203
-1004.0899047851562 12.552227973937988
-1006.0884399414062 10.554187774658203
-1008.0810546875 12.55418586730957
-1010.0750122070312 10.57547664642334
-1012.039794921875 12.57546329498291
-1014.0366821289062 10.61427116394043
-1015.818603515625 12.61427116394043
-1017.8113403320312 14.614270210266113
-1019.8045043945312 12.770578384399414
-1021.802001953125 14.770578384399414
-1023.7847290039062 12.7990140914917
-1025.782470703125 14.798989295959473
-1027.7789306640625 12.895395278930664
-1029.7681884765625 14.895389556884766
-1031.7652587890625 12.898513793945312
-1033.7646484375 14.8985013961792
-1035.7635498046875 12.996296882629395
-1037.7548828125 14.996236801147461
-1039.7451171875 16.995105743408203
-1040.904052734375 15.417043685913086
-1042.885498046875 13.503815650939941
-1044.7958984375 15.503786087036133
-1046.76123046875 13.96786880493164
-1048.728271484375 11.96975040435791
-1050.7254638671875 13.969730377197266
-1052.721923828125 12.095914840698242
-1054.7198486328125 14.095234870910645
-1056.7193603515625 12.10637092590332
-1058.694580078125 14.106253623962402
-1060.5372314453125 12.110249519348145
-1062.516357421875 14.110243797302246
-1064.5137939453125 12.131815910339355
-1066.4844970703125 14.131715774536133
-1068.48388671875 13.41626262664795
-1070.4783935546875 15.416196823120117
-1072.476318359375 13.601710319519043
-1074.4586181640625 15.597487449645996
-1076.3701171875 13.600248336791992
-1078.368408203125 15.600114822387695
-1080.3590087890625 13.611838340759277
-1082.3585205078125 15.611769676208496
-1084.3541259765625 13.627914428710938
-1086.3538818359375 15.627808570861816
-1088.350341796875 13.6659574508667
-1090.3094482421875 15.665396690368652
-1092.303466796875 13.668291091918945
-1094.30029296875 15.641681671142578
-1096.165283203125 14.397415161132812
-1098.1231689453125 12.412301063537598
-1100.1119384765625 10.413338661193848
-1102.031494140625 12.41330623626709
-1104.0147705078125 10.516573905944824
-1106.0079345703125 12.513284683227539
-1107.701416015625 14.51259708404541
-1109.6427001953125 12.516335487365723
-1111.5853271484375 14.516152381896973
-1113.441162109375 12.516427040100098
-1115.3421630859375 14.51426887512207
