-991.7901611328125 -216.35986328125
-993.7340698242188 -214.35987854003906
-995.651123046875 -216.23001098632812
-995.1869506835938 -214.23001098632812
-997.186279296875 -213.32920837402344
-999.1834716796875 -214.52674865722656
-1001.182373046875 -213.7586669921875
-1003.1796264648438 -213.8876495361328
-1005.1510620117188 -215.4210968017578
-1007.04541015625 -213.42112731933594
-1009.0438842773438 -212.67652893066406
-1011.043212890625 -210.9622802734375
-1013.0431518554688 -208.9833984375
-1015.0431518554688 -206.9849090576172
-1013.2105102539062 -206.07003784179688
-1011.2457275390625 -204.35426330566406
-1013.2457275390625 -202.3556365966797
-1011.2481079101562 -200.71641540527344
-1013.248046875 -198.7273712158203
-1015.248046875 -196.7296600341797
-1014.168701171875 -196.9359893798828
-1012.2088623046875 -197.4842071533203
-1014.2088012695312 -195.485595703125
-1012.2213134765625 -195.4875946044922
-1014.2213134765625 -193.5448455810547
-1012.4840698242188 -194.95909118652344
-1014.4840698242188 -192.9595489501953
-1013.283447265625 -193.5049591064453
-1015.283447265625 -191.5050048828125
-1014.2603149414062 -190.6130828857422
-1012.2840576171875 -189.74658203125
-1014.2840576171875 -187.7783966064453
-1012.3148193359375 -185.88108825683594
-1014.3148193359375 -183.8828582763672
-1012.557373046875 -184.80447387695312
-1014.5565185546875 -182.8086395263672
-1012.9358520507812 -184.57496643066406
-1014.935791015625 -182.57591247558594
-1013.1243896484375 -183.136962890625
-1011.2022094726562 -182.2174835205078
-1013.2020874023438 -180.21849060058594
-1011.219482421875 -180.11524963378906
-1013.219482421875 -178.11598205566406
-1011.2196655273438 -176.44558715820312
-1013.2196044921875 -174.44842529296875
-1011.2318725585938 -172.69595336914062
-1013.2318115234375 -170.6962890625
-1011.2333374023438 -170.99722290039062
-1013.2332763671875 -169.01194763183594
-1011.2958374023438 -167.50135803222656
-1013.2957763671875 -165.50860595703125
-1011.2977905273438 -163.54481506347656
-1013.2977294921875 -161.5548095703125
-1011.3041381835938 -159.55780029296875
-1013.303955078125 -157.59616088867188
-1015.3037719726562 -155.5986328125
-1016.5989379882812 -153.59878540039062
-1018.5004272460938 -155.5279541015625
-1019.8885498046875 -153.5281524658203
-1021.7149047851562 -155.49032592773438
-1020.1748046875 -153.4904022216797
-1022.0941162109375 -155.3798828125
-1021.3999633789062 -153.3798828125
-1023.3718872070312 -155.1348876953125
-1024.8594970703125 -153.13511657714844
-1026.8480224609375 -154.80577087402344
-1026.121826171875 -152.80618286132812
-1028.0699462890625 -154.777099609375
-1029.9886474609375 -152.77713012695312
-1031.91455078125 -154.4429931640625
-1033.811279296875 -156.18417358398438
-1035.3759765625 -154.18417358398438
-1037.3709716796875 -152.79803466796875
-1038.6751708984375 -152.73284912109375
-1040.6539306640625 -152.0384063720703
-1042.41845703125 -153.62176513671875
-1044.4144287109375 -154.4613800048828
-1043.327392578125 -152.46139526367188
-1045.3116455078125 -151.2218017578125
-1047.2705078125 -153.19151306152344
-1049.2603759765625 -152.9105224609375
-1051.2169189453125 -152.46017456054688
-1053.146484375 -152.23330688476562
-1055.098876953125 -150.32516479492188
-1056.873291015625 -148.98959350585938
-1058.662353515625 -150.75079345703125
-1060.6441650390625 -151.4927978515625
-1062.5247802734375 -152.0373077392578
-1064.2945556640625 -150.10943603515625
-1066.283203125 -148.76837158203125
-1068.2633056640625 -146.80911254882812
-1070.262939453125 -144.8204803466797
-1072.2625732421875 -142.8212432861328
-1074.2625732421875 -140.8227081298828
-1076.262451171875 -138.82273864746094
-1074.262451171875 -136.86618041992188
-1076.262451171875 -134.8662567138672
-1074.262451171875 -133.63267517089844
-1076.2623291015625 -131.63282775878906
-1074.2623291015625 -129.82765197753906
-1076.2623291015625 -127.82774353027344
-1074.2623291015625 -126.13227081298828
-1076.2623291015625 -124.1324462890625
-1074.2623291015625 -122.21198272705078
-1076.2623291015625 -120.2120361328125
-1074.2623291015625 -121.147216796875
-1076.2623291015625 -119.14725494384766
-1074.2623291015625 -117.61949157714844
-1076.26220703125 -115.61952209472656
-1074.2623291015625 -113.62374114990234
-1072.2628173828125 -111.62421417236328
-1072.2232666015625 -109.6246337890625
-1074.0570068359375 -108.18600463867188
-1075.5611572265625 -106.44499969482422
-1077.47314453125 -104.86196899414062
-1075.7762451171875 -106.40314483642578
-1077.553955078125 -104.74085998535156
-1078.881103515625 -104.98760986328125
-1078.7596435546875 -106.75602722167969
-1077.4815673828125 -108.171630859375
-1079.34521484375 -107.90367126464844
-1080.9930419921875 -107.76570892333984
-1080.156005859375 -106.39480590820312
-1081.73388671875 -107.06765747070312
-1083.689208984375 -107.45932006835938
-1082.357421875 -105.9124984741211
-1081.96630859375 -105.03499603271484
-1082.4476318359375 -105.77194213867188
-1084.0706787109375 -105.65284729003906
-1085.2381591796875 -105.06196594238281
-1085.8548583984375 -104.61622619628906
-1084.56884765625 -102.8066177368164
-1084.318115234375 -103.88185119628906
-1083.442626953125 -104.8100357055664
-1083.5899658203125 -105.33300018310547
-1085.4088134765625 -103.71694946289062
-1087.057861328125 -102.87451171875
-1087.271240234375 -103.43547821044922
-1086.3311767578125 -103.11483001708984
-1087.906494140625 -103.92060089111328
-1087.978271484375 -103.59601593017578
-1086.835205078125 -103.24134063720703
-1087.6014404296875 -104.814697265625
-1086.517333984375 -106.4872817993164
-1088.36083984375 -107.5111312866211
-1089.9857177734375 -107.41026306152344
-1091.0496826171875 -105.78302001953125
-1092.8350830078125 -105.02645111083984
-1094.8314208984375 -103.41561889648438
-1096.8304443359375 -101.41583251953125
-1098.830322265625 -99.41583251953125
-1096.830322265625 -97.4195785522461
-1098.830078125 -95.4195785522461
-1096.830078125 -93.43439483642578
-1098.8299560546875 -91.43444061279297
-1096.8299560546875 -89.52310943603516
-1098.8299560546875 -87.5231704711914
-1096.8299560546875 -86.26139831542969
-1098.8299560546875 -84.26139831542969
-1096.8302001953125 -82.37779998779297
-1098.8299560546875 -80.37787628173828
-1096.8299560546875 -78.39183044433594
-1098.82958984375 -76.39190673828125
-1096.83447265625 -74.39205932617188
-1098.834228515625 -72.39205932617188
-1096.834228515625 -70.40965270996094
-1094.8367919921875 -68.45194244384766
-1096.832763671875 -66.45196533203125
-1094.832763671875 -64.59781646728516
-1096.8326416015625 -62.59804916381836
-1094.8331298828125 -60.70029830932617
-1096.8328857421875 -58.70035934448242
-1094.8330078125 -56.81458282470703
-1096.83251953125 -54.814632415771484
-1094.833251953125 -52.88036346435547
-1096.73583984375 -50.88037109375
-1094.80908203125 -48.88039779663086
-1096.80859375 -46.88252639770508
-1094.9501953125 -46.00797653198242
-1096.9473876953125 -44.00799560546875
-1094.9478759765625 -42.70463180541992
-1096.9471435546875 -40.70466232299805
-1094.9481201171875 -39.56711959838867
-1096.9481201171875 -37.567413330078125
-1094.9490966796875 -36.186981201171875
-1096.9471435546875 -34.18799591064453
-1094.962646484375 -32.24457931518555
-1096.962158203125 -30.24599838256836
-1094.9635009765625 -28.48509407043457
-1096.96337890625 -26.485191345214844
-1095.144287109375 -24.496469497680664
-1097.143310546875 -22.497936248779297
-1095.1453857421875 -20.597848892211914
-1096.8671875 -19.499229431152344
-1098.8660888671875 -17.50100326538086
-1100.02734375 -15.50270938873291
-1101.559326171875 -13.513117790222168
-1099.5616455078125 -13.421443939208984
-1101.552734375 -11.434542655944824
-1099.554931640625 -9.834267616271973
-1101.5545654296875 -7.836689472198486
-1099.578369140625 -6.990499496459961
-1098.46337890625 -7.315332412719727
-1100.45166015625 -5.316778182983398
-1098.524169921875 -5.95675802230835
-1100.4739990234375 -3.9775493144989014
-1098.5379638671875 -4.145832061767578
-1100.53466796875 -2.151230573654175
-1099.126953125 -1.0234239101409912
-1101.082275390625 0.9763289093971252
-1099.1409912109375 0.8788991570472717
-1098.3975830078125 0.9415304660797119
-1099.9556884765625 2.9398980140686035
-1099.04052734375 3.2638330459594727
-1100.992919921875 5.260929107666016
-1102.0986328125 5.9298248291015625
-1103.4954833984375 7.012876033782959
-1102.6214599609375 8.84091854095459
-1104.5599365234375 10.766019821166992
-1106.5594482421875 12.715781211853027
-1108.079833984375 12.116700172424316
-1110.07763671875 14.046167373657227
-1112.0177001953125 12.210466384887695
-1114.0008544921875 13.182117462158203
-1114.7415771484375 11.354239463806152
-1116.49169921875 13.318965911865234
