-991.7896728515625 -214.45742797851562
-993.7870483398438 -214.85240173339844
-995.177734375 -215.3525390625
-996.0733032226562 -214.517333984375
-997.8948364257812 -215.61605834960938
-999.2107543945312 -215.32545471191406
-1000.908203125 -217.1947784423828
-1002.886962890625 -215.302978515625
-1004.3959350585938 -216.27862548828125
-1006.1871948242188 -214.7769775390625
-1008.1033325195312 -212.87615966796875
-1009.917724609375 -214.08865356445312
-1011.8857421875 -212.1556854248047
-1013.8839721679688 -210.748046875
-1012.1580810546875 -208.99351501464844
-1014.1580200195312 -208.79014587402344
-1012.2962036132812 -207.40830993652344
-1014.2960205078125 -205.58079528808594
-1012.298095703125 -203.67201232910156
-1014.2979736328125 -201.8297119140625
-1012.2996215820312 -199.8617401123047
-1014.2996215820312 -199.59373474121094
-1012.3001708984375 -198.7755584716797
-1014.300048828125 -199.4109344482422
-1012.30419921875 -197.96278381347656
-1014.3041381835938 -196.2152862548828
-1012.3333129882812 -194.3863525390625
-1014.3333129882812 -193.95472717285156
-1012.34423828125 -192.4726104736328
-1014.3441772460938 -191.9449920654297
-1012.35009765625 -190.55682373046875
-1014.35009765625 -189.27655029296875
-1012.3506469726562 -189.55992126464844
-1014.3505859375 -189.38580322265625
-1012.364013671875 -188.65835571289062
-1014.3634643554688 -187.84146118164062
-1012.379638671875 -187.59561157226562
-1014.379638671875 -188.85374450683594
-1012.3873291015625 -190.6224822998047
-1014.3873291015625 -189.57644653320312
-1012.387451171875 -188.3115692138672
-1014.3860473632812 -186.74168395996094
-1012.3917846679688 -184.79620361328125
-1014.3917236328125 -183.03086853027344
-1012.39794921875 -181.22735595703125
-1014.3978881835938 -179.4773406982422
-1012.4046630859375 -177.94493103027344
-1014.3999633789062 -176.07000732421875
-1012.4002075195312 -174.20384216308594
-1014.400146484375 -172.24737548828125
-1012.4002685546875 -170.39561462402344
-1010.4002685546875 -169.7093963623047
-1012.400146484375 -167.71243286132812
-1010.4014282226562 -166.7333984375
-1012.4013671875 -164.9691619873047
-1010.4020385742188 -163.21119689941406
-1012.4020385742188 -162.44644165039062
-1014.4011840820312 -161.634765625
-1012.42236328125 -160.04139709472656
-1014.422119140625 -158.10601806640625
-1013.1447143554688 -156.1621856689453
-1015.1447143554688 -154.17208862304688
-1017.1447143554688 -152.21365356445312
-1015.1925659179688 -154.08636474609375
-1017.1925659179688 -152.1114044189453
-1015.2832641601562 -153.45318603515625
-1017.283203125 -151.4793701171875
-1015.3843383789062 -151.5668182373047
-1013.4764404296875 -149.8086700439453
-1015.4763793945312 -147.8147430419922
-1013.4763793945312 -146.12977600097656
-1015.4758911132812 -144.15963745117188
-1013.4758911132812 -145.55764770507812
-1015.4749755859375 -143.56890869140625
-1013.4750366210938 -143.52581787109375
-1015.4749145507812 -141.56179809570312
-1013.47509765625 -139.65435791015625
-1015.470703125 -138.99354553222656
-1013.4707641601562 -137.3033905029297
-1015.470703125 -137.21588134765625
-1013.4708251953125 -135.681640625
-1015.4706420898438 -133.79901123046875
-1013.4706420898438 -131.84088134765625
-1015.4706420898438 -129.91812133789062
-1013.480712890625 -128.25633239746094
-1015.480712890625 -126.32080078125
-1013.4834594726562 -124.68265533447266
-1015.4830932617188 -122.68663787841797
-1013.4833374023438 -121.5640640258789
-1015.483154296875 -119.57866668701172
-1013.483154296875 -117.62212371826172
-1015.483154296875 -115.77362823486328
-1013.4835205078125 -116.12037658691406
-1015.4833374023438 -114.127197265625
-1013.4899291992188 -112.1752700805664
-1015.4898681640625 -110.20254516601562
-1017.3606567382812 -108.36943817138672
-1017.8894653320312 -108.85879516601562
-1018.9593505859375 -109.05014038085938
-1019.1824951171875 -108.70216369628906
-1020.986572265625 -109.87255096435547
-1022.8221435546875 -107.93761444091797
-1024.0009765625 -109.50858306884766
-1025.9498291015625 -108.18675231933594
-1027.2783203125 -106.94224548339844
-1029.1666259765625 -105.50216674804688
-1030.278564453125 -103.97941589355469
-1032.2783203125 -103.0143814086914
-1034.2779541015625 -101.137451171875
-1036.2774658203125 -99.1427001953125
-1034.2774658203125 -97.35230255126953
-1036.2774658203125 -95.53539276123047
-1034.279052734375 -93.61178588867188
-1036.279052734375 -91.6360092163086
-1034.279052734375 -89.70038604736328
-1036.27880859375 -88.15454864501953
-1034.30126953125 -86.19206237792969
-1036.30126953125 -85.69257354736328
-1038.3011474609375 -83.728271484375
-1036.30615234375 -81.89422607421875
-1038.3060302734375 -80.17765808105469
-1036.3084716796875 -78.75353240966797
-1034.4036865234375 -76.79279327392578
-1036.4034423828125 -74.871826171875
-1034.4122314453125 -73.81401824951172
-1036.4117431640625 -71.95598602294922
-1034.4124755859375 -70.52903747558594
-1036.4124755859375 -68.596923828125
-1034.431396484375 -67.93993377685547
-1036.4312744140625 -65.94647216796875
-1036.168212890625 -63.97638702392578
-1037.642822265625 -62.054561614990234
-1035.6434326171875 -63.45077896118164
-1037.56201171875 -62.253807067871094
-1035.645263671875 -64.02046203613281
-1035.6309814453125 -62.026004791259766
-1033.7083740234375 -61.839141845703125
-1035.706787109375 -59.8653678894043
-1033.716064453125 -58.43421173095703
-1035.703857421875 -59.81287384033203
-1033.7115478515625 -59.79401779174805
-1035.7081298828125 -58.24454879760742
-1033.725341796875 -57.40684509277344
-1035.7252197265625 -55.48188400268555
-1033.8984375 -53.529815673828125
-1035.8984375 -52.239227294921875
-1037.8984375 -50.2596435546875
-1038.5853271484375 -48.322872161865234
-1040.5614013671875 -47.37107849121094
-1039.0509033203125 -48.58465576171875
-1041.0494384765625 -46.66824722290039
-1039.107421875 -47.96385955810547
-1040.7431640625 -46.21367263793945
-1038.82470703125 -48.191471099853516
-1040.7935791015625 -46.23172378540039
-1039.266845703125 -47.47516632080078
-1041.261962890625 -45.544132232666016
-1039.3436279296875 -46.98293685913086
-1037.357421875 -48.442298889160156
-1039.3572998046875 -46.511505126953125
-1037.4510498046875 -44.72357940673828
-1039.4498291015625 -42.90502166748047
-1037.8121337890625 -41.84717559814453
-1039.8121337890625 -40.0776252746582
-1038.0299072265625 -39.377872467041016
-1040.02978515625 -37.628150939941406
-1038.098388671875 -35.66083526611328
-1040.098388671875 -34.76938247680664
-1038.335693359375 -33.121665954589844
-1040.33544921875 -31.253862380981445
-1038.369873046875 -29.9471435546875
-1036.58251953125 -28.05840301513672
-1038.5823974609375 -26.89282989501953
-1036.6087646484375 -25.49380874633789
-1038.6087646484375 -23.63536834716797
-1039.2611083984375 -21.981189727783203
-1040.000244140625 -20.060546875
-1040.30029296875 -18.095308303833008
-1040.6295166015625 -20.051698684692383
-1042.3779296875 -18.304101943969727
-1043.5128173828125 -20.18809700012207
-1045.4312744140625 -19.047338485717773
-1047.426025390625 -18.21211814880371
-1048.367431640625 -20.126853942871094
-1050.3668212890625 -18.48897933959961
-1051.63916015625 -20.45252799987793
-1053.63916015625 -18.565855026245117
-1053.7694091796875 -19.17313575744629
-1055.769287109375 -17.21544075012207
-1057.5966796875 -18.97557830810547
-1055.947021484375 -20.776756286621094
-1057.9300537109375 -19.347774505615234
-1056.58544921875 -21.015871047973633
-1058.585205078125 -19.208473205566406
-1058.177490234375 -21.070919036865234
-1060.175048828125 -20.476072311401367
-1062.174560546875 -20.235427856445312
-1064.12841796875 -21.902225494384766
-1066.119873046875 -20.056461334228516
-1068.0911865234375 -22.0109806060791
-1070.0826416015625 -20.472545623779297
-1072.072021484375 -18.95344352722168
-1073.845458984375 -20.74551773071289
-1075.8179931640625 -19.020322799682617
-1076.5087890625 -20.907934188842773
-1078.5081787109375 -20.757369995117188
-1080.506591796875 -19.71286392211914
-1082.286865234375 -18.4685001373291
-1082.2703857421875 -19.974149703979492
-1084.2523193359375 -18.03697967529297
-1082.3218994140625 -19.961694717407227
-1084.264404296875 -19.060455322265625
-1086.0283203125 -17.29219627380371
-1086.5513916015625 -18.792373657226562
-1085.208984375 -19.452377319335938
-1087.1358642578125 -17.61410140991211
-1086.0289306640625 -19.27193832397461
-1088.01904296875 -18.332353591918945
-1086.38525390625 -20.20712661743164
-1088.064208984375 -18.350812911987305
-1089.894775390625 -19.329835891723633
-1091.097900390625 -18.334810256958008
-1091.8468017578125 -19.84304428100586
-1092.6982421875 -19.719266891479492
-1094.5946044921875 -20.539928436279297
-1096.526123046875 -18.8266658782959
-1098.5223388671875 -17.294403076171875
-1098.83447265625 -16.02663803100586
-1100.8323974609375 -14.03727912902832
-1099.2281494140625 -12.451911926269531
-1101.217529296875 -10.465615272521973
-1099.22412109375 -12.067150115966797
-1101.223876953125 -10.143437385559082
-1099.2247314453125 -11.853550910949707
-1101.224609375 -10.047709465026855
-1099.2325439453125 -8.659808158874512
-1101.2322998046875 -6.675331115722656
-1099.2462158203125 -7.1328654289245605
-1101.2431640625 -5.1354265213012695
-1099.2796630859375 -4.360922813415527
-1101.279541015625 -2.3967714309692383
-1099.349365234375 -3.5467240810394287
-1101.349365234375 -1.808320164680481
-1099.3642578125 -0.16808100044727325
-1098.734130859375 1.2849466800689697
-1100.7264404296875 3.2066421508789062
-1098.7696533203125 4.097459316253662
-1100.76953125 6.037505149841309
-1098.833251953125 7.156688213348389
-1100.8330078125 9.068856239318848
-1102.7518310546875 10.68380355834961
-1104.7371826171875 11.307158470153809
-1106.707275390625 12.926058769226074
-1104.763916015625 11.423965454101562
-1106.7501220703125 12.676280975341797
-1105.0592041015625 10.944445610046387
-1107.0511474609375 12.91663646697998
-1105.149169921875 10.940535545349121
-1107.1431884765625 12.526127815246582
-1108.9273681640625 11.806671142578125
-1110.89697265625 11.038212776184082
-1112.7425537109375 11.537315368652344
-1113.5396728515625 12.933158874511719
-1111.5457763671875 12.471945762634277
-1113.489501953125 14.418768882751465
-1111.5325927734375 12.516702651977539
-1113.4542236328125 11.665712356567383
-1115.45166015625 13.283106803894043
