-991.6201782226562 -216.31137084960938
-993.6107177734375 -214.3114471435547
-994.5473022460938 -215.66690063476562
-994.6257934570312 -217.52606201171875
-996.6199340820312 -215.53121948242188
-998.331298828125 -217.49737548828125
-1000.289794921875 -215.49838256835938
-1002.2301635742188 -214.2965850830078
-1000.7791137695312 -215.62498474121094
-1002.1780395507812 -216.99974060058594
-1003.1489868164062 -215.002197265625
-1002.9888916015625 -216.985595703125
-1004.742431640625 -214.9865264892578
-1006.7356567382812 -212.98733520507812
-1008.2349853515625 -214.8394012451172
-1010.199462890625 -212.83995056152344
-1012.1351928710938 -214.59034729003906
-1014.1216430664062 -212.5908203125
-1016.0672607421875 -213.06253051757812
-1017.0458374023438 -214.0058135986328
-1015.1915283203125 -215.7584228515625
-1017.110107421875 -213.75851440429688
-1017.7039184570312 -214.24899291992188
-1019.1136474609375 -214.24024963378906
-1019.3858032226562 -215.2983856201172
-1021.3814697265625 -213.30227661132812
-1021.9871215820312 -213.42837524414062
-1021.6471557617188 -212.87240600585938
-1021.7567138671875 -213.7825927734375
-1020.9927368164062 -215.44815063476562
-1022.7845458984375 -213.44923400878906
-1024.009765625 -212.38046264648438
-1024.79541015625 -214.07070922851562
-1026.5238037109375 -215.99166870117188
-1028.435302734375 -214.083251953125
-1029.903076171875 -215.99334716796875
-1031.8724365234375 -213.99343872070312
-1033.1453857421875 -213.21717834472656
-1035.090087890625 -215.11521911621094
-1036.803955078125 -215.72698974609375
-1038.7939453125 -213.7305450439453
-1038.0577392578125 -215.4656219482422
-1036.8045654296875 -217.39138793945312
-1038.7735595703125 -215.39309692382812
-1039.06005859375 -216.5522918701172
-1041.0478515625 -214.55416870117188
-1040.668212890625 -213.77284240722656
-1041.41943359375 -213.5179901123047
-1042.7108154296875 -214.52862548828125
-1043.318115234375 -215.1600799560547
-1045.216796875 -216.14451599121094
-1046.8250732421875 -217.33120727539062
-1047.40673828125 -219.23565673828125
-1049.3779296875 -217.23861694335938
-1051.069091796875 -219.21697998046875
-1052.6846923828125 -217.21775817871094
-1054.4439697265625 -215.21795654296875
-1056.1455078125 -216.11070251464844
-1058.1318359375 -214.21157836914062
-1056.9971923828125 -216.0524444580078
-1058.9244384765625 -214.05471801757812
-1060.502685546875 -215.65435791015625
-1061.638427734375 -213.6631622314453
-1063.4229736328125 -211.9956817626953
-1061.724365234375 -213.63343811035156
-1063.6396484375 -211.77947998046875
-1062.2105712890625 -209.89666748046875
-1064.1514892578125 -208.2262725830078
-1062.2493896484375 -206.2521209716797
-1064.237548828125 -204.25624084472656
-1064.24462890625 -202.29745483398438
-1064.4066162109375 -200.3206787109375
-1063.4512939453125 -198.42726135253906
-1065.3516845703125 -196.44232177734375
-1063.8154296875 -194.61985778808594
-1065.8004150390625 -192.62384033203125
-1064.8961181640625 -190.66412353515625
-1065.33935546875 -188.66461181640625
-1064.64892578125 -186.66554260253906
-1066.5372314453125 -185.01405334472656
-1065.02978515625 -185.43377685546875
-1064.1983642578125 -186.24124145507812
-1066.1212158203125 -184.94369506835938
-1065.47021484375 -185.50038146972656
-1063.78857421875 -184.8839569091797
-1065.5460205078125 -183.18643188476562
-1064.6717529296875 -181.2323455810547
-1063.710693359375 -180.09649658203125
-1065.7098388671875 -178.10643005371094
-1065.8037109375 -179.31680297851562
-1064.2333984375 -177.33673095703125
-1063.284423828125 -175.3766632080078
-1065.2720947265625 -173.3907470703125
-1063.710693359375 -171.41732788085938
-1064.89306640625 -169.42433166503906
-1062.9591064453125 -169.16946411132812
-1064.861328125 -167.2723846435547
-1064.3170166015625 -166.00576782226562
-1062.46533203125 -164.02294921875
-1064.4410400390625 -162.08827209472656
-1066.434814453125 -160.19091796875
-1066.0042724609375 -158.2948455810547
-1067.928466796875 -156.3036346435547
-1068.748046875 -154.30401611328125
-1070.343994140625 -152.30470275878906
-1072.024658203125 -150.79782104492188
-1073.978759765625 -149.19285583496094
-1072.593994140625 -149.83518981933594
-1074.06689453125 -149.05096435546875
-1074.0789794921875 -148.70623779296875
-1072.671875 -150.45260620117188
-1074.619873046875 -148.48973083496094
-1073.0543212890625 -147.14935302734375
-1074.974365234375 -145.22891235351562
-1073.0726318359375 -144.7126922607422
-1075.0697021484375 -143.0229034423828
-1073.0767822265625 -141.07498168945312
-1075.0457763671875 -139.080810546875
-1073.3631591796875 -137.5282440185547
-1075.36083984375 -135.55471801757812
-1075.8128662109375 -133.6051788330078
-1075.385986328125 -131.66250610351562
-1073.5701904296875 -129.69456481933594
-1075.570068359375 -127.71464538574219
-1074.2230224609375 -126.34056091308594
-1076.220947265625 -124.34151458740234
-1074.26904296875 -122.75880432128906
-1076.2672119140625 -120.76763153076172
-1076.0584716796875 -119.2376708984375
-1074.15234375 -117.26365661621094
-1076.1522216796875 -115.2642822265625
-1075.4534912109375 -113.29965209960938
-1077.0499267578125 -111.29984283447266
-1078.9671630859375 -109.29998016357422
-1080.8680419921875 -110.86383056640625
-1082.8489990234375 -108.86386108398438
-1083.838623046875 -110.81547546386719
-1085.78125 -108.81592559814453
-1087.5069580078125 -109.2019271850586
-1089.099609375 -111.06717681884766
-1090.9794921875 -109.07048797607422
-1090.193115234375 -108.98678588867188
-1090.619873046875 -108.75534057617188
-1091.98876953125 -110.69586181640625
-1093.8203125 -108.70854187011719
-1095.777099609375 -106.70884704589844
-1097.666015625 -106.04793548583984
-1099.663818359375 -104.85598754882812
-1098.1180419921875 -104.70630645751953
-1100.117919921875 -102.7294692993164
-1098.38623046875 -101.08177947998047
-1096.596923828125 -99.15667724609375
-1098.5963134765625 -97.16143035888672
-1096.7945556640625 -97.15396881103516
-1098.79443359375 -95.16287994384766
-1096.7989501953125 -93.25653076171875
-1098.7978515625 -91.25814819335938
-1096.911376953125 -89.34344482421875
-1098.9112548828125 -87.3482666015625
-1097.2945556640625 -85.41824340820312
-1099.2945556640625 -83.42332458496094
-1098.200927734375 -81.46430969238281
-1096.2298583984375 -79.71239471435547
-1098.22900390625 -77.71250915527344
-1100.228759765625 -75.71832275390625
-1098.301513671875 -74.48728942871094
-1096.40185546875 -73.45106506347656
-1098.4012451171875 -71.45120239257812
-1096.5245361328125 -69.51455688476562
-1095.2183837890625 -69.05581665039062
-1097.2183837890625 -67.101318359375
-1095.233154296875 -65.42106628417969
-1097.2330322265625 -63.42521667480469
-1095.2728271484375 -61.539432525634766
-1097.272705078125 -59.587459564208984
-1095.3873291015625 -58.24455261230469
-1097.38330078125 -56.24972152709961
-1096.8988037109375 -54.32845687866211
-1098.1920166015625 -52.33236312866211
-1099.7266845703125 -50.33271408081055
-1099.29541015625 -48.33443069458008
-1098.1923828125 -48.42863464355469
-1097.2623291015625 -47.357295989990234
-1096.5260009765625 -47.07636260986328
-1095.60400390625 -48.46174240112305
-1093.6488037109375 -46.58709716796875
-1095.64453125 -46.0599479675293
-1093.9776611328125 -47.07637023925781
-1095.9776611328125 -45.96654510498047
-1097.677734375 -44.06734848022461
-1097.8824462890625 -43.07215881347656
-1096.355712890625 -41.9084587097168
-1094.40478515625 -40.46682357788086
-1096.40087890625 -38.46725845336914
-1095.4927978515625 -37.127681732177734
-1097.4915771484375 -35.12787628173828
-1095.6217041015625 -33.148075103759766
-1093.8369140625 -31.520837783813477
-1095.836181640625 -29.53065299987793
-1097.15380859375 -27.63051414489746
-1096.109619140625 -25.68912124633789
-1095.24267578125 -23.880760192871094
-1097.2420654296875 -21.881362915039062
-1096.57275390625 -20.26444435119629
-1098.57177734375 -21.13013458251953
-1097.3310546875 -19.1771240234375
-1098.4002685546875 -17.185720443725586
-1099.422607421875 -15.185906410217285
-1101.422607421875 -13.326689720153809
-1101.8619384765625 -11.475829124450684
-1101.35986328125 -9.496283531188965
-1101.245361328125 -8.851198196411133
-1101.868896484375 -9.577396392822266
-1100.425048828125 -9.238901138305664
-1102.25244140625 -7.913705825805664
-1101.80615234375 -9.590806007385254
-1100.0697021484375 -7.61406135559082
-1098.5087890625 -5.9412055015563965
-1100.5086669921875 -3.9455959796905518
-1101.173583984375 -4.600682258605957
-1101.064208984375 -4.085323810577393
-1102.4564208984375 -5.196722030639648
-1102.219482421875 -3.7695863246917725
-1100.571533203125 -1.9968854188919067
-1098.8863525390625 -0.15890714526176453
-1100.88623046875 1.839237928390503
-1100.4561767578125 3.086263418197632
-1101.6112060546875 4.7645955085754395
-1103.510009765625 5.681107997894287
-1104.328857421875 7.606313705444336
-1104.447509765625 9.117169380187988
-1106.3848876953125 11.112995147705078
-1108.3724365234375 13.11291217803955
-1108.243408203125 11.167611122131348
-1110.242919921875 13.160050392150879
-1108.7410888671875 12.235464096069336
-1110.7408447265625 14.235456466674805
-1109.178466796875 12.238567352294922
-1111.178466796875 14.238564491271973
-1113.0638427734375 12.251012802124023
-1115.06298828125 14.251009941101074
