-991.77099609375 -216.38427734375
-993.7706298828125 -214.84817504882812
-994.8308715820312 -216.8477020263672
-996.830810546875 -214.96963500976562
-998.3972778320312 -216.96864318847656
-1000.3970947265625 -215.17105102539062
-1002.2767333984375 -217.16847229003906
-1004.276123046875 -216.29212951660156
-1006.272705078125 -214.48451232910156
-1008.2184448242188 -216.48316955566406
-1010.2177734375 -214.56414794921875
-1012.217529296875 -212.64442443847656
-1014.217529296875 -213.54202270507812
-1016.2158203125 -212.74754333496094
-1017.985107421875 -213.99005126953125
-1019.6327514648438 -215.9889678955078
-1021.6290893554688 -214.42361450195312
-1022.2015991210938 -216.4036865234375
-1024.201171875 -215.4288330078125
-1026.1995849609375 -213.6216583251953
-1027.97021484375 -215.61993408203125
-1029.9239501953125 -217.60853576660156
-1031.9224853515625 -216.0667266845703
-1033.9217529296875 -214.3797607421875
-1035.9061279296875 -216.29351806640625
-1037.906005859375 -214.47723388671875
-1035.9334716796875 -216.11474609375
-1037.932861328125 -214.20095825195312
-1036.707763671875 -215.14590454101562
-1035.593505859375 -214.33399963378906
-1037.583251953125 -216.3103485107422
-1039.5828857421875 -214.3939208984375
-1040.5257568359375 -216.37388610839844
-1042.3804931640625 -218.27947998046875
-1044.37939453125 -216.32948303222656
-1046.3760986328125 -218.28749084472656
-1048.026611328125 -220.24171447753906
-1050.026611328125 -218.322265625
-1051.810546875 -219.78277587890625
-1051.989013671875 -217.8345489501953
-1053.7052001953125 -216.10134887695312
-1054.54345703125 -218.05828857421875
-1056.5181884765625 -216.0837860107422
-1058.4620361328125 -214.14476013183594
-1060.3780517578125 -214.45382690429688
-1062.3653564453125 -216.011474609375
-1064.36474609375 -214.03533935546875
-1062.4208984375 -215.68052673339844
-1064.4205322265625 -213.71165466308594
-1062.4432373046875 -213.17420959472656
-1064.44287109375 -213.3330535888672
-1062.452880859375 -212.56126403808594
-1064.45263671875 -212.74334716796875
-1062.45361328125 -213.0378875732422
-1064.4534912109375 -213.00772094726562
-1062.475830078125 -211.70181274414062
-1064.475830078125 -212.84649658203125
-1062.481201171875 -211.70425415039062
-1064.481201171875 -211.23326110839844
-1062.4833984375 -209.67750549316406
-1064.4833984375 -210.48025512695312
-1062.4908447265625 -209.4536590576172
-1064.4908447265625 -208.48898315429688
-1062.4951171875 -207.4861602783203
-1064.4951171875 -206.992431640625
-1062.51025390625 -205.4000244140625
-1064.51025390625 -203.5338134765625
-1062.52197265625 -201.6055145263672
-1064.5218505859375 -199.6409149169922
-1062.5382080078125 -197.76754760742188
-1064.5382080078125 -195.96298217773438
-1062.552978515625 -194.01309204101562
-1064.5528564453125 -192.17181396484375
-1062.602783203125 -190.1763458251953
-1064.602783203125 -188.27713012695312
-1063.9171142578125 -186.334716796875
-1065.9171142578125 -184.62583923339844
-1063.9541015625 -184.4830780029297
-1065.9541015625 -182.95677185058594
-1064.3514404296875 -181.743408203125
-1062.358154296875 -180.68377685546875
-1064.358154296875 -178.718017578125
-1062.361328125 -177.0010223388672
-1064.361328125 -175.16207885742188
-1062.3751220703125 -173.28919982910156
-1064.3748779296875 -171.34527587890625
-1064.6732177734375 -169.585205078125
-1062.7274169921875 -167.6124267578125
-1064.7266845703125 -166.03033447265625
-1062.7789306640625 -164.3203125
-1064.77880859375 -162.6406707763672
-1066.6578369140625 -160.66786193847656
-1068.39306640625 -158.73031616210938
-1070.312744140625 -156.82077026367188
-1072.2955322265625 -154.97613525390625
-1074.294921875 -153.0510711669922
-1076.2689208984375 -151.10728454589844
-1074.4002685546875 -150.24209594726562
-1072.431640625 -149.4189910888672
-1074.431640625 -147.57876586914062
-1072.4420166015625 -145.84674072265625
-1074.4378662109375 -144.44064331054688
-1072.439453125 -144.78262329101562
-1074.4384765625 -143.51805114746094
-1072.4403076171875 -141.6300811767578
-1074.4403076171875 -139.78634643554688
-1076.4403076171875 -137.8253936767578
-1074.4404296875 -136.28834533691406
-1076.4404296875 -134.30665588378906
-1074.443359375 -132.33872985839844
-1076.443359375 -131.27012634277344
-1074.4442138671875 -129.32521057128906
-1076.4442138671875 -127.5327377319336
-1074.4449462890625 -125.7045669555664
-1076.44482421875 -123.99703979492188
-1074.4449462890625 -122.01970672607422
-1076.4443359375 -120.5811767578125
-1074.4449462890625 -118.75444793701172
-1076.44482421875 -116.83448791503906
-1074.4635009765625 -114.92509460449219
-1072.4691162109375 -112.95628356933594
-1074.3961181640625 -111.1649398803711
-1076.362548828125 -112.77166748046875
-1078.21240234375 -110.78944396972656
-1079.9661865234375 -108.96575164794922
-1081.0772705078125 -110.87155151367188
-1083.0106201171875 -108.92306518554688
-1084.94189453125 -109.66219329833984
-1086.656494140625 -107.71663665771484
-1088.607177734375 -109.4770278930664
-1090.5673828125 -109.6958999633789
-1092.4442138671875 -107.87039184570312
-1094.3653564453125 -108.54764556884766
-1093.6331787109375 -106.6052017211914
-1095.6123046875 -106.619873046875
-1097.612060546875 -105.81391906738281
-1099.6119384765625 -103.88335418701172
-1097.61328125 -101.92223358154297
-1099.6131591796875 -101.31909942626953
-1097.6131591796875 -99.38284301757812
-1099.6131591796875 -97.44401550292969
-1097.6131591796875 -95.48392486572266
-1099.6131591796875 -93.68816375732422
-1097.61328125 -91.9024887084961
-1099.6131591796875 -89.95698547363281
-1097.6134033203125 -88.15984344482422
-1099.6134033203125 -87.02344512939453
-1097.6134033203125 -85.05670166015625
-1099.6134033203125 -83.1185073852539
-1097.613525390625 -82.17219543457031
-1099.613525390625 -80.74777221679688
-1097.613525390625 -78.83692169189453
-1099.613525390625 -77.40336608886719
-1097.6239013671875 -75.42269897460938
-1099.6234130859375 -73.69290161132812
-1097.62353515625 -71.74525451660156
-1095.6243896484375 -70.35498809814453
-1097.6241455078125 -68.55028533935547
-1095.6243896484375 -66.57959747314453
-1097.6236572265625 -64.61385345458984
-1095.623779296875 -63.22078323364258
-1093.6239013671875 -61.46788787841797
-1095.6239013671875 -59.637237548828125
-1097.6239013671875 -57.965087890625
-1095.6240234375 -56.295005798339844
-1097.623779296875 -54.326210021972656
-1095.6240234375 -52.33107376098633
-1093.6240234375 -50.33213424682617
-1095.6236572265625 -48.34416961669922
-1093.6461181640625 -46.39179229736328
-1095.645263671875 -44.67354202270508
-1093.6456298828125 -42.68964385986328
-1095.6456298828125 -41.10434341430664
-1093.645751953125 -39.110599517822266
-1095.6448974609375 -37.22441482543945
-1093.645263671875 -35.45571517944336
-1095.6446533203125 -33.511661529541016
-1093.648193359375 -31.752044677734375
-1095.6480712890625 -30.066038131713867
-1093.648193359375 -28.07501983642578
-1095.6474609375 -26.094934463500977
-1097.6473388671875 -24.158130645751953
-1095.6490478515625 -23.460214614868164
-1097.6485595703125 -21.470558166503906
-1095.6490478515625 -19.568714141845703
-1097.6475830078125 -21.333335876464844
-1095.6478271484375 -19.39320182800293
-1097.6446533203125 -19.569561004638672
-1095.662353515625 -17.63922691345215
-1097.662353515625 -15.914290428161621
-1099.6622314453125 -14.11369800567627
-1097.662841796875 -12.215073585510254
-1099.66259765625 -10.245655059814453
-1097.679443359375 -8.34897232055664
-1099.6790771484375 -6.373267650604248
-1097.6875 -5.205190658569336
-1099.686767578125 -4.01335334777832
-1097.72900390625 -2.5997214317321777
-1099.7281494140625 -0.6359789967536926
-1097.79345703125 1.263629674911499
-1099.7933349609375 2.437777519226074
-1098.150146484375 4.338676452636719
-1100.1500244140625 6.243432521820068
-1098.2962646484375 8.192757606506348
-1100.2960205078125 10.006616592407227
-1098.9886474609375 11.962364196777344
-1100.979736328125 13.281807899475098
-1102.9747314453125 11.815191268920898
-1102.9425048828125 13.798903465270996
-1104.930908203125 14.871587753295898
-1106.8966064453125 13.682480812072754
-1108.8197021484375 12.989075660705566
-1110.817626953125 11.878684997558594
-1112.755859375 13.861756324768066
-1114.7393798828125 14.83877182006836
