-987.9258422851562 -215.9539337158203
-986.61328125 -213.95401000976562
-984.6490478515625 -215.93081665039062
-983.5248413085938 -217.6648406982422
-981.5834350585938 -215.6648406982422
-981.2073364257812 -216.85484313964844
-982.7819213867188 -218.85020446777344
-980.7970581054688 -216.85020446777344
-979.4467163085938 -218.81399536132812
-978.9537963867188 -216.81402587890625
-978.2063598632812 -214.81402587890625
-976.2513427734375 -216.75576782226562
-977.75341796875 -214.7557830810547
-976.1163940429688 -216.23208618164062
-974.2408447265625 -218.20713806152344
-973.6046752929688 -216.20718383789062
-972.229248046875 -214.2071990966797
-970.2311401367188 -216.02430725097656
-968.2488403320312 -214.0243377685547
-966.249267578125 -214.38162231445312
-964.24951171875 -214.76014709472656
-962.4215698242188 -216.6488494873047
-960.4598388671875 -214.64889526367188
-958.4972534179688 -214.7141571044922
-956.6276245117188 -214.97747802734375
-954.6381225585938 -216.34378051757812
-952.638916015625 -214.3443145751953
-950.6970825195312 -214.3743896484375
-948.7453002929688 -213.50157165527344
-950.7399291992188 -211.501708984375
-948.7578735351562 -209.6424560546875
-950.7577514648438 -207.6677703857422
-948.7586669921875 -205.69480895996094
-950.7467041015625 -203.70587158203125
-948.7468872070312 -201.73692321777344
-946.7470092773438 -199.84384155273438
-948.7179565429688 -197.8440704345703
-946.7182006835938 -195.8646240234375
-948.557373046875 -193.8656463623047
-946.5945434570312 -191.8669891357422
-948.359130859375 -189.8670654296875
-946.6469116210938 -187.86724853515625
-948.6325073242188 -185.87510681152344
-946.64013671875 -183.87637329101562
-948.6024780273438 -181.8769989013672
-946.9976806640625 -179.87852478027344
-945.0120849609375 -177.8877410888672
-946.9977416992188 -175.88807678222656
-945.3275756835938 -173.88916015625
-947.3272705078125 -171.88929748535156
-945.3571166992188 -170.06141662597656
-947.3099975585938 -168.06500244140625
-945.3433227539062 -166.06517028808594
-947.3304443359375 -164.0656280517578
-946.8408203125 -162.07057189941406
-945.1491088867188 -160.0745849609375
-947.1375732421875 -158.0754852294922
-945.5310668945312 -156.0771942138672
-947.5284423828125 -154.07762145996094
-945.54150390625 -152.07904052734375
-947.5386352539062 -150.08160400390625
-946.217529296875 -148.08932495117188
-948.2158203125 -146.0894775390625
-946.8947143554688 -144.0897979736328
-945.0781860351562 -142.09259033203125
-947.078125 -140.0928192138672
-946.6741333007812 -138.0937957763672
-945.3718872070312 -136.09437561035156
-947.3698120117188 -134.0946044921875
-947.3257446289062 -132.0947265625
-946.009033203125 -130.09921264648438
-948.00146484375 -128.0992889404297
-947.6145629882812 -126.10337829589844
-948.41064453125 -124.1053466796875
-948.8575439453125 -122.10853576660156
-949.35107421875 -120.1086654663086
-949.0463256835938 -118.10874938964844
-947.7664794921875 -116.11238098144531
-945.7793579101562 -114.12446594238281
-944.9066162109375 -112.1263198852539
-946.9063720703125 -110.12651824951172
-946.5698852539062 -108.1273193359375
-948.2733154296875 -106.12732696533203
-946.8132934570312 -104.12739562988281
-948.3651123046875 -102.12753295898438
-949.73291015625 -100.1275405883789
-951.3720092773438 -98.12774658203125
-949.7484130859375 -96.1279296875
-949.0529174804688 -94.12799072265625
-948.0037231445312 -92.128173828125
-948.3116455078125 -90.1318588256836
-950.2357177734375 -88.13225555419922
-952.04443359375 -86.13446044921875
-953.7760009765625 -84.13556671142578
-955.1546630859375 -82.1360092163086
-953.8035278320312 -80.1369400024414
-952.7808227539062 -78.13700103759766
-953.5425415039062 -76.13734436035156
-954.980712890625 -74.13745880126953
-955.9420776367188 -72.13771057128906
-955.8707275390625 -70.13853454589844
-957.7349853515625 -68.13941192626953
-958.9063720703125 -66.13992309570312
-960.7407836914062 -64.13993072509766
-962.55126953125 -62.13994216918945
-964.5512084960938 -64.1388931274414
-963.9404907226562 -62.138916015625
-965.4661254882812 -60.138916015625
-967.4661254882812 -62.09786605834961
-969.4481201171875 -60.09786605834961
-971.4452514648438 -58.09786605834961
-973.3833618164062 -56.09786605834961
-974.6407470703125 -54.097869873046875
-976.6363525390625 -52.09788513183594
-978.6161499023438 -50.09790802001953
-979.3917846679688 -48.10227584838867
-979.453857421875 -46.10256576538086
-980.3441772460938 -44.10554504394531
-981.60009765625 -42.1064453125
-983.5906372070312 -40.30813980102539
-985.046630859375 -38.32036209106445
-983.1892700195312 -36.36571502685547
-982.3463134765625 -34.36656188964844
-981.6097412109375 -32.370323181152344
-980.65234375 -30.37146759033203
-981.2916870117188 -28.373414993286133
-982.879150390625 -26.37376594543457
-981.4254150390625 -24.374977111816406
-980.1045532226562 -22.376487731933594
-981.4153442382812 -20.37902069091797
-980.9046630859375 -18.382604598999023
-982.9046020507812 -20.381580352783203
-982.6766357421875 -18.382568359375
-981.5863037109375 -16.38265037536621
-983.5862426757812 -18.34564208984375
-985.29248046875 -16.346086502075195
-984.6752319335938 -14.348464965820312
-983.3727416992188 -12.349864959716797
-982.2832641601562 -10.35013198852539
-984.283203125 -8.404024124145508
-982.6002807617188 -6.417303085327148
-984.5992431640625 -4.426815032958984
-982.6620483398438 -2.427186965942383
-984.6616821289062 -0.4302063286304474
-984.3858032226562 1.5080264806747437
-983.5022583007812 3.5066027641296387
-984.3464965820312 5.506429195404053
-985.9255981445312 7.506429195404053
-987.9196166992188 9.506428718566895
-989.90869140625 11.506427764892578
-991.9083862304688 9.527074813842773
-993.9071044921875 11.527073860168457
-995.9071044921875 9.528141975402832
-997.9060668945312 11.528141021728516
-999.8995361328125 13.528138160705566
-1001.8995361328125 11.52893352508545
-1003.8980102539062 13.528931617736816
-1005.8978271484375 11.539329528808594
-1007.8974609375 13.539301872253418
-1009.8973999023438 11.541346549987793
-1011.8903198242188 13.541340827941895
-1013.8903198242188 11.55185604095459
-1015.8895263671875 13.551855087280273
-1017.8877563476562 11.563328742980957
-1019.8828125 13.56332778930664
-1021.8746948242188 15.56332778930664
-1023.8744506835938 13.571063995361328
-1025.8660888671875 15.571063041687012
-1027.8660888671875 13.571109771728516
-1029.8641357421875 15.5711030960083
-1031.8641357421875 13.57160472869873
-1033.8431396484375 15.571602821350098
-1035.843017578125 13.571885108947754
-1037.842041015625 15.571746826171875
-1039.841552734375 13.741085052490234
-1041.701171875 15.741044998168945
-1043.70068359375 13.752996444702148
-1045.697021484375 15.752923965454102
-1047.697021484375 14.028239250183105
-1049.697021484375 12.030014038085938
-1051.6961669921875 14.030008316040039
-1053.6961669921875 12.03354263305664
-1055.264404296875 14.033530235290527
-1057.264404296875 12.175250053405762
-1059.0284423828125 14.175057411193848
-1061.0283203125 12.175676345825195
-1063.0006103515625 14.17560863494873
-1065.0006103515625 12.17578411102295
-1066.88671875 14.175771713256836
-1068.88623046875 12.177851676940918
-1070.85009765625 14.177848815917969
-1072.8497314453125 12.17834186553955
-1074.7904052734375 14.178330421447754
-1076.642333984375 16.178316116333008
-1078.64208984375 14.192217826843262
-1080.6395263671875 16.192163467407227
-1082.63916015625 14.194513320922852
-1084.63916015625 12.194852828979492
-1086.63134765625 14.194788932800293
-1088.63134765625 12.199601173400879
-1090.6221923828125 14.199491500854492
-1092.4661865234375 16.1981201171875
-1094.466064453125 14.19827651977539
-1096.3916015625 16.197181701660156
-1098.3912353515625 14.542976379394531
-1100.390625 12.548020362854004
-1102.385986328125 10.552634239196777
-1103.8228759765625 12.552626609802246
-1105.7642822265625 10.555118560791016
-1107.267822265625 12.554405212402344
-1109.2015380859375 14.554160118103027
-1111.1995849609375 12.554341316223145
-1112.899169921875 14.552173614501953
-1114.8941650390625 12.55396556854248
-1116.487548828125 14.553661346435547
