-936.2403564453125 -455.1427917480469
-938.2401733398438 -456.8731994628906
-940.1770629882812 -458.3347473144531
-942.176025390625 -460.3323974609375
-944.1735229492188 -462.31689453125
-946.1675415039062 -464.0271301269531
-948.1661376953125 -465.7225341796875
-950.165283203125 -467.1277160644531
-952.1586303710938 -468.7562255859375
-954.157958984375 -470.1221618652344
-956.1083374023438 -471.0947570800781
-958.106689453125 -472.52197265625
-960.0726318359375 -474.5097351074219
-961.78857421875 -476.50701904296875
-962.9273681640625 -478.50677490234375
-964.916015625 -480.5067138671875
-966.9144287109375 -482.5064697265625
-968.9129638671875 -484.50445556640625
-970.9091796875 -486.43377685546875
-972.9088745117188 -488.40399169921875
-974.9085083007812 -490.33819580078125
-976.9085083007812 -488.33935546875
-978.9083862304688 -490.166259765625
-980.9083862304688 -488.1665344238281
-982.908203125 -490.1468505859375
-984.908203125 -488.1478576660156
-986.9077758789062 -490.0684814453125
-988.9077758789062 -488.069091796875
-990.90771484375 -490.0024108886719
-992.90771484375 -488.0024719238281
-994.9071655273438 -489.892333984375
-996.9071655273438 -487.8951721191406
-998.9071044921875 -489.8327941894531
-1000.9071044921875 -487.83392333984375
-1002.8994750976562 -489.76739501953125
-1004.8994750976562 -487.7674560546875
-1006.8970336914062 -489.4682922363281
-1008.8970336914062 -487.4696044921875
-1010.8970336914062 -485.47320556640625
-1012.8956298828125 -487.3233337402344
-1014.8956298828125 -485.3290710449219
-1016.8954467773438 -487.28546142578125
-1018.8954467773438 -485.2914733886719
-1020.8954467773438 -483.2918395996094
-1022.8759155273438 -485.011962890625
-1024.8759765625 -483.0196228027344
-1026.8551025390625 -484.8741149902344
-1028.8544921875 -486.8176574707031
-1030.8544921875 -484.8368225097656
-1032.853759765625 -486.37506103515625
-1034.853759765625 -484.3780517578125
-1036.8529052734375 -485.62677001953125
-1038.8529052734375 -483.63037109375
-1040.8463134765625 -485.56964111328125
-1042.8463134765625 -483.580810546875
-1044.7950439453125 -484.783935546875
-1046.7774658203125 -486.4656677246094
-1048.7774658203125 -484.46630859375
-1050.7763671875 -486.2482604980469
-1052.7763671875 -484.2483215332031
-1054.767578125 -486.1500549316406
-1056.7674560546875 -484.1548767089844
-1058.7471923828125 -485.9488525390625
-1060.7469482421875 -486.6285095214844
-1062.718994140625 -488.35858154296875
-1064.7181396484375 -486.3605041503906
-1066.711669921875 -488.1595153808594
-1068.7115478515625 -486.1644287109375
-1070.7113037109375 -484.1847229003906
-1072.615234375 -485.9609069824219
-1074.6151123046875 -483.9800109863281
-1076.61083984375 -485.4302978515625
-1078.6058349609375 -487.2589111328125
-1080.6021728515625 -485.30322265625
-1082.59033203125 -486.48333740234375
-1083.4150390625 -488.0032958984375
-1082.8226318359375 -487.1722412109375
-1084.765625 -485.6769104003906
-1086.2442626953125 -485.5901794433594
-1087.4195556640625 -484.0257873535156
-1089.38232421875 -482.2010803222656
-1091.381591796875 -480.2148742675781
-1093.3739013671875 -478.333984375
-1095.274169921875 -479.6297912597656
-1097.2735595703125 -477.6470947265625
-1099.2557373046875 -479.36444091796875
-1101.231201171875 -477.3685607910156
-1103.184814453125 -478.9896545410156
-1105.17626953125 -476.996826171875
-1107.1746826171875 -478.4530029296875
-1109.086181640625 -479.9927062988281
-1111.052734375 -478.0323791503906
-1112.619140625 -479.88543701171875
-1114.59033203125 -477.9307861328125
-1116.4132080078125 -479.22149658203125
-1118.3817138671875 -478.84527587890625
-1120.308837890625 -478.010986328125
-1122.240478515625 -478.9092712402344
-1124.1328125 -479.6145935058594
-1125.8070068359375 -477.9249572753906
-1127.7630615234375 -479.25823974609375
-1128.1248779296875 -477.9945983886719
-1130.0743408203125 -477.1730041503906
-1131.8338623046875 -476.5489807128906
-1130.2835693359375 -477.69183349609375
-1131.5196533203125 -478.39019775390625
-1133.4818115234375 -478.3192138671875
-1135.1981201171875 -476.860595703125
-1133.735107421875 -478.74249267578125
-1132.7286376953125 -476.8740234375
-1132.8175048828125 -478.205322265625
-1134.6585693359375 -477.0980529785156
-1136.4892578125 -476.9410095214844
-1138.407958984375 -478.63262939453125
-1138.0157470703125 -476.76971435546875
-1139.46728515625 -476.5657653808594
-1139.17333984375 -478.4654846191406
-1137.3004150390625 -476.5670471191406
-1139.101318359375 -476.5946044921875
-1140.3236083984375 -478.2469482421875
-1138.435791015625 -476.3993835449219
-1140.3544921875 -478.0045166015625
-1141.1402587890625 -477.48065185546875
-1142.932861328125 -476.58258056640625
-1140.9798583984375 -476.1134033203125
-1142.96923828125 -475.36004638671875
-1140.9847412109375 -476.9009704589844
-1142.320556640625 -477.11224365234375
-1143.8348388671875 -477.0519104003906
-1142.0438232421875 -475.1322326660156
-1143.9957275390625 -473.87139892578125
-1142.0078125 -473.4855651855469
-1143.978515625 -473.1025390625
-1141.999267578125 -474.97894287109375
-1143.9959716796875 -473.3572692871094
-1142.14990234375 -474.5557861328125
-1144.119873046875 -474.697265625
-1144.3668212890625 -474.1767272949219
-1142.9542236328125 -475.04986572265625
-1141.08544921875 -475.73431396484375
-1142.61083984375 -474.43231201171875
-1141.110107421875 -475.2076721191406
-1143.0740966796875 -475.7978820800781
-1141.471923828125 -476.18927001953125
-1143.4698486328125 -477.7326965332031
-1142.0361328125 -475.8760681152344
-1144.0084228515625 -476.54156494140625
-1142.4747314453125 -475.7099609375
-1144.422607421875 -474.7947692871094
-1142.4681396484375 -473.564208984375
-1140.5736083984375 -472.9118347167969
-1142.5439453125 -472.96728515625
-1141.341064453125 -473.7341613769531
-1143.28466796875 -473.1873779296875
-1141.4324951171875 -475.1046447753906
-1143.4228515625 -474.06134033203125
-1141.8223876953125 -474.8672180175781
-1143.702392578125 -475.4060363769531
-1144.8651123046875 -475.093017578125
-1145.744873046875 -474.01544189453125
-1145.3309326171875 -474.49456787109375
-1144.36328125 -473.75970458984375
-1142.518798828125 -474.8260803222656
-1141.517578125 -475.3245849609375
-1143.4691162109375 -476.3328857421875
-1142.712646484375 -475.4756164550781
-1141.37890625 -476.38702392578125
-1143.3685302734375 -475.6619567871094
-1141.6192626953125 -475.04132080078125
-1143.5716552734375 -476.1382141113281
-1142.2100830078125 -476.7005615234375
-1143.835693359375 -476.075927734375
-1142.18408203125 -475.5760803222656
-1144.1461181640625 -474.1800231933594
-1142.35888671875 -474.0227966308594
-1140.365234375 -473.6337585449219
-1142.315185546875 -471.7901306152344
-1140.5435791015625 -471.50762939453125
-1142.398193359375 -469.7886047363281
-1140.4326171875 -468.5625305175781
-1142.3428955078125 -467.1631774902344
-1140.3758544921875 -465.5826416015625
-1142.3009033203125 -463.87255859375
-1140.32080078125 -462.09344482421875
-1142.3070068359375 -460.2294006347656
