-936.239990234375 -452.7466125488281
-938.2398681640625 -454.5694274902344
-940.2396850585938 -456.07745361328125
-942.2395629882812 -457.4276123046875
-944.2380981445312 -459.42120361328125
-946.23779296875 -460.8169250488281
-948.2373046875 -462.8052978515625
-950.2371826171875 -464.79876708984375
-952.2361450195312 -466.79638671875
-954.2348022460938 -468.79266357421875
-956.2244873046875 -470.7689208984375
-958.1346435546875 -472.64947509765625
-960.1083984375 -474.3503723144531
-961.8402099609375 -474.778564453125
-962.4172973632812 -475.83502197265625
-964.0176391601562 -477.78985595703125
-965.9857788085938 -479.7892150878906
-967.982177734375 -481.7887268066406
-969.9795532226562 -483.78826904296875
-971.9784545898438 -485.78582763671875
-973.9782104492188 -487.78253173828125
-975.9782104492188 -489.7818298339844
-977.9782104492188 -489.44329833984375
-979.9782104492188 -489.78460693359375
-981.9782104492188 -488.3268737792969
-983.9779052734375 -490.3250732421875
-985.9779052734375 -489.74072265625
-987.9779052734375 -489.2918701171875
-989.9778442382812 -491.2789306640625
-991.9778442382812 -492.4464111328125
-993.977783203125 -491.0412292480469
-995.9776611328125 -491.0455017089844
-997.9774169921875 -490.2357177734375
-999.9773559570312 -488.9871826171875
-1001.977294921875 -490.9856262207031
-1003.9772338867188 -492.9172668457031
-1005.9772338867188 -491.0765686035156
-1007.9771728515625 -490.5845642089844
-1009.976806640625 -488.8070983886719
-1011.976806640625 -489.44342041015625
-1013.9765625 -488.852294921875
-1015.97607421875 -487.2872009277344
-1017.9760131835938 -485.36871337890625
-1019.9760131835938 -485.0251159667969
-1021.9759521484375 -483.805419921875
-1023.9754028320312 -485.79718017578125
-1025.9752197265625 -484.24493408203125
-1027.9752197265625 -486.22235107421875
-1029.9749755859375 -487.92901611328125
-1031.9747314453125 -486.4045104980469
-1033.974609375 -485.6687316894531
-1035.974365234375 -484.4093322753906
-1037.9742431640625 -486.3099670410156
-1039.9736328125 -484.503173828125
-1041.973388671875 -486.3843994140625
-1043.9732666015625 -485.20257568359375
-1045.970458984375 -487.1824645996094
-1047.9703369140625 -485.6446228027344
-1049.9691162109375 -487.0727844238281
-1051.968994140625 -487.4298400878906
-1053.96630859375 -485.684326171875
-1055.9659423828125 -486.52880859375
-1057.9656982421875 -486.3914489746094
-1059.9639892578125 -485.1444396972656
-1061.9615478515625 -487.0876159667969
-1063.9605712890625 -485.4346008300781
-1065.91748046875 -487.3905944824219
-1067.9090576171875 -485.6750183105469
-1069.8951416015625 -487.5452575683594
-1071.8941650390625 -485.8487548828125
-1073.892333984375 -487.7654113769531
-1075.8851318359375 -488.7345275878906
-1077.8753662109375 -488.0581970214844
-1079.8643798828125 -486.427734375
-1081.86376953125 -485.9330139160156
-1082.7603759765625 -483.965087890625
-1084.6458740234375 -482.0030517578125
-1086.6348876953125 -480.0539855957031
-1088.609130859375 -481.7513427734375
-1090.4176025390625 -480.3791198730469
-1092.414306640625 -479.7808837890625
-1094.3970947265625 -478.6455078125
-1096.3734130859375 -480.36712646484375
-1098.3543701171875 -478.46044921875
-1100.2220458984375 -477.7671813964844
-1102.05126953125 -476.5719299316406
-1103.9989013671875 -478.1527404785156
-1105.9849853515625 -479.22174072265625
-1107.968017578125 -477.6177062988281
-1107.6351318359375 -477.2078857421875
-1108.0936279296875 -475.6518859863281
-1106.409912109375 -473.7889709472656
-1108.3927001953125 -471.80303955078125
-1109.7613525390625 -469.8192443847656
-1109.1737060546875 -467.84967041015625
-1107.7864990234375 -465.89508056640625
-1108.1478271484375 -463.98834228515625
-1109.069091796875 -462.1395263671875
-1108.3651123046875 -460.6484680175781
-1108.109375 -458.6969909667969
-1109.883544921875 -458.06219482421875
-1111.814453125 -456.74334716796875
-1110.16259765625 -454.9424743652344
-1109.543212890625 -452.9493713378906
-1109.50390625 -451.590087890625
-1110.4005126953125 -453.460693359375
-1110.8203125 -453.6280822753906
-1110.7943115234375 -451.87109375
-1111.5555419921875 -450.4043273925781
-1110.6005859375 -451.0459289550781
-1111.456298828125 -452.9770202636719
-1110.4093017578125 -451.3500671386719
-1111.3966064453125 -452.866943359375
-1110.7906494140625 -450.9149475097656
-1112.55126953125 -451.2359619140625
-1112.4486083984375 -450.31097412109375
-1112.4359130859375 -452.1038513183594
-1110.5196533203125 -450.76416015625
-1111.5615234375 -451.1089172363281
-1111.1602783203125 -452.50421142578125
-1110.7598876953125 -450.852294921875
-1111.724853515625 -452.7445373535156
-1110.4476318359375 -451.36322021484375
-1109.9224853515625 -453.1444091796875
-1111.3162841796875 -452.4086608886719
-1110.4246826171875 -451.3171691894531
-1110.63623046875 -452.5267028808594
-1111.231689453125 -452.16656494140625
-1109.3201904296875 -451.51312255859375
-1109.912109375 -450.4017639160156
-1108.24951171875 -451.7322998046875
-1109.171630859375 -451.6942138671875
-1111.0745849609375 -452.6565246582031
-1109.922119140625 -451.42498779296875
-1108.931396484375 -451.0484313964844
-1108.3843994140625 -450.690185546875
-1109.148193359375 -449.5416259765625
-1107.6129150390625 -449.240966796875
-1108.331787109375 -448.98675537109375
-1109.3140869140625 -448.38446044921875
-1108.1099853515625 -447.68035888671875
-1109.5540771484375 -446.28948974609375
-1108.7357177734375 -444.4150695800781
-1110.0738525390625 -443.1852722167969
-1108.47607421875 -441.4265441894531
-1108.7757568359375 -439.4621276855469
-1110.4537353515625 -437.6959533691406
-1111.09716796875 -435.7980651855469
-1113.089599609375 -434.2227478027344
-1115.078125 -434.255126953125
-1116.9984130859375 -433.57427978515625
-1118.995849609375 -433.0458984375
-1119.53271484375 -435.0428771972656
-1121.429443359375 -433.1290283203125
-1123.1109619140625 -434.9080505371094
-1124.901611328125 -433.12139892578125
-1124.2679443359375 -435.0540771484375
-1125.38134765625 -436.75421142578125
-1127.369140625 -435.1258850097656
-1128.531982421875 -436.9814453125
-1130.3033447265625 -436.206298828125
-1131.5157470703125 -434.34906005859375
-1132.1971435546875 -436.24945068359375
