-936.2406005859375 -451.5470275878906
-938.2406005859375 -450.7925720214844
-940.2406005859375 -449.5756530761719
-942.2406005859375 -447.6878967285156
-944.2406005859375 -446.30450439453125
-946.2406005859375 -445.5324401855469
-948.2405395507812 -444.2727966308594
-950.2361450195312 -442.4483947753906
-949.3346557617188 -444.3320617675781
-951.3341064453125 -444.79449462890625
-953.3194580078125 -445.4356994628906
-954.1045532226562 -445.9798583984375
-955.4346313476562 -447.07891845703125
-957.0911865234375 -448.9440002441406
-956.0728759765625 -449.8291320800781
-955.7310791015625 -450.6009216308594
-956.263916015625 -452.48309326171875
-954.4501342773438 -453.9627380371094
-953.8817138671875 -455.9360656738281
-952.8653564453125 -457.8682861328125
-952.0992431640625 -459.85772705078125
-954.0806884765625 -461.8492431640625
-954.7618408203125 -463.5411376953125
-956.334228515625 -465.3551330566406
-957.659912109375 -467.23809814453125
-958.5842895507812 -469.17041015625
-956.6677856445312 -471.1548156738281
-958.5164184570312 -472.9550476074219
-957.0501708984375 -474.7648010253906
-955.371337890625 -474.9749755859375
-953.6386108398438 -476.8304748535156
-954.9999389648438 -478.82415771484375
-956.9967651367188 -480.77716064453125
-958.9962768554688 -480.83953857421875
-960.9927368164062 -482.76446533203125
-962.990234375 -484.62554931640625
-964.9894409179688 -486.24951171875
-966.9893188476562 -488.2438659667969
-968.9891967773438 -490.1713562011719
-970.9879760742188 -492.1459045410156
-972.9879760742188 -490.1459655761719
-974.9879760742188 -488.1464538574219
-976.9878540039062 -489.9909973144531
-978.9878540039062 -487.9910888671875
-980.9877319335938 -489.7816162109375
-982.9877319335938 -487.78167724609375
-984.9876708984375 -489.74822998046875
-986.9876708984375 -487.74822998046875
-988.987060546875 -489.0531921386719
-990.9869384765625 -490.8677062988281
-992.9869384765625 -488.867919921875
-994.98681640625 -490.7831115722656
-996.98681640625 -488.7842102050781
-998.9866943359375 -490.7330627441406
-1000.9866943359375 -488.733154296875
-1002.9866333007812 -490.611083984375
-1004.986572265625 -488.61114501953125
-1006.986572265625 -490.1430358886719
-1008.986572265625 -488.14495849609375
-1010.9863891601562 -486.1451110839844
-1012.986328125 -486.0802917480469
-1014.986328125 -484.0825500488281
-1016.9854125976562 -486.00750732421875
-1018.9854125976562 -484.02435302734375
-1020.9852905273438 -485.0425720214844
-1022.9852905273438 -483.0426330566406
-1024.9835205078125 -484.3160705566406
-1026.97998046875 -485.898193359375
-1028.97998046875 -483.8989562988281
-1030.9798583984375 -485.6971435546875
-1032.979736328125 -486.9345703125
-1034.979736328125 -484.9346923828125
-1036.9781494140625 -486.6301574707031
-1038.9781494140625 -484.6310729980469
-1040.9775390625 -485.9347839355469
-1042.9775390625 -483.9349060058594
-1044.9752197265625 -485.2283935546875
-1046.9744873046875 -484.7712097167969
-1048.9720458984375 -486.3208312988281
-1050.971923828125 -484.32098388671875
-1052.9715576171875 -486.1025085449219
-1054.9715576171875 -484.1033935546875
-1056.9678955078125 -484.7798767089844
-1058.9349365234375 -482.7889099121094
-1060.9254150390625 -483.7014465332031
-1062.9205322265625 -485.21929931640625
-1064.92041015625 -484.6741943359375
-1066.9189453125 -485.29315185546875
-1068.9151611328125 -486.9411926269531
-1070.9151611328125 -484.9423522949219
-1072.914794921875 -483.8561096191406
-1074.91455078125 -485.6328125
-1076.9124755859375 -486.8236999511719
-1078.9124755859375 -484.8238220214844
-1080.9117431640625 -483.34136962890625
-1082.908203125 -482.2607727050781
-1084.90771484375 -481.390625
-1086.9075927734375 -479.3986511230469
-1088.89892578125 -480.9814147949219
-1090.8988037109375 -478.9867248535156
-1092.4969482421875 -480.6973876953125
-1094.4967041015625 -478.697509765625
-1096.490234375 -477.2683410644531
-1098.48486328125 -475.78912353515625
-1100.4342041015625 -476.8914489746094
-1102.419189453125 -478.41351318359375
-1104.419189453125 -476.480224609375
-1106.2862548828125 -477.72314453125
-1107.52978515625 -478.60064697265625
-1109.25146484375 -480.01300048828125
-1111.2506103515625 -478.0162658691406
-1111.216064453125 -479.862060546875
-1113.2149658203125 -477.8626708984375
-1112.88037109375 -477.833251953125
-1114.650146484375 -479.7418518066406
-1116.6488037109375 -477.7422180175781
-1118.497314453125 -479.5913391113281
-1120.4970703125 -477.59295654296875
-1121.571044921875 -478.978271484375
-1123.5650634765625 -480.66607666015625
-1125.562744140625 -478.6671142578125
-1127.2275390625 -479.9552307128906
-1129.220703125 -477.9672546386719
-1131.14306640625 -479.8055114746094
-1133.1375732421875 -477.8095397949219
-1133.4237060546875 -479.58416748046875
-1135.3292236328125 -477.6013488769531
-1135.84423828125 -478.8200378417969
-1137.8236083984375 -476.8211364746094
-1139.4930419921875 -478.5220031738281
-1141.4749755859375 -476.53826904296875
-1143.4351806640625 -474.8067932128906
-1142.623046875 -473.6201171875
-1140.7991943359375 -471.92120361328125
-1142.6082763671875 -469.9434509277344
-1141.545654296875 -468.2913513183594
-1143.5439453125 -467.2309265136719
-1142.10107421875 -465.7237854003906
-1140.5831298828125 -463.7364196777344
-1142.5703125 -461.8047180175781
