-936.2406005859375 -455.5267639160156
-938.2406005859375 -457.5198669433594
-940.2406005859375 -459.5190734863281
-942.2406005859375 -461.51849365234375
-944.2406005859375 -463.518310546875
-946.2406005859375 -465.5182800292969
-948.2406005859375 -467.5182800292969
-950.2406005859375 -469.04559326171875
-952.2406005859375 -471.0435485839844
-954.2406005859375 -473.0359191894531
-956.2406005859375 -475.00384521484375
-958.2406005859375 -476.9867858886719
-960.2406005859375 -478.9720764160156
-962.2406005859375 -480.9720764160156
-964.2406005859375 -482.9720458984375
-966.2406005859375 -484.9720458984375
-968.2406005859375 -486.9720458984375
-970.2406005859375 -488.9720153808594
-972.2406005859375 -490.9720153808594
-974.2406005859375 -489.1779479980469
-976.2406005859375 -491.17791748046875
-978.2406005859375 -489.5234375
-980.2406005859375 -487.95355224609375
-982.2406005859375 -489.9535217285156
-984.2406005859375 -488.3230895996094
-986.2406005859375 -490.3230895996094
-988.2406005859375 -488.9024658203125
-990.2406005859375 -490.9018249511719
-992.2406005859375 -489.758544921875
-994.2406005859375 -488.72845458984375
-996.2406005859375 -490.7283935546875
-998.2406005859375 -489.28387451171875
-1000.2406005859375 -487.4189147949219
-1002.2406005859375 -489.41680908203125
-1004.2406005859375 -488.79937744140625
-1006.2406005859375 -487.86297607421875
-1008.2406005859375 -489.8621826171875
-1010.2405395507812 -487.9840393066406
-1012.2405395507812 -486.11968994140625
-1014.2405395507812 -484.3248596191406
-1016.2405395507812 -486.32464599609375
-1018.2405395507812 -484.6944580078125
-1020.2405395507812 -486.6783142089844
-1022.2405395507812 -484.9453125
-1024.240478515625 -483.30877685546875
-1026.240478515625 -485.3082275390625
-1028.240478515625 -487.3046569824219
-1030.240478515625 -485.6371765136719
-1032.2403564453125 -487.6106262207031
-1034.2403564453125 -485.6822509765625
-1036.240234375 -483.9334411621094
-1038.240234375 -485.9304504394531
-1040.240234375 -483.9913024902344
-1042.240234375 -485.9905700683594
-1044.2401123046875 -486.1134338378906
-1046.239990234375 -484.30242919921875
-1048.23974609375 -486.29425048828125
-1050.23974609375 -486.0203552246094
-1052.2396240234375 -484.130615234375
-1054.239501953125 -486.1229248046875
-1056.2393798828125 -485.79547119140625
-1058.2393798828125 -487.794677734375
-1060.239013671875 -486.6438903808594
-1062.239013671875 -488.6279296875
-1064.2388916015625 -486.6590576171875
-1066.23876953125 -484.71875
-1068.2347412109375 -486.7151794433594
-1070.2327880859375 -486.89508056640625
-1072.2196044921875 -485.0619201660156
-1074.2191162109375 -487.0548400878906
-1076.2181396484375 -486.3444519042969
-1078.217529296875 -487.0340576171875
-1080.2001953125 -486.78125
-1082.172119140625 -487.9012756347656
-1084.171630859375 -486.3445129394531
-1083.588623046875 -484.96405029296875
-1081.624755859375 -485.0724182128906
-1079.8621826171875 -485.8538818359375
-1081.858642578125 -487.7952575683594
-1083.85498046875 -486.2060852050781
-1082.1177978515625 -486.14080810546875
-1080.4510498046875 -485.1390380859375
-1082.4486083984375 -487.1075744628906
-1082.333984375 -486.4345703125
-1081.2901611328125 -485.2272033691406
-1082.343505859375 -483.7253723144531
-1084.333251953125 -485.5884094238281
-1082.6654052734375 -483.8509826660156
-1084.597900390625 -482.31427001953125
-1086.522705078125 -481.43084716796875
-1088.522216796875 -479.44146728515625
-1090.521240234375 -481.2213134765625
-1092.4263916015625 -479.3638610839844
-1093.415283203125 -477.3992919921875
-1095.383056640625 -479.3912658691406
-1097.3240966796875 -477.9133605957031
-1099.3182373046875 -479.510009765625
-1100.9556884765625 -478.6455993652344
-1102.9464111328125 -479.4078674316406
-1104.937255859375 -477.9162902832031
-1106.9326171875 -479.1253662109375
-1108.8275146484375 -477.41064453125
-1109.5675048828125 -477.57232666015625
-1111.392333984375 -479.27685546875
-1111.3529052734375 -479.9153747558594
-1111.5931396484375 -477.995361328125
-1112.24072265625 -479.811279296875
-1113.8515625 -477.95330810546875
-1113.1336669921875 -479.89447021484375
-1114.86572265625 -477.9620056152344
-1116.221435546875 -479.89068603515625
-1117.8250732421875 -477.92022705078125
-1118.001220703125 -479.2985534667969
-1119.021240234375 -477.404296875
-1120.800537109375 -478.9898986816406
-1122.3961181640625 -480.66131591796875
-1121.965087890625 -478.8179931640625
-1123.2628173828125 -479.4048767089844
-1124.582275390625 -477.6984558105469
-1126.1859130859375 -477.4635925292969
-1127.6441650390625 -478.4910583496094
-1126.781494140625 -478.6606140136719
-1128.181884765625 -478.95208740234375
-1129.5712890625 -477.7440490722656
-1129.98779296875 -478.3290100097656
-1131.853759765625 -479.12646484375
-1133.7930908203125 -479.3303527832031
-1132.5592041015625 -477.5734558105469
-1133.5860595703125 -476.4993591308594
-1134.88671875 -478.057861328125
-1134.0504150390625 -478.23779296875
-1135.3216552734375 -476.7248840332031
-1136.8973388671875 -477.2313232421875
-1138.0146484375 -479.1532287597656
-1138.4796142578125 -477.2262878417969
-1140.403076171875 -476.9924621582031
-1142.348876953125 -475.5795593261719
-1144.348388671875 -473.5981140136719
-1142.4036865234375 -473.4312438964844
-1140.4598388671875 -474.6736145019531
-1142.45751953125 -472.7492980957031
-1140.462646484375 -471.2741394042969
-1142.457275390625 -469.2837829589844
-1140.45751953125 -467.9486999511719
-1142.4517822265625 -467.1151123046875
-1140.456787109375 -465.96533203125
-1142.4564208984375 -464.9007568359375
-1140.460693359375 -463.166748046875
-1142.3414306640625 -461.36077880859375
