-936.2406005859375 -455.2280578613281
-938.2406005859375 -457.2179260253906
-940.2406005859375 -459.2154235839844
-942.2406005859375 -461.2147216796875
-944.2406005859375 -463.2144470214844
-946.2406005859375 -465.2140197753906
-948.2406005859375 -467.2139587402344
-950.2406005859375 -468.8415832519531
-952.2406005859375 -470.10296630859375
-954.2406005859375 -470.85418701171875
-956.2406005859375 -472.7355651855469
-958.2406005859375 -474.60821533203125
-960.2406005859375 -476.1383056640625
-962.2406005859375 -478.1309814453125
-964.2406005859375 -480.1309509277344
-966.2406005859375 -482.1309509277344
-968.2406005859375 -484.1309509277344
-970.2406005859375 -486.1309509277344
-972.2406005859375 -488.1309509277344
-974.2406005859375 -490.1309509277344
-976.2406005859375 -488.1310119628906
-978.2406005859375 -490.1310119628906
-980.2406005859375 -488.13128662109375
-982.2406005859375 -490.13128662109375
-984.2406005859375 -488.1332092285156
-986.2406005859375 -490.1331787109375
-988.2406005859375 -488.134033203125
-990.2406005859375 -490.134033203125
-992.2406005859375 -488.13726806640625
-994.2406005859375 -490.13726806640625
-996.2406005859375 -488.13787841796875
-998.2406005859375 -490.13787841796875
-1000.2406005859375 -488.13909912109375
-1002.2406005859375 -490.13909912109375
-1004.2406005859375 -488.140380859375
-1006.2406005859375 -490.140380859375
-1008.2406005859375 -488.14044189453125
-1010.2406005859375 -486.140625
-1012.2406005859375 -488.140625
-1014.2406005859375 -486.1407165527344
-1016.2406005859375 -484.141357421875
-1018.2406005859375 -486.1413269042969
-1020.2406005859375 -484.1431884765625
-1022.2406005859375 -486.14312744140625
-1024.2406005859375 -484.14447021484375
-1026.2406005859375 -486.14447021484375
-1028.2406005859375 -484.14459228515625
-1030.2406005859375 -486.14459228515625
-1032.2406005859375 -484.1453857421875
-1034.2406005859375 -486.1453857421875
-1036.2406005859375 -484.15814208984375
-1038.2406005859375 -486.15814208984375
-1040.2406005859375 -484.1582336425781
-1042.2406005859375 -486.1582336425781
-1044.2406005859375 -484.1590576171875
-1046.2406005859375 -486.1589050292969
-1048.2406005859375 -484.1591796875
-1050.2406005859375 -486.1591491699219
-1052.2406005859375 -484.1756896972656
-1054.2406005859375 -486.1756896972656
-1056.2406005859375 -484.86798095703125
-1058.2406005859375 -486.8677673339844
-1060.2406005859375 -484.8959655761719
-1062.2406005859375 -486.8953857421875
-1064.2406005859375 -484.8962097167969
-1066.2406005859375 -486.8961181640625
-1068.2406005859375 -484.89752197265625
-1070.2406005859375 -486.89739990234375
-1072.2406005859375 -484.90179443359375
-1074.2406005859375 -486.9010009765625
-1076.2406005859375 -484.9223327636719
-1078.240478515625 -486.90679931640625
-1080.240478515625 -485.0275573730469
-1082.240234375 -487.025390625
-1084.2401123046875 -485.0254211425781
-1086.2401123046875 -483.0255126953125
-1088.2401123046875 -481.0255126953125
-1090.2401123046875 -479.02569580078125
-1092.2401123046875 -481.0228271484375
-1094.2401123046875 -479.0252380371094
-1096.239990234375 -477.03009033203125
-1098.239990234375 -479.02447509765625
-1100.239990234375 -477.02618408203125
-1102.23974609375 -479.0247802734375
-1104.2393798828125 -477.2588806152344
-1106.2393798828125 -479.1636047363281
-1108.2392578125 -480.5746154785156
-1110.2391357421875 -478.5746765136719
-1112.2391357421875 -480.27392578125
-1114.239013671875 -478.2740173339844
-1116.2373046875 -480.2098388671875
-1118.2371826171875 -478.2130432128906
-1120.2369384765625 -478.5799560546875
-1122.2158203125 -480.243896484375
-1124.2015380859375 -478.2458801269531
-1126.1246337890625 -480.0303039550781
-1128.10498046875 -478.0409851074219
-1129.729248046875 -479.87933349609375
-1131.723388671875 -477.8904113769531
-1133.6927490234375 -476.9936828613281
-1135.287841796875 -477.74835205078125
-1134.8040771484375 -478.8269348144531
-1136.6630859375 -476.8275451660156
-1136.857421875 -478.6080017089844
-1138.85498046875 -476.62921142578125
-1139.285888671875 -477.3036804199219
-1141.215087890625 -478.67474365234375
-1142.1895751953125 -476.6905212402344
-1144.1884765625 -474.9444274902344
-1142.4683837890625 -473.43817138671875
-1140.4849853515625 -472.93353271484375
-1142.483642578125 -470.9442138671875
-1140.6533203125 -468.9474182128906
-1142.6500244140625 -467.19818115234375
-1140.805419921875 -465.198974609375
-1142.804443359375 -463.2705993652344
-1140.83447265625 -461.27105712890625
-1142.8326416015625 -459.3696594238281
