-936.2249755859375 -451.75909423828125
-938.2208862304688 -449.802001953125
-940.1264038085938 -448.0851745605469
-942.1092529296875 -446.14495849609375
-944.0997314453125 -444.2245178222656
-946.08251953125 -442.6884765625
-948.0784912109375 -440.90771484375
-950.0634765625 -441.9921569824219
-952.0457763671875 -443.6778564453125
-954.0020141601562 -443.494140625
-955.9454956054688 -442.0443420410156
-957.88525390625 -444.0376281738281
-959.5359497070312 -444.0236511230469
-961.4699096679688 -445.963134765625
-962.1610107421875 -447.86163330078125
-963.903564453125 -449.36785888671875
-962.125 -451.2366943359375
-960.4230346679688 -453.2288818359375
-959.5679321289062 -455.1653137207031
-959.3943481445312 -457.0747375488281
-959.5611572265625 -459.0606689453125
-960.5968017578125 -460.9952392578125
-962.44189453125 -462.7758483886719
-963.80810546875 -463.7761535644531
-964.1693115234375 -465.649169921875
-965.9559326171875 -467.50823974609375
-964.3129272460938 -469.4512939453125
-963.5440673828125 -471.4199523925781
-965.512939453125 -472.8156433105469
-965.874755859375 -472.4290466308594
-966.0167846679688 -473.6226806640625
-964.5264892578125 -475.55322265625
-964.2156372070312 -476.0113220214844
-964.3102416992188 -477.327880859375
-963.6369018554688 -479.22735595703125
-962.8018798828125 -481.13873291015625
-964.7546997070312 -483.0615539550781
-966.5030517578125 -485.0566101074219
-968.4601440429688 -487.03253173828125
-970.435302734375 -488.99237060546875
-972.3306274414062 -490.96221923828125
-974.2457885742188 -488.9755859375
-976.215576171875 -490.9403381347656
-978.1432495117188 -488.9496765136719
-980.1287231445312 -490.8241882324219
-981.6826782226562 -488.82696533203125
-983.5934448242188 -490.63348388671875
-985.5203857421875 -488.63385009765625
-987.5186767578125 -490.5960388183594
-989.2900390625 -488.6026611328125
-991.2800903320312 -490.56927490234375
-992.9827270507812 -488.6215515136719
-994.9766845703125 -490.5441589355469
-996.3377075195312 -488.5476989746094
-998.3367309570312 -490.2317810058594
-1000.28076171875 -488.23468017578125
-1002.2008666992188 -488.7116394042969
-1004.1978759765625 -490.5134582519531
-1005.68994140625 -488.5255432128906
-1007.679931640625 -490.15753173828125
-1009.625244140625 -488.162109375
-1011.456298828125 -486.2481689453125
-1012.929931640625 -484.2574462890625
-1014.9171752929688 -486.0138244628906
-1016.7874145507812 -484.0386657714844
-1018.7654418945312 -485.6514587402344
-1018.3997802734375 -483.7125549316406
-1020.3450927734375 -485.5601501464844
-1022.2825317382812 -483.5614929199219
-1023.177978515625 -483.28289794921875
-1025.08837890625 -484.1991882324219
-1027.074951171875 -486.16943359375
-1026.1309814453125 -484.17242431640625
-1028.1124267578125 -485.741943359375
-1030.088134765625 -487.294677734375
-1032.01708984375 -485.3048095703125
-1032.1961669921875 -487.1245422363281
-1033.0589599609375 -485.1744079589844
-1035.047607421875 -486.9883117675781
-1036.9234619140625 -485.0204162597656
-1038.669189453125 -486.4319152832031
-1039.675048828125 -484.6529541015625
-1041.6734619140625 -486.5167541503906
-1043.4927978515625 -484.61126708984375
-1045.4813232421875 -485.56927490234375
-1047.4742431640625 -487.48876953125
-1047.080078125 -485.5223083496094
-1048.9595947265625 -485.5119934082031
-1050.9000244140625 -487.3844299316406
-1052.55419921875 -485.3938903808594
-1054.341552734375 -487.18988037109375
-1056.0804443359375 -485.5047607421875
-1058.079833984375 -487.3985290527344
-1060.068115234375 -486.740966796875
-1061.9117431640625 -486.7569580078125
-1063.5662841796875 -488.1659851074219
-1064.758544921875 -486.2752380371094
-1066.6268310546875 -486.1071472167969
-1068.4852294921875 -487.80487060546875
-1070.0338134765625 -486.00213623046875
-1071.9327392578125 -487.9238586425781
-1073.8695068359375 -486.1638488769531
-1075.631591796875 -484.3076477050781
-1075.15771484375 -484.7429504394531
-1076.634521484375 -486.62188720703125
-1078.60791015625 -484.6731262207031
-1080.50048828125 -486.4410705566406
-1082.4248046875 -485.1376953125
-1084.33544921875 -483.1439514160156
-1086.234619140625 -481.1783142089844
-1087.8865966796875 -479.72869873046875
-1089.4361572265625 -480.64190673828125
-1091.4014892578125 -478.9918518066406
-1093.2474365234375 -480.7061462402344
-1095.23583984375 -479.06243896484375
-1097.2193603515625 -477.64434814453125
-1099.1947021484375 -478.7079772949219
-1100.5281982421875 -477.0191650390625
-1102.506103515625 -478.97882080078125
-1104.3665771484375 -477.91546630859375
-1106.022216796875 -479.4727478027344
-1107.9901123046875 -477.9181823730469
-1109.57568359375 -477.1513366699219
-1108.8314208984375 -477.34033203125
-1107.1943359375 -475.6091613769531
-1108.53466796875 -474.6695861816406
-1110.2298583984375 -472.7265930175781
-1112.0626220703125 -470.8285217285156
-1113.3848876953125 -469.3792724609375
-1114.50439453125 -467.4067077636719
-1112.9600830078125 -465.51348876953125
-1110.993896484375 -463.6230773925781
-1109.1251220703125 -462.01641845703125
-1108.0584716796875 -460.2335510253906
-1109.2724609375 -458.28997802734375
-1111.2496337890625 -456.291748046875
-1111.8033447265625 -455.1593933105469
-1110.751708984375 -454.23199462890625
-1112.304931640625 -453.3858947753906
-1113.809814453125 -451.8538818359375
-1112.4984130859375 -450.334228515625
-1113.9039306640625 -448.9615478515625
-1112.357421875 -450.6172790527344
-1112.82373046875 -452.4748229980469
-1114.052978515625 -450.9659423828125
-1114.5244140625 -449.1024169921875
-1113.9068603515625 -450.8432312011719
-1114.2020263671875 -448.8677673339844
-1114.1748046875 -449.5933837890625
-1112.2427978515625 -451.5382385253906
-1111.0567626953125 -449.6112976074219
-1110.870361328125 -448.97772216796875
-1110.6881103515625 -449.118408203125
-1109.0216064453125 -447.6957702636719
-1109.316162109375 -446.9500427246094
-1110.6300048828125 -445.98419189453125
-1108.747802734375 -444.08612060546875
-1110.6954345703125 -442.43499755859375
-1109.485107421875 -440.8881530761719
-1111.2608642578125 -439.09185791015625
-1111.84033203125 -437.2471008300781
-1113.097412109375 -435.25732421875
-1115.0863037109375 -433.2597351074219
-1117.0550537109375 -431.4678955078125
-1118.1173095703125 -432.7230224609375
-1118.787109375 -434.6854553222656
-1120.7811279296875 -432.6896667480469
-1120.1666259765625 -434.6683349609375
-1122.0980224609375 -432.670654296875
-1123.654052734375 -434.6414794921875
-1123.2265625 -436.639404296875
-1125.20166015625 -434.6696472167969
-1123.23828125 -436.6643981933594
-1125.23486328125 -434.747314453125
-1126.4744873046875 -436.744873046875
-1128.3245849609375 -434.7826843261719
-1127.045166015625 -436.7825012207031
-1129.015380859375 -434.79656982421875
-1130.149169921875 -436.7920227050781
-1132.133544921875 -434.86419677734375
