-1194.21728515625 -441.6289978027344
-1195.30908203125 -443.25006103515625
-1197.062255859375 -441.2635192871094
-1198.9881591796875 -443.0729675292969
-1200.8377685546875 -441.22711181640625
-1202.827880859375 -442.1182861328125
-1204.7586669921875 -440.133544921875
-1206.755859375 -440.7938232421875
-1208.7554931640625 -438.8519287109375
-1210.7542724609375 -440.6941833496094
-1212.7542724609375 -438.6980895996094
-1214.7535400390625 -438.1327819824219
-1216.7532958984375 -439.5509338378906
-1218.7525634765625 -438.2434387207031
-1220.7525634765625 -436.5225524902344
-1222.7525634765625 -434.55096435546875
-1224.75244140625 -432.6289978027344
-1226.7523193359375 -430.65203857421875
-1228.7523193359375 -428.65997314453125
-1230.7523193359375 -426.6626892089844
-1232.7520751953125 -424.6639404296875
-1234.751953125 -422.6650695800781
-1236.7515869140625 -420.6658020019531
-1238.75146484375 -418.6695556640625
-1240.7470703125 -416.6702575683594
-1242.7469482421875 -414.689453125
-1244.735595703125 -412.70135498046875
-1246.7354736328125 -410.70196533203125
-1248.7301025390625 -408.7051086425781
-1246.7322998046875 -406.7112121582031
-1248.5533447265625 -404.7113342285156
-1246.6572265625 -402.7113342285156
-1248.6434326171875 -400.72216796875
-1246.666259765625 -398.7239990234375
-1248.6549072265625 -396.7243347167969
-1246.6669921875 -394.7249450683594
-1248.65380859375 -392.7256774902344
-1246.6553955078125 -390.7262268066406
-1248.6531982421875 -388.7268371582031
-1246.66748046875 -386.72711181640625
-1248.657958984375 -384.7311706542969
-1246.6614990234375 -382.7313537597656
-1244.6636962890625 -380.7313537597656
-1246.6597900390625 -378.7420349121094
-1244.6602783203125 -376.7420654296875
-1246.6590576171875 -374.7424621582031
-1244.66015625 -372.74273681640625
-1246.633544921875 -370.7441101074219
-1244.8338623046875 -368.7441101074219
-1246.4556884765625 -366.8543395996094
-1247.71337890625 -364.95953369140625
-1245.71630859375 -362.9595642089844
-1247.03955078125 -361.2095642089844
-1247.9691162109375 -359.41143798828125
-1245.986328125 -357.4114685058594
-1247.9267578125 -355.7319641113281
-1249.857666015625 -353.9725341796875
-1248.0797119140625 -351.9725646972656
-1249.8919677734375 -349.9813232421875
-1247.8927001953125 -347.9847106933594
-1249.7528076171875 -346.0027160644531
-1247.7542724609375 -344.0027160644531
-1249.23095703125 -342.0710144042969
-1247.2322998046875 -340.0712585449219
-1245.505126953125 -338.0762939453125
-1246.13720703125 -336.09014892578125
-1244.5535888671875 -335.03350830078125
-1246.3277587890625 -333.04522705078125
-1244.337158203125 -331.0843505859375
-1246.2520751953125 -329.0976257324219
-1247.66796875 -327.2037658691406
-1248.1064453125 -325.4020690917969
-1246.6962890625 -323.9304504394531
-1248.6085205078125 -322.3063659667969
-1246.6087646484375 -320.3066101074219
-1244.757080078125 -318.44830322265625
-1245.8328857421875 -316.5534362792969
-1246.9832763671875 -314.56103515625
-1247.3800048828125 -312.65911865234375
-1248.3516845703125 -310.6714782714844
-1246.35302734375 -308.73834228515625
-1244.672119140625 -307.320556640625
-1245.8841552734375 -305.3487854003906
-1245.69775390625 -303.3790588378906
-1244.85595703125 -301.6489562988281
-1245.6103515625 -299.65557861328125
-1247.5394287109375 -297.6721496582031
-1245.8265380859375 -296.0859069824219
-1245.1611328125 -294.1183166503906
-1246.971435546875 -292.2251892089844
-1248.73779296875 -290.39190673828125
-1246.738037109375 -288.3968505859375
-1247.7269287109375 -286.40289306640625
-1247.1392822265625 -284.60418701171875
-1248.8560791015625 -282.7606201171875
-1246.8563232421875 -280.81256103515625
-1246.59423828125 -279.0525207519531
-1247.6099853515625 -277.05682373046875
-1249.3824462890625 -275.51123046875
-1247.382568359375 -273.5187072753906
-1249.16845703125 -271.5617980957031
-1247.1710205078125 -269.65325927734375
-1245.693115234375 -267.67694091796875
-1244.0250244140625 -265.9210510253906
-1242.16015625 -264.5640869140625
-1240.4449462890625 -262.7722473144531
-1239.94873046875 -260.84039306640625
-1240.2430419921875 -258.86285400390625
-1240.449462890625 -256.8807678222656
-1239.8740234375 -254.8843231201172
-1239.3289794921875 -252.89183044433594
-1237.81396484375 -251.1155548095703
-1238.9405517578125 -249.11703491210938
-1239.3953857421875 -247.17552185058594
-1240.1881103515625 -245.49327087402344
-1238.4197998046875 -243.5259246826172
-1239.392578125 -241.57852172851562
-1239.237548828125 -239.68191528320312
-1237.86865234375 -237.75537109375
-1238.032470703125 -235.83018493652344
-1238.0894775390625 -233.85263061523438
-1239.7904052734375 -232.26547241210938
-1238.95703125 -230.6871337890625
-1239.2401123046875 -228.69618225097656
-1237.999755859375 -226.7357177734375
-1239.4149169921875 -225.42596435546875
-1239.8779296875 -223.7769317626953
-1238.706298828125 -221.90451049804688
-1240.2059326171875 -220.35389709472656
-1238.765625 -218.85838317871094
-1237.73046875 -216.94602966308594
-1236.038330078125 -217.6588897705078
-1234.0546875 -215.71559143066406
-1233.8896484375 -214.13339233398438
-1235.4815673828125 -212.23196411132812
-1234.03662109375 -210.48944091796875
-1232.039794921875 -208.75099182128906
-1230.962646484375 -206.8048553466797
-1229.009521484375 -205.1597442626953
-1227.41943359375 -203.37413024902344
-1228.192626953125 -201.85821533203125
-1227.1126708984375 -200.37843322753906
-1225.7137451171875 -200.67730712890625
-1223.8350830078125 -199.80929565429688
-1223.944091796875 -200.6796875
-1222.3087158203125 -198.9713592529297
-1221.2899169921875 -198.1529083251953
-1219.6439208984375 -196.31532287597656
-1219.3861083984375 -194.64691162109375
-1218.794677734375 -193.09393310546875
-1217.1400146484375 -191.8533172607422
-1216.279296875 -189.88323974609375
-1214.353759765625 -188.11366271972656
-1213.4866943359375 -186.1257781982422
-1211.5614013671875 -184.3737335205078
-1211.9364013671875 -182.52276611328125
-1210.765380859375 -181.74620056152344
-1208.880859375 -182.11038208007812
-1206.913818359375 -180.1375732421875
-1205.5284423828125 -182.00567626953125
-1203.823486328125 -183.8493194580078
-1202.7200927734375 -182.33567810058594
-1201.2646484375 -183.49647521972656
-1203.050048828125 -182.04946899414062
-1203.426513671875 -184.0406036376953
-1203.63623046875 -183.69512939453125
-1203.4990234375 -181.9925994873047
-1202.204833984375 -181.56199645996094
-1200.416748046875 -182.05157470703125
-1198.7725830078125 -183.99220275878906
-1197.180908203125 -182.57958984375
-1197.5892333984375 -183.5553436279297
-1195.6197509765625 -181.98045349121094
-1193.6260986328125 -183.62384033203125
-1191.6280517578125 -181.88381958007812
-1190.5955810546875 -183.4918975830078
-1188.6328125 -181.68629455566406
-1186.766357421875 -181.33985900878906
-1184.807373046875 -183.27426147460938
-1183.8714599609375 -182.1688232421875
-1181.945556640625 -183.9600830078125
-1180.0648193359375 -183.8264617919922
-1178.6324462890625 -182.25978088378906
-1176.9278564453125 -184.17874145507812
-1175.0440673828125 -184.7841033935547
-1173.6307373046875 -182.83847045898438
-1172.5079345703125 -180.93038940429688
-1172.812744140625 -182.872802734375
-1170.8944091796875 -180.97866821289062
-1169.293701171875 -182.922607421875
-1168.063720703125 -181.25587463378906
-1166.2794189453125 -182.1925048828125
-1164.5604248046875 -184.17593383789062
-1162.5784912109375 -182.6019287109375
-1162.831787109375 -183.53451538085938
-1160.8709716796875 -181.58787536621094
-1158.9490966796875 -183.55398559570312
-1156.982666015625 -185.535888671875
-1155.1358642578125 -185.48875427246094
-1153.143310546875 -183.49807739257812
-1151.162353515625 -181.5014190673828
-1149.9854736328125 -183.49319458007812
-1148.448486328125 -185.3665771484375
-1146.4515380859375 -183.4366912841797
-1145.4979248046875 -185.43374633789062
-1143.4984130859375 -184.0122528076172
-1143.343017578125 -185.9730224609375
-1141.4090576171875 -187.96446228027344
-1142.755615234375 -186.41500854492188
-1143.1497802734375 -188.32284545898438
-1143.7552490234375 -187.59400939941406
-1145.007080078125 -185.60264587402344
-1143.4853515625 -187.5626220703125
-1144.9913330078125 -185.82232666015625
-1142.9913330078125 -184.7190399169922
-1141.1485595703125 -186.60650634765625
-1140.8922119140625 -184.99610900878906
-1140.95654296875 -186.98387145996094
-1142.3153076171875 -185.1096954345703
-1140.3978271484375 -186.97048950195312
-1139.8253173828125 -184.98822021484375
-1140.990966796875 -185.4097442626953
-1141.9112548828125 -187.350341796875
-1140.2373046875 -185.35806274414062
-1138.310791015625 -187.32501220703125
-1137.35546875 -185.77520751953125
-1135.3724365234375 -187.76441955566406
-1134.9166259765625 -186.16600036621094
-1132.94970703125 -185.4505615234375
-1131.4739990234375 -187.43603515625
-1129.768310546875 -186.79412841796875
-1130.0091552734375 -185.08676147460938
-1128.6680908203125 -187.07484436035156
-1126.71240234375 -185.1136932373047
-1125.4312744140625 -187.02529907226562
-1123.563232421875 -185.1310272216797
-1121.8446044921875 -187.12106323242188
-1120.3280029296875 -185.13963317871094
-1119.2569580078125 -187.05194091796875
-1117.969970703125 -185.27285766601562
-1117.6058349609375 -187.26966857910156
-1115.67578125 -187.10110473632812
-1113.7220458984375 -185.2874755859375
-1113.6395263671875 -187.28256225585938
-1111.7076416015625 -185.36581420898438
-1109.8927001953125 -187.36123657226562
-1108.9788818359375 -185.56517028808594
-1107.033447265625 -187.56033325195312
-1106.106201171875 -185.95973205566406
-1106.04736328125 -187.62945556640625
-1105.5689697265625 -185.71189880371094
-1104.36279296875 -187.6991729736328
-1102.8848876953125 -185.78909301757812
-1100.91162109375 -187.762939453125
-1099.0244140625 -185.79583740234375
