-1193.1953125 -438.9868469238281
-1191.6947021484375 -437.2751770019531
-1193.6700439453125 -435.883544921875
-1192.482421875 -435.91680908203125
-1191.29443359375 -435.8019714355469
-1193.2928466796875 -433.90765380859375
-1192.5107421875 -435.5085144042969
-1191.90625 -436.7470703125
-1193.86767578125 -435.8553771972656
-1192.0650634765625 -436.7275085449219
-1193.8623046875 -436.7455139160156
-1192.498779296875 -436.2727966308594
-1190.651611328125 -434.35211181640625
-1191.0572509765625 -435.1278076171875
-1193.051025390625 -434.1208801269531
-1193.5164794921875 -432.9942932128906
-1194.8553466796875 -432.2565612792969
-1196.1876220703125 -433.341796875
-1198.0802001953125 -431.84033203125
-1200.07861328125 -431.06964111328125
-1202.078369140625 -429.0745849609375
-1204.078369140625 -427.107666015625
-1206.078369140625 -425.10833740234375
-1208.078369140625 -423.1101989746094
-1210.078369140625 -421.1112976074219
-1212.078369140625 -419.1114807128906
-1214.078369140625 -417.1115417480469
-1216.078369140625 -415.11163330078125
-1218.078369140625 -413.1118469238281
-1220.078369140625 -411.1121826171875
-1222.078369140625 -409.1125793457031
-1224.078369140625 -407.1125793457031
-1226.078369140625 -405.1125793457031
-1228.078369140625 -403.1125793457031
-1230.0782470703125 -401.11260986328125
-1232.0782470703125 -399.11260986328125
-1234.0782470703125 -397.11260986328125
-1236.0782470703125 -395.11260986328125
-1238.0782470703125 -393.11260986328125
-1240.0782470703125 -391.11260986328125
-1242.076416015625 -389.11260986328125
-1244.0760498046875 -387.11260986328125
-1246.073974609375 -385.11260986328125
-1248.073486328125 -383.11260986328125
-1246.0745849609375 -381.113037109375
-1248.073486328125 -379.113037109375
-1246.073486328125 -377.1134033203125
-1248.0723876953125 -375.1134033203125
-1246.072509765625 -373.1136474609375
-1248.0721435546875 -371.1136474609375
-1246.0721435546875 -369.1144714355469
-1248.0699462890625 -367.1144714355469
-1246.0699462890625 -365.1146545410156
-1248.0579833984375 -363.1146545410156
-1246.0579833984375 -361.1160888671875
-1248.0567626953125 -359.1160888671875
-1246.056884765625 -357.1171569824219
-1248.0567626953125 -355.1171569824219
-1246.0567626953125 -353.1201171875
-1248.0247802734375 -351.1201171875
-1250.0001220703125 -349.1201171875
-1248.00048828125 -347.1211853027344
-1249.99560546875 -345.1211853027344
-1247.995849609375 -343.1213684082031
-1249.99072265625 -341.1213684082031
-1247.990966796875 -339.1218566894531
-1249.9576416015625 -337.1218566894531
-1247.957763671875 -335.1238098144531
-1249.9521484375 -333.1238098144531
-1247.9521484375 -331.12408447265625
-1249.8907470703125 -329.12408447265625
-1247.8916015625 -327.1481018066406
-1249.679443359375 -325.1481018066406
-1247.6798095703125 -323.14825439453125
-1249.6483154296875 -321.14825439453125
-1247.6483154296875 -319.1512145996094
-1249.291748046875 -317.1512451171875
-1247.2926025390625 -315.1547546386719
-1249.251708984375 -313.15478515625
-1247.25244140625 -311.1571960449219
-1247.6766357421875 -309.1572265625
-1249.528564453125 -307.1572265625
-1247.52880859375 -305.15826416015625
-1249.2081298828125 -303.1582946777344
-1247.2100830078125 -301.15936279296875
-1247.1927490234375 -299.15936279296875
-1247.5028076171875 -297.159423828125
-1248.7567138671875 -295.1594543457031
-1246.7613525390625 -293.17236328125
-1248.2994384765625 -291.1733093261719
-1249.9549560546875 -289.1733703613281
-1247.95654296875 -287.2687072753906
-1248.6590576171875 -285.26873779296875
-1246.6629638671875 -283.27679443359375
-1247.240478515625 -281.2768859863281
-1247.3529052734375 -279.27691650390625
-1248.039306640625 -277.2771301269531
-1246.79052734375 -275.2787780761719
-1246.275634765625 -273.2789001464844
-1245.2686767578125 -271.2794494628906
-1243.528564453125 -269.2794494628906
-1242.2222900390625 -267.27960205078125
-1242.6683349609375 -265.2796936035156
-1241.82958984375 -263.27972412109375
-1239.8726806640625 -261.2892761230469
-1237.990234375 -259.2919006347656
-1236.0755615234375 -257.2919921875
-1234.2803955078125 -255.2933349609375
-1233.885986328125 -253.2969207763672
-1232.6429443359375 -251.2975311279297
-1230.719482421875 -249.29769897460938
-1228.8189697265625 -247.30780029296875
-1227.22802734375 -245.3146514892578
-1225.5087890625 -243.3153839111328
-1223.579345703125 -241.3320770263672
-1221.7540283203125 -239.50953674316406
-1220.7039794921875 -237.5186767578125
-1218.9912109375 -235.52967834472656
-1217.743896484375 -233.576904296875
-1217.105224609375 -231.59788513183594
-1215.13232421875 -229.59979248046875
-1213.3751220703125 -227.6251983642578
-1214.469970703125 -225.7181854248047
-1213.3206787109375 -223.73989868164062
-1211.502197265625 -221.7428741455078
-1212.5484619140625 -219.74957275390625
-1210.924560546875 -217.8291015625
-1209.9464111328125 -219.82481384277344
-1208.2919921875 -217.83251953125
-1206.298583984375 -219.8057861328125
-1205.78271484375 -217.81675720214844
-1203.958740234375 -219.77833557128906
-1205.177001953125 -217.7802276611328
-1203.7840576171875 -219.3440704345703
-1205.774658203125 -217.34458923339844
-1203.9532470703125 -219.33250427246094
-1205.718017578125 -217.337890625
-1203.892333984375 -219.26602172851562
-1205.837890625 -217.26727294921875
-1203.869873046875 -219.13165283203125
-1205.236083984375 -217.13502502441406
-1203.2913818359375 -219.06752014160156
-1204.9510498046875 -217.07373046875
-1203.1619873046875 -219.05557250976562
-1205.1268310546875 -217.05833435058594
-1203.2364501953125 -219.02996826171875
-1204.6180419921875 -217.0316619873047
-1202.7410888671875 -218.95883178710938
-1204.4901123046875 -216.96250915527344
-1202.5618896484375 -218.80209350585938
-1204.2884521484375 -216.80555725097656
-1202.3001708984375 -218.7933807373047
-1203.3408203125 -216.79783630371094
-1201.3546142578125 -218.7864532470703
-1203.07568359375 -216.78675842285156
-1201.1884765625 -218.6929168701172
-1203.1708984375 -216.6935272216797
-1201.2027587890625 -218.6918487548828
-1202.115966796875 -216.69480895996094
-1200.1175537109375 -218.64498901367188
-1202.0784912109375 -216.64503479003906
-1200.1053466796875 -218.53887939453125
-1201.315185546875 -216.53903198242188
-1199.323486328125 -218.52450561523438
-1201.0003662109375 -216.52487182617188
-1199.0035400390625 -218.37339782714844
-1200.5382080078125 -216.37351989746094
-1198.823486328125 -218.27767944335938
-1198.47119140625 -216.27777099609375
-1196.4884033203125 -217.92047119140625
-1194.961669921875 -215.92047119140625
-1192.9676513671875 -217.83255004882812
-1191.060302734375 -215.8325653076172
-1189.0767822265625 -213.83258056640625
-1187.0787353515625 -215.77947998046875
-1185.3360595703125 -213.77952575683594
-1183.3426513671875 -215.7066192626953
-1181.365966796875 -213.7066650390625
-1179.3673095703125 -215.64366149902344
-1177.3677978515625 -217.47352600097656
-1175.3804931640625 -215.47364807128906
-1173.3829345703125 -217.45103454589844
-1171.400146484375 -215.4510498046875
-1169.4010009765625 -217.28689575195312
-1167.5157470703125 -215.28775024414062
-1165.5159912109375 -215.30018615722656
-1163.516357421875 -217.28012084960938
-1161.526123046875 -215.28033447265625
-1159.526123046875 -215.44873046875
-1157.6339111328125 -213.4491729736328
-1155.6341552734375 -215.02781677246094
-1153.6385498046875 -216.25367736816406
-1151.68896484375 -214.2541046142578
-1149.6890869140625 -212.88058471679688
-1147.6890869140625 -213.4595184326172
-1145.6890869140625 -215.2273406982422
-1145.02294921875 -213.2274932861328
-1145.7156982421875 -215.0861358642578
-1143.910400390625 -213.08753967285156
-1144.1514892578125 -215.071533203125
-1142.274169921875 -213.0717315673828
-1140.4312744140625 -215.0649871826172
-1138.4659423828125 -216.65142822265625
-1136.5772705078125 -214.6516571044922
-1134.5960693359375 -216.08560180664062
-1133.3316650390625 -214.08566284179688
-1131.3328857421875 -216.00559997558594
-1129.402099609375 -214.00669860839844
-1127.403076171875 -215.61605834960938
-1125.5662841796875 -213.61622619628906
-1123.56640625 -215.47305297851562
-1121.5706787109375 -216.6182403564453
-1119.7384033203125 -214.62049865722656
-1117.739501953125 -214.8015594482422
-1115.798828125 -216.74185180664062
-1115.1373291015625 -214.7477569580078
-1113.1385498046875 -215.96127319335938
-1111.5135498046875 -213.9627227783203
-1109.513671875 -215.62339782714844
-1109.7850341796875 -213.62371826171875
-1107.8563232421875 -215.03611755371094
-1105.858154296875 -215.15330505371094
-1104.192626953125 -216.88510131835938
-1104.91796875 -214.8869171142578
-1102.94482421875 -214.65170288085938
-1100.9462890625 -214.9349822998047
-1098.9813232421875 -214.39515686035156
-1096.982177734375 -215.58982849121094
-1094.9825439453125 -216.94305419921875
-1092.9840087890625 -215.2224884033203
-1090.9886474609375 -214.53977966308594
-1088.9892578125 -215.58367919921875
-1086.9920654296875 -216.60980224609375
-1085.1475830078125 -218.5223388671875
-1083.219482421875 -217.0137176513672
-1082.2371826171875 -216.85733032226562
-1080.2607421875 -215.78407287597656
-1078.642333984375 -214.22996520996094
-1076.6815185546875 -212.93511962890625
-1074.730712890625 -214.420166015625
-1072.7783203125 -215.70602416992188
-1071.017822265625 -213.89385986328125
-1069.056884765625 -215.59962463378906
-1071.0279541015625 -213.60084533691406
-1069.08349609375 -213.7267608642578
-1067.2078857421875 -213.44923400878906
-1065.25146484375 -212.5151824951172
-1063.2684326171875 -213.8134307861328
-1061.3001708984375 -213.6143798828125
-1063.203857421875 -213.1189422607422
-1061.2069091796875 -211.96437072753906
-1061.55517578125 -211.8629150390625
-1063.5184326171875 -209.8980255126953
-1061.5196533203125 -207.99803161621094
-1063.5196533203125 -206.01026916503906
-1061.5233154296875 -204.1375732421875
-1063.5233154296875 -202.1384735107422
-1061.5341796875 -200.14292907714844
