-1194.2142333984375 -440.45941162109375
-1195.8282470703125 -442.04888916015625
-1194.4307861328125 -440.0489196777344
-1196.200439453125 -441.8130798339844
-1194.3656005859375 -439.8130798339844
-1196.3394775390625 -441.4996032714844
-1198.3333740234375 -443.2814025878906
-1196.3458251953125 -441.28143310546875
-1198.2578125 -442.3217468261719
-1196.3284912109375 -440.3217468261719
-1198.3125 -441.802734375
-1196.53369140625 -439.8027648925781
-1198.5308837890625 -441.34130859375
-1200.2725830078125 -440.533203125
-1202.2708740234375 -438.84393310546875
-1204.270263671875 -437.0033874511719
-1206.2701416015625 -435.0246276855469
-1208.2701416015625 -433.0459289550781
-1210.27001953125 -431.0481872558594
-1212.26953125 -429.0492858886719
-1214.2691650390625 -427.0499572753906
-1216.2685546875 -425.0501708984375
-1218.2548828125 -423.0544738769531
-1220.21630859375 -421.0547790527344
-1221.962646484375 -419.0551452636719
-1223.95654296875 -417.055419921875
-1225.6104736328125 -415.0559997558594
-1227.4998779296875 -413.05615234375
-1229.3201904296875 -411.05615234375
-1231.20947265625 -409.05621337890625
-1232.930908203125 -407.0562438964844
-1234.3770751953125 -405.0563049316406
-1236.072998046875 -403.0563049316406
-1236.6314697265625 -401.05633544921875
-1238.4420166015625 -399.0563659667969
-1238.552001953125 -397.0563659667969
-1240.4071044921875 -395.0563659667969
-1242.354736328125 -393.0563659667969
-1243.9251708984375 -391.0563659667969
-1243.07958984375 -389.0563659667969
-1245.04638671875 -387.056396484375
-1245.357177734375 -385.056396484375
-1247.17138671875 -383.056396484375
-1245.17138671875 -381.056396484375
-1244.893798828125 -379.056396484375
-1246.7625732421875 -377.056396484375
-1244.7640380859375 -375.0564270019531
-1246.3736572265625 -373.0564270019531
-1247.60595703125 -371.0564270019531
-1245.60595703125 -369.05645751953125
-1245.981689453125 -367.05645751953125
-1246.6551513671875 -365.05645751953125
-1248.4407958984375 -363.05645751953125
-1246.4407958984375 -361.0564880371094
-1247.9326171875 -359.0564880371094
-1245.9326171875 -357.0565490722656
-1244.5052490234375 -355.0565490722656
-1244.9925537109375 -353.0565490722656
-1246.1212158203125 -351.0565490722656
-1244.98779296875 -349.0565490722656
-1246.6317138671875 -347.0565490722656
-1247.1583251953125 -345.05657958984375
-1248.532470703125 -343.05657958984375
-1246.5325927734375 -341.0566101074219
-1247.20654296875 -339.0566101074219
-1248.8814697265625 -337.0566101074219
-1246.885986328125 -335.0566101074219
-1245.3660888671875 -333.0566101074219
-1246.539794921875 -331.056640625
-1247.0576171875 -329.056640625
-1246.3968505859375 -327.056640625
-1244.9844970703125 -325.0566711425781
-1243.7882080078125 -323.05670166015625
-1243.1480712890625 -321.0567626953125
-1243.9522705078125 -319.0567932128906
-1243.09912109375 -317.0567932128906
-1241.44140625 -315.0567932128906
-1240.9918212890625 -313.05682373046875
-1239.478271484375 -311.0571594238281
-1240.7890625 -309.0571594238281
-1240.7109375 -307.0572509765625
-1240.05224609375 -305.057373046875
-1238.1309814453125 -303.0575866699219
-1236.9361572265625 -301.0576171875
-1237.0418701171875 -299.0576477050781
-1235.91650390625 -297.05780029296875
-1234.67236328125 -295.0579528808594
-1233.9609375 -293.05804443359375
-1232.1090087890625 -291.0581359863281
-1233.2908935546875 -289.0581970214844
-1231.5606689453125 -287.0583801269531
-1230.6292724609375 -285.05865478515625
-1229.0185546875 -283.058837890625
-1230.7752685546875 -281.05950927734375
-1229.262939453125 -279.0598449707031
-1227.418212890625 -277.0604553222656
-1229.0023193359375 -275.0606384277344
-1230.0430908203125 -273.0607604980469
-1228.33740234375 -271.0609130859375
-1229.6785888671875 -269.06158447265625
-1228.0601806640625 -267.0616149902344
-1228.0074462890625 -265.0617370605469
-1226.967041015625 -263.06622314453125
-1225.614990234375 -261.0665588378906
-1223.94677734375 -259.0674743652344
-1225.2554931640625 -257.0679626464844
-1226.7730712890625 -255.06825256347656
-1225.80078125 -253.0688934326172
-1223.867919921875 -251.07003784179688
-1223.833251953125 -249.0755615234375
-1222.0703125 -247.078369140625
-1221.5750732421875 -245.07997131347656
-1219.7083740234375 -243.08372497558594
-1218.6544189453125 -241.0861053466797
-1217.5108642578125 -239.08944702148438
-1218.4337158203125 -237.09671020507812
-1219.78466796875 -235.0989532470703
-1217.8104248046875 -233.0991668701172
-1216.468505859375 -231.1000518798828
-1214.5745849609375 -229.1011962890625
-1212.96044921875 -227.1043701171875
-1211.251220703125 -225.1597900390625
-1210.0411376953125 -223.18597412109375
-1208.7237548828125 -221.18798828125
-1207.537109375 -219.26576232910156
-1206.608154296875 -217.2694549560547
-1205.3173828125 -217.4876251220703
-1204.5341796875 -219.2884979248047
-1204.8397216796875 -217.29554748535156
-1203.4598388671875 -217.00257873535156
-1204.51904296875 -217.99240112304688
-1203.6270751953125 -218.56654357910156
-1201.936279296875 -216.5966796875
-1201.3204345703125 -217.12265014648438
-1199.66357421875 -218.21749877929688
-1199.0645751953125 -216.2177276611328
-1199.006103515625 -216.8529052734375
-1199.247802734375 -216.05264282226562
-1199.199951171875 -216.40457153320312
-1199.037109375 -216.45021057128906
-1198.2249755859375 -216.4917449951172
-1198.4105224609375 -217.14273071289062
-1196.428466796875 -215.142822265625
-1197.0303955078125 -216.43704223632812
-1195.043212890625 -214.4370880126953
-1193.737060546875 -215.87759399414062
-1191.77685546875 -213.87762451171875
-1192.853759765625 -213.84759521484375
-1192.081298828125 -215.19088745117188
-1190.808349609375 -216.74057006835938
-1189.05224609375 -214.74057006835938
-1189.8370361328125 -215.31382751464844
-1189.071533203125 -214.93975830078125
-1187.1142578125 -213.92189025878906
-1185.2291259765625 -215.49801635742188
-1185.45458984375 -215.05853271484375
-1187.044189453125 -214.50949096679688
-1187.2344970703125 -215.08767700195312
-1185.6748046875 -216.5381317138672
-1183.693359375 -214.53814697265625
-1182.08642578125 -215.44552612304688
-1181.4476318359375 -215.9461212158203
-1179.4599609375 -213.94615173339844
-1180.807861328125 -215.84007263183594
-1178.80859375 -213.8401641845703
-1178.05322265625 -215.7137908935547
-1176.0953369140625 -213.7143096923828
-1174.240478515625 -215.60890197753906
-1173.55615234375 -215.57215881347656
-1174.05517578125 -217.2393798828125
-1172.0740966796875 -215.23939514160156
-1173.24658203125 -215.46905517578125
-1171.75244140625 -216.99256896972656
-1169.763916015625 -214.99261474609375
-1168.8743896484375 -213.90921020507812
-1167.18115234375 -215.63717651367188
-1166.2657470703125 -216.99012756347656
-1164.395751953125 -214.99014282226562
-1162.5457763671875 -216.04661560058594
-1160.5831298828125 -214.04701232910156
-1158.5892333984375 -214.70468139648438
-1156.66455078125 -215.92076110839844
-1154.6666259765625 -213.9208526611328
-1154.3592529296875 -214.97122192382812
-1153.06494140625 -216.4599609375
-1151.0660400390625 -214.4599609375
-1149.0799560546875 -215.6322021484375
-1147.0819091796875 -213.6352996826172
-1145.087158203125 -213.22007751464844
-1146.978759765625 -214.739013671875
-1144.97900390625 -212.7508544921875
-1146.0518798828125 -212.05316162109375
-1144.0653076171875 -213.1844024658203
-1146.010009765625 -211.49497985839844
-1144.0391845703125 -211.4676513671875
-1146.010498046875 -210.45953369140625
-1144.013916015625 -210.15953063964844
-1145.9825439453125 -208.81243896484375
-1143.9874267578125 -207.48367309570312
-1145.94580078125 -205.8286590576172
-1143.957763671875 -203.91421508789062
-1144.7603759765625 -202.0321502685547
-1146.5755615234375 -200.105712890625
-1144.5767822265625 -198.1529998779297
-1146.5308837890625 -196.21336364746094
-1144.5308837890625 -194.254150390625
-1146.1937255859375 -192.30580139160156
-1144.198486328125 -190.3773956298828
-1146.1138916015625 -189.745361328125
-1144.1146240234375 -187.80311584472656
-1143.475830078125 -185.83058166503906
-1145.079833984375 -185.64694213867188
-1143.080322265625 -183.65444946289062
-1145.0252685546875 -183.84547424316406
-1147.0035400390625 -184.5207977294922
-1145.00439453125 -182.5247802734375
-1147.0001220703125 -181.14654541015625
-1145.0057373046875 -180.88446044921875
-1146.9949951171875 -180.08717346191406
-1144.9959716796875 -179.6893768310547
-1146.7625732421875 -179.40194702148438
-1144.8349609375 -177.5659637451172
-1146.477294921875 -175.5857391357422
-1144.4833984375 -174.22036743164062
-1146.3905029296875 -172.75709533691406
-1144.39599609375 -170.97010803222656
-1146.287353515625 -169.58389282226562
-1144.304931640625 -168.42892456054688
-1145.9349365234375 -168.81253051757812
-1143.9384765625 -166.86692810058594
-1145.8922119140625 -165.29922485351562
-1143.8939208984375 -165.84400939941406
-1145.7755126953125 -164.03204345703125
-1143.787109375 -164.96212768554688
-1145.7862548828125 -163.41871643066406
-1143.7919921875 -162.27481079101562
-1145.7847900390625 -161.1180419921875
-1143.787109375 -160.7879638671875
-1145.0302734375 -158.8210906982422
-1143.0306396484375 -158.1309051513672
-1141.1104736328125 -156.13235473632812
-1139.9503173828125 -158.0908966064453
-1137.9971923828125 -156.09107971191406
-1136.069091796875 -158.02992248535156
-1134.0814208984375 -156.0301513671875
-1132.245361328125 -157.95248413085938
-1130.303955078125 -155.953369140625
-1128.34521484375 -157.42518615722656
-1126.486328125 -155.42562866210938
-1124.86865234375 -157.35189819335938
-1122.8719482421875 -155.38946533203125
-1120.9354248046875 -157.37742614746094
-1118.9769287109375 -155.39524841308594
-1117.0072021484375 -157.33993530273438
-1115.0550537109375 -155.34739685058594
-1113.243408203125 -157.33946228027344
-1111.2919921875 -155.3536834716797
-1109.47509765625 -157.3324432373047
-1107.5614013671875 -155.3777313232422
-1105.6708984375 -153.39988708496094
-1103.7735595703125 -155.3587188720703
-1101.830322265625 -153.49859619140625
-1100.3394775390625 -155.48992919921875
-1098.353271484375 -153.49842834472656
-1096.7078857421875 -155.48843383789062
