-1194.1810302734375 -441.80035400390625
-1195.9886474609375 -439.8160400390625
-1197.83837890625 -441.56549072265625
-1196.1123046875 -439.6100769042969
-1197.81689453125 -440.7126159667969
-1199.7808837890625 -441.5551452636719
-1197.928466796875 -439.718505859375
-1199.9129638671875 -441.0896911621094
-1201.5361328125 -442.9717102050781
-1202.083251953125 -441.0345153808594
-1204.058837890625 -439.88641357421875
-1206.0240478515625 -438.3696594238281
-1207.896240234375 -437.98748779296875
-1209.8902587890625 -437.04833984375
-1211.818359375 -437.29718017578125
-1213.817626953125 -435.5203857421875
-1215.8096923828125 -433.83575439453125
-1217.7955322265625 -431.92132568359375
-1219.7939453125 -431.2528991699219
-1221.770263671875 -429.6505126953125
-1223.723876953125 -427.8634948730469
-1225.530029296875 -425.8750915527344
-1227.4432373046875 -424.2078857421875
-1229.417724609375 -422.45318603515625
-1231.3756103515625 -420.5558166503906
-1233.311279296875 -419.7531433105469
-1235.3104248046875 -418.1216735839844
-1237.171875 -416.5028381347656
-1238.9517822265625 -414.656494140625
-1240.849609375 -413.51947021484375
-1241.7081298828125 -412.14044189453125
-1243.68798828125 -412.1922302246094
-1245.404296875 -410.67779541015625
-1247.2620849609375 -409.7168884277344
-1248.18603515625 -407.7852478027344
-1246.208740234375 -405.9097900390625
-1247.3505859375 -405.8619079589844
-1246.0953369140625 -403.8966369628906
-1247.741943359375 -401.9373474121094
-1248.8818359375 -400.07281494140625
-1247.2362060546875 -398.10052490234375
-1249.1512451171875 -396.6802062988281
-1247.4208984375 -394.80938720703125
-1249.2421875 -392.87298583984375
-1247.247802734375 -391.0817565917969
-1246.2061767578125 -389.1600341796875
-1246.4892578125 -387.17559814453125
-1248.388671875 -385.2682189941406
-1246.4254150390625 -383.4056701660156
-1248.0853271484375 -381.4818420410156
-1246.4951171875 -379.4964294433594
-1246.206298828125 -377.5221252441406
-1247.1348876953125 -377.8002014160156
-1245.2470703125 -376.01605224609375
-1245.164306640625 -374.1237487792969
-1243.6824951171875 -372.2938537597656
-1245.1632080078125 -370.3316955566406
-1246.6644287109375 -368.8787536621094
-1244.6676025390625 -366.9253234863281
-1246.5013427734375 -365.9756164550781
-1246.268310546875 -364.25225830078125
-1247.3001708984375 -362.7180480957031
-1249.1947021484375 -360.9896545410156
-1247.2215576171875 -359.0771789550781
-1248.8424072265625 -358.8871765136719
-1246.94775390625 -357.3116149902344
-1246.61669921875 -356.1661376953125
-1246.036865234375 -354.2236328125
-1247.0179443359375 -352.3579406738281
-1248.7025146484375 -351.4359436035156
-1246.7103271484375 -349.52960205078125
-1247.0244140625 -348.0606689453125
-1245.9791259765625 -346.9582824707031
-1247.00146484375 -345.1837158203125
-1247.7110595703125 -344.2942810058594
-1246.2537841796875 -343.3199462890625
-1247.1435546875 -341.3643493652344
-1248.07763671875 -339.4047546386719
-1246.2523193359375 -337.4369201660156
-1244.562255859375 -335.9852600097656
-1243.099853515625 -334.1224365234375
-1241.1546630859375 -332.196533203125
-1239.5001220703125 -331.4825439453125
-1238.2147216796875 -329.5221252441406
-1237.8458251953125 -330.7431335449219
-1236.232421875 -328.94525146484375
-1237.37744140625 -327.93310546875
-1235.7325439453125 -327.864990234375
-1236.020263671875 -326.1658935546875
-1234.063232421875 -324.710693359375
-1235.277099609375 -322.74755859375
-1234.0408935546875 -321.3965759277344
-1234.8717041015625 -320.2059020996094
-1236.62841796875 -318.52825927734375
-1234.714111328125 -316.6134948730469
-1234.5301513671875 -315.0909729003906
-1232.874755859375 -313.1097106933594
-1233.869873046875 -311.4962463378906
-1233.0401611328125 -309.89959716796875
-1233.8846435546875 -308.6737060546875
-1233.5894775390625 -307.82000732421875
-1232.792724609375 -307.89715576171875
-1231.4384765625 -306.47686767578125
-1229.9681396484375 -305.8847351074219
-1228.47802734375 -304.30078125
-1230.11474609375 -302.4411315917969
-1228.508056640625 -301.1247253417969
-1226.59716796875 -301.3863220214844
-1226.886474609375 -299.7784118652344
-1225.5750732421875 -297.97564697265625
-1224.78759765625 -296.9380187988281
-1224.0059814453125 -295.3791198730469
-1223.7578125 -293.61492919921875
-1222.395263671875 -293.6250305175781
-1222.2449951171875 -291.9475402832031
-1220.8546142578125 -290.3870544433594
-1218.943359375 -288.7333679199219
-1218.1185302734375 -287.9039001464844
-1216.66943359375 -288.2677001953125
-1216.8328857421875 -286.6725769042969
-1217.184326171875 -288.2043151855469
-1215.322265625 -288.5752868652344
-1215.5147705078125 -286.7145690917969
-1214.39208984375 -285.7856750488281
-1214.59521484375 -284.1133117675781
-1213.0723876953125 -282.9595947265625
-1214.234375 -281.20416259765625
-1212.685546875 -281.5483093261719
-1210.8370361328125 -280.8615417480469
-1212.0205078125 -279.0307922363281
-1210.83740234375 -277.34344482421875
-1209.617919921875 -275.3494873046875
-1209.5904541015625 -273.9112243652344
-1209.1083984375 -273.3128356933594
-1207.654296875 -272.34930419921875
-1206.4752197265625 -271.7530517578125
-1208.4346923828125 -271.72027587890625
-1209.673095703125 -269.89190673828125
-1211.590087890625 -270.7555236816406
-1210.2412109375 -270.6789855957031
-1210.9942626953125 -268.9112243652344
-1210.0709228515625 -267.6822509765625
-1209.084228515625 -268.5169982910156
-1210.4676513671875 -268.2002868652344
-1210.7257080078125 -267.05029296875
-1212.3948974609375 -265.2574462890625
-1213.387451171875 -263.7067565917969
-1212.2552490234375 -261.8857116699219
-1211.109619140625 -259.9822692871094
-1211.0040283203125 -259.4026184082031
-1209.852294921875 -257.7453308105469
-1208.778076171875 -256.24993896484375
-1208.245849609375 -254.5111846923828
-1207.7603759765625 -253.0915985107422
-1206.255859375 -251.2300567626953
-1206.39306640625 -251.7157440185547
-1207.69580078125 -251.5946044921875
-1209.0269775390625 -249.96351623535156
-1210.8607177734375 -249.00244140625
-1209.227294921875 -249.3128662109375
-1207.9830322265625 -248.4555206298828
-1207.472900390625 -246.61953735351562
-1206.2984619140625 -245.08827209472656
-1206.8486328125 -243.14073181152344
-1205.5963134765625 -241.4427032470703
-1204.3563232421875 -239.7488555908203
-1204.7718505859375 -237.88650512695312
-1203.1885986328125 -235.9066162109375
-1201.326904296875 -233.92886352539062
-1202.05908203125 -234.07003784179688
-1200.208740234375 -232.09449768066406
-1200.9927978515625 -232.27691650390625
-1202.0972900390625 -230.57083129882812
-1203.8436279296875 -230.8341827392578
-1205.2823486328125 -229.31088256835938
-1203.48388671875 -228.87957763671875
-1202.678955078125 -227.4867706298828
-1204.167724609375 -225.5631103515625
-1202.6226806640625 -225.0623779296875
-1201.477294921875 -225.5814208984375
-1202.6356201171875 -224.38401794433594
-1200.8101806640625 -224.27651977539062
-1199.5556640625 -222.35472106933594
-1197.891357421875 -220.3895721435547
-1196.2125244140625 -218.4224395751953
-1194.2239990234375 -216.4552001953125
-1192.380126953125 -214.7036895751953
-1190.631103515625 -216.7020263671875
-1188.7626953125 -215.15084838867188
-1186.794189453125 -217.1468048095703
-1185.1605224609375 -215.2743377685547
-1183.299072265625 -217.27001953125
-1181.30419921875 -215.33302307128906
-1179.4398193359375 -217.32875061035156
-1177.4500732421875 -215.8772735595703
-1175.46923828125 -214.0141143798828
-1173.7662353515625 -215.97718811035156
-1171.7681884765625 -217.97552490234375
-1169.783935546875 -215.9768829345703
-1168.2359619140625 -217.97654724121094
-1166.2618408203125 -216.09161376953125
-1164.3876953125 -218.07925415039062
-1162.431396484375 -216.1083221435547
-1160.4425048828125 -214.56387329101562
-1158.448974609375 -216.54722595214844
-1156.454345703125 -214.63560485839844
-1154.4761962890625 -216.63421630859375
-1152.476806640625 -214.736328125
-1150.4901123046875 -216.73582458496094
-1148.490966796875 -215.67739868164062
-1146.4967041015625 -213.7415771484375
-1144.50146484375 -215.7146453857422
-1142.5130615234375 -214.02694702148438
-1141.789794921875 -216.01792907714844
-1139.7904052734375 -214.64328002929688
-1137.841552734375 -216.6105499267578
-1135.849365234375 -214.68966674804688
-1133.9490966796875 -216.67544555664062
-1131.9501953125 -215.8544921875
-1129.95068359375 -214.1876220703125
-1127.9544677734375 -216.1376190185547
-1125.972900390625 -215.62290954589844
-1123.9735107421875 -213.9598846435547
-1122.02587890625 -215.84945678710938
-1120.0260009765625 -214.62448120117188
-1118.03173828125 -216.6205596923828
-1116.11181640625 -218.61297607421875
-1114.1160888671875 -217.160888671875
-1112.131103515625 -215.36756896972656
-1110.1336669921875 -217.34848022460938
-1108.1348876953125 -216.14857482910156
-1106.135009765625 -214.220947265625
-1104.4312744140625 -215.96585083007812
-1102.658203125 -217.93174743652344
-1100.6597900390625 -217.20664978027344
-1098.659912109375 -216.08416748046875
-1096.7208251953125 -217.1079559326172
-1094.720947265625 -215.25753784179688
-1092.73046875 -216.91656494140625
-1090.8291015625 -218.8892364501953
-1088.84619140625 -218.04969787597656
-1086.9349365234375 -216.74314880371094
-1085.0762939453125 -216.24514770507812
-1084.1365966796875 -216.69281005859375
-1082.2554931640625 -216.91876220703125
-1082.0477294921875 -218.6780548095703
-1080.0552978515625 -216.77955627441406
-1079.2958984375 -216.56593322753906
-1077.3785400390625 -218.0380859375
-1075.502685546875 -216.49630737304688
-1073.5828857421875 -217.7721710205078
-1071.611572265625 -215.94200134277344
-1069.6324462890625 -214.04550170898438
-1069.5023193359375 -215.90411376953125
-1067.524169921875 -214.6301727294922
-1066.7755126953125 -215.11923217773438
-1066.0030517578125 -213.84432983398438
-1064.0498046875 -213.60086059570312
-1062.0587158203125 -212.0369110107422
-1063.2781982421875 -210.14404296875
-1061.278564453125 -208.65003967285156
-1063.2431640625 -206.76715087890625
-1064.9732666015625 -204.87046813964844
-1062.9736328125 -202.91653442382812
-1064.7108154296875 -201.06692504882812
