-1194.2222900390625 -442.2462158203125
-1192.347900390625 -440.28656005859375
-1194.3477783203125 -441.2733459472656
-1196.329345703125 -443.1670227050781
-1197.8587646484375 -441.20306396484375
-1199.85791015625 -442.9199523925781
-1199.7720947265625 -440.98809814453125
-1201.7718505859375 -442.7262878417969
-1200.2906494140625 -440.72882080078125
-1202.29052734375 -442.6835021972656
-1200.3741455078125 -440.6988525390625
-1202.373779296875 -441.05963134765625
-1204.3690185546875 -442.1988830566406
-1203.992431640625 -440.24615478515625
-1205.992431640625 -442.0469665527344
-1204.197021484375 -440.0528259277344
-1206.1956787109375 -441.72235107421875
-1205.648681640625 -439.8558349609375
-1207.6484375 -441.4466552734375
-1207.381591796875 -439.45745849609375
-1209.381591796875 -441.05303955078125
-1208.6607666015625 -439.11737060546875
-1210.659423828125 -439.69964599609375
-1212.6593017578125 -440.83135986328125
-1214.2447509765625 -438.8693542480469
-1216.2437744140625 -437.4297180175781
-1218.24365234375 -437.1590576171875
-1220.181640625 -438.075927734375
-1222.17822265625 -437.94757080078125
-1224.17431640625 -436.0209655761719
-1226.174072265625 -435.0626525878906
-1228.152587890625 -433.32574462890625
-1230.1510009765625 -431.43951416015625
-1232.137939453125 -429.6164245605469
-1233.28515625 -428.5224304199219
-1235.208251953125 -426.5869140625
-1236.767822265625 -424.631103515625
-1238.4716796875 -422.702392578125
-1238.5269775390625 -420.8328552246094
-1238.9088134765625 -418.90716552734375
-1240.3626708984375 -416.93798828125
-1242.2943115234375 -415.125244140625
-1242.7115478515625 -413.1330261230469
-1244.3134765625 -411.1443786621094
-1245.18505859375 -409.2166442871094
-1245.304931640625 -407.22357177734375
-1246.3514404296875 -405.2295837402344
-1246.0059814453125 -403.2643737792969
-1244.9188232421875 -401.2738342285156
-1243.7469482421875 -399.4728088378906
-1242.1134033203125 -397.49737548828125
-1240.3729248046875 -395.5021667480469
-1241.9771728515625 -393.5056457519531
-1240.07763671875 -391.51800537109375
-1238.6158447265625 -389.5274353027344
-1236.8665771484375 -387.53057861328125
-1236.342529296875 -385.5415954589844
-1235.0714111328125 -383.5448913574219
-1233.330078125 -381.5479431152344
-1233.1708984375 -379.55499267578125
-1233.304931640625 -377.5661315917969
-1234.2669677734375 -375.5997619628906
-1236.210205078125 -373.6120300292969
-1237.1700439453125 -371.63592529296875
-1236.262939453125 -369.6457214355469
-1234.59228515625 -367.65130615234375
-1235.6749267578125 -365.71990966796875
-1236.20947265625 -363.7511291503906
-1235.4097900390625 -361.7821960449219
-1234.14306640625 -360.2633361816406
-1233.837158203125 -358.3569641113281
-1234.4791259765625 -356.4460754394531
-1236.4307861328125 -354.46649169921875
-1234.551513671875 -352.5342712402344
-1233.959228515625 -350.55340576171875
-1232.2802734375 -348.58184814453125
-1232.365234375 -346.5879211425781
-1231.4403076171875 -344.5947265625
-1229.9366455078125 -342.6224670410156
-1231.1146240234375 -340.6477966308594
-1229.72705078125 -338.6991271972656
-1228.12255859375 -336.70892333984375
-1226.603515625 -334.7266540527344
-1225.9173583984375 -332.8116760253906
-1224.9329833984375 -330.910400390625
-1224.926513671875 -328.927734375
-1223.1094970703125 -327.8008728027344
-1221.9007568359375 -325.80523681640625
-1222.9072265625 -323.8116760253906
-1221.3931884765625 -321.8325500488281
-1222.2037353515625 -319.8356628417969
-1221.1455078125 -317.87054443359375
-1222.0784912109375 -315.9342041015625
-1220.5552978515625 -313.94647216796875
-1218.7579345703125 -312.2049255371094
-1219.399169921875 -310.2296142578125
-1221.3424072265625 -308.26910400390625
-1223.0489501953125 -306.282958984375
-1221.2742919921875 -304.3699645996094
-1220.0999755859375 -302.4310607910156
-1221.814208984375 -300.6667175292969
-1219.8729248046875 -298.6867980957031
-1218.2803955078125 -296.7094421386719
-1218.4501953125 -294.7337646484375
-1216.60400390625 -292.7718200683594
-1216.439453125 -290.79022216796875
-1214.6705322265625 -288.79791259765625
-1214.3621826171875 -286.8016357421875
-1212.416748046875 -284.8346252441406
-1211.4378662109375 -282.86444091796875
-1212.3603515625 -280.8916320800781
-1211.3221435546875 -278.91229248046875
-1209.6331787109375 -276.9291076660156
-1209.2132568359375 -274.9963684082031
-1208.6136474609375 -273.0236511230469
-1208.4342041015625 -271.0574035644531
-1209.2813720703125 -269.25665283203125
-1211.1103515625 -267.2752990722656
-1211.751953125 -265.3739929199219
-1209.9161376953125 -263.3907470703125
-1210.9891357421875 -261.409423828125
-1209.085205078125 -259.49676513671875
-1209.885009765625 -257.5237121582031
-1207.9498291015625 -255.53099060058594
-1209.649169921875 -253.59815979003906
-1208.6044921875 -251.653564453125
-1207.5721435546875 -250.031005859375
-1207.0936279296875 -248.27334594726562
-1208.7987060546875 -246.3606719970703
-1209.8770751953125 -244.39248657226562
-1208.11181640625 -242.40199279785156
-1206.2779541015625 -240.4402313232422
-1206.906494140625 -238.56300354003906
-1208.513916015625 -236.5704345703125
-1206.9202880859375 -234.6293182373047
-1205.8570556640625 -232.63058471679688
-1203.9119873046875 -230.630615234375
-1205.2642822265625 -229.81797790527344
-1203.5206298828125 -227.82589721679688
-1204.46044921875 -225.85670471191406
-1202.7716064453125 -224.07302856445312
-1201.0963134765625 -222.11827087402344
-1199.39453125 -220.12413024902344
-1199.5667724609375 -218.1280975341797
-1197.572265625 -216.1284942626953
-1195.872802734375 -217.7146453857422
-1193.8729248046875 -215.71466064453125
-1192.2510986328125 -217.69090270996094
-1190.2537841796875 -215.6909637451172
-1188.2542724609375 -213.69097900390625
-1189.834228515625 -215.4620819091797
-1188.00634765625 -217.45059204101562
-1186.0064697265625 -215.45095825195312
-1187.4481201171875 -217.28138732910156
-1185.4486083984375 -215.28140258789062
-1185.658203125 -217.13742065429688
-1183.65869140625 -215.13743591308594
-1181.8935546875 -216.5360107421875
-1179.8935546875 -214.53602600097656
-1178.4228515625 -216.51596069335938
-1176.4234619140625 -214.51617431640625
-1175.3446044921875 -216.411376953125
-1173.345458984375 -214.41140747070312
-1172.4971923828125 -216.3671417236328
-1170.499267578125 -214.36727905273438
-1170.2042236328125 -216.3501739501953
-1170.0594482421875 -218.04209899902344
-1168.0594482421875 -216.04212951660156
-1168.0655517578125 -217.84002685546875
-1166.0693359375 -215.84017944335938
-1165.269775390625 -217.50624084472656
-1163.2698974609375 -215.50680541992188
-1161.2735595703125 -217.48606872558594
-1159.2735595703125 -215.4861602783203
-1157.273681640625 -213.48619079589844
-1155.3182373046875 -215.286865234375
-1153.318359375 -213.28701782226562
-1151.3272705078125 -215.1023712158203
-1149.32861328125 -213.10316467285156
-1147.3297119140625 -214.7777099609375
-1145.3297119140625 -212.7779541015625
-1144.856689453125 -211.13368225097656
-1146.1888427734375 -209.25283813476562
-1144.189697265625 -207.26516723632812
-1142.7685546875 -205.5697784423828
-1142.9727783203125 -203.58033752441406
-1143.572021484375 -201.6029815673828
-1141.8775634765625 -199.6378173828125
-1142.02587890625 -199.09527587890625
-1143.9598388671875 -197.909423828125
-1143.8294677734375 -196.92117309570312
-1143.9576416015625 -196.73928833007812
-1143.641845703125 -196.45469665527344
-1144.004638671875 -194.52520751953125
-1145.942626953125 -192.62054443359375
-1143.94287109375 -190.62327575683594
-1143.58154296875 -189.22622680664062
-1142.75 -187.68606567382812
-1142.3497314453125 -185.69290161132812
-1142.081298828125 -187.53367614746094
-1140.23046875 -185.53912353515625
-1139.2093505859375 -187.53033447265625
-1137.21044921875 -185.53033447265625
-1135.459228515625 -187.49703979492188
-1133.4600830078125 -185.49705505371094
-1131.5050048828125 -187.43617248535156
-1129.5057373046875 -185.43626403808594
-1127.8966064453125 -187.41873168945312
-1125.9002685546875 -185.4187469482422
-1124.0120849609375 -187.27206420898438
-1122.0126953125 -185.27223205566406
-1120.2767333984375 -187.06085205078125
-1118.27685546875 -185.06101989746094
-1116.284912109375 -186.8798370361328
-1114.2850341796875 -184.8800811767578
-1112.7286376953125 -186.85292053222656
-1110.73095703125 -184.85304260253906
-1108.762939453125 -186.83132934570312
-1106.7642822265625 -184.8316192626953
-1107.4814453125 -186.7369384765625
-1105.481689453125 -184.7369842529297
-1104.3204345703125 -186.69921875
-1102.3253173828125 -184.6993408203125
-1100.4918212890625 -186.68408203125
-1098.493408203125 -184.68634033203125
