-958.6734008789062 -322.5512390136719
-959.9129028320312 -320.55133056640625
-957.9574584960938 -318.63275146484375
-958.2674560546875 -316.6342468261719
-956.271240234375 -314.6857604980469
-954.2739868164062 -312.6867370605469
-954.6103515625 -310.6889343261719
-952.6488647460938 -308.6889343261719
-954.0292358398438 -306.69000244140625
-954.7647094726562 -304.6903076171875
-955.7234497070312 -302.6919250488281
-954.437255859375 -300.6956787109375
-952.7047729492188 -298.7130126953125
-950.7529907226562 -296.713134765625
-948.7998046875 -294.7134704589844
-946.80126953125 -292.715087890625
-948.7998046875 -291.5417785644531
-946.8204345703125 -289.54193115234375
-948.5953369140625 -287.5587463378906
-946.59619140625 -285.55877685546875
-948.595703125 -283.663818359375
-947.0903930664062 -281.6645812988281
-949.0902099609375 -280.7081298828125
-947.1414794921875 -278.7138977050781
-945.1470947265625 -276.7139587402344
-947.1470336914062 -274.7810363769531
-945.175537109375 -272.78106689453125
-947.175537109375 -271.2856140136719
-945.3377685546875 -269.2962646484375
-947.3320922851562 -270.9443054199219
-946.887939453125 -268.9447021484375
-948.8868408203125 -266.96142578125
-946.955322265625 -264.96160888671875
-948.9549560546875 -266.36248779296875
-946.9635620117188 -264.3836364746094
-948.9635620117188 -263.2708740234375
-947.206787109375 -261.2712707519531
-949.2066650390625 -261.113037109375
-947.2122802734375 -259.1171875
-949.2119140625 -259.6394958496094
-947.2874755859375 -257.6490783691406
-948.427490234375 -255.649169921875
-946.5338745117188 -253.6588897705078
-948.5338745117188 -253.29296875
-949.8438720703125 -251.29449462890625
-947.8969116210938 -249.2946319580078
-946.171142578125 -247.3240966796875
-948.151123046875 -247.11520385742188
-946.1658325195312 -245.11526489257812
-948.16455078125 -246.53564453125
-946.3101196289062 -244.53573608398438
-948.3101196289062 -244.14337158203125
-947.0655517578125 -242.15646362304688
-949.06298828125 -240.57640075683594
-947.0917358398438 -238.57894897460938
-949.0917358398438 -236.81715393066406
-947.13037109375 -234.81784057617188
-945.1505126953125 -232.88392639160156
-947.1500244140625 -230.90194702148438
-945.1826171875 -228.92640686035156
-947.1821899414062 -226.9692840576172
-945.9658813476562 -224.97451782226562
-947.9653930664062 -223.01243591308594
-947.9002685546875 -221.01278686523438
-949.9002685546875 -219.09506225585938
-947.90234375 -217.10108947753906
-949.90234375 -216.9949188232422
-947.9720458984375 -215.00648498535156
-949.9713745117188 -216.86294555664062
-948.085693359375 -214.88153076171875
-950.085693359375 -215.5950927734375
-951.6832275390625 -213.5956268310547
-953.2144165039062 -211.62985229492188
-951.2572631835938 -209.77752685546875
-949.3106689453125 -208.3383331298828
-951.25634765625 -206.33847045898438
-949.2633666992188 -204.37730407714844
-947.671142578125 -204.1931610107422
-949.670654296875 -202.39389038085938
-948.4049072265625 -200.4467010498047
-946.4054565429688 -198.4722900390625
-948.4024658203125 -196.72499084472656
-946.7566528320312 -195.33193969726562
-948.7554321289062 -194.25831604003906
-947.5594482421875 -192.26681518554688
-945.6483764648438 -190.28953552246094
-947.6470336914062 -191.0123291015625
-945.7676391601562 -189.0454559326172
-947.7652587890625 -187.14215087890625
-946.5775756835938 -185.1550750732422
-948.5775146484375 -184.16188049316406
-946.5940551757812 -182.16680908203125
-948.5936279296875 -182.35794067382812
-949.811767578125 -180.36428833007812
-949.6987915039062 -178.36514282226562
-948.2051391601562 -176.36831665039062
-947.2568969726562 -175.52658081054688
-947.2208862304688 -173.55419921875
-945.3411254882812 -171.55609130859375
-947.3407592773438 -169.82786560058594
-949.0527954101562 -167.8409423828125
-949.5387573242188 -165.87835693359375
-950.8955078125 -163.9640350341797
-951.5543212890625 -161.96572875976562
-949.6343994140625 -160.02842712402344
-950.7401123046875 -158.02969360351562
-948.7572631835938 -156.1232147216797
-947.1800537109375 -154.13226318359375
-945.2689819335938 -152.1361541748047
-947.2637329101562 -150.2186737060547
-946.9395751953125 -148.29962158203125
-946.60693359375 -146.30857849121094
-945.4558715820312 -144.3577423095703
-947.282470703125 -142.39288330078125
-947.9505004882812 -140.39805603027344
-949.8153686523438 -138.45008850097656
-947.8617553710938 -136.81105041503906
-947.1050415039062 -135.7661590576172
-945.3424072265625 -134.00543212890625
-947.3414306640625 -132.68182373046875
-946.2874755859375 -130.96713256835938
-948.2720947265625 -128.98626708984375
-946.5271606445312 -127.41239929199219
-944.9986572265625 -125.41607666015625
-946.9867553710938 -123.4632797241211
-945.220458984375 -121.47501373291016
-947.21875 -122.74835205078125
-948.3046264648438 -120.75359344482422
-946.3441772460938 -119.26200866699219
-945.9859619140625 -117.28112030029297
-946.3597412109375 -115.32634735107422
-944.6654663085938 -113.32820892333984
-946.6652221679688 -111.32994079589844
-945.9093627929688 -109.84347534179688
-944.3525390625 -107.8648452758789
-946.1702270507812 -105.8653335571289
-945.0504760742188 -105.08888244628906
-947.0501708984375 -105.36328887939453
-945.3560791015625 -104.69654083251953
-947.3552856445312 -104.59209442138672
-948.90478515625 -102.59603881835938
-947.2354125976562 -100.65428924560547
-945.4450073242188 -98.74702453613281
-947.4443359375 -97.6087417602539
-945.9501342773438 -95.69559478759766
-947.94873046875 -93.78385925292969
-949.3153076171875 -93.62992858886719
-950.9102783203125 -91.8649673461914
-950.8486938476562 -90.38363647460938
-949.1008911132812 -88.49164581298828
-947.6289672851562 -86.52603149414062
-949.177490234375 -84.60597229003906
-947.1857299804688 -82.64725494384766
-945.3479614257812 -80.66720581054688
-947.27294921875 -81.72880554199219
-945.2987060546875 -79.74916076660156
-947.0883178710938 -77.98063659667969
-946.23876953125 -76.0062255859375
-948.2384643554688 -77.18330383300781
-947.4879760742188 -75.24088287353516
-946.0302734375 -73.26862335205078
-948.0160522460938 -73.59754180908203
-948.0013427734375 -71.6060791015625
-947.5540161132812 -69.65291595458984
-948.1932983398438 -67.65299224853516
