-958.6477661132812 -322.55047607421875
-956.6541137695312 -320.5505065917969
-954.6556396484375 -318.550537109375
-952.6593627929688 -316.550537109375
-950.6600952148438 -314.550537109375
-948.6604614257812 -312.550537109375
-946.7966918945312 -310.550537109375
-948.7765502929688 -308.55841064453125
-946.7769165039062 -306.5584716796875
-948.7764282226562 -306.8304748535156
-946.8007202148438 -304.8341064453125
-948.7994995117188 -302.8694152832031
-946.8006591796875 -300.8694152832031
-948.7979736328125 -298.9354553222656
-946.8041381835938 -296.9354553222656
-948.5650634765625 -294.9385681152344
-946.565185546875 -292.9386901855469
-948.52685546875 -290.9397277832031
-946.5277709960938 -288.9397277832031
-948.5222778320312 -286.94464111328125
-946.5234985351562 -284.9447326660156
-948.2820434570312 -282.9875183105469
-946.2841186523438 -280.9877014160156
-948.28271484375 -279.0383605957031
-946.2871704101562 -277.0383605957031
-948.2536010742188 -275.0684814453125
-946.2537231445312 -273.0684814453125
-947.6447143554688 -271.12872314453125
-945.73388671875 -269.12884521484375
-947.725341796875 -267.20941162109375
-945.7301635742188 -265.20947265625
-947.7254028320312 -263.2131652832031
-945.7315673828125 -261.21319580078125
-947.7282104492188 -259.21893310546875
-945.728759765625 -257.219482421875
-947.6383666992188 -255.55455017089844
-945.6796875 -253.55455017089844
-947.6703491210938 -251.5727081298828
-945.774169921875 -249.57272338867188
-947.7732543945312 -247.61868286132812
-945.8931884765625 -245.618896484375
-947.87890625 -243.69207763671875
-946.5798950195312 -241.69252014160156
-948.575927734375 -239.69265747070312
-946.5828857421875 -237.6927032470703
-948.581298828125 -235.70428466796875
-946.5873413085938 -233.70436096191406
-948.586669921875 -231.7212677001953
-946.6488037109375 -229.7217559814453
-945.0604248046875 -227.72178649902344
-947.0501708984375 -225.7577667236328
-948.94140625 -223.89468383789062
-946.9744262695312 -221.89483642578125
-948.97412109375 -221.01754760742188
-946.9742431640625 -219.0178680419922
-948.9443969726562 -217.0681915283203
-950.931396484375 -215.08145141601562
-948.9317626953125 -213.08148193359375
-950.8032836914062 -211.08645629882812
-948.8629150390625 -209.08680725097656
-950.8316650390625 -207.09552001953125
-948.8317260742188 -205.09591674804688
-950.8268432617188 -205.02317810058594
-948.9201049804688 -203.02481079101562
-946.9209594726562 -201.02513122558594
-948.9179077148438 -199.19412231445312
-946.9234008789062 -197.20059204101562
-948.8690185546875 -195.28720092773438
-946.8704223632812 -193.2886962890625
-948.8656616210938 -191.4142303466797
-946.86669921875 -189.41482543945312
-948.5966186523438 -188.62127685546875
-946.6119995117188 -186.62269592285156
-948.5470581054688 -185.49383544921875
-946.5540771484375 -183.49461364746094
-948.2824096679688 -181.49850463867188
-946.7392578125 -179.49966430664062
-944.8504028320312 -177.50119018554688
-946.833251953125 -175.51800537109375
-944.8367919921875 -173.52345275878906
-946.8291015625 -172.01776123046875
-944.8409423828125 -170.0183868408203
-946.8255615234375 -168.06961059570312
-944.8959350585938 -166.29022216796875
-946.833251953125 -164.29466247558594
-945.7644653320312 -162.29539489746094
-947.4866943359375 -160.52066040039062
-945.48779296875 -158.5935821533203
-947.4791870117188 -157.40579223632812
-946.5894165039062 -155.40621948242188
-944.6343383789062 -153.40647888183594
-946.6144409179688 -152.27032470703125
-947.8893432617188 -150.42535400390625
-945.9804077148438 -148.42581176757812
-947.8211059570312 -147.10479736328125
-945.8846435546875 -145.1324462890625
-947.81640625 -143.31809997558594
-945.8870239257812 -141.31883239746094
-947.42041015625 -139.3643035888672
-945.4512329101562 -137.392822265625
-947.3887939453125 -135.67091369628906
-945.7606811523438 -133.67898559570312
-947.7582397460938 -133.57073974609375
-945.763427734375 -131.577880859375
-947.7608642578125 -131.4805908203125
-946.0233154296875 -129.50025939941406
-947.99658203125 -129.025390625
-946.3243408203125 -127.0306167602539
-948.3178100585938 -125.32511138916016
-946.3709716796875 -123.32833099365234
-945.6132202148438 -121.65128326416016
-947.5629272460938 -121.90185546875
-945.8908081054688 -119.93553924560547
-943.93310546875 -118.34408569335938
-945.8853759765625 -116.59974670410156
-943.9274291992188 -114.74971008300781
-945.7009887695312 -112.96424865722656
-947.6546020507812 -110.98860931396484
-946.0482177734375 -109.20478057861328
-944.6215209960938 -107.3458023071289
-946.6206665039062 -105.36077880859375
-944.7106323242188 -103.5508041381836
-946.6415405273438 -101.93545532226562
-945.0213623046875 -99.95458221435547
-946.5944213867188 -98.01551818847656
-948.518798828125 -96.05511474609375
-947.3325805664062 -94.2610092163086
-947.6011962890625 -92.30352783203125
-946.334228515625 -90.49604034423828
-948.1788940429688 -88.69387817382812
-946.2857666015625 -86.74150848388672
-945.856201171875 -88.51396179199219
-947.7634887695312 -87.37508392333984
-949.3130493164062 -85.4598388671875
-947.39892578125 -83.46574401855469
-945.5438842773438 -81.82976531982422
-947.5436401367188 -80.17315673828125
-946.7200317382812 -79.32705688476562
-948.1127319335938 -77.38447570800781
-948.9071655273438 -75.83570861816406
-950.1055297851562 -74.47101593017578
-948.11865234375 -73.94232177734375
-946.2595825195312 -72.43661499023438
-948.2444458007812 -73.19367218017578
-947.3821411132812 -71.26734161376953
-945.677001953125 -69.29662322998047
-947.653076171875 -69.33252716064453
-946.1502075195312 -70.66944885253906
-948.1500854492188 -68.85377502441406
