-958.6058349609375 -323.3522033691406
-956.6093139648438 -321.3612976074219
-954.6114501953125 -319.3875427246094
-952.612548828125 -317.3882751464844
-950.6134643554688 -315.4013366699219
-948.6771240234375 -313.4024353027344
-946.7781982421875 -311.40924072265625
-948.7417602539062 -309.4373779296875
-946.7607421875 -307.8154602050781
-948.672607421875 -305.8837890625
-946.6728515625 -303.90924072265625
-948.64697265625 -302.0606384277344
-947.2776489257812 -300.0696716308594
-949.2572021484375 -298.2174987792969
-947.2572021484375 -296.226318359375
-949.225830078125 -294.25579833984375
-947.2265625 -292.6558532714844
-948.5514526367188 -290.8092346191406
-946.5656127929688 -288.8112487792969
-947.1240234375 -286.90289306640625
-949.1159057617188 -284.90655517578125
-947.1416625976562 -282.9566955566406
-949.037841796875 -282.48846435546875
-947.0612182617188 -280.6625061035156
-948.9449462890625 -278.6681823730469
-946.9701538085938 -276.67132568359375
-948.8578491210938 -276.55450439453125
-946.9133911132812 -274.5765075683594
-948.8238525390625 -272.58721923828125
-947.005126953125 -270.9764404296875
-948.9169921875 -269.0060729980469
-946.918701171875 -267.08465576171875
-948.91455078125 -265.40545654296875
-946.92431640625 -263.4150085449219
-948.9192504882812 -262.0467224121094
-946.940673828125 -260.08135986328125
-948.8782958984375 -258.2643737792969
-946.89697265625 -256.2869567871094
-948.8867797851562 -254.28717041015625
-946.9058837890625 -252.46502685546875
-948.9036254882812 -250.4822235107422
-947.4814453125 -248.506103515625
-945.5200805664062 -246.54666137695312
-947.514404296875 -244.5532989501953
-945.5149536132812 -242.55349731445312
-947.514404296875 -240.5886993408203
-945.6217651367188 -238.58935546875
-947.605712890625 -237.03082275390625
-945.6058349609375 -235.0399169921875
-947.5883178710938 -235.14871215820312
-945.5902709960938 -233.14920043945312
-947.5416870117188 -231.66094970703125
-945.5599975585938 -229.9744873046875
-947.5151977539062 -228.01170349121094
-945.5204467773438 -226.01348876953125
-947.484130859375 -224.03265380859375
-949.4823608398438 -222.08071899414062
-947.4852905273438 -220.08799743652344
-949.4829711914062 -218.0952606201172
-947.4862060546875 -216.09555053710938
-949.3816528320312 -214.10775756835938
-951.3571166992188 -212.29177856445312
-949.5390625 -210.3423614501953
-947.541259765625 -208.53280639648438
-949.5380249023438 -206.7410888671875
-947.5383911132812 -204.7654266357422
-949.3392944335938 -202.77713012695312
-947.3480224609375 -200.81639099121094
-949.2814331054688 -199.33738708496094
-947.3426513671875 -197.3383026123047
-948.7844848632812 -195.41973876953125
-946.8138427734375 -193.5194091796875
-948.6642456054688 -191.9370574951172
-946.7853393554688 -189.9770050048828
-948.6968383789062 -190.2471160888672
-946.7050170898438 -188.52423095703125
-948.4917602539062 -186.54737854003906
-946.4968872070312 -184.6179656982422
-948.4267578125 -182.93722534179688
-946.4293823242188 -180.95095825195312
-948.3269653320312 -179.01754760742188
-946.3759155273438 -177.06976318359375
-948.3592529296875 -175.16026306152344
-946.6047973632812 -173.1659393310547
-944.690673828125 -171.16612243652344
-945.6839599609375 -169.704345703125
-946.5418701171875 -167.941650390625
-944.7825317382812 -166.09291076660156
-945.1465454101562 -164.12124633789062
-946.9332275390625 -162.15252685546875
-944.9356689453125 -160.1534881591797
-946.9284057617188 -160.6852264404297
-944.9376220703125 -158.80465698242188
-945.7069091796875 -156.8158416748047
-947.643310546875 -155.2372589111328
-945.7933349609375 -153.25657653808594
-947.7650146484375 -151.43824768066406
-945.769775390625 -149.45155334472656
-947.0107421875 -148.5303192138672
-945.010986328125 -146.5684051513672
-946.999755859375 -144.8324432373047
-945.7875366210938 -143.01625061035156
-947.7861938476562 -141.03515625
-945.787353515625 -139.03964233398438
-944.85546875 -137.0590362548828
-946.7609252929688 -135.0616455078125
-944.7643432617188 -133.0655517578125
-944.05029296875 -131.12106323242188
-946.0384521484375 -131.57838439941406
-948.020263671875 -129.58009338378906
-946.0255737304688 -127.5816879272461
-946.9778442382812 -125.58872985839844
-945.114990234375 -123.59410858154297
-947.1097412109375 -122.00505828857422
-945.272705078125 -120.0831527709961
-947.2391357421875 -118.57527160644531
-946.452880859375 -118.38591003417969
-944.4979248046875 -116.5326156616211
-946.4083251953125 -114.59545135498047
-944.5000610351562 -112.64533233642578
-946.322265625 -111.4118423461914
-944.4442138671875 -109.41255187988281
-946.3765258789062 -107.5937728881836
-944.3983764648438 -105.59410858154297
-946.0335083007812 -103.74647521972656
-944.0615234375 -101.78255462646484
-945.6534423828125 -101.36858367919922
-947.6526489257812 -102.20574951171875
-946.2863159179688 -100.2545394897461
-948.27880859375 -98.26296997070312
-946.33447265625 -96.40250396728516
-948.2902221679688 -96.03533935546875
-946.2905883789062 -94.19751739501953
-947.1041870117188 -92.55169677734375
-947.2982177734375 -90.58360290527344
-945.6826782226562 -88.58766174316406
-947.6708984375 -88.29753112792969
-946.2736206054688 -86.3382339477539
-948.263916015625 -84.79087829589844
-946.2723388671875 -82.94863891601562
-946.2410278320312 -81.90038299560547
-945.59130859375 -80.11029815673828
-947.5662841796875 -78.29358673095703
-945.5790405273438 -76.57870483398438
-947.4776000976562 -75.15872955322266
-945.4793090820312 -73.92121887207031
-947.478515625 -72.102783203125
-945.8118896484375 -70.30435943603516
-947.6346435546875 -68.4565200805664
