-1013.813720703125 -135.39935302734375
-1015.35791015625 -137.39141845703125
-1013.3595581054688 -139.311279296875
-1014.3305053710938 -141.29006958007812
-1012.335205078125 -143.27667236328125
-1014.2152709960938 -145.26248168945312
-1012.2154541015625 -147.25424194335938
-1014.0963745117188 -149.17356872558594
-1015.2220458984375 -151.16976928710938
-1013.2496337890625 -153.1663055419922
-1015.2100830078125 -155.15679931640625
-1013.2168579101562 -156.85462951660156
-1014.9735717773438 -158.82302856445312
-1012.9931030273438 -160.73944091796875
-1014.4111938476562 -162.48831176757812
-1012.4139404296875 -164.32188415527344
-1014.3817138671875 -166.30967712402344
-1012.3877563476562 -167.00840759277344
-1010.39208984375 -168.7563018798828
-1011.876708984375 -170.7438201904297
-1012.62060546875 -172.73191833496094
-1010.6298828125 -174.6698455810547
-1012.1961669921875 -176.6638946533203
-1013.9157104492188 -178.57740783691406
-1011.916259765625 -180.56832885742188
-1013.863037109375 -182.5592803955078
-1011.8677368164062 -184.3278045654297
-1011.5349731445312 -186.26498413085938
-1013.3016357421875 -188.21424865722656
-1015.2374267578125 -190.1925506591797
-1013.239013671875 -192.10977172851562
-1015.208740234375 -193.74842834472656
-1013.2105102539062 -194.89971923828125
-1014.7208862304688 -196.8719940185547
-1012.7493286132812 -198.83592224121094
-1014.5706176757812 -200.83482360839844
-1012.5715942382812 -202.6024627685547
-1014.5516357421875 -204.537109375
-1012.552001953125 -206.50389099121094
-1014.3565063476562 -208.47315979003906
-1012.3648681640625 -210.0735626220703
-1014.3422241210938 -212.07211303710938
-1012.3423461914062 -214.01370239257812
-1010.34423828125 -215.3552703857422
-1008.3483276367188 -214.82240295410156
-1006.4342651367188 -215.82928466796875
-1004.4444580078125 -215.623046875
-1002.4453125 -216.87606811523438
-1000.4459838867188 -217.5535888671875
-998.563232421875 -219.03244018554688
-996.5673828125 -220.24069213867188
-994.5776977539062 -219.55599975585938
-992.753173828125 -220.13539123535156
-990.7986450195312 -219.19332885742188
-988.83642578125 -218.50135803222656
-986.8563842773438 -219.46945190429688
-985.09765625 -218.3222198486328
-983.1268310546875 -218.68905639648438
-981.1278686523438 -218.21670532226562
-979.13037109375 -217.719970703125
-977.2359619140625 -219.14199829101562
-975.2391357421875 -218.74984741210938
-973.2434692382812 -217.64344787597656
-971.245361328125 -218.94517517089844
-969.3178100585938 -219.6380615234375
-967.3189086914062 -220.6154327392578
-965.3226928710938 -221.35533142089844
-963.3242797851562 -221.46112060546875
-961.3244018554688 -223.20989990234375
-959.3323364257812 -225.1676788330078
-957.3326416015625 -227.1663360595703
-955.3327026367188 -229.1649169921875
-953.3327026367188 -231.16354370117188
-951.3327026367188 -233.15977478027344
-949.3327026367188 -235.1585235595703
-947.3327026367188 -237.158447265625
-945.3327026367188 -239.1580810546875
-943.9999389648438 -241.15802001953125
-942.2601318359375 -243.15785217285156
-940.56982421875 -245.15765380859375
-938.7786865234375 -247.1473388671875
-937.0338745117188 -249.14588928222656
-935.6754760742188 -251.14427185058594
-934.123291015625 -253.1438751220703
-934.2433471679688 -255.1417694091797
-933.255126953125 -257.1409606933594
-934.7764892578125 -259.1407470703125
-933.398193359375 -261.1378479003906
-932.418212890625 -263.0917663574219
-933.7523193359375 -265.0914611816406
-933.2158813476562 -267.0908508300781
-933.9848022460938 -269.09002685546875
-934.8704223632812 -271.0756530761719
-934.727294921875 -273.07513427734375
-936.36181640625 -275.0743103027344
-938.154052734375 -277.07366943359375
-936.6092529296875 -279.07110595703125
-935.15087890625 -281.0704040527344
-934.7089233398438 -283.0699157714844
-932.9097290039062 -285.0685119628906
-931.0860595703125 -287.0673522949219
-931.2828369140625 -289.0599365234375
-931.9459838867188 -291.05963134765625
-932.3964233398438 -293.05462646484375
-931.29345703125 -295.0532531738281
-933.1774291992188 -297.05267333984375
-934.9818725585938 -299.0447998046875
-935.6774291992188 -301.0432434082031
-934.7039794921875 -303.0421142578125
-936.2556762695312 -305.0399475097656
-936.7442016601562 -307.0394287109375
