-1012.4833374023438 -135.41329956054688
-1014.36083984375 -137.41184997558594
-1015.5504150390625 -139.41183471679688
-1013.866455078125 -141.39163208007812
-1015.5510864257812 -143.39137268066406
-1015.6714477539062 -145.37342834472656
-1013.7805786132812 -147.36109924316406
-1015.2949829101562 -149.36070251464844
-1013.9013061523438 -151.35928344726562
-1013.4788818359375 -153.3415069580078
-1015.0968627929688 -155.33627319335938
-1015.532958984375 -154.05516052246094
-1017.4058837890625 -156.0383758544922
-1016.40869140625 -156.2904815673828
-1015.4346923828125 -154.96986389160156
-1015.3281860351562 -155.17254638671875
-1016.7748413085938 -155.05331420898438
-1016.896484375 -153.20208740234375
-1015.1746826171875 -155.20205688476562
-1014.8729858398438 -153.6958465576172
-1015.9195556640625 -155.69241333007812
-1014.7957153320312 -153.84292602539062
-1016.7042236328125 -155.84251403808594
-1014.8483276367188 -154.67298889160156
-1016.5017700195312 -156.66371154785156
-1014.8828125 -155.58348083496094
-1016.3875732421875 -157.5726318359375
-1014.6610107421875 -156.32980346679688
-1016.6101684570312 -158.32760620117188
-1014.9076538085938 -158.9552459716797
-1012.985107421875 -158.43594360351562
-1014.9039916992188 -160.43556213378906
-1013.8900146484375 -158.6122589111328
-1011.8965454101562 -158.22950744628906
-1010.4481201171875 -160.22817993164062
-1012.3551635742188 -162.2213134765625
-1014.0158081054688 -164.21990966796875
-1012.0598754882812 -166.17977905273438
-1013.8636474609375 -168.17684936523438
-1011.9302368164062 -170.17227172851562
-1011.0634765625 -172.15414428710938
-1011.2977905273438 -174.15281677246094
-1012.2401123046875 -176.1449432373047
-1012.2874755859375 -178.14085388183594
-1011.8802490234375 -180.1258544921875
-1013.0725708007812 -182.12205505371094
-1011.1312866210938 -184.1145782470703
-1009.6138305664062 -186.10369873046875
-1010.435302734375 -188.0829620361328
-1010.4734497070312 -190.06460571289062
-1009.3494873046875 -192.0641326904297
-1010.7884521484375 -194.05018615722656
-1011.7515258789062 -196.04241943359375
-1013.521484375 -198.04135131835938
-1011.5252685546875 -200.02926635742188
-1012.9063720703125 -202.0142822265625
-1013.7246704101562 -204.0058135986328
-1011.74365234375 -205.9537353515625
-1009.9869384765625 -207.95274353027344
-1008.2317504882812 -209.95248413085938
-1008.9779052734375 -211.9518280029297
-1009.6527709960938 -213.9515380859375
-1008.5496826171875 -211.96934509277344
-1009.83349609375 -213.96932983398438
-1008.4691162109375 -212.00477600097656
-1010.3605346679688 -214.00454711914062
-1009.2883911132812 -212.30628967285156
-1007.376708984375 -214.30625915527344
-1005.8998413085938 -216.30624389648438
-1004.4835815429688 -215.02500915527344
-1002.8783569335938 -217.02499389648438
-1003.016845703125 -216.39486694335938
-1004.184814453125 -214.6177215576172
-1002.1888427734375 -216.61770629882812
-1001.0015258789062 -214.86473083496094
-999.1681518554688 -216.86473083496094
-999.554931640625 -214.8780975341797
-998.3203125 -216.87808227539062
-996.8904418945312 -215.06422424316406
-995.9668579101562 -217.064208984375
-996.2771606445312 -215.69114685058594
-995.2380981445312 -217.69113159179688
-994.0426635742188 -216.857666015625
-992.6251220703125 -214.9064178466797
-990.6926879882812 -216.9063262939453
-992.2914428710938 -215.00033569335938
-991.0798950195312 -217.0002899169922
-992.9176635742188 -215.61380004882812
-993.2791748046875 -214.00088500976562
-991.512939453125 -216.00086975097656
-989.9456787109375 -214.55186462402344
-988.1680297851562 -216.55184936523438
-986.4678344726562 -215.26776123046875
-984.4686279296875 -217.2677459716797
-982.5990600585938 -215.33738708496094
-980.9164428710938 -217.33738708496094
-982.2853393554688 -215.4549560546875
-980.3145751953125 -217.45494079589844
-981.3842163085938 -215.7860107421875
-980.56982421875 -217.78598022460938
-979.6421508789062 -216.80316162109375
-977.6637573242188 -218.80316162109375
-977.1441650390625 -218.1291961669922
-977.316650390625 -216.18978881835938
-975.3298950195312 -218.18978881835938
-974.59423828125 -217.0586395263672
-974.681884765625 -215.52220153808594
-972.7731323242188 -217.52139282226562
-974.3059692382812 -215.6055908203125
-972.430908203125 -217.60557556152344
-973.8211059570312 -215.67144775390625
-971.8980712890625 -217.67132568359375
-973.443115234375 -216.0690460205078
-972.76123046875 -218.06903076171875
-974.1983642578125 -216.28013610839844
-976.0079345703125 -214.32769775390625
-974.8015747070312 -216.3276824951172
-974.9537353515625 -214.52455139160156
-974.672119140625 -216.5245361328125
-974.6080322265625 -214.6367645263672
-973.0250854492188 -216.63673400878906
-972.6911010742188 -214.7084503173828
-970.7908325195312 -216.70843505859375
-971.4115600585938 -214.8067169189453
-969.4696655273438 -216.8066864013672
-968.037841796875 -214.83863830566406
-966.142578125 -216.8385467529297
-967.0991821289062 -215.0507354736328
-965.3023071289062 -217.0507049560547
-965.6990356445312 -215.1406707763672
-963.7584228515625 -217.14065551757812
-962.3363037109375 -215.16575622558594
-960.4806518554688 -217.16575622558594
-958.9961547851562 -215.3146209716797
-957.527099609375 -213.3200225830078
-955.5298461914062 -215.3200225830078
-954.096435546875 -213.3242950439453
-952.2496337890625 -215.3242645263672
-952.5033569335938 -213.50856018066406
-950.5824584960938 -215.50856018066406
-949.2623291015625 -213.5653533935547
-949.9677734375 -215.56175231933594
-948.5094604492188 -213.58145141601562
-950.3200073242188 -215.5811004638672
-950.267822265625 -213.5979766845703
-948.2705078125 -215.5979766845703
-950.2047119140625 -217.5955047607422
-948.8804321289062 -215.6956329345703
-950.0752563476562 -217.69554138183594
-951.1356201171875 -215.84181213378906
-949.6649169921875 -213.84742736816406
-947.9578857421875 -215.84742736816406
-946.8291625976562 -217.847412109375
-946.2706909179688 -219.84738159179688
-947.08203125 -221.84738159179688
-947.2416381835938 -223.8472900390625
-947.3447875976562 -225.84725952148438
-945.3560791015625 -227.8332977294922
-947.2301025390625 -229.83328247070312
-945.254638671875 -231.810791015625
-946.9307250976562 -233.81048583984375
-948.83447265625 -235.81028747558594
-946.8422241210938 -237.8037872314453
-948.5493774414062 -239.80223083496094
-946.5792236328125 -241.58584594726562
-945.4403076171875 -243.5857696533203
-943.8341064453125 -245.58567810058594
-944.677001953125 -247.58541870117188
-946.0224609375 -249.58538818359375
-945.4251708984375 -251.5853729248047
-944.2303466796875 -253.5853271484375
-944.1489868164062 -255.585205078125
-943.7373046875 -257.5851745605469
-942.0933837890625 -259.5851745605469
-942.2276611328125 -261.58514404296875
-943.2670288085938 -263.5851135253906
-941.4065551757812 -265.5845642089844
-939.73095703125 -267.5845642089844
-937.9937744140625 -269.58447265625
-937.0916748046875 -271.58447265625
-935.2210693359375 -273.5843200683594
-934.5302124023438 -275.58416748046875
-932.6858520507812 -277.5829162597656
-932.5869140625 -279.5787658691406
-932.4305419921875 -281.5787048339844
-930.8236694335938 -283.57843017578125
-932.7899780273438 -285.578125
-932.4651489257812 -287.578125
-931.0642700195312 -289.5777587890625
-932.3232421875 -291.57757568359375
-932.94482421875 -293.5769958496094
-931.7102661132812 -295.57672119140625
-931.9200439453125 -297.57537841796875
-933.8091430664062 -299.5740051269531
-934.8562622070312 -301.5738830566406
-936.1638793945312 -303.5736389160156
-934.3936767578125 -305.5736083984375
