-1014.2810668945312 -135.4176483154297
-1014.1934814453125 -137.4176483154297
-1015.03173828125 -139.41763305664062
-1013.0486450195312 -141.4175567626953
-1014.671630859375 -143.4175567626953
-1013.2874755859375 -145.41729736328125
-1013.1826171875 -147.41729736328125
-1014.1625366210938 -149.4171905517578
-1016.0219116210938 -151.41700744628906
-1015.0618286132812 -153.4169158935547
-1017.0463256835938 -155.41683959960938
-1015.0690307617188 -153.6044921875
-1017.042236328125 -155.60418701171875
-1015.0758056640625 -154.08067321777344
-1016.2255859375 -156.08006286621094
-1014.3929443359375 -154.58248901367188
-1016.3309936523438 -156.58229064941406
-1014.7447509765625 -154.8400115966797
-1015.93310546875 -156.8399200439453
-1013.9357299804688 -156.8304443359375
-1015.7617797851562 -158.83035278320312
-1013.7631225585938 -157.0769805908203
-1014.8178100585938 -159.076904296875
-1012.8447265625 -159.55870056152344
-1014.7906494140625 -161.55828857421875
-1013.2271118164062 -162.93507385253906
-1011.2576904296875 -164.91709899902344
-1013.2061157226562 -166.91709899902344
-1011.268798828125 -168.9140167236328
-1013.0880126953125 -170.9136962890625
-1011.21533203125 -172.91009521484375
-1013.101806640625 -174.9058074951172
-1011.2882080078125 -176.903564453125
-1013.285400390625 -178.90304565429688
-1011.3059692382812 -180.90292358398438
-1013.1631469726562 -182.90283203125
-1011.2144165039062 -184.90122985839844
-1013.1302490234375 -186.64804077148438
-1012.876708984375 -188.64352416992188
-1014.101806640625 -190.64352416992188
-1014.8825073242188 -192.63897705078125
-1014.0369262695312 -194.63893127441406
-1012.08056640625 -196.6328125
-1014.0015869140625 -198.63279724121094
-1012.2659912109375 -200.6327667236328
-1014.2548828125 -202.62887573242188
-1012.3114624023438 -204.61695861816406
-1014.2723999023438 -206.61631774902344
-1015.3346557617188 -208.61624145507812
-1016.4381103515625 -210.61541748046875
-1016.1778564453125 -212.61538696289062
-1014.6983032226562 -214.6152801513672
-1016.5128784179688 -212.68161010742188
-1014.6732788085938 -214.67974853515625
-1012.70947265625 -212.6893310546875
-1011.3295288085938 -214.6892852783203
-1009.5609130859375 -212.71693420410156
-1009.2069702148438 -214.71690368652344
-1008.6045532226562 -212.72232055664062
-1010.5752563476562 -214.7219696044922
-1008.8372802734375 -212.74098205566406
-1010.728271484375 -214.74093627929688
-1009.2244262695312 -212.74717712402344
-1010.8927001953125 -214.74713134765625
-1009.4156494140625 -212.7489776611328
-1011.1326904296875 -214.7489471435547
-1009.156494140625 -212.75018310546875
-1008.2060546875 -214.7499542236328
-1007.7630004882812 -212.75457763671875
-1009.2700805664062 -214.75457763671875
-1007.3564453125 -212.78585815429688
-1007.8170166015625 -214.7849578857422
-1006.331298828125 -212.80960083007812
-1004.473388671875 -214.80935668945312
-1003.18408203125 -216.8092803955078
-1001.6012573242188 -214.83206176757812
-999.642578125 -216.83096313476562
-1000.2508544921875 -214.91012573242188
-999.3663940429688 -216.9100799560547
-998.5169677734375 -215.1405029296875
-996.5756225585938 -217.1399688720703
-996.0781860351562 -215.1479034423828
-994.3075561523438 -217.14772033691406
-995.7317504882812 -215.3150177001953
-994.941650390625 -217.31370544433594
-994.12646484375 -215.34422302246094
-992.1561279296875 -217.34420776367188
-990.6532592773438 -215.41123962402344
-990.8232421875 -217.4109344482422
-990.853271484375 -215.4793701171875
-990.0784301757812 -217.47901916503906
-991.791015625 -215.5181427001953
-992.013427734375 -213.69715881347656
-990.40625 -215.69691467285156
-988.5693969726562 -215.73825073242188
-986.741943359375 -217.73805236816406
-986.49267578125 -215.75247192382812
-984.8285522460938 -217.7523651123047
-983.0316772460938 -215.755859375
-984.1074829101562 -217.75575256347656
-982.5193481445312 -215.76394653320312
-981.5693359375 -217.76321411132812
-979.8013916015625 -215.76611328125
-977.8764038085938 -217.76602172851562
-976.1505126953125 -216.60130310058594
-975.28125 -214.66970825195312
-973.3624877929688 -216.66957092285156
-972.164794921875 -214.67379760742188
-970.1842041015625 -216.67372131347656
-972.0193481445312 -214.97608947753906
-970.028076171875 -216.97604370117188
-968.73046875 -215.45750427246094
-966.7474975585938 -217.4570770263672
-965.0384521484375 -216.16580200195312
-963.149169921875 -214.66824340820312
-961.5444946289062 -216.64927673339844
-959.7080078125 -216.03958129882812
-961.0380859375 -216.3522186279297
-962.8154907226562 -214.9891815185547
-960.9481811523438 -216.98501586914062
-959.098876953125 -215.48402404785156
-958.3155517578125 -216.18621826171875
-956.3959350585938 -215.07208251953125
-954.5236206054688 -217.06883239746094
-952.66357421875 -216.73545837402344
-950.7300415039062 -218.07431030273438
-949.051025390625 -219.97073364257812
-947.501708984375 -221.8953399658203
-949.3875122070312 -223.87599182128906
-947.462890625 -225.80862426757812
-945.7653198242188 -227.35231018066406
-947.7159423828125 -229.3354034423828
-945.7182006835938 -230.77163696289062
-947.6668090820312 -232.65695190429688
-945.843017578125 -234.4832763671875
-947.8377685546875 -236.4688720703125
-945.8515014648438 -238.4617919921875
-947.847900390625 -240.4564208984375
-945.9016723632812 -242.45079040527344
-947.867431640625 -244.43017578125
-945.9483032226562 -245.96009826660156
-947.9359741210938 -247.95753479003906
-945.99853515625 -249.9136505126953
-947.1849975585938 -251.8694305419922
-948.1815185546875 -253.86785888671875
-946.258544921875 -254.67491149902344
-948.1721801757812 -256.65673828125
-946.2152709960938 -258.63311767578125
-947.9818725585938 -260.6263122558594
-946.220703125 -262.6246032714844
-947.859375 -264.6224670410156
-945.8601684570312 -266.5959167480469
-947.5671997070312 -268.57928466796875
-945.5800170898438 -270.5653991699219
-947.2407836914062 -272.5409240722656
-945.2427978515625 -274.5021057128906
-945.37353515625 -276.4714050292969
-946.21728515625 -278.2430419921875
-948.0484619140625 -280.2085876464844
-946.048828125 -282.0486755371094
-947.3734130859375 -284.0231018066406
-945.3870849609375 -285.394287109375
-944.4243774414062 -287.3884582519531
-945.5145874023438 -289.3812255859375
-946.7655029296875 -291.329345703125
-945.1821899414062 -293.198486328125
-947.1123046875 -294.7526550292969
-948.8486938476562 -296.6607971191406
-946.8517456054688 -298.6266784667969
-945.074951171875 -300.47747802734375
-943.4404296875 -302.47088623046875
-942.1451416015625 -304.46966552734375
-940.5518798828125 -306.0113220214844
-938.5572509765625 -307.91009521484375
-936.5626831054688 -309.9040832519531
