-1014.3848876953125 -135.385498046875
-1016.3837280273438 -137.3130645751953
-1014.384033203125 -138.7529754638672
-1016.3812255859375 -140.7457733154297
-1014.3843383789062 -142.16998291015625
-1012.3944702148438 -142.97653198242188
-1014.3926391601562 -144.95689392089844
-1012.3926391601562 -146.76849365234375
-1014.3925170898438 -148.76181030273438
-1012.3963012695312 -150.69305419921875
-1014.3955688476562 -152.60562133789062
-1016.3955078125 -154.58615112304688
-1014.4034423828125 -155.06500244140625
-1016.4010009765625 -157.0565185546875
-1014.4375 -155.09219360351562
-1016.4334716796875 -157.02708435058594
-1014.4658813476562 -155.53921508789062
-1016.4620971679688 -157.53797912597656
-1014.4817504882812 -155.54736328125
-1016.481201171875 -157.52011108398438
-1014.482666015625 -155.69448852539062
-1016.4825439453125 -157.63539123535156
-1014.4833374023438 -155.7598419189453
-1016.4811401367188 -157.7540740966797
-1014.4935302734375 -155.76058959960938
-1016.492919921875 -157.7556915283203
-1014.4978637695312 -155.87379455566406
-1016.4971923828125 -157.8552703857422
-1014.5245361328125 -158.7666473388672
-1012.5300903320312 -157.92604064941406
-1014.5298461914062 -159.9115753173828
-1012.53564453125 -158.31661987304688
-1014.5332641601562 -160.3072967529297
-1012.5494384765625 -160.03900146484375
-1014.5491943359375 -162.02633666992188
-1012.5499267578125 -161.48812866210938
-1014.5498046875 -163.47561645507812
-1012.5502319335938 -163.20811462402344
-1010.56591796875 -162.7293243408203
-1012.5392456054688 -164.72105407714844
-1010.5396118164062 -164.50865173339844
-1012.5393676757812 -166.48928833007812
-1010.5418701171875 -167.86106872558594
-1012.52197265625 -169.8450927734375
-1010.5221557617188 -169.74246215820312
-1012.5217895507812 -171.69195556640625
-1010.52294921875 -171.2176513671875
-1012.5223999023438 -173.1656494140625
-1010.5257568359375 -172.8049774169922
-1012.5256958007812 -173.9195098876953
-1010.527099609375 -175.58082580566406
-1012.5266723632812 -177.4470672607422
-1014.5232543945312 -179.4449462890625
-1012.5239868164062 -179.60568237304688
-1014.5235595703125 -181.5589599609375
-1012.5338745117188 -183.07794189453125
-1014.5338134765625 -184.95396423339844
-1012.5347290039062 -184.90771484375
-1014.5346069335938 -186.32492065429688
-1012.5508422851562 -187.8144073486328
-1014.547607421875 -189.68492126464844
-1012.5479125976562 -189.71388244628906
-1014.547607421875 -191.67356872558594
-1012.558837890625 -190.0951385498047
-1014.45166015625 -191.97047424316406
-1012.4522094726562 -191.96742248535156
-1014.4475708007812 -193.89715576171875
-1012.467041015625 -194.37387084960938
-1014.4599609375 -196.3533935546875
-1012.460205078125 -198.1762237548828
-1012.650634765625 -200.16526794433594
-1014.6502685546875 -202.08973693847656
-1012.6616821289062 -203.7648468017578
-1014.661376953125 -205.71365356445312
-1012.7091674804688 -206.5417938232422
-1014.5398559570312 -208.52969360351562
-1012.5555419921875 -208.86685180664062
-1014.4207153320312 -210.81893920898438
-1012.4257202148438 -212.6348419189453
-1014.2713623046875 -214.63229370117188
-1012.7300415039062 -215.1621551513672
-1012.8766479492188 -216.4583282470703
-1010.8909912109375 -215.6742706298828
-1009.4126586914062 -213.86834716796875
-1010.6984252929688 -215.8306427001953
-1008.8763427734375 -215.11288452148438
-1006.9684448242188 -214.0933380126953
-1005.8416748046875 -216.08876037597656
-1003.9751586914062 -215.5794219970703
-1001.98193359375 -213.91026306152344
-999.9865112304688 -215.80299377441406
-998.0712280273438 -217.00216674804688
-997.387939453125 -215.8892822265625
-995.5428466796875 -214.01779174804688
-993.6060180664062 -216.00877380371094
-992.4027709960938 -215.62875366210938
-990.5308837890625 -214.5828094482422
-988.6676635742188 -216.5818328857422
-987.422607421875 -216.3665313720703
-986.3240356445312 -215.85812377929688
-984.3546752929688 -217.8467559814453
-983.2382202148438 -217.39088439941406
-981.4467163085938 -217.22853088378906
-980.5030517578125 -218.0089874267578
-982.206298828125 -219.79396057128906
-980.7633056640625 -219.72569274902344
-981.8162841796875 -220.2816925048828
-981.8197021484375 -219.36927795410156
-980.0165405273438 -220.56932067871094
-981.792236328125 -220.6835479736328
-980.717529296875 -220.27496337890625
-979.1607666015625 -218.31204223632812
-979.5170288085938 -218.23239135742188
-980.3411254882812 -219.57115173339844
-981.441162109375 -220.7601318359375
-979.5233154296875 -219.58816528320312
-979.2567138671875 -220.36849975585938
-980.4651489257812 -219.5063018798828
-982.1415405273438 -218.2347869873047
-980.6213989257812 -218.52964782714844
-980.6612548828125 -216.970458984375
-978.7144165039062 -218.9650421142578
-977.7908935546875 -219.99880981445312
-977.1168212890625 -218.589599609375
-976.1320190429688 -217.85025024414062
-974.7734985351562 -216.9257049560547
-972.8873291015625 -217.17724609375
-971.7486572265625 -218.6317596435547
-969.7865600585938 -217.20204162597656
-968.58056640625 -218.68421936035156
-966.9559326171875 -219.27867126464844
-965.2069091796875 -220.84738159179688
-963.2139282226562 -222.38072204589844
-961.2173461914062 -222.2201690673828
-959.2456665039062 -223.8387908935547
-957.2465209960938 -225.72840881347656
-955.2491455078125 -227.6261749267578
-953.2491455078125 -229.6242218017578
-951.2499389648438 -231.62168884277344
-949.25 -233.62158203125
-947.25 -235.621337890625
-945.25 -237.62124633789062
-943.4558715820312 -239.62120056152344
-941.4605712890625 -241.62118530273438
-939.4690551757812 -243.62118530273438
-937.8931274414062 -245.62115478515625
-938.58056640625 -247.62112426757812
-938.0121459960938 -249.62100219726562
-937.9277954101562 -251.62095642089844
-937.7500610351562 -253.6209259033203
-937.5186157226562 -255.62091064453125
-935.7551879882812 -257.62091064453125
-935.9928588867188 -259.6208801269531
-934.7957763671875 -261.6208801269531
-935.5827026367188 -263.6207580566406
-934.3192138671875 -265.6207580566406
-934.5086059570312 -267.6207275390625
-934.6566772460938 -269.6206970214844
-933.1417236328125 -271.6206970214844
-935.0428466796875 -273.6206970214844
-935.0993041992188 -275.62066650390625
-933.5394287109375 -277.62066650390625
-935.4097900390625 -279.62066650390625
-935.9810180664062 -281.62066650390625
-934.208251953125 -283.62066650390625
-933.423828125 -285.6206359863281
-935.23828125 -287.6206359863281
-934.1372680664062 -289.6206359863281
-935.0218505859375 -291.6206359863281
-933.5634765625 -293.6206359863281
-935.243408203125 -295.6206359863281
-934.7954711914062 -297.6206359863281
-934.6046752929688 -299.6206359863281
-933.0556030273438 -301.6206359863281
-934.8004760742188 -303.6206359863281
-935.7349243164062 -305.6206359863281
