-1014.3645629882812 -134.5956573486328
-1016.3560180664062 -136.5314483642578
-1014.35693359375 -137.0189666748047
-1016.354248046875 -138.66250610351562
-1014.3605346679688 -140.36273193359375
-1012.3871459960938 -142.13201904296875
-1014.383544921875 -143.50831604003906
-1012.3915405273438 -145.156005859375
-1014.2826538085938 -146.4019775390625
-1012.3566284179688 -146.3248291015625
-1014.3509521484375 -148.3062744140625
-1012.4083251953125 -150.0498504638672
-1014.4035034179688 -151.9722442626953
-1016.3991088867188 -153.81398010253906
-1014.481689453125 -152.381103515625
-1016.4708251953125 -154.33688354492188
-1014.4801025390625 -153.31146240234375
-1016.476318359375 -155.2977752685547
-1014.50341796875 -154.1302490234375
-1016.50244140625 -156.123046875
-1014.5383911132812 -155.2306365966797
-1016.5321044921875 -156.54690551757812
-1014.5552368164062 -154.79534912109375
-1016.5531616210938 -156.7379913330078
-1014.6366577148438 -154.9181671142578
-1016.6217041015625 -156.8726348876953
-1014.7427368164062 -157.70538330078125
-1012.9760131835938 -156.17724609375
-1014.9730224609375 -158.09971618652344
-1013.0565185546875 -157.38731384277344
-1014.9701538085938 -159.38255310058594
-1013.020263671875 -157.8735809326172
-1015.003662109375 -159.82147216796875
-1013.0260620117188 -158.4151153564453
-1014.6363525390625 -160.390869140625
-1012.7310180664062 -161.1422882080078
-1014.7059936523438 -162.58021545410156
-1012.8327026367188 -163.09600830078125
-1010.839599609375 -163.754150390625
-1012.8291625976562 -164.06515502929688
-1010.9223022460938 -165.97158813476562
-1012.9111938476562 -167.322265625
-1010.9830322265625 -169.19497680664062
-1012.91015625 -170.83602905273438
-1010.9187622070312 -172.5223388671875
-1012.9176025390625 -174.4489288330078
-1010.9255981445312 -175.634521484375
-1012.906494140625 -177.50022888183594
-1010.940673828125 -178.65219116210938
-1012.9345703125 -180.46385192871094
-1011.0470581054688 -182.37469482421875
-1013.0316772460938 -184.14273071289062
-1015.026123046875 -186.10171508789062
-1013.0377807617188 -186.668212890625
-1015.0333251953125 -188.18101501464844
-1013.0980224609375 -188.18508911132812
-1015.0857543945312 -190.0550994873047
-1014.1585693359375 -190.9213409423828
-1012.302978515625 -192.80697631835938
-1014.2996826171875 -194.7937469482422
-1012.3142700195312 -196.55703735351562
-1014.2185668945312 -198.5334930419922
-1012.2726440429688 -200.52561950683594
-1014.27099609375 -202.44105529785156
-1012.2732543945312 -204.26824951171875
-1014.25732421875 -206.1798858642578
-1012.267822265625 -208.13333129882812
-1014.2634887695312 -210.1204833984375
-1012.77685546875 -212.0331268310547
-1014.6573486328125 -213.99229431152344
-1013.4349365234375 -212.7978057861328
-1011.8466186523438 -212.91517639160156
-1013.6160278320312 -214.91476440429688
-1013.6222534179688 -212.97567749023438
-1012.6931762695312 -211.9063720703125
-1014.3580932617188 -213.89169311523438
-1013.4593505859375 -213.9792022705078
-1011.798583984375 -212.52386474609375
-1013.3655395507812 -214.50491333007812
-1012.4196166992188 -213.9076690673828
-1011.986328125 -213.42218017578125
-1010.5717163085938 -213.71011352539062
-1010.0526733398438 -212.50033569335938
-1010.6048583984375 -214.41932678222656
-1010.9166870117188 -212.88465881347656
-1012.4591674804688 -214.88253784179688
-1011.0084228515625 -215.87405395507812
-1010.6378173828125 -215.3380889892578
-1008.9363403320312 -215.994384765625
-1007.5836181640625 -214.59487915039062
-1006.7669067382812 -212.93812561035156
-1006.3862915039062 -214.93052673339844
-1004.7516479492188 -213.38597106933594
-1003.6699829101562 -215.37135314941406
-1003.2449951171875 -214.14846801757812
-1001.3502197265625 -216.12420654296875
-1000.647705078125 -216.6846923828125
-999.6732177734375 -215.14120483398438
-999.2028198242188 -217.09373474121094
-1000.7383422851562 -215.48646545410156
-998.8450317382812 -217.4816131591797
-999.237548828125 -216.15419006347656
-997.5798950195312 -214.31863403320312
-995.619873046875 -216.30654907226562
-995.0695190429688 -214.76788330078125
-993.1029052734375 -216.6986083984375
-991.6792602539062 -216.20074462890625
-991.2809448242188 -214.25762939453125
-989.8807373046875 -216.24339294433594
-989.537109375 -215.99070739746094
-989.709716796875 -215.21011352539062
-989.36376953125 -217.18093872070312
-989.9039306640625 -216.42584228515625
-990.0775756835938 -214.7923126220703
-989.0682983398438 -216.78631591796875
-988.9033813476562 -214.99940490722656
-988.3322143554688 -216.99034118652344
-986.7593383789062 -216.3198699951172
-985.13818359375 -214.60328674316406
-983.1707153320312 -216.5993194580078
-981.6367797851562 -218.59494018554688
-979.7046508789062 -217.21612548828125
-981.173095703125 -218.64974975585938
-979.3677978515625 -216.74313354492188
-977.5384521484375 -218.7388153076172
-977.1642456054688 -217.63446044921875
-976.4608764648438 -216.369873046875
-974.5972290039062 -218.3696746826172
-973.552734375 -217.99655151367188
-973.5978393554688 -216.16050720214844
-973.047607421875 -215.43765258789062
-971.0971069335938 -217.4333953857422
-971.7346801757812 -216.98143005371094
-971.94189453125 -217.013671875
-970.282470703125 -216.58541870117188
-970.95458984375 -215.3151397705078
-969.2681884765625 -217.30795288085938
-967.909423828125 -216.91506958007812
-968.6864624023438 -217.62571716308594
-968.083251953125 -216.93923950195312
-966.3300170898438 -216.17709350585938
-966.1406860351562 -215.57730102539062
-965.4008178710938 -215.37200927734375
-964.2611083984375 -216.51036071777344
-962.7608032226562 -217.12965393066406
-961.2915649414062 -216.7284698486328
-961.0327758789062 -218.36309814453125
-960.3853759765625 -219.85723876953125
-958.8905639648438 -221.09234619140625
-957.905517578125 -222.8710174560547
-955.9202880859375 -224.79335021972656
-953.9607543945312 -226.7675018310547
-951.9732055664062 -228.7659454345703
-949.975830078125 -230.7611541748047
-947.9775390625 -232.75347900390625
-945.9779663085938 -234.7525177001953
-944.4713745117188 -236.7474365234375
-943.708251953125 -238.7415008544922
-942.6492919921875 -240.74021911621094
-940.8949584960938 -242.7337188720703
-939.6292114257812 -244.72955322265625
-937.6443481445312 -246.7284698486328
-938.880859375 -248.7272491455078
-937.4778442382812 -250.725830078125
-937.2728271484375 -252.7222137451172
-935.4005737304688 -254.7151641845703
-934.6299438476562 -256.7020568847656
-933.26416015625 -258.7014465332031
-934.341552734375 -260.6788635253906
-933.4364624023438 -262.65252685546875
-933.4102172851562 -264.62652587890625
-933.04541015625 -266.6148986816406
-933.2278442382812 -268.607177734375
-931.5015869140625 -270.6060485839844
-933.3212280273438 -272.5935363769531
-932.3504638671875 -274.5823059082031
-933.0449829101562 -276.57843017578125
-933.2178955078125 -278.55181884765625
-931.5624389648438 -280.5493469238281
-929.62939453125 -282.5477600097656
-930.5496215820312 -284.54620361328125
-930.8601684570312 -286.5303649902344
-929.8101806640625 -288.52069091796875
-928.5795288085938 -290.5185241699219
-930.4747924804688 -292.2800598144531
-928.5560913085938 -294.27801513671875
-930.232666015625 -296.2358703613281
-929.7891845703125 -298.2293701171875
-927.9773559570312 -300.2220153808594
