-1014.2340087890625 -134.8242645263672
-1016.2172241210938 -136.79214477539062
-1014.2175903320312 -138.77537536621094
-1016.0464477539062 -140.74972534179688
-1014.06787109375 -142.6575164794922
-1012.0751953125 -144.5951690673828
-1013.018798828125 -146.53079223632812
-1014.9022827148438 -148.527587890625
-1012.9029541015625 -150.12599182128906
-1014.7005615234375 -152.07308959960938
-1016.6697387695312 -154.05838012695312
-1014.6919555664062 -155.67970275878906
-1016.6143188476562 -157.6454315185547
-1014.619384765625 -157.6090850830078
-1012.6209716796875 -158.61268615722656
-1014.604248046875 -160.59649658203125
-1012.6046752929688 -161.4239959716797
-1014.5380249023438 -163.39617919921875
-1012.5458984375 -164.68629455566406
-1010.5462036132812 -166.52938842773438
-1012.5452270507812 -168.38064575195312
-1010.5527954101562 -170.36903381347656
-1012.162841796875 -172.20318603515625
-1014.1010131835938 -174.01385498046875
-1012.10302734375 -173.7464599609375
-1013.9769897460938 -175.50009155273438
-1011.9795532226562 -177.4796142578125
-1013.9755249023438 -179.3351287841797
-1011.9791870117188 -180.14346313476562
-1013.6324462890625 -181.03697204589844
-1011.6338500976562 -182.4186248779297
-1013.6082153320312 -183.99212646484375
-1011.6085815429688 -185.62548828125
-1013.25439453125 -187.0876922607422
-1015.1190185546875 -188.94480895996094
-1013.1412353515625 -189.91563415527344
-1015.1377563476562 -191.87535095214844
-1013.139404296875 -193.7037353515625
-1014.9793701171875 -195.39097595214844
-1012.979736328125 -196.40924072265625
-1014.9398803710938 -198.3456573486328
-1012.9412841796875 -200.0782928466797
-1014.9090576171875 -202.0752716064453
-1012.9105224609375 -204.0496368408203
-1014.50146484375 -206.045166015625
-1012.5018920898438 -208.04180908203125
-1014.4570922851562 -210.0409698486328
-1012.4641723632812 -212.03890991210938
-1014.3345947265625 -214.0367431640625
-1012.3914184570312 -213.15945434570312
-1010.4503784179688 -214.81808471679688
-1008.5122680664062 -215.90576171875
-1006.5997924804688 -215.210693359375
-1004.7372436523438 -215.50009155273438
-1002.7810668945312 -216.48765563964844
-1000.82421875 -217.6355743408203
-998.826171875 -216.55560302734375
-996.8563232421875 -218.36685180664062
-994.85888671875 -217.86856079101562
-992.922119140625 -216.45408630371094
-990.9328002929688 -217.83216857910156
-989.3477783203125 -217.6387176513672
-987.3753662109375 -218.4177703857422
-985.400146484375 -218.03363037109375
-983.6395263671875 -219.9060821533203
-981.6541748046875 -221.6179656982422
-979.8294067382812 -222.87149047851562
-979.7413330078125 -221.27621459960938
-979.8448486328125 -221.48768615722656
-978.1835327148438 -221.86363220214844
-976.2296752929688 -221.55224609375
-975.9992065429688 -222.97531127929688
-974.2048950195312 -221.96536254882812
-972.303466796875 -221.62718200683594
-970.33154296875 -221.4188995361328
-968.33447265625 -222.3551788330078
-966.5122680664062 -222.11753845214844
-964.5278930664062 -223.35231018066406
-962.5293579101562 -224.97421264648438
-960.5300903320312 -226.93167114257812
-958.5302124023438 -228.90438842773438
-956.5307006835938 -230.8963623046875
-954.5307006835938 -232.8903350830078
-952.53076171875 -234.88894653320312
-950.53076171875 -236.88858032226562
-948.53076171875 -238.8868865966797
-946.53076171875 -240.88433837890625
-944.6879272460938 -242.88404846191406
-943.1107788085938 -244.8832550048828
-941.1302490234375 -246.88299560546875
-939.1536254882812 -248.88287353515625
-937.3388671875 -250.88265991210938
-936.0986328125 -252.8823699951172
-934.2581787109375 -254.8809051513672
-932.4046630859375 -256.8805236816406
-931.6763916015625 -258.8804016113281
-930.5306396484375 -260.87969970703125
-930.6668701171875 -262.8793029785156
-929.4974365234375 -264.8770446777344
-930.9443969726562 -266.876220703125
-929.1260986328125 -268.8753967285156
-927.3790283203125 -270.87420654296875
-928.83056640625 -272.8684997558594
-930.5318603515625 -274.86175537109375
-929.9597778320312 -276.8613586425781
-928.0909423828125 -278.86053466796875
-927.92431640625 -280.8522644042969
-927.6742553710938 -282.83306884765625
-926.8812866210938 -284.7987060546875
-928.0404052734375 -286.7966003417969
-926.7478637695312 -288.7954406738281
-928.6763305664062 -290.7734375
-926.9778442382812 -292.7729797363281
-927.866943359375 -294.7601623535156
-927.8678588867188 -296.75634765625
-928.6319580078125 -298.7520446777344
-929.47705078125 -300.7514953613281
