-1075.3609619140625 -153.282470703125
-1073.841064453125 -151.32252502441406
-1071.84130859375 -153.29214477539062
-1070.59130859375 -151.62503051757812
-1069.0089111328125 -153.6246337890625
-1067.273681640625 -151.65480041503906
-1066.016845703125 -153.63778686523438
-1064.4368896484375 -155.63768005371094
-1066.2681884765625 -155.30560302734375
-1064.2840576171875 -156.57467651367188
-1066.2156982421875 -157.79489135742188
-1064.2159423828125 -159.3767547607422
-1066.1505126953125 -161.3724365234375
-1064.151123046875 -162.3849639892578
-1063.352783203125 -164.3848876953125
-1064.87060546875 -166.38433837890625
-1062.8707275390625 -168.332275390625
-1062.7357177734375 -170.32525634765625
-1064.1815185546875 -172.3240509033203
-1062.1817626953125 -174.1739501953125
-1062.8154296875 -176.17245483398438
-1064.4599609375 -178.17176818847656
-1062.4632568359375 -180.1505889892578
-1063.4384765625 -182.14935302734375
-1064.834716796875 -184.14886474609375
-1062.8388671875 -186.14349365234375
-1062.9837646484375 -188.14224243164062
-1064.88623046875 -190.14111328125
-1062.8865966796875 -192.1324920654297
-1064.6070556640625 -194.13140869140625
-1062.607421875 -196.04913330078125
-1063.8238525390625 -198.0472412109375
-1061.8250732421875 -199.84524536132812
-1063.343505859375 -201.8438720703125
-1065.0894775390625 -203.84341430664062
-1063.0904541015625 -205.7708740234375
-1065.0609130859375 -207.76382446289062
-1063.062255859375 -208.9220428466797
-1064.8551025390625 -210.92120361328125
-1062.86328125 -212.8873748779297
-1062.484619140625 -214.8873291015625
-1063.5120849609375 -212.8932342529297
-1061.6083984375 -214.89247131347656
-1062.08935546875 -213.15818786621094
-1061.772216796875 -215.1483917236328
-1061.5799560546875 -213.359375
-1062.3695068359375 -215.35667419433594
-1063.48095703125 -213.37765502929688
-1061.5577392578125 -215.37620544433594
-1060.5001220703125 -213.46034240722656
-1059.38525390625 -215.4553985595703
-1059.1951904296875 -213.6143035888672
-1058.522216796875 -215.61318969726562
-1057.73779296875 -213.77432250976562
-1055.887939453125 -215.77391052246094
-1056.4019775390625 -216.67254638671875
-1055.052734375 -215.17413330078125
-1053.635986328125 -217.17396545410156
-1051.6573486328125 -217.9117889404297
-1049.7020263671875 -219.76416015625
-1047.7291259765625 -221.71401977539062
-1049.728515625 -223.7076416015625
-1047.7371826171875 -225.70692443847656
-1049.729736328125 -227.51780700683594
-1047.768798828125 -229.51150512695312
-1049.62109375 -231.4940643310547
-1047.623046875 -233.49276733398438
-1049.579345703125 -235.4921112060547
-1047.738525390625 -237.47781372070312
-1049.691650390625 -239.47613525390625
-1047.7083740234375 -241.4023895263672
-1049.5457763671875 -243.40232849121094
-1047.5589599609375 -245.39462280273438
-1049.51123046875 -246.44065856933594
-1047.6395263671875 -248.4218292236328
-1049.6385498046875 -250.393798828125
-1051.6373291015625 -252.28123474121094
-1049.640869140625 -254.22222900390625
-1047.64501953125 -255.9493408203125
-1049.6427001953125 -257.9318542480469
-1047.6478271484375 -259.9277648925781
-1049.6318359375 -261.8695068359375
-1047.647705078125 -263.844482421875
-1048.97216796875 -265.8444519042969
-1046.973388671875 -267.83795166015625
-1048.969970703125 -269.678466796875
-1050.9625244140625 -271.6740417480469
-1048.965576171875 -273.64556884765625
-1050.9072265625 -275.62664794921875
-1048.907470703125 -277.24957275390625
-1050.8836669921875 -279.24200439453125
-1048.884033203125 -281.23040771484375
-1050.8516845703125 -283.22833251953125
-1048.8519287109375 -284.96746826171875
-1046.8536376953125 -286.9215393066406
-1048.279296875 -288.9166564941406
-1046.2806396484375 -290.7638854980469
-1048.1851806640625 -292.73529052734375
-1046.18603515625 -294.67022705078125
-1048.093505859375 -295.4696960449219
-1049.330078125 -297.384521484375
-1047.3310546875 -299.36376953125
-1049.05224609375 -301.3609313964844
-1047.0538330078125 -303.3388977050781
-1048.8160400390625 -305.3362121582031
-1046.8170166015625 -307.3022766113281
-1045.4788818359375 -306.3116760253906
-1044.431640625 -308.3114929199219
-1043.0941162109375 -307.21636962890625
-1041.5218505859375 -309.2113037109375
-1039.8834228515625 -307.4371337890625
-1038.03369140625 -309.43426513671875
-1038.0408935546875 -311.432861328125
-1036.1219482421875 -309.697998046875
-1034.20068359375 -311.6919250488281
-1033.136962890625 -310.60247802734375
-1031.9576416015625 -312.6015930175781
-1030.362548828125 -310.9495849609375
-1029.3712158203125 -312.94927978515625
-1027.623291015625 -310.951904296875
-1027.531005859375 -312.9466857910156
-1025.7459716796875 -312.6968994140625
-1025.35107421875 -314.6960754394531
-1023.6583251953125 -312.8472595214844
-1023.6193237304688 -314.8412780761719
-1021.7190551757812 -314.3609619140625
-1022.4017333984375 -316.35626220703125
-1020.4022216796875 -316.3948974609375
-1018.4066162109375 -316.5691223144531
-1019.9417724609375 -318.5592041015625
-1017.943115234375 -318.7261962890625
-1015.9556274414062 -317.66339111328125
-1017.9254150390625 -319.6153564453125
-1015.9323120117188 -319.2909240722656
-1013.9593505859375 -320.18536376953125
-1012.1116943359375 -319.9576110839844
