-1075.5555419921875 -152.53399658203125
-1073.930908203125 -154.35113525390625
-1072.4453125 -154.5821990966797
-1071.501708984375 -153.82472229003906
-1069.586181640625 -155.08485412597656
-1070.358154296875 -153.72918701171875
-1068.47119140625 -152.2737274169922
-1070.2635498046875 -154.15689086914062
-1068.334716796875 -155.20281982421875
-1066.4281005859375 -154.9639129638672
-1064.4317626953125 -153.36233520507812
-1064.3382568359375 -155.27432250976562
-1063.66650390625 -157.208984375
-1064.4600830078125 -157.63516235351562
-1066.3603515625 -159.37332153320312
-1064.713134765625 -158.72291564941406
-1065.0782470703125 -160.64596557617188
-1067.0584716796875 -161.84681701660156
-1065.323486328125 -162.61048889160156
-1063.431884765625 -161.49354553222656
-1065.4246826171875 -163.33242797851562
-1064.99462890625 -164.73744201660156
-1063.154541015625 -165.5564727783203
-1065.150390625 -166.25973510742188
-1063.84326171875 -165.4546356201172
-1065.83837890625 -167.40264892578125
-1064.3726806640625 -169.002197265625
-1062.4381103515625 -169.6872100830078
-1064.436767578125 -171.02798461914062
-1062.475830078125 -172.0797119140625
-1064.4620361328125 -173.52903747558594
-1062.8690185546875 -174.82937622070312
-1064.859130859375 -176.6853485107422
-1066.031005859375 -178.58901977539062
-1064.0936279296875 -180.384033203125
-1066.0853271484375 -182.0245361328125
-1064.213623046875 -183.30946350097656
-1066.207275390625 -185.16720581054688
-1064.5350341796875 -186.60105895996094
-1066.5294189453125 -187.9798126220703
-1064.6688232421875 -189.6557159423828
-1062.7041015625 -190.7702178955078
-1064.7005615234375 -191.05178833007812
-1062.892333984375 -192.70416259765625
-1064.890869140625 -194.1558380126953
-1063.89501953125 -195.5742950439453
-1061.9722900390625 -194.90533447265625
-1063.9666748046875 -196.76019287109375
-1061.991943359375 -196.66790771484375
-1063.9908447265625 -198.57220458984375
-1062.0250244140625 -199.34486389160156
-1064.021484375 -201.26181030273438
-1062.1436767578125 -203.07041931152344
-1064.1141357421875 -205.01962280273438
-1062.1729736328125 -206.33328247070312
-1064.1728515625 -208.32643127441406
-1062.28076171875 -210.26905822753906
-1064.246337890625 -212.2399444580078
-1062.755859375 -214.1259002685547
-1064.1221923828125 -216.11561584472656
-1063.4691162109375 -214.54234313964844
-1063.0416259765625 -215.872802734375
-1061.5596923828125 -214.91436767578125
-1059.8492431640625 -215.37457275390625
-1058.3597412109375 -213.40524291992188
-1058.80419921875 -215.3961639404297
-1058.17529296875 -215.89260864257812
-1056.2801513671875 -214.73550415039062
-1055.23388671875 -216.7091064453125
-1054.7841796875 -217.27093505859375
-1052.901123046875 -217.5063018798828
-1051.02783203125 -215.70860290527344
-1051.54931640625 -217.68679809570312
-1050.917236328125 -218.13230895996094
-1050.26025390625 -220.12767028808594
-1048.7449951171875 -221.96240234375
-1050.7144775390625 -223.94073486328125
-1049.2113037109375 -225.8444061279297
-1051.089111328125 -227.7518310546875
-1049.537109375 -229.66989135742188
-1047.57080078125 -231.6443328857422
-1049.5599365234375 -233.6157989501953
-1047.5679931640625 -235.58346557617188
-1049.5667724609375 -237.57835388183594
-1047.580078125 -239.5520477294922
-1049.574462890625 -241.53489685058594
-1047.5919189453125 -243.39068603515625
-1046.91845703125 -243.73533630371094
-1045.3388671875 -244.00880432128906
-1046.5975341796875 -245.1033477783203
-1046.8392333984375 -245.55874633789062
-1048.2213134765625 -247.45619201660156
-1050.0126953125 -249.4415283203125
-1048.158203125 -251.4197540283203
-1050.0552978515625 -253.38461303710938
-1048.084228515625 -255.00048828125
-1050.080078125 -256.6916809082031
-1048.0860595703125 -258.5785217285156
-1050.0316162109375 -260.483642578125
-1048.0452880859375 -262.4792175292969
-1050.0106201171875 -264.4787902832031
-1048.0234375 -266.4725646972656
-1049.762451171875 -268.0322265625
-1047.778564453125 -269.9275207519531
-1049.324462890625 -271.8976745605469
-1047.3255615234375 -273.8952941894531
-1049.2884521484375 -275.7701110839844
-1047.3048095703125 -277.76617431640625
-1049.2947998046875 -279.73876953125
-1047.2957763671875 -281.3401794433594
-1049.28662109375 -283.33367919921875
-1047.291748046875 -285.3317565917969
-1048.9990234375 -287.3310546875
-1047.000732421875 -289.32647705078125
-1045.449462890625 -291.326416015625
-1045.92724609375 -293.3156433105469
-1045.169677734375 -295.314208984375
-1043.4595947265625 -297.3094482421875
-1045.021484375 -299.305908203125
-1046.8807373046875 -301.2989807128906
-1045.4163818359375 -303.2979736328125
-1044.0093994140625 -305.2973937988281
-1042.8497314453125 -307.2971496582031
-1040.865234375 -309.2970275878906
-1038.8702392578125 -310.0346984863281
-1037.3389892578125 -309.2825622558594
-1036.0589599609375 -311.28094482421875
-1034.09130859375 -311.672607421875
-1032.6142578125 -313.267578125
-1031.0003662109375 -314.7088623046875
-1029.235107421875 -315.9372863769531
-1027.8795166015625 -314.7159423828125
-1025.9151611328125 -313.8118591308594
-1023.9656982421875 -315.420166015625
-1021.9778442382812 -316.6613464355469
-1019.9992065429688 -318.61376953125
-1018.0005493164062 -320.56475830078125
-1016.000732421875 -322.5625915527344
-1014.0009765625 -324.5604553222656
