-1075.52099609375 -153.29037475585938
-1074.4832763671875 -155.13388061523438
-1073.7431640625 -155.6707000732422
-1072.3038330078125 -154.85182189941406
-1072.95263671875 -153.181640625
-1073.632080078125 -153.54763793945312
-1074.9256591796875 -153.14634704589844
-1076.085693359375 -153.63006591796875
-1075.1207275390625 -152.27450561523438
-1076.7261962890625 -152.8597412109375
-1075.039794921875 -153.201171875
-1075.4774169921875 -153.5465545654297
-1074.1885986328125 -155.37872314453125
-1074.807373046875 -155.18238830566406
-1072.918701171875 -154.68545532226562
-1074.1761474609375 -153.98956298828125
-1073.2099609375 -155.64572143554688
-1071.447265625 -155.62062072753906
-1070.743896484375 -157.3446807861328
-1069.87109375 -156.57611083984375
-1068.6932373046875 -155.78109741210938
-1067.6011962890625 -155.54942321777344
-1065.6661376953125 -156.10382080078125
-1063.682373046875 -156.27491760253906
-1065.6820068359375 -156.7094268798828
-1063.68505859375 -154.83485412597656
-1065.6834716796875 -156.58616638183594
-1063.6873779296875 -156.7378692626953
-1065.685302734375 -158.31234741210938
-1063.6881103515625 -157.40170288085938
-1065.686767578125 -158.17953491210938
-1063.687744140625 -158.08863830566406
-1065.6866455078125 -159.4910430908203
-1063.686767578125 -160.37303161621094
-1065.6846923828125 -161.95632934570312
-1063.684814453125 -163.75851440429688
-1065.6763916015625 -165.5111083984375
-1063.6767578125 -167.3301544189453
-1065.66552734375 -169.2941436767578
-1063.880859375 -171.24847412109375
-1061.880859375 -171.7858428955078
-1063.8763427734375 -173.60482788085938
-1061.876708984375 -175.51132202148438
-1063.8642578125 -177.42787170410156
-1061.8699951171875 -179.380615234375
-1063.8695068359375 -181.3636932373047
-1065.869384765625 -183.11712646484375
-1063.8782958984375 -185.0264129638672
-1065.8751220703125 -186.90089416503906
-1063.875244140625 -186.7377471923828
-1065.8751220703125 -188.72227478027344
-1063.875244140625 -190.4645538330078
-1065.875 -192.3800506591797
-1063.8758544921875 -194.21783447265625
-1065.8756103515625 -196.17230224609375
-1063.8775634765625 -198.13548278808594
-1061.87841796875 -200.10720825195312
-1063.85888671875 -201.7348175048828
-1061.8590087890625 -203.65328979492188
-1063.8585205078125 -205.034423828125
-1061.8587646484375 -206.99136352539062
-1063.85791015625 -208.63504028320312
-1061.8580322265625 -210.45281982421875
-1062.6279296875 -212.4297637939453
-1063.8470458984375 -214.42901611328125
-1061.8477783203125 -216.4147491455078
-1060.7828369140625 -214.9572296142578
-1061.872314453125 -216.55250549316406
-1060.9375 -214.83177185058594
-1061.0665283203125 -216.46023559570312
-1060.9967041015625 -218.1172637939453
-1060.63720703125 -216.3912353515625
-1058.8304443359375 -215.0468292236328
-1056.9686279296875 -217.0380096435547
-1055.176513671875 -218.44223022460938
-1053.1768798828125 -216.56063842773438
-1051.1815185546875 -216.5836944580078
-1050.039306640625 -218.57424926757812
-1048.474365234375 -220.5685272216797
-1050.4732666015625 -222.5643768310547
-1048.4732666015625 -224.51092529296875
-1050.47314453125 -226.50833129882812
-1048.47314453125 -228.48397827148438
-1050.4713134765625 -230.47665405273438
-1048.4713134765625 -231.83653259277344
-1050.4698486328125 -233.6144561767578
-1048.469970703125 -235.21694946289062
-1050.4349365234375 -237.1911163330078
-1048.4354248046875 -238.98876953125
-1050.413330078125 -240.95562744140625
-1048.413818359375 -242.8814697265625
-1046.4166259765625 -244.86260986328125
-1048.415283203125 -246.71144104003906
-1050.4144287109375 -248.66378784179688
-1048.41455078125 -250.1751708984375
-1050.3656005859375 -251.7708740234375
-1048.36669921875 -251.55540466308594
-1050.3614501953125 -253.5497589111328
-1048.361572265625 -254.9287567138672
-1050.296875 -256.91741943359375
-1048.296875 -258.7394104003906
-1050.2935791015625 -260.66192626953125
-1048.2935791015625 -262.56048583984375
-1050.290771484375 -264.5408630371094
-1048.2908935546875 -266.3349914550781
-1050.2899169921875 -268.2200622558594
-1048.2900390625 -269.9875793457031
-1050.2833251953125 -271.89813232421875
-1048.2840576171875 -272.1607666015625
-1050.265869140625 -274.0857849121094
-1048.2659912109375 -275.25372314453125
-1050.12158203125 -277.23040771484375
-1048.12158203125 -279.0786437988281
-1050.0587158203125 -280.9028015136719
-1048.058837890625 -282.6019592285156
-1050.012451171875 -284.52630615234375
-1048.012451171875 -286.24444580078125
-1049.0853271484375 -288.2322998046875
-1047.0860595703125 -289.7605285644531
-1045.3323974609375 -291.76031494140625
-1047.2589111328125 -293.6767272949219
-1048.861083984375 -295.66583251953125
-1046.8626708984375 -296.7428283691406
-1046.6253662109375 -298.24462890625
-1044.72607421875 -300.15509033203125
-1045.4453125 -302.03094482421875
-1043.9425048828125 -304.022705078125
-1044.862548828125 -306.0186462402344
-1044.6026611328125 -308.006103515625
-1042.607666015625 -308.2060852050781
-1040.68115234375 -307.8873596191406
-1038.697998046875 -309.5859375
-1036.7095947265625 -310.8240661621094
-1034.8763427734375 -309.64129638671875
-1032.987060546875 -311.6312561035156
-1031.1898193359375 -310.0046691894531
-1029.268310546875 -311.99951171875
-1027.517822265625 -311.0579528808594
-1025.869873046875 -313.0567626953125
-1023.87744140625 -311.8912658691406
-1021.9537353515625 -313.8909606933594
-1019.9567260742188 -315.7077331542969
-1018.1360473632812 -316.8954772949219
-1016.47412109375 -318.7432556152344
-1014.4827270507812 -319.895263671875
-1012.4866333007812 -321.050048828125
