-1076.2542724609375 -153.2589111328125
-1075.130126953125 -154.5335693359375
-1074.3785400390625 -152.92910766601562
-1073.7972412109375 -152.1645965576172
-1072.144775390625 -151.18675231933594
-1074.0933837890625 -152.5238800048828
-1073.144775390625 -152.93104553222656
-1072.5762939453125 -152.26760864257812
-1073.6751708984375 -152.82589721679688
-1073.28369140625 -154.71371459960938
-1071.3319091796875 -154.0008087158203
-1071.0321044921875 -154.05433654785156
-1069.9151611328125 -154.1085968017578
-1069.2091064453125 -152.85562133789062
-1069.27685546875 -154.83383178710938
-1068.0538330078125 -153.8716583251953
-1066.0791015625 -155.64942932128906
-1064.2198486328125 -155.53147888183594
-1066.090576171875 -157.18154907226562
-1064.143310546875 -155.95315551757812
-1066.1175537109375 -157.67767333984375
-1064.9129638671875 -159.1017608642578
-1066.909423828125 -161.04661560058594
-1064.958251953125 -161.92823791503906
-1066.9561767578125 -163.89154052734375
-1064.98583984375 -164.89773559570312
-1063.0384521484375 -166.8570098876953
-1063.5894775390625 -167.72677612304688
-1064.3829345703125 -169.69569396972656
-1062.5303955078125 -171.67860412597656
-1064.407470703125 -173.62290954589844
-1062.5198974609375 -175.51451110839844
-1064.4031982421875 -177.36532592773438
-1062.5079345703125 -179.2775421142578
-1064.4375 -180.30084228515625
-1062.498779296875 -182.2003631591797
-1064.466796875 -184.1830596923828
-1066.4666748046875 -186.17007446289062
-1065.3631591796875 -188.15606689453125
-1063.6304931640625 -190.0762939453125
-1065.6302490234375 -192.05746459960938
-1063.665283203125 -193.70677185058594
-1065.664306640625 -195.46774291992188
-1063.6766357421875 -197.24868774414062
-1065.676513671875 -199.2366485595703
-1063.7191162109375 -200.92649841308594
-1061.8214111328125 -202.37933349609375
-1063.818115234375 -204.0768280029297
-1061.82275390625 -206.07080078125
-1063.821533203125 -207.9929656982422
-1062.286865234375 -208.75881958007812
-1064.2197265625 -210.7130584716797
-1062.2218017578125 -212.7096710205078
-1063.360107421875 -214.6746063232422
-1062.45947265625 -212.8804473876953
-1063.4541015625 -214.8717803955078
-1062.567626953125 -213.2843780517578
-1064.3302001953125 -215.2679901123047
-1064.3582763671875 -213.7320556640625
-1062.4151611328125 -215.71914672851562
-1061.8153076171875 -215.69923400878906
-1061.031005859375 -214.00711059570312
-1062.97509765625 -215.9978485107422
-1064.4437255859375 -214.7787628173828
-1064.273193359375 -214.55625915527344
-1062.4339599609375 -216.5467987060547
-1062.3594970703125 -216.00364685058594
-1063.7509765625 -214.66934204101562
-1061.923583984375 -212.9250946044922
-1060.242431640625 -214.9185028076172
-1059.3662109375 -213.8151397705078
-1059.3603515625 -215.80987548828125
-1059.6624755859375 -214.12619018554688
-1057.770263671875 -216.1183624267578
-1057.62353515625 -214.5859832763672
-1058.2298583984375 -216.57144165039062
-1056.5386962890625 -215.50656127929688
-1056.1441650390625 -213.96461486816406
-1057.883544921875 -215.96017456054688
-1057.483154296875 -215.735595703125
-1055.510498046875 -213.79000854492188
-1055.3865966796875 -215.78945922851562
-1056.3612060546875 -215.299560546875
-1054.4130859375 -217.290771484375
-1052.5328369140625 -217.14825439453125
-1050.574951171875 -217.4836883544922
-1052.0428466796875 -219.47210693359375
-1050.069580078125 -220.9180145263672
-1048.0845947265625 -221.61415100097656
-1050.082275390625 -223.58843994140625
-1048.087158203125 -224.8351287841797
-1050.0870361328125 -226.8319091796875
-1048.114013671875 -228.36915588378906
-1050.102783203125 -229.8094024658203
-1048.140625 -231.25381469726562
-1050.1363525390625 -233.2528533935547
-1048.1434326171875 -234.90354919433594
-1050.1376953125 -236.8706817626953
-1048.138427734375 -238.83912658691406
-1050.1380615234375 -240.8255157470703
-1048.1414794921875 -242.78729248046875
-1046.1900634765625 -244.73451232910156
-1048.185546875 -246.55755615234375
-1050.18115234375 -248.5568084716797
-1048.187744140625 -250.47438049316406
-1050.1024169921875 -252.36212158203125
-1048.10595703125 -253.7386016845703
-1050.0860595703125 -255.71844482421875
-1048.0867919921875 -257.6064147949219
-1050.085693359375 -259.5439758300781
-1048.0875244140625 -261.4776611328125
-1050.0814208984375 -263.4687805175781
-1048.0845947265625 -265.1568908691406
-1049.9517822265625 -266.8923034667969
-1047.952880859375 -268.7638244628906
-1049.9459228515625 -270.7583923339844
-1047.9461669921875 -272.6960144042969
-1049.9434814453125 -274.6919860839844
-1047.945068359375 -276.5056457519531
-1049.91357421875 -278.4768371582031
-1047.91552734375 -280.3204345703125
-1049.87548828125 -282.3139343261719
-1047.8780517578125 -284.1561584472656
-1048.79443359375 -286.1558532714844
-1046.795166015625 -287.97308349609375
-1045.9708251953125 -289.97308349609375
-1044.0484619140625 -291.9729919433594
-1045.831298828125 -293.6162414550781
-1044.6947021484375 -295.5865783691406
-1046.4747314453125 -297.5705871582031
-1048.310791015625 -299.5366516113281
-1046.3121337890625 -301.239013671875
-1047.9827880859375 -303.2370910644531
-1045.983154296875 -304.50250244140625
-1046.0709228515625 -306.50213623046875
-1044.5262451171875 -308.0423889160156
-1042.595947265625 -309.32159423828125
-1040.6683349609375 -310.8761901855469
-1038.7265625 -310.1694030761719
-1037.16943359375 -309.7213439941406
-1035.182861328125 -311.7209777832031
-1033.2740478515625 -310.4425964355469
-1031.420166015625 -312.4424133300781
-1029.6239013671875 -311.800048828125
-1027.64306640625 -313.7999572753906
-1025.7567138671875 -311.9997253417969
-1023.7978515625 -313.9996643066406
-1021.8487548828125 -312.6409606933594
-1019.8648681640625 -314.6408386230469
-1017.8719482421875 -316.640625
-1015.94482421875 -318.64056396484375
-1014.1140747070312 -317.3917236328125
-1012.1787719726562 -319.39166259765625
-1013.612060546875 -321.3911437988281
-1012.857177734375 -322.0794372558594
