-1075.433837890625 -153.27955627441406
-1073.8873291015625 -152.07968139648438
-1072.1444091796875 -152.20567321777344
-1070.5379638671875 -151.5218048095703
-1071.749267578125 -153.51531982421875
-1071.332763671875 -152.8475799560547
-1069.3768310546875 -151.04046630859375
-1070.984619140625 -153.01560974121094
-1070.0159912109375 -153.61537170410156
-1068.04248046875 -155.0900115966797
-1066.0697021484375 -156.42286682128906
-1064.166748046875 -158.3075408935547
-1066.0650634765625 -159.49330139160156
-1064.5482177734375 -161.48992919921875
-1066.5426025390625 -163.44979858398438
-1064.5556640625 -165.443359375
-1063.0145263671875 -167.4337158203125
-1064.8592529296875 -169.42681884765625
-1062.8651123046875 -171.42506408691406
-1064.548095703125 -173.41830444335938
-1062.7161865234375 -175.36766052246094
-1064.71337890625 -177.3625946044922
-1062.78955078125 -179.35731506347656
-1064.7164306640625 -181.33721923828125
-1063.1453857421875 -183.3280029296875
-1065.1387939453125 -185.3150177001953
-1063.328125 -187.31454467773438
-1065.3236083984375 -189.2745819091797
-1063.3436279296875 -191.2508087158203
-1065.340087890625 -193.2433624267578
-1063.372314453125 -195.17465209960938
-1065.3675537109375 -196.94302368164062
-1063.7059326171875 -198.9255828857422
-1063.055908203125 -200.62892150878906
-1065.0478515625 -202.2615966796875
-1063.0614013671875 -204.25331115722656
-1065.0560302734375 -206.2425994873047
-1063.0872802734375 -208.19544982910156
-1065.077392578125 -210.1762237548828
-1063.105224609375 -212.15870666503906
-1063.8636474609375 -214.10191345214844
-1061.9326171875 -216.08929443359375
-1059.9417724609375 -214.1614990234375
-1060.277587890625 -216.12020874023438
-1058.4010009765625 -215.15847778320312
-1056.7291259765625 -216.64642333984375
-1054.811279296875 -217.2379608154297
-1052.9412841796875 -218.9586639404297
-1051.184814453125 -220.9241485595703
-1049.1951904296875 -222.88868713378906
-1047.2677001953125 -224.8860626220703
-1049.2603759765625 -226.38966369628906
-1051.1307373046875 -228.05569458007812
-1049.1558837890625 -230.04913330078125
-1051.136962890625 -231.8868408203125
-1049.138427734375 -233.78256225585938
-1051.0985107421875 -235.78045654296875
-1049.188720703125 -237.66844177246094
-1047.194580078125 -239.63551330566406
-1049.1541748046875 -241.55227661132812
-1047.1689453125 -243.536376953125
-1047.896728515625 -245.11279296875
-1049.87890625 -245.91098022460938
-1047.8824462890625 -247.9021759033203
-1049.8775634765625 -249.73095703125
-1047.89990234375 -251.72415161132812
-1049.2518310546875 -253.6943817138672
-1047.254150390625 -255.59690856933594
-1049.0826416015625 -257.5199279785156
-1047.0904541015625 -259.5180969238281
-1049.046875 -261.5174560546875
-1047.050537109375 -263.4997253417969
-1048.7452392578125 -265.49951171875
-1046.760986328125 -267.47247314453125
-1048.620849609375 -269.4643859863281
-1050.6094970703125 -271.42999267578125
-1048.610107421875 -273.42572021484375
-1050.47900390625 -275.4102783203125
-1048.4796142578125 -277.3979797363281
-1050.22998046875 -279.3888244628906
-1048.2301025390625 -281.37103271484375
-1049.7362060546875 -283.3189392089844
-1047.737060546875 -285.27276611328125
-1048.62646484375 -287.2715148925781
-1046.627197265625 -289.1246337890625
-1044.7545166015625 -291.1246337890625
-1046.7216796875 -293.1103820800781
-1046.9940185546875 -294.6146240234375
-1046.67431640625 -296.5794677734375
-1047.2191162109375 -298.2479553222656
-1048.9117431640625 -299.71875
-1046.91845703125 -301.70513916015625
-1048.218994140625 -303.59063720703125
-1046.2213134765625 -305.43896484375
-1044.52001953125 -307.42724609375
-1042.529296875 -307.2557373046875
-1040.5546875 -309.25518798828125
-1038.5556640625 -311.17706298828125
-1036.5611572265625 -310.70904541015625
-1034.5615234375 -309.5226745605469
-1032.893798828125 -311.5225830078125
-1030.902099609375 -309.9009704589844
-1029.168701171875 -311.90081787109375
-1027.3582763671875 -313.89935302734375
-1025.3607177734375 -313.31658935546875
-1023.361328125 -311.6998596191406
-1021.4650268554688 -313.6993713378906
-1019.5907592773438 -315.6590576171875
-1020.05517578125 -317.65618896484375
-1018.0592041015625 -317.372314453125
-1016.0784912109375 -316.51129150390625
-1014.7820434570312 -318.4981689453125
-1015.724365234375 -320.475830078125
-1014.4656372070312 -320.4411315917969
-1013.0112915039062 -319.12060546875
-1012.5797119140625 -321.0281982421875
