-1075.3568115234375 -153.30691528320312
-1073.380126953125 -155.24420166015625
-1071.3809814453125 -156.8780975341797
-1069.385498046875 -158.8422088623047
-1067.385986328125 -160.84136962890625
-1065.3873291015625 -162.84104919433594
-1063.3873291015625 -164.8407745361328
-1064.86083984375 -166.83848571777344
-1062.8609619140625 -168.83836364746094
-1061.2061767578125 -170.83834838867188
-1061.4019775390625 -172.83700561523438
-1062.9698486328125 -174.8345947265625
-1064.9478759765625 -176.83230590820312
-1062.9483642578125 -178.832275390625
-1064.6575927734375 -180.81301879882812
-1062.6580810546875 -182.81295776367188
-1064.5765380859375 -184.78773498535156
-1066.562255859375 -186.7828369140625
-1064.5626220703125 -188.78273010253906
-1062.5830078125 -190.7826690673828
-1064.5816650390625 -192.78086853027344
-1062.58203125 -194.77984619140625
-1064.4034423828125 -196.7568817138672
-1062.4058837890625 -198.75680541992188
-1064.3780517578125 -200.70175170898438
-1062.3780517578125 -202.7016143798828
-1064.3748779296875 -204.67861938476562
-1062.375 -206.67825317382812
-1064.35595703125 -208.67308044433594
-1062.3580322265625 -210.67138671875
-1062.2301025390625 -212.6710968017578
-1060.3262939453125 -214.66944885253906
-1059.046630859375 -216.6693878173828
-1057.097412109375 -218.25064086914062
-1055.102783203125 -220.11526489257812
-1053.10302734375 -222.10829162597656
-1051.1033935546875 -224.10601806640625
-1049.104736328125 -226.10235595703125
-1051.1015625 -228.0564422607422
-1049.1458740234375 -230.05587768554688
-1051.13671875 -232.02182006835938
-1049.1376953125 -234.0084686279297
-1051.134521484375 -235.92584228515625
-1049.1429443359375 -237.92347717285156
-1047.1441650390625 -239.92279052734375
-1049.136962890625 -241.9191436767578
-1047.1383056640625 -243.91864013671875
-1049.1275634765625 -245.7871551513672
-1047.1298828125 -247.78533935546875
-1049.1282958984375 -249.39193725585938
-1051.1209716796875 -251.16635131835938
-1049.12158203125 -253.16311645507812
-1051.1212158203125 -254.6472930908203
-1049.1220703125 -256.6438903808594
-1047.122802734375 -258.6435241699219
-1049.1212158203125 -260.5706787109375
-1047.12890625 -262.5697937011719
-1049.1195068359375 -264.5238342285156
-1047.1201171875 -266.5224304199219
-1049.1197509765625 -268.42315673828125
-1051.0811767578125 -269.4992980957031
-1049.08251953125 -271.4971923828125
-1050.1123046875 -273.4665222167969
-1048.11376953125 -275.4646911621094
-1050.0067138671875 -277.3764343261719
-1048.0106201171875 -279.3666687011719
-1049.9420166015625 -281.2242126464844
-1047.9427490234375 -283.2227478027344
-1049.9212646484375 -285.2122497558594
-1047.92138671875 -287.210693359375
-1045.924560546875 -289.21002197265625
-1045.9532470703125 -291.2097473144531
-1047.725341796875 -293.2071838378906
-1045.7293701171875 -295.2023620605469
-1047.5364990234375 -297.1933898925781
-1049.47900390625 -299.1905212402344
-1047.57421875 -301.1857604980469
-1048.2979736328125 -303.1531982421875
-1046.3082275390625 -305.1217041015625
-1045.6734619140625 -307.0916748046875
-1043.6865234375 -308.9964904785156
-1041.7030029296875 -310.96002197265625
-1039.77392578125 -312.55059814453125
-1037.83154296875 -314.3432922363281
-1035.9517822265625 -314.5508728027344
-1033.98828125 -315.57403564453125
-1032.0140380859375 -316.1376953125
-1030.0343017578125 -314.4330749511719
-1028.06396484375 -314.0135803222656
-1026.0863037109375 -313.77838134765625
-1024.5120849609375 -313.31707763671875
-1022.7960815429688 -315.3160095214844
-1020.807373046875 -316.419189453125
-1018.8124389648438 -318.3207092285156
-1016.8182373046875 -320.27410888671875
-1016.2529907226562 -322.2164001464844
-1014.4100341796875 -323.6597900390625
