-1075.3651123046875 -152.8974151611328
-1073.4544677734375 -154.6446990966797
-1071.657958984375 -156.56932067871094
-1069.66650390625 -157.06787109375
-1067.714599609375 -158.10223388671875
-1065.76220703125 -159.78245544433594
-1063.8419189453125 -160.8255157470703
-1065.03466796875 -162.2703857421875
-1063.051025390625 -163.96649169921875
-1064.8055419921875 -165.40374755859375
-1062.8162841796875 -167.13330078125
-1063.8505859375 -168.81947326660156
-1061.92724609375 -170.6774444580078
-1063.2799072265625 -171.26075744628906
-1065.2159423828125 -173.04161071777344
-1063.4393310546875 -174.61480712890625
-1065.390380859375 -176.2755889892578
-1063.3946533203125 -178.04525756835938
-1065.1087646484375 -179.75466918945312
-1063.1116943359375 -180.4029541015625
-1064.994384765625 -182.23068237304688
-1062.9957275390625 -181.99803161621094
-1064.656982421875 -183.03900146484375
-1062.659423828125 -184.67222595214844
-1064.6124267578125 -186.5311279296875
-1066.5228271484375 -188.38458251953125
-1064.52587890625 -186.4861602783203
-1066.43603515625 -188.47019958496094
-1064.447265625 -187.85751342773438
-1062.458984375 -187.95339965820312
-1064.3699951171875 -189.31748962402344
-1062.3714599609375 -189.17593383789062
-1064.3363037109375 -190.91534423828125
-1062.3497314453125 -192.82167053222656
-1064.308349609375 -193.7771453857422
-1062.3096923828125 -195.66493225097656
-1064.3009033203125 -197.36746215820312
-1062.30126953125 -198.7679443359375
-1064.2742919921875 -200.50289916992188
-1062.274658203125 -202.4144287109375
-1064.267578125 -204.271484375
-1062.2684326171875 -204.7169952392578
-1063.9200439453125 -206.71231079101562
-1061.9202880859375 -208.34927368164062
-1063.90625 -209.99024963378906
-1061.9063720703125 -211.98281860351562
-1063.2518310546875 -213.83023071289062
-1061.2520751953125 -215.28404235839844
-1059.2828369140625 -215.65675354003906
-1057.5001220703125 -214.9421844482422
-1055.5299072265625 -216.8659210205078
-1053.53076171875 -218.65652465820312
-1051.531494140625 -219.30482482910156
-1049.5322265625 -220.95213317871094
-1047.532470703125 -221.4275665283203
-1049.52685546875 -222.56442260742188
-1047.534423828125 -224.47817993164062
-1049.4859619140625 -226.3738250732422
-1047.4891357421875 -228.19989013671875
-1049.488037109375 -230.13766479492188
-1047.500244140625 -232.1238555908203
-1049.467041015625 -233.9936065673828
-1047.468017578125 -235.95040893554688
-1049.455810546875 -237.90199279785156
-1047.45654296875 -239.17303466796875
-1049.44287109375 -241.10092163085938
-1047.4429931640625 -243.09332275390625
-1049.1893310546875 -244.7760467529297
-1047.1900634765625 -246.65699768066406
-1049.1826171875 -248.24708557128906
-1051.12548828125 -250.05259704589844
-1049.1256103515625 -252.02552795410156
-1051.1248779296875 -253.96957397460938
-1049.125 -254.90476989746094
-1047.1253662109375 -256.68115234375
-1049.12451171875 -258.6469421386719
-1047.125 -260.5818176269531
-1049.1175537109375 -261.6190490722656
-1047.1177978515625 -263.3178405761719
-1049.07080078125 -265.2638244628906
-1047.0712890625 -267.2335510253906
-1049.065185546875 -268.8961486816406
-1051.0509033203125 -270.8274230957031
-1049.0509033203125 -272.74810791015625
-1050.98291015625 -274.73516845703125
-1048.983642578125 -276.61419677734375
-1050.8515625 -278.4827880859375
-1048.8515625 -280.474365234375
-1050.8408203125 -282.109375
-1048.8411865234375 -284.0910949707031
-1046.8421630859375 -286.0884094238281
-1048.2244873046875 -288.0814208984375
-1046.2252197265625 -290.0699462890625
-1045.1900634765625 -291.95782470703125
-1047.084228515625 -293.560546875
-1047.0523681640625 -295.53558349609375
-1048.6392822265625 -297.45172119140625
-1046.651611328125 -299.295166015625
-1047.8651123046875 -300.8180236816406
-1048.13134765625 -302.7694396972656
-1046.1343994140625 -304.7197265625
-1047.3740234375 -306.6092529296875
-1048.5750732421875 -307.75177001953125
-1047.9683837890625 -309.27880859375
-1046.9058837890625 -310.9525451660156
-1047.6204833984375 -312.5060119628906
-1045.64794921875 -314.2063903808594
-1043.7021484375 -313.0512390136719
-1042.00732421875 -314.1208190917969
-1040.11474609375 -313.1399841308594
-1039.05517578125 -312.8326416015625
-1039.4964599609375 -312.46246337890625
-1037.663818359375 -311.5914306640625
-1036.917236328125 -312.8819274902344
-1036.2840576171875 -314.009765625
-1034.36962890625 -314.2923889160156
-1033.128662109375 -315.1031494140625
-1031.5589599609375 -315.07122802734375
-1029.5828857421875 -313.12188720703125
-1027.736083984375 -313.399658203125
-1026.6495361328125 -311.9153137207031
-1024.6839599609375 -313.8790588378906
-1022.7802734375 -315.6114196777344
-1020.993408203125 -317.1953125
-1019.0327758789062 -318.8097839355469
-1017.0853881835938 -320.5796203613281
-1015.359375 -321.8394775390625
-1013.400146484375 -323.77752685546875
