-1048.1185302734375 -307.4964294433594
-1046.1624755859375 -305.49749755859375
-1045.5078125 -305.92059326171875
-1043.625 -307.0419616699219
-1041.634033203125 -308.7289733886719
-1039.9306640625 -306.7315368652344
-1037.989501953125 -308.6795959472656
-1036.0205078125 -310.6634521484375
-1034.34375 -308.6778869628906
-1032.9376220703125 -310.65472412109375
-1030.98193359375 -312.591064453125
-1029.979736328125 -310.6318664550781
-1027.983154296875 -312.6213073730469
-1026.0169677734375 -310.6371765136719
-1024.210693359375 -312.626953125
-1022.2114868164062 -314.58880615234375
-1020.2251586914062 -312.6466979980469
-1018.2457275390625 -314.6377868652344
-1016.2484741210938 -316.62322998046875
-1014.253662109375 -318.61761474609375
-1012.4055786132812 -316.6180419921875
-1010.4503784179688 -314.62115478515625
-1009.293701171875 -312.70745849609375
-1007.2943725585938 -314.6950378417969
-1006.191162109375 -312.91400146484375
-1004.2404174804688 -310.91815185546875
-1002.4151000976562 -312.81646728515625
-1002.096923828125 -310.8311462402344
-1000.2688598632812 -312.6291809082031
-998.5850219726562 -310.6566162109375
-996.9548950195312 -312.6514587402344
-996.9468383789062 -314.6248779296875
-997.7669067382812 -312.7655029296875
-996.1600341796875 -314.2658996582031
-994.2631225585938 -312.29473876953125
-993.3861083984375 -313.693115234375
-992.67236328125 -315.6380310058594
-990.6749267578125 -313.6891174316406
-988.732666015625 -315.5549621582031
-986.8003540039062 -313.6941223144531
-985.07763671875 -315.6695861816406
-983.1448974609375 -313.6885681152344
-982.75830078125 -315.56396484375
-981.6906127929688 -313.6201477050781
-979.9175415039062 -315.46185302734375
-978.0252685546875 -313.4712219238281
-976.0487060546875 -315.0184631347656
-974.0527954101562 -313.0378723144531
-972.1296997070312 -314.98651123046875
-970.136962890625 -313.0339660644531
-968.1904296875 -314.9051818847656
-966.6525268554688 -313.3032531738281
-964.7855224609375 -315.16162109375
-963.1378173828125 -313.1858825683594
-961.1441040039062 -313.76715087890625
-959.147216796875 -315.52777099609375
-957.2299194335938 -313.8004150390625
-955.2325439453125 -312.9992370605469
-953.2343139648438 -311.5060729980469
-951.2427978515625 -309.585205078125
-949.2504272460938 -307.6086120605469
-947.3369140625 -305.6532287597656
-949.3167114257812 -303.65325927734375
-947.3486328125 -301.7856750488281
-949.3469848632812 -299.7856750488281
-947.349609375 -297.7931213378906
-949.3245849609375 -295.7931213378906
-947.3353881835938 -293.8751220703125
-949.3075561523438 -291.87518310546875
-947.3280639648438 -289.8871765136719
-949.3192138671875 -287.8871765136719
-947.8531494140625 -285.94134521484375
-945.8561401367188 -283.95794677734375
-947.852783203125 -281.95794677734375
-945.8562622070312 -280.17022705078125
-947.849365234375 -278.17022705078125
-946.0046997070312 -276.2008056640625
-947.99755859375 -274.2008056640625
-946.1328735351562 -272.2401428222656
-948.1299438476562 -270.24017333984375
-946.1345825195312 -268.3681640625
-948.1341552734375 -266.36822509765625
-946.13720703125 -264.4666442871094
-948.1363525390625 -262.4666442871094
-946.1490478515625 -260.5704650878906
-948.1347045898438 -258.57049560546875
-946.1376953125 -256.9990539550781
-948.1229858398438 -254.9990692138672
-946.1236572265625 -253.00360107421875
-948.1156616210938 -251.00360107421875
-946.136962890625 -249.139404296875
-948.1356201171875 -247.139404296875
-946.1365966796875 -245.17630004882812
-948.1025390625 -243.1763153076172
-946.1080932617188 -241.33787536621094
-948.0831298828125 -239.337890625
-946.0997924804688 -237.873046875
-948.0907592773438 -235.873046875
-946.0948486328125 -234.2381134033203
-948.0909423828125 -232.23812866210938
-946.14501953125 -230.2762451171875
-948.1382446289062 -228.27626037597656
-946.16943359375 -226.39456176757812
-948.1567993164062 -224.39462280273438
-946.1617431640625 -222.44020080566406
-948.134765625 -220.44021606445312
-950.1036987304688 -218.4402313232422
-948.1107788085938 -217.6616668701172
-950.099853515625 -215.6616668701172
-949.2761840820312 -214.5499267578125
-951.2274169921875 -212.5499267578125
-949.5382080078125 -214.3677215576172
-950.7632446289062 -212.3677215576172
-948.773681640625 -214.29039001464844
-950.5678100585938 -212.2904052734375
-948.6136474609375 -214.04214477539062
-950.548095703125 -212.04214477539062
-948.5609741210938 -212.3792724609375
-950.2998657226562 -210.37930297851562
-948.3452758789062 -212.20294189453125
-950.2960815429688 -210.2029571533203
-948.3106079101562 -211.44703674316406
-948.18310546875 -209.44703674316406
-949.933349609375 -207.44703674316406
-948.7864379882812 -206.04086303710938
-950.7744750976562 -204.04086303710938
-948.8243408203125 -204.1826934814453
-946.8489379882812 -205.09036254882812
-948.6441650390625 -203.0903778076172
-946.9695434570312 -203.8240509033203
-948.79931640625 -201.82406616210938
-946.8046875 -201.667724609375
-946.6338500976562 -199.66773986816406
-948.6102905273438 -197.66778564453125
-946.6405639648438 -196.5601348876953
-948.5535888671875 -194.56019592285156
-946.591552734375 -192.71047973632812
-945.9541625976562 -190.7105712890625
-945.6009521484375 -188.71116638183594
-946.9337158203125 -186.71116638183594
-947.004638671875 -184.711181640625
-945.408935546875 -182.71119689941406
-944.423095703125 -180.71144104003906
-942.5247802734375 -178.7117462158203
-943.5437622070312 -176.71177673339844
-945.4678344726562 -174.71177673339844
-946.0435180664062 -172.71206665039062
-944.696044921875 -170.7122802734375
-943.5256958007812 -168.71240234375
-942.0713500976562 -166.71241760253906
-940.1260375976562 -164.7130889892578
-940.3069458007812 -162.71356201171875
-941.5789794921875 -160.714111328125
-939.9342041015625 -158.72462463378906
-940.2886352539062 -156.7259979248047
-938.8094482421875 -154.72740173339844
-940.113525390625 -152.72760009765625
-941.3853759765625 -150.72926330566406
-939.3959350585938 -148.73634338378906
-941.30517578125 -146.74481201171875
-939.7289428710938 -144.74655151367188
