-1048.054931640625 -307.4859619140625
-1046.055419921875 -305.48626708984375
-1047.6875 -305.7852783203125
-1045.693115234375 -303.8362731933594
-1047.649658203125 -301.8456726074219
-1049.42919921875 -299.9054260253906
-1047.429443359375 -297.9124450683594
-1048.6082763671875 -295.9131774902344
-1046.6103515625 -294.0558776855469
-1047.4189453125 -292.0576171875
-1045.4281005859375 -293.48406982421875
-1047.397216796875 -291.4907531738281
-1045.4095458984375 -290.4078369140625
-1045.6578369140625 -288.4143371582031
-1047.576904296875 -287.47772216796875
-1048.9754638671875 -286.0312194824219
-1046.989990234375 -284.2983093261719
-1048.98486328125 -284.1986083984375
-1046.98486328125 -282.20172119140625
-1047.28857421875 -280.21661376953125
-1048.6588134765625 -278.22222900390625
-1050.5546875 -276.2227783203125
-1048.5552978515625 -274.28662109375
-1047.7841796875 -272.2868347167969
-1048.811767578125 -270.28839111328125
-1050.165283203125 -268.29046630859375
-1048.1724853515625 -267.1324462890625
-1047.3739013671875 -265.1328430175781
-1045.4293212890625 -263.1330871582031
-1046.8133544921875 -261.9791259765625
-1048.4364013671875 -260.0140075683594
-1050.20556640625 -258.04840087890625
-1048.242919921875 -256.81524658203125
-1049.2548828125 -254.81539916992188
-1047.2567138671875 -252.8271942138672
-1049.1375732421875 -251.3117218017578
-1050.29638671875 -249.31231689453125
-1048.3004150390625 -247.75558471679688
-1050.140869140625 -245.75669860839844
-1048.15087890625 -245.84506225585938
-1046.508544921875 -243.8450927734375
-1044.5960693359375 -241.84939575195312
-1046.155517578125 -243.56027221679688
-1044.1710205078125 -241.56051635742188
-1046.12451171875 -243.14633178710938
-1044.124755859375 -241.14736938476562
-1046.1192626953125 -242.57852172851562
-1044.15087890625 -240.578857421875
-1046.0101318359375 -241.37782287597656
-1047.7030029296875 -239.54771423339844
-1047.277099609375 -237.83438110351562
-1049.1363525390625 -236.06459045410156
-1047.136962890625 -234.18218994140625
-1049.1019287109375 -232.38511657714844
-1049.2083740234375 -230.39739990234375
-1050.6865234375 -228.400390625
-1048.8157958984375 -226.43209838867188
-1047.793701171875 -224.4326171875
-1047.8824462890625 -222.46087646484375
-1049.6358642578125 -220.46240234375
-1047.6358642578125 -218.47865295410156
-1045.64111328125 -220.46556091308594
-1043.6754150390625 -218.4659423828125
-1041.688232421875 -216.4660186767578
-1039.88818359375 -218.4660186767578
-1037.8896484375 -216.46621704101562
-1035.92236328125 -214.4666290283203
-1036.3370361328125 -216.2323760986328
-1034.3377685546875 -214.2324981689453
-1033.632080078125 -216.2220916748047
-1031.6334228515625 -214.2222442626953
-1029.8238525390625 -216.21763610839844
-1027.8240966796875 -214.21766662597656
-1025.8642578125 -216.2086181640625
-1023.8643188476562 -214.20863342285156
-1022.1708984375 -216.20277404785156
-1020.1709594726562 -214.20277404785156
-1018.1842041015625 -216.1863555908203
-1016.1842651367188 -214.18641662597656
-1014.1851806640625 -212.18643188476562
-1012.20166015625 -213.86599731445312
-1010.2021484375 -211.86610412597656
-1011.598876953125 -213.44659423828125
-1009.5994262695312 -211.4466094970703
-1011.0812377929688 -213.33108520507812
-1012.7744140625 -215.2810516357422
-1010.7745361328125 -213.2812042236328
-1009.869873046875 -215.2438201904297
-1007.8699951171875 -213.2438201904297
-1007.7505493164062 -215.22900390625
-1005.7506103515625 -213.22900390625
-1006.83642578125 -215.2168426513672
-1004.83642578125 -213.21685791015625
-1004.3076171875 -215.14834594726562
-1002.3076782226562 -213.14834594726562
-1000.432861328125 -214.6306915283203
-998.8580932617188 -216.61407470703125
-996.858154296875 -214.61410522460938
-994.8772583007812 -216.16555786132812
-992.8773193359375 -214.1655731201172
-991.1400146484375 -216.07217407226562
-989.1400756835938 -214.0721893310547
-990.6136474609375 -216.00132751464844
-988.64111328125 -214.00132751464844
-987.6926879882812 -215.9464874267578
-985.6926879882812 -213.9464874267578
-983.8704833984375 -215.93865966796875
-982.0599975585938 -217.84173583984375
-980.060302734375 -215.84176635742188
-978.828857421875 -217.82943725585938
-976.8289184570312 -215.82948303222656
-974.831787109375 -217.70521545410156
-972.831787109375 -215.70523071289062
-971.0725708007812 -214.6151123046875
-969.0740356445312 -215.74057006835938
-967.0740356445312 -213.74057006835938
-965.0740966796875 -212.54771423339844
-963.08056640625 -214.37030029296875
-961.0947875976562 -214.61016845703125
-959.1109008789062 -212.64617919921875
-957.1116333007812 -211.25782775878906
-955.1126708984375 -209.2610321044922
-953.1126708984375 -207.2644500732422
-951.1126708984375 -205.26576232910156
-949.1126708984375 -203.267333984375
-947.1126708984375 -201.26742553710938
-945.5170288085938 -199.27548217773438
-943.5407104492188 -197.2755126953125
-942.083251953125 -195.27554321289062
-940.1021728515625 -193.2755584716797
-938.2173461914062 -191.27557373046875
-936.3273315429688 -189.27557373046875
-937.0790405273438 -187.27572631835938
-938.2704467773438 -185.27601623535156
-938.7105712890625 -183.2760467529297
-936.7781372070312 -181.2760467529297
-938.2423095703125 -179.27613830566406
-938.837158203125 -177.27618408203125
-936.914794921875 -175.2761993408203
-936.067138671875 -173.27622985839844
-934.333984375 -171.27635192871094
-935.7055053710938 -169.27911376953125
-935.57861328125 -167.27923583984375
-934.7271118164062 -165.27940368652344
-936.5389404296875 -163.27989196777344
-935.4458618164062 -161.28025817871094
-933.7098388671875 -159.28028869628906
-931.7654418945312 -157.2803955078125
-930.4895629882812 -155.28196716308594
-929.1658325195312 -153.2825469970703
