-1051.6917724609375 -307.6115417480469
-1049.709228515625 -305.6824951171875
-1047.7288818359375 -303.9779968261719
-1045.740966796875 -302.01318359375
-1047.7099609375 -300.0414733886719
-1049.6939697265625 -298.0686950683594
-1047.7279052734375 -296.0968017578125
-1049.7169189453125 -294.1546936035156
-1047.7841796875 -292.8208923339844
-1045.9588623046875 -291.11444091796875
-1047.72314453125 -289.1299743652344
-1045.9298095703125 -287.87945556640625
-1047.3956298828125 -288.0127258300781
-1046.5506591796875 -286.8797607421875
-1048.2420654296875 -287.18658447265625
-1046.2879638671875 -286.838623046875
-1048.2486572265625 -288.0977478027344
-1046.2548828125 -286.5729675292969
-1048.1846923828125 -288.3223876953125
-1046.244873046875 -287.93719482421875
-1046.9884033203125 -286.72271728515625
-1048.8363037109375 -286.9939880371094
-1046.89892578125 -285.9932861328125
-1048.8702392578125 -285.16497802734375
-1046.8935546875 -284.2134704589844
-1048.424072265625 -282.6483154296875
-1050.362060546875 -280.81622314453125
-1048.3865966796875 -278.8446044921875
-1050.18115234375 -277.2895812988281
-1048.3582763671875 -276.16241455078125
-1050.3414306640625 -274.1959533691406
-1048.46435546875 -272.4732360839844
-1050.2421875 -271.1260070800781
-1048.670654296875 -269.7689514160156
-1050.2921142578125 -267.7826232910156
-1048.3131103515625 -265.8255615234375
-1049.8839111328125 -263.9269714355469
-1048.17333984375 -262.2223205566406
-1049.9781494140625 -261.4742126464844
-1048.023681640625 -259.9927978515625
-1050.0140380859375 -258.447509765625
-1048.0482177734375 -256.640869140625
-1050.036865234375 -254.68896484375
-1048.3057861328125 -253.1124267578125
-1050.1298828125 -251.4521942138672
-1049.3614501953125 -249.95046997070312
-1051.3232421875 -247.9746551513672
-1049.5250244140625 -247.8480224609375
-1049.265869140625 -246.3452911376953
-1047.349609375 -244.47073364257812
-1048.941650390625 -242.48403930664062
-1049.0289306640625 -241.95993041992188
-1047.0694580078125 -240.13400268554688
-1048.9385986328125 -240.96725463867188
-1046.94580078125 -239.3175506591797
-1048.628173828125 -238.21583557128906
-1050.5579833984375 -236.6114044189453
-1048.6026611328125 -235.43551635742188
-1050.586181640625 -234.1512908935547
-1048.6943359375 -232.39990234375
-1050.6773681640625 -230.5164337158203
-1048.853759765625 -231.1046905517578
-1050.741455078125 -230.8924560546875
-1048.7889404296875 -231.5131378173828
-1050.3756103515625 -229.9806671142578
-1048.397705078125 -229.29531860351562
-1050.3685302734375 -227.5153350830078
-1049.6265869140625 -227.31002807617188
-1047.8973388671875 -225.6595001220703
-1049.853759765625 -224.12904357910156
-1048.01318359375 -222.5798797607422
-1049.927734375 -221.2333221435547
-1048.047607421875 -220.2965850830078
-1049.9642333984375 -218.34133911132812
-1049.047119140625 -219.84646606445312
-1048.1766357421875 -219.46218872070312
-1046.2049560546875 -221.13748168945312
-1048.159912109375 -219.74484252929688
-1050.1507568359375 -217.8163604736328
-1048.64697265625 -218.8036651611328
-1046.7132568359375 -220.67835998535156
-1048.6669921875 -219.09349060058594
-1046.865966796875 -220.83604431152344
-1048.859619140625 -218.98045349121094
-1046.9676513671875 -220.7411651611328
-1048.8817138671875 -221.38577270507812
-1046.988525390625 -222.33175659179688
-1048.869140625 -220.59149169921875
-1046.9366455078125 -220.28750610351562
-1048.6883544921875 -218.3668212890625
-1046.9324951171875 -220.3141326904297
-1048.9188232421875 -218.49464416503906
-1047.0975341796875 -220.47506713867188
-1049.0748291015625 -218.79884338378906
-1047.1004638671875 -220.2433319091797
-1046.4716796875 -218.3794403076172
-1044.9254150390625 -220.04518127441406
-1045.6619873046875 -218.24777221679688
-1046.69140625 -216.45240783691406
-1044.7276611328125 -218.22915649414062
-1043.4541015625 -216.29380798339844
-1041.5513916015625 -218.28204345703125
-1040.0782470703125 -217.06130981445312
-1039.15380859375 -215.314697265625
-1037.489501953125 -217.20115661621094
-1035.9158935546875 -215.5011444091797
-1034.393798828125 -213.55128479003906
-1034.749755859375 -215.40744018554688
-1032.9248046875 -213.61328125
-1032.119140625 -215.49620056152344
-1030.2052001953125 -213.82276916503906
-1029.7401123046875 -215.47006225585938
-1027.81494140625 -213.64501953125
-1028.4248046875 -215.48777770996094
-1027.32861328125 -217.44235229492188
-1025.586181640625 -215.51528930664062
-1023.5960693359375 -213.5273895263672
-1023.2489624023438 -215.404541015625
-1021.8063354492188 -213.76455688476562
-1020.010498046875 -215.6350555419922
-1018.0724487304688 -213.6546630859375
-1016.167236328125 -215.34132385253906
-1015.8248901367188 -213.87435913085938
-1014.7527465820312 -212.29153442382812
-1012.75390625 -214.1768798828125
-1010.9669189453125 -212.5465087890625
-1010.6610717773438 -214.1209259033203
-1008.7512817382812 -212.1581268310547
-1008.5733642578125 -214.06163024902344
-1009.8651733398438 -216.05137634277344
-1010.4404907226562 -214.32725524902344
-1009.647705078125 -212.4761505126953
-1009.7839965820312 -214.4232177734375
-1007.8025512695312 -212.43081665039062
-1006.9537353515625 -214.32479858398438
-1005.3086547851562 -215.9273223876953
-1003.5941162109375 -213.95770263671875
-1001.6437377929688 -215.76318359375
-999.646240234375 -214.43084716796875
-998.0796508789062 -216.2117462158203
-996.1135864257812 -214.22137451171875
-994.3096923828125 -216.00802612304688
-992.3698120117188 -214.09239196777344
-990.482177734375 -216.04360961914062
-988.5235595703125 -214.11199951171875
-987.3401489257812 -216.0952911376953
-988.5390625 -214.55154418945312
-987.542236328125 -215.968505859375
-985.6585693359375 -214.03102111816406
-984.2216796875 -215.7625274658203
-982.5737915039062 -217.57192993164062
-981.0916137695312 -215.6174774169922
-980.3757934570312 -217.32470703125
-980.1201171875 -215.355224609375
-979.1693115234375 -217.15267944335938
-977.1893920898438 -215.16470336914062
-975.6552124023438 -217.04371643066406
-975.4338989257812 -215.31640625
-973.4703369140625 -217.19906616210938
-971.5289306640625 -215.2454071044922
-969.5328979492188 -217.1485595703125
-968.5538330078125 -215.1517333984375
-966.6821899414062 -216.44241333007812
-964.9389038085938 -214.4697265625
-962.9506225585938 -213.4618682861328
-960.9862060546875 -212.92726135253906
-959.0073852539062 -211.53485107421875
-957.00927734375 -210.7549285888672
-955.0101318359375 -209.18182373046875
-953.01025390625 -207.75112915039062
-951.0103759765625 -206.1949920654297
-949.0104370117188 -204.26560974121094
-947.0108032226562 -202.44583129882812
-945.0314331054688 -200.5192413330078
-943.3146362304688 -198.5234375
-941.3602294921875 -196.55618286132812
-939.4862670898438 -194.56785583496094
-939.4347534179688 -192.83349609375
-937.4951171875 -190.85739135742188
-935.7959594726562 -188.93905639648438
-935.9264526367188 -186.95465087890625
-936.5739135742188 -185.01449584960938
-934.6619262695312 -183.3036346435547
-935.0913696289062 -181.33013916015625
-933.43896484375 -179.33628845214844
-932.8125 -177.3476104736328
-930.9449462890625 -175.40846252441406
-931.0805053710938 -173.4771728515625
-929.1710205078125 -172.1681365966797
-928.0451049804688 -170.43899536132812
-929.8765258789062 -168.63626098632812
-928.8162841796875 -166.82302856445312
-929.08154296875 -164.88546752929688
-929.6451416015625 -163.50328063964844
-929.788330078125 -161.67935180664062
-928.1207275390625 -162.7090606689453
-928.0841064453125 -160.8561248779297
-928.8916625976562 -159.32008361816406
-929.0209350585938 -158.4480438232422
-927.9574584960938 -156.82481384277344
-927.591552734375 -155.5453643798828
-928.173828125 -154.25794982910156
