-1048.1094970703125 -307.4906005859375
-1046.1103515625 -305.4932556152344
-1047.732177734375 -303.50738525390625
-1046.0408935546875 -301.5202941894531
-1047.9326171875 -299.5234375
-1047.6483154296875 -297.5254821777344
-1046.8759765625 -295.5397033691406
-1048.1851806640625 -293.63201904296875
-1046.2022705078125 -294.4159851074219
-1047.320068359375 -292.4180908203125
-1045.884033203125 -290.4190979003906
-1047.5050048828125 -288.4192199707031
-1049.36181640625 -286.4464111328125
-1047.415771484375 -284.6676330566406
-1049.2401123046875 -282.8235168457031
-1048.453857421875 -280.8555603027344
-1050.4390869140625 -278.8926696777344
-1048.7698974609375 -276.9206848144531
-1048.2288818359375 -274.9396057128906
-1047.6368408203125 -272.9422302246094
-1046.109375 -270.9508056640625
-1046.1771240234375 -269.003662109375
-1046.1378173828125 -267.01177978515625
-1045.0477294921875 -265.0257873535156
-1043.0826416015625 -263.0286865234375
-1044.9200439453125 -263.1678161621094
-1046.9041748046875 -261.3043518066406
-1046.8912353515625 -259.34844970703125
-1047.2080078125 -257.40911865234375
-1048.187255859375 -255.44287109375
-1048.8846435546875 -253.94325256347656
-1050.1873779296875 -251.95188903808594
-1048.24853515625 -249.95907592773438
-1048.0020751953125 -247.9624481201172
-1048.400146484375 -246.03944396972656
-1048.7620849609375 -244.09767150878906
-1046.766357421875 -242.14732360839844
-1047.82275390625 -240.5192108154297
-1049.7547607421875 -238.56936645507812
-1048.2039794921875 -236.76210021972656
-1049.9715576171875 -235.88430786132812
-1048.132080078125 -235.8134307861328
-1049.96435546875 -233.93832397460938
-1048.2950439453125 -232.79322814941406
-1049.9061279296875 -230.8461151123047
-1047.9256591796875 -229.32705688476562
-1046.8973388671875 -227.32992553710938
-1045.047607421875 -225.33262634277344
-1046.716064453125 -223.36199951171875
-1046.529541015625 -221.55372619628906
-1044.634521484375 -219.58229064941406
-1042.6917724609375 -217.58822631835938
-1040.7840576171875 -215.5951385498047
-1039.254638671875 -217.53219604492188
-1037.2548828125 -215.70301818847656
-1035.2569580078125 -213.7113494873047
-1035.4261474609375 -215.64564514160156
-1033.4276123046875 -213.64617919921875
-1032.716796875 -215.49325561523438
-1030.7169189453125 -213.49874877929688
-1032.3673095703125 -215.4438934326172
-1032.8699951171875 -217.41978454589844
-1030.8702392578125 -215.42115783691406
-1028.8988037109375 -217.41641235351562
-1026.89990234375 -215.41989135742188
-1024.9530029296875 -217.40847778320312
-1022.9551391601562 -215.4114227294922
-1020.95556640625 -213.413330078125
-1018.9630126953125 -215.37506103515625
-1016.9742431640625 -213.377197265625
-1016.2725219726562 -215.3762664794922
-1014.2764282226562 -213.37982177734375
-1012.2776489257812 -211.38523864746094
-1011.51318359375 -212.67430114746094
-1009.5912475585938 -214.50303649902344
-1007.5914306640625 -212.50367736816406
-1008.8197631835938 -214.46224975585938
-1006.8201904296875 -212.4656524658203
-1004.996337890625 -214.4558868408203
-1003.0591430664062 -216.454345703125
-1001.0687255859375 -214.45494079589844
-999.4998168945312 -216.4510955810547
-997.5208129882812 -214.4547119140625
-995.6887817382812 -216.4361114501953
-993.68994140625 -214.4373779296875
-991.8143310546875 -216.43716430664062
-989.8153686523438 -214.4680633544922
-988.0291748046875 -216.4639434814453
-986.0297241210938 -214.4644317626953
-984.0903930664062 -216.46376037597656
-982.0985107421875 -214.46417236328125
-982.4654541015625 -216.46388244628906
-980.546142578125 -218.46275329589844
-978.554931640625 -216.46327209472656
-976.6423950195312 -218.46299743652344
-974.682861328125 -216.4651336669922
-972.6882934570312 -214.46527099609375
-970.7032470703125 -216.4615478515625
-968.7418212890625 -214.46983337402344
-966.7430419921875 -216.46946716308594
-964.8080444335938 -214.47291564941406
-962.817138671875 -216.4728240966797
-961.0922241210938 -214.49612426757812
-959.099853515625 -216.48016357421875
-957.1010131835938 -214.48150634765625
-955.1025390625 -216.47735595703125
-953.109130859375 -214.4774169921875
-951.126708984375 -216.4737548828125
-949.127685546875 -214.47532653808594
-947.1285400390625 -212.49932861328125
-945.1294555664062 -210.50299072265625
-943.236572265625 -208.52362060546875
-942.5092163085938 -206.54849243164062
-940.6383666992188 -204.63113403320312
-938.7093505859375 -202.6332550048828
-940.0236206054688 -200.64613342285156
-938.8043212890625 -198.65966796875
-937.2957763671875 -197.25001525878906
-939.022705078125 -195.25057983398438
-937.1105346679688 -193.25242614746094
-938.5401611328125 -191.29257202148438
-936.5586547851562 -189.46348571777344
-937.3744506835938 -187.50079345703125
-938.3992309570312 -185.6190948486328
-936.991455078125 -183.63523864746094
-936.0574951171875 -181.639404296875
-936.0028076171875 -179.6710968017578
-935.6719360351562 -177.9674835205078
-936.7049560546875 -176.09625244140625
-935.80126953125 -174.21652221679688
-934.065673828125 -172.83477783203125
-932.90478515625 -171.07749938964844
-933.8665771484375 -169.09983825683594
-933.0333251953125 -167.36436462402344
-932.3013305664062 -165.55197143554688
-931.6281127929688 -164.37477111816406
-931.7236938476562 -162.5438995361328
-929.9533081054688 -162.08596801757812
-931.8798217773438 -161.4979705810547
-933.1732788085938 -159.80274963378906
-933.0371704101562 -158.11380004882812
-933.079833984375 -158.34872436523438
-931.5765380859375 -156.85951232910156
-933.043701171875 -156.15843200683594
-931.0482177734375 -155.2610626220703
-929.3349609375 -154.8423614501953
-930.2719116210938 -153.66334533691406
