-978.3901977539062 -395.1055908203125
-976.5910034179688 -397.0750427246094
-974.6013793945312 -395.09600830078125
-972.9439697265625 -397.095703125
-970.9442138671875 -395.0968322753906
-968.9645385742188 -397.0008239746094
-966.9674682617188 -395.0073547363281
-965.0675659179688 -397.0045166015625
-963.0740356445312 -395.15234375
-961.0741577148438 -397.1349182128906
-959.0769653320312 -395.1369323730469
-957.0777587890625 -396.7108154296875
-955.0778198242188 -394.74688720703125
-953.0778198242188 -393.3609313964844
-951.077880859375 -391.4858703613281
-949.077880859375 -389.539794921875
-947.077880859375 -388.9167785644531
-945.1294555664062 -390.55120849609375
-943.4041137695312 -390.9756164550781
-941.4319458007812 -392.9498596191406
-939.4500732421875 -394.8345947265625
-937.5241088867188 -396.7660217285156
-938.7526245117188 -398.715087890625
-936.7749633789062 -396.7256164550781
-935.5126342773438 -398.6626281738281
-933.6974487304688 -396.85687255859375
-933.2218017578125 -398.8246154785156
-931.258544921875 -396.8672790527344
-931.8031616210938 -398.8572998046875
-929.8851318359375 -396.8676452636719
-928.4450073242188 -397.5243225097656
-926.4842529296875 -395.52447509765625
-924.504150390625 -397.47955322265625
-922.5100708007812 -395.4807434082031
-920.5117797851562 -397.47137451171875
-918.5595092773438 -395.4787902832031
-916.572998046875 -397.4712219238281
-914.5780029296875 -395.739013671875
-912.9638671875 -397.72235107421875
-910.9669799804688 -395.73663330078125
-908.9892578125 -397.6916198730469
-907.0022583007812 -395.69970703125
-905.00830078125 -397.4952392578125
-903.0108642578125 -395.4972839355469
-901.0282592773438 -397.3743591308594
-899.0286865234375 -395.3886413574219
-897.0309448242188 -397.3787536621094
-895.6233520507812 -395.3831787109375
-893.6430053710938 -397.3238830566406
-891.6624145507812 -395.33447265625
-889.6641235351562 -393.3468322753906
-887.6870727539062 -395.1955261230469
-885.6882934570312 -393.1994323730469
-883.6904907226562 -391.1995544433594
-882.3045654296875 -391.7452697753906
-881.330078125 -393.4801940917969
-879.3525390625 -395.2799987792969
-877.3536376953125 -393.2801513671875
-875.35791015625 -395.0033874511719
-873.3638916015625 -396.7439880371094
-871.3640747070312 -394.744140625
-869.3675537109375 -396.7060241699219
-867.3685302734375 -394.70660400390625
-865.3706665039062 -394.1951904296875
-863.400146484375 -395.20361328125
-861.4005737304688 -395.57763671875
-859.400634765625 -397.0042419433594
-857.4014892578125 -395.0043640136719
-855.4015502929688 -396.8068542480469
-853.403076171875 -394.81915283203125
-851.41015625 -394.55181884765625
-849.4200439453125 -394.9129333496094
-847.4257202148438 -395.81390380859375
-845.4259643554688 -396.7323303222656
-843.4259643554688 -397.395751953125
-841.436279296875 -395.39581298828125
-839.43701171875 -396.8371887207031
-837.4370727539062 -398.1907043457031
-835.4370727539062 -396.1907653808594
-833.4371337890625 -397.9035949707031
-831.4545288085938 -395.90380859375
-829.4546508789062 -395.7350769042969
-827.4547119140625 -397.5828857421875
-825.4560546875 -395.5828857421875
-823.4567260742188 -393.5831298828125
-821.4567260742188 -391.5834655761719
-820.1923828125 -393.4660339355469
-820.1817016601562 -393.0845642089844
-819.8084716796875 -394.82879638671875
-817.80859375 -392.828857421875
-816.4694213867188 -394.7547912597656
-814.4765014648438 -396.6689147949219
-812.478759765625 -395.42230224609375
-810.4791870117188 -395.9383850097656
-808.4793090820312 -395.87890625
-806.4793090820312 -395.66558837890625
-804.4795532226562 -396.2508239746094
-802.47998046875 -395.25732421875
