-978.3776245117188 -395.0498352050781
-976.3776245117188 -397.0471496582031
-974.3776245117188 -395.04742431640625
-972.3776245117188 -397.02301025390625
-970.3776245117188 -395.0230407714844
-968.3776245117188 -397.0084228515625
-966.3778076171875 -395.008544921875
-964.3778076171875 -397.0077819824219
-962.3778686523438 -395.0078430175781
-960.3784790039062 -396.9458312988281
-958.3785400390625 -394.9511413574219
-956.3785400390625 -396.7790222167969
-954.3788452148438 -394.7847595214844
-952.3788452148438 -395.363525390625
-950.403076171875 -393.3646240234375
-948.4034423828125 -391.7335205078125
-946.4056396484375 -389.8609924316406
-944.4058227539062 -387.95782470703125
-942.40966796875 -385.9850158691406
-940.4097290039062 -384.0865783691406
-938.4102172851562 -382.1271667480469
-936.4102172851562 -380.1990966796875
-934.410400390625 -378.28497314453125
-932.4105224609375 -376.3013610839844
-930.4111938476562 -374.71282958984375
-928.4112548828125 -373.3941955566406
-926.4112548828125 -371.6644287109375
-924.4112548828125 -369.74951171875
-922.4112548828125 -371.7325744628906
-920.4112548828125 -369.7358093261719
-918.4112548828125 -371.55548095703125
-916.4112548828125 -369.559814453125
-914.4112548828125 -371.44873046875
-912.4112548828125 -369.451171875
-910.4112548828125 -371.3955993652344
-908.4112548828125 -369.4110107421875
-906.4113159179688 -371.3277893066406
-904.4113159179688 -369.32867431640625
-902.4116821289062 -371.3045959472656
-900.4116821289062 -369.3046569824219
-898.4124145507812 -371.2491760253906
-896.4124755859375 -369.2493896484375
-894.4124755859375 -367.24945068359375
-892.4125366210938 -368.776123046875
-890.4125366210938 -370.6612243652344
-888.4125366210938 -368.6618957519531
-886.4130859375 -370.6534423828125
-884.4133911132812 -372.6380920410156
-882.4135131835938 -370.6415100097656
-880.4135131835938 -372.61822509765625
-878.4135131835938 -370.6186218261719
-876.4135131835938 -368.6186828613281
-874.4135131835938 -370.5568542480469
-872.413818359375 -368.5572204589844
-870.415283203125 -370.0452575683594
-868.415283203125 -372.03857421875
-866.4153442382812 -370.0386657714844
-864.4154052734375 -371.997802734375
-862.4154052734375 -369.9981689453125
-860.4158325195312 -371.8514709472656
-858.416259765625 -369.8519287109375
-856.4170532226562 -371.7981262207031
-854.41748046875 -373.77569580078125
-852.4186401367188 -373.8219909667969
-850.4403076171875 -372.3744812011719
-848.4420166015625 -370.3770751953125
-846.4435424804688 -372.22174072265625
-844.4435424804688 -370.2254333496094
-842.443603515625 -372.20013427734375
-840.4436645507812 -370.2015075683594
-838.4439697265625 -372.152099609375
-836.4439697265625 -370.15460205078125
-834.44970703125 -372.1221008300781
-832.4506225585938 -370.13531494140625
-830.4507446289062 -372.1054992675781
-828.4508056640625 -370.1365661621094
-826.4515991210938 -368.1502685546875
-824.4517211914062 -367.8553161621094
-822.469970703125 -366.0838623046875
-822.2777099609375 -366.89453125
-820.498779296875 -365.6681213378906
-818.5305786132812 -364.0311584472656
-816.5753173828125 -363.0451965332031
-814.93994140625 -361.9767150878906
-813.411865234375 -360.0990905761719
-811.4744873046875 -358.11907958984375
-809.4824829101562 -356.1257629394531
-807.5919799804688 -358.1077575683594
-805.5986328125 -356.116455078125
-804.0750122070312 -357.7449951171875
-802.1190185546875 -355.7774963378906
-800.3444213867188 -357.7457580566406
