-978.4888916015625 -395.0562744140625
-977.1879272460938 -397.0562438964844
-975.9188842773438 -395.1103210449219
-974.4923095703125 -397.1103210449219
-973.5473022460938 -395.1575927734375
-971.74853515625 -397.1575622558594
-969.7579345703125 -395.158447265625
-967.9033813476562 -397.1581726074219
-966.2662353515625 -395.1615905761719
-964.2839965820312 -397.1610107421875
-962.2979125976562 -395.1807556152344
-960.3140258789062 -397.0290222167969
-958.3140258789062 -395.0301818847656
-956.3563232421875 -393.5155944824219
-954.35888671875 -391.5746154785156
-952.3590698242188 -389.5974426269531
-950.3615112304688 -387.60003662109375
-948.361572265625 -385.6177062988281
-946.3617553710938 -383.65325927734375
-944.3865356445312 -384.72442626953125
-942.3936767578125 -385.4992370605469
-940.5967407226562 -386.7585754394531
-938.6056518554688 -388.50518798828125
-936.6387939453125 -390.44598388671875
-934.6596069335938 -392.43048095703125
-932.8801879882812 -394.4299011230469
-933.7001342773438 -396.4292907714844
-932.7850341796875 -398.4291687011719
-930.8228149414062 -396.6787109375
-928.8597412109375 -398.677978515625
-927.2443237304688 -396.86322021484375
-925.4813842773438 -398.86297607421875
-923.487548828125 -396.8758544921875
-921.52001953125 -394.8794860839844
-919.8887329101562 -396.8781433105469
-917.9110107421875 -394.8903503417969
-916.7529296875 -396.8902282714844
-914.9442749023438 -398.89013671875
-913.1600952148438 -396.89569091796875
-911.2105102539062 -398.8916320800781
-909.2259521484375 -396.8986511230469
-907.228271484375 -394.89971923828125
-905.2498779296875 -396.8996887207031
-903.25 -394.90142822265625
-901.2748413085938 -396.8959655761719
-899.2755737304688 -394.8965759277344
-897.9251098632812 -396.8963623046875
-896.1051025390625 -396.0657653808594
-894.1065673828125 -394.0834655761719
-892.1177368164062 -396.0832214355469
-890.160888671875 -394.10504150390625
-888.1627197265625 -396.1042785644531
-886.186767578125 -394.10626220703125
-884.1873168945312 -392.12567138671875
-883.3970947265625 -394.1255187988281
-881.398193359375 -392.13555908203125
-879.6019287109375 -394.1352844238281
-877.6810302734375 -396.1063537597656
-875.6823120117188 -394.116943359375
-873.687255859375 -396.1146240234375
-871.6959838867188 -398.05987548828125
-869.703857421875 -396.08123779296875
-867.7098388671875 -398.0532531738281
-865.7105102539062 -396.056884765625
-863.7125854492188 -398.01617431640625
-861.71337890625 -396.0196533203125
-859.717529296875 -398.0054626464844
-857.7183227539062 -396.0096435546875
-855.7193603515625 -397.810302734375
-853.7193603515625 -395.8110046386719
-851.73388671875 -397.79193115234375
-849.7339477539062 -395.7967834472656
-847.7579345703125 -397.73089599609375
-845.758056640625 -395.73687744140625
-843.7596435546875 -397.46746826171875
-841.7603149414062 -395.46820068359375
-839.7652587890625 -396.7120056152344
-837.7696533203125 -396.17095947265625
-835.7742309570312 -397.9334716796875
-833.7744750976562 -395.93780517578125
-831.7747192382812 -394.1253662109375
-829.7764892578125 -395.8770446777344
-827.7786865234375 -397.182861328125
-825.7787475585938 -395.1864929199219
-823.7789306640625 -393.18798828125
-821.7799072265625 -392.1364440917969
-819.8603515625 -393.1122741699219
-818.5791625976562 -394.7470703125
-816.72900390625 -396.4498596191406
-815.019775390625 -396.7434387207031
-813.3285522460938 -395.1101989746094
-811.3314819335938 -396.6177062988281
-809.3333129882812 -398.1239929199219
-807.4482421875 -397.3194580078125
-805.47265625 -396.381591796875
-803.4899291992188 -395.0809326171875
-801.5822143554688 -393.5411376953125
