-978.7307739257812 -395.0494079589844
-976.8695678710938 -397.0379943847656
-975.4008178710938 -395.0387878417969
-973.640869140625 -397.0387268066406
-973.9213256835938 -395.0389709472656
-971.9390869140625 -397.0114440917969
-969.999755859375 -395.0124816894531
-968.0011596679688 -396.9942932128906
-966.2781372070312 -394.9944152832031
-964.2789916992188 -396.9939880371094
-962.3265380859375 -394.9939880371094
-960.3429565429688 -396.9862976074219
-958.34619140625 -394.986328125
-956.3538818359375 -396.90460205078125
-954.3722534179688 -394.9046936035156
-952.3724365234375 -394.7947998046875
-950.3729858398438 -394.3105773925781
-948.3740844726562 -392.38299560546875
-946.3790283203125 -392.3193664550781
-944.4010009765625 -391.8910827636719
-942.9712524414062 -392.5474548339844
-940.9822998046875 -394.2770690917969
-939.154296875 -395.65362548828125
-937.27783203125 -397.614013671875
-935.2958374023438 -395.6143493652344
-934.0304565429688 -397.61083984375
-934.5889892578125 -395.61212158203125
-934.5648803710938 -397.44183349609375
-933.2744750976562 -395.4420471191406
-931.7819213867188 -397.4336242675781
-933.0192260742188 -395.43365478515625
-932.930419921875 -397.4330139160156
-932.2277221679688 -395.43304443359375
-931.5708618164062 -397.4313659667969
-931.2545776367188 -395.431396484375
-932.202392578125 -397.4299011230469
-932.08056640625 -395.42999267578125
-932.5064697265625 -397.42730712890625
-930.5306396484375 -395.4298095703125
-928.9088745117188 -397.2274475097656
-928.8681640625 -395.22747802734375
-928.262451171875 -397.2257080078125
-927.162841796875 -395.225830078125
-927.791259765625 -397.2255554199219
-926.081787109375 -395.2257995605469
-924.1970825195312 -397.168701171875
-925.35595703125 -395.16888427734375
-924.3335571289062 -397.15887451171875
-924.1248779296875 -395.1590576171875
-922.14208984375 -397.1501770019531
-921.452392578125 -395.1502380371094
-919.6145629882812 -397.1454162597656
-921.3197021484375 -395.14556884765625
-919.3646850585938 -397.14239501953125
-917.774658203125 -395.1424255371094
-915.8047485351562 -397.1005554199219
-915.9403076171875 -395.1025390625
-914.1040649414062 -397.0997009277344
-912.5753173828125 -395.1012878417969
-910.8745727539062 -397.0732116699219
-909.510009765625 -395.0736999511719
-907.5112915039062 -397.04571533203125
-905.5262451171875 -395.0457763671875
-903.5889282226562 -397.04351806640625
-902.1131591796875 -395.04376220703125
-900.1433715820312 -397.0087890625
-898.1456298828125 -395.0099182128906
-896.177490234375 -396.9642333984375
-896.2339477539062 -394.96435546875
-894.6903076171875 -396.9612731933594
-895.4546508789062 -394.96160888671875
-893.4645385742188 -396.946044921875
-892.37890625 -394.946533203125
-890.4999389648438 -396.9367980957031
-889.1157836914062 -394.9374084472656
-887.672119140625 -392.93792724609375
-885.7056884765625 -394.7344055175781
-884.6947021484375 -392.7344055175781
-885.4891357421875 -394.388427734375
-884.7075805664062 -392.3885803222656
-882.8946533203125 -394.3728942871094
-881.3380737304688 -392.3729248046875
-879.7860107421875 -393.8679504394531
-877.854248046875 -395.7467041015625
-876.0040893554688 -393.7469482421875
-874.0099487304688 -395.23272705078125
-872.0243530273438 -396.9586486816406
-871.2352905273438 -394.95867919921875
-869.2379760742188 -396.9324035644531
-867.6234741210938 -394.9325256347656
-865.6241455078125 -395.8245544433594
-863.626953125 -397.8073425292969
-863.1240844726562 -395.807373046875
-861.1249389648438 -397.6639099121094
-859.7659301757812 -395.6640625
-857.7675170898438 -396.932373046875
-856.1556396484375 -394.9324035644531
-854.1558227539062 -396.8116149902344
-852.1740112304688 -394.8116455078125
-850.3319702148438 -396.433837890625
-848.341064453125 -397.0165100097656
-848.1988525390625 -395.0167541503906
-846.2427978515625 -396.8950500488281
-844.8148803710938 -394.89532470703125
-842.829345703125 -396.8587646484375
-841.8536987304688 -394.8587951660156
-839.859375 -396.8031311035156
-837.861083984375 -397.316650390625
-836.0703735351562 -395.3171081542969
-834.0940551757812 -397.0643005371094
-832.1046142578125 -398.55828857421875
-831.562255859375 -396.55841064453125
-829.9989624023438 -394.5584411621094
-828.19580078125 -393.225341796875
-826.2095336914062 -392.6236572265625
-824.2183227539062 -390.8622131347656
-822.2316284179688 -388.9904479980469
-823.1981201171875 -387.0171203613281
-821.2301635742188 -385.034912109375
-822.842529296875 -384.11895751953125
-820.9071044921875 -382.13983154296875
-820.4837036132812 -381.53302001953125
-820.8283081054688 -380.4917907714844
-820.21337890625 -380.8803405761719
-819.386962890625 -381.95953369140625
-821.0505981445312 -381.8481750488281
-822.0711059570312 -379.9936828613281
-821.0073852539062 -378.52764892578125
-822.5374755859375 -377.1083068847656
-820.5447998046875 -375.1122741699219
-821.820556640625 -374.2871398925781
-822.3812866210938 -372.5354919433594
-822.874755859375 -370.7014465332031
-821.2048950195312 -368.70172119140625
-820.0391845703125 -367.9397277832031
-818.7160034179688 -365.9756164550781
-820.5197143554688 -364.3026428222656
-819.15673828125 -362.6164245605469
-819.1080322265625 -360.864013671875
-817.114990234375 -361.5320129394531
-816.3596801757812 -359.5435791015625
-816.6143798828125 -357.5538635253906
-814.6156616210938 -359.1365966796875
-816.5390625 -357.18267822265625
-814.5512084960938 -359.123291015625
-815.3685302734375 -357.2600402832031
-813.3706665039062 -358.995849609375
-815.147216796875 -357.03350830078125
-813.150146484375 -359.0142517089844
-812.0947875976562 -357.3056335449219
-810.1005859375 -358.4367980957031
-808.3088989257812 -356.4499816894531
-806.3126831054688 -357.84124755859375
-805.5174560546875 -355.8558654785156
-803.6498413085938 -357.8271789550781
-802.5001220703125 -355.82940673828125
-800.5191040039062 -357.78765869140625
