-978.3783569335938 -395.0575256347656
-977.134765625 -397.0295104980469
-975.1349487304688 -395.03607177734375
-973.1773071289062 -396.640625
-971.177978515625 -394.6409606933594
-969.2112426757812 -393.7982482910156
-967.8579711914062 -392.74310302734375
-965.9188232421875 -393.4518737792969
-964.1011962890625 -392.0766296386719
-962.1013793945312 -390.1569519042969
-960.1015014648438 -388.2001037597656
-958.1015625 -386.2002868652344
-956.1016235351562 -384.2003173828125
-954.1021728515625 -382.20037841796875
-952.1021728515625 -380.20037841796875
-950.1021728515625 -378.20037841796875
-948.1021728515625 -376.2004089355469
-946.102294921875 -374.20068359375
-944.102294921875 -372.2146911621094
-942.1026000976562 -370.37347412109375
-940.1026000976562 -368.4434814453125
-938.1026611328125 -366.49786376953125
-936.1031494140625 -364.55517578125
-934.119384765625 -363.90545654296875
-932.1199340820312 -362.05340576171875
-930.3189086914062 -360.989990234375
-928.8563232421875 -361.939208984375
-927.5392456054688 -362.393798828125
-928.24609375 -361.7228698730469
-927.2101440429688 -362.6351013183594
-928.658447265625 -363.2218017578125
-929.68896484375 -362.7981872558594
-927.8532104492188 -364.40631103515625
-927.6737060546875 -364.02728271484375
-926.9785766601562 -364.6750793457031
-925.9108276367188 -364.7296142578125
-924.49853515625 -365.7321472167969
-925.1117553710938 -366.4195861816406
-924.4197387695312 -367.2776794433594
-926.0693969726562 -369.1535949707031
-926.0687866210938 -370.7574768066406
-924.5264892578125 -370.6336364746094
-925.5802001953125 -369.5866394042969
-924.9597778320312 -371.4073181152344
-923.2352905273438 -372.5279235839844
-924.3880615234375 -372.25
-925.8585205078125 -372.237060546875
-927.83251953125 -373.76885986328125
-927.7159423828125 -375.14752197265625
-926.2450561523438 -376.101806640625
-924.6632690429688 -377.3114318847656
-926.635986328125 -377.5758361816406
-925.5405883789062 -377.7088317871094
-927.3630981445312 -376.45159912109375
-926.5971069335938 -375.8792419433594
-928.4434204101562 -377.2982177734375
-926.8839721679688 -377.62420654296875
-926.1361694335938 -378.59869384765625
-927.4172973632812 -378.26654052734375
-926.320068359375 -379.2386779785156
-927.9713745117188 -379.1228942871094
-926.3663330078125 -379.4957580566406
-925.5064086914062 -378.9513854980469
-926.6057739257812 -377.8515930175781
-926.6907348632812 -379.60357666015625
-925.1749267578125 -378.1755676269531
-926.7977905273438 -379.0120544433594
-925.0404052734375 -379.7735595703125
-926.0877685546875 -379.01080322265625
-924.9662475585938 -378.0614929199219
-926.2869262695312 -378.98931884765625
-927.90283203125 -379.5768737792969
-929.77490234375 -378.2491149902344
-928.6887817382812 -377.5660400390625
-927.5492553710938 -377.67742919921875
-928.4887084960938 -379.09320068359375
-926.5104370117188 -378.62890625
-925.1937255859375 -379.4120788574219
-926.2590942382812 -380.7837829589844
-926.667724609375 -381.3057556152344
-925.1719360351562 -381.54296875
-927.0154418945312 -382.73272705078125
-926.7028198242188 -383.6628112792969
-926.56640625 -383.6859130859375
-927.723876953125 -384.9634704589844
-927.9694213867188 -384.7856140136719
-928.5808715820312 -385.89715576171875
-926.9666137695312 -386.7789001464844
-928.76513671875 -388.16119384765625
-927.581298828125 -389.6146545410156
-927.1254272460938 -391.5814208984375
-925.1705322265625 -393.483154296875
-923.3081665039062 -395.4734802246094
-921.6219482421875 -396.9112243652344
-919.6221313476562 -394.911376953125
-917.7276611328125 -396.87640380859375
-915.8382568359375 -398.8211669921875
-913.83935546875 -396.82232666015625
-911.8748168945312 -397.9577941894531
-909.8753051757812 -395.9587707519531
-907.8798828125 -397.00909423828125
-905.8798828125 -395.00946044921875
-903.9990844726562 -396.1998291015625
-902.0006103515625 -397.3567199707031
-900.0026245117188 -395.3598937988281
-898.5858764648438 -395.9021301269531
-896.6097412109375 -397.346435546875
-894.6151123046875 -395.3814392089844
-892.6157836914062 -393.3940124511719
-890.62109375 -395.3206787109375
-888.6211547851562 -393.3211364746094
-886.6280517578125 -394.54095458984375
-884.6282958984375 -392.5413513183594
-882.7119140625 -394.2906799316406
-880.7119140625 -392.29095458984375
-878.7448120117188 -394.2573547363281
-876.7549438476562 -395.5533447265625
-874.7559204101562 -397.0458068847656
-872.7572021484375 -395.0460205078125
-870.8060302734375 -395.57745361328125
-868.8085327148438 -395.4420166015625
-866.82470703125 -396.29290771484375
-864.825439453125 -396.7641906738281
-862.825439453125 -394.7660217285156
-860.83251953125 -396.298583984375
-858.8326416015625 -397.5972900390625
-856.8326416015625 -395.6080017089844
-854.8326416015625 -394.2779846191406
-852.8380126953125 -395.16162109375
-850.8652954101562 -396.1029052734375
-848.873291015625 -396.9012145996094
-846.873291015625 -394.9026794433594
-844.8812866210938 -393.7853698730469
-842.8839111328125 -395.5228271484375
-840.884033203125 -394.6170349121094
-838.8846435546875 -393.7008361816406
-836.9081420898438 -395.6392822265625
-834.908203125 -395.04364013671875
-832.9144897460938 -395.72412109375
-830.9144897460938 -393.7723083496094
-828.91455078125 -392.1080017089844
-826.9161987304688 -391.2942810058594
-824.9163208007812 -389.3030700683594
-822.917236328125 -387.38287353515625
-820.9176025390625 -385.4006042480469
-818.9187622070312 -383.5748291015625
-816.9210205078125 -382.034912109375
-815.148681640625 -380.1001892089844
-814.004638671875 -379.9915771484375
-814.6173706054688 -380.554931640625
-815.57177734375 -382.3376770019531
-813.7821655273438 -381.82061767578125
-814.3529663085938 -383.452880859375
-816.1243896484375 -385.2696838378906
-814.1527099609375 -385.9519958496094
-813.2880249023438 -386.1863098144531
-811.5849609375 -385.75054931640625
-812.4954223632812 -387.66033935546875
-811.1715698242188 -389.4333801269531
-812.0037231445312 -391.0998229980469
-811.8622436523438 -393.0426025390625
-809.864013671875 -393.57098388671875
-807.9544067382812 -394.7239685058594
-805.962646484375 -395.88555908203125
-803.9749755859375 -396.1361389160156
-801.9868774414062 -394.8429260253906
