-825.1477661132812 -362.2368469238281
-824.9385375976562 -360.4485778808594
-826.9241943359375 -362.2646789550781
-828.8434448242188 -360.2851257324219
-829.8959350585938 -358.299072265625
-831.718017578125 -356.3063659667969
-832.9878540039062 -354.41546630859375
-833.3010864257812 -352.6055603027344
-831.7737426757812 -351.52978515625
-831.0784912109375 -349.6122741699219
-831.35498046875 -347.8512268066406
-831.0365600585938 -345.865234375
-831.5088500976562 -343.8658142089844
-833.4942016601562 -345.2742004394531
-834.9854736328125 -343.2742919921875
-836.9742431640625 -345.26434326171875
-838.8984375 -343.26544189453125
-840.8853759765625 -345.1961975097656
-842.8734130859375 -343.1963195800781
-844.5563354492188 -345.0991516113281
-846.5452270507812 -343.09942626953125
-848.53955078125 -345.0835876464844
-850.537109375 -343.0840148925781
-852.3713989257812 -345.08233642578125
-854.2130737304688 -343.0823669433594
-855.9393920898438 -344.8509826660156
-857.93603515625 -342.8511962890625
-859.7376708984375 -344.7831115722656
-861.7352294921875 -342.783203125
-863.635498046875 -344.7601623535156
-865.63037109375 -342.7603759765625
-867.2724609375 -344.73974609375
-869.2706909179688 -342.7397766113281
-871.142822265625 -344.6637878417969
-873.1414794921875 -342.6637878417969
-875.0106811523438 -344.5892333984375
-876.9638671875 -346.43499755859375
-878.8673706054688 -344.4351806640625
-878.9798583984375 -344.90997314453125
-878.3585205078125 -346.68487548828125
-880.3089599609375 -344.6849365234375
-879.2230834960938 -346.1685485839844
-881.20556640625 -344.16876220703125
-883.042236328125 -343.7007141113281
-884.1011352539062 -343.9650573730469
-883.3030395507812 -345.93975830078125
-885.2431640625 -347.7507629394531
-886.7958984375 -345.75146484375
-888.6611328125 -347.7098388671875
-890.462890625 -345.7098693847656
-890.163330078125 -347.70489501953125
-891.0299072265625 -345.70501708984375
-893.0179443359375 -347.46343994140625
-894.9993286132812 -345.4635925292969
-893.04931640625 -343.5859680175781
-894.9744873046875 -345.3989562988281
-893.3353881835938 -343.517578125
-895.2655029296875 -344.7187805175781
-893.3916015625 -342.7215270996094
-895.3883056640625 -344.24981689453125
-893.7317504882812 -342.274658203125
-895.7297973632812 -340.64947509765625
-893.73779296875 -338.6701354980469
-895.7363891601562 -339.2934265136719
-893.8922119140625 -337.3243408203125
-895.8916015625 -335.37274169921875
-894.1812744140625 -333.3729553222656
-896.180908203125 -332.6982727050781
-894.4141235351562 -330.75946044921875
-896.4137573242188 -329.1521911621094
-894.8626708984375 -327.1568298339844
-896.8624267578125 -326.1209716796875
-894.87890625 -324.1301574707031
-896.8776245117188 -322.28131103515625
-894.8911743164062 -320.28173828125
-896.89111328125 -318.30731201171875
-894.8978881835938 -316.3136901855469
-896.8973388671875 -314.3138427734375
-895.2586059570312 -312.32159423828125
-897.0363159179688 -314.30157470703125
-895.1348266601562 -312.3018798828125
-897.1180419921875 -314.26416015625
-895.1553955078125 -312.2649841308594
-896.9595336914062 -314.0246887207031
-896.1709594726562 -312.0595703125
-897.4583129882812 -314.0467834472656
-897.2669677734375 -312.0471496582031
-899.0206909179688 -313.8434753417969
-900.707275390625 -311.8435974121094
-902.7063598632812 -309.8436279296875
-904.5213623046875 -311.8431701660156
-906.5206909179688 -309.8431701660156
-908.07373046875 -311.8245544433594
-910.0709838867188 -309.8246154785156
-912.0396728515625 -311.8222961425781
-914.013427734375 -313.76953125
-916.008544921875 -311.76953125
-915.576904296875 -313.7658386230469
-917.5722045898438 -311.7658386230469
-919.5068359375 -313.6791687011719
-921.5057983398438 -311.67919921875
-923.3554077148438 -313.6626892089844
-925.3543090820312 -311.6643371582031
-927.1220092773438 -313.6593322753906
-929.1185302734375 -311.659423828125
-931.1166381835938 -313.64569091796875
-933.1144409179688 -311.64697265625
-934.8487548828125 -311.9898681640625
-936.8388061523438 -312.1070251464844
-938.8299560546875 -311.10430908203125
-940.8297729492188 -309.1180114746094
-942.8297729492188 -307.1324462890625
-944.8296508789062 -305.14239501953125
-946.8296508789062 -303.1425476074219
-948.8294067382812 -301.14276123046875
-946.8438720703125 -299.14288330078125
-948.84326171875 -297.1431579589844
-946.8745727539062 -295.14324951171875
-948.874267578125 -293.14337158203125
-946.8886108398438 -291.14385986328125
-948.8886108398438 -289.144775390625
-947.0077514648438 -287.1468811035156
-949.00732421875 -285.1474609375
-947.2965087890625 -283.1621398925781
-945.5025634765625 -281.1625671386719
-947.5025634765625 -279.1634826660156
-945.6947021484375 -277.1756896972656
-947.6946411132812 -275.17706298828125
-945.8141479492188 -273.17840576171875
-947.8140869140625 -271.1817321777344
-947.3609008789062 -269.1824951171875
-945.3949584960938 -267.1976013183594
-947.394775390625 -265.202392578125
-945.445556640625 -263.20294189453125
-947.4454956054688 -261.2049255371094
-949.445068359375 -259.21209716796875
-948.2069091796875 -257.22625732421875
-947.5704956054688 -255.27169799804688
-946.8353271484375 -253.27340698242188
-948.8310546875 -251.28988647460938
-947.263671875 -249.29190063476562
-949.2610473632812 -247.33755493164062
-947.3276977539062 -245.4228973388672
-945.5442504882812 -243.56442260742188
-947.5440063476562 -241.69717407226562
-949.0736083984375 -239.88172912597656
-947.185791015625 -237.90249633789062
-949.1846923828125 -235.91578674316406
-948.7491455078125 -233.95289611816406
-948.8030395507812 -232.0762481689453
-948.3741455078125 -230.16665649414062
-949.2373046875 -228.2313232421875
-948.6331176757812 -226.28677368164062
-950.3328857421875 -224.30563354492188
-952.1915893554688 -222.3262939453125
-954.1060180664062 -220.3740997314453
-956.1034545898438 -218.38438415527344
-958.0996704101562 -216.39309692382812
-960.099365234375 -214.3970184326172
-962.0962524414062 -216.39657592773438
-964.0945434570312 -214.3981170654297
-966.091552734375 -216.3949432373047
-968.09130859375 -214.39512634277344
-970.0629272460938 -216.39476013183594
-972.062744140625 -214.3949432373047
-974.0136108398438 -216.3911895751953
-976.0128784179688 -214.39378356933594
-977.9710693359375 -216.3926544189453
-979.9169311523438 -218.38623046875
-981.9166259765625 -216.39871215820312
-983.8975830078125 -218.36111450195312
-985.896240234375 -216.3648223876953
-987.8834838867188 -214.39047241210938
-989.7291870117188 -216.38909912109375
-991.7276611328125 -214.4482421875
-993.688720703125 -216.43052673339844
-995.6881713867188 -214.47398376464844
-997.5458374023438 -216.46864318847656
-999.48095703125 -214.5689239501953
-1001.197509765625 -216.5679168701172
-1003.1673583984375 -214.65277099609375
-1004.8226318359375 -216.6172637939453
-1006.6483154296875 -214.62135314941406
-1008.2276000976562 -216.62066650390625
-1010.1323852539062 -214.6329345703125
-1012.0929565429688 -212.76271057128906
