-822.8381958007812 -362.096923828125
-824.7350463867188 -364.0754089355469
-823.240966796875 -362.36871337890625
-825.2203369140625 -361.6798095703125
-827.0028076171875 -362.4830627441406
-825.3922119140625 -360.5050964355469
-827.372802734375 -362.419677734375
-825.5237426757812 -360.7016296386719
-827.4812622070312 -362.2960510253906
-825.6244506835938 -360.4056701660156
-827.5999755859375 -361.8362731933594
-825.80419921875 -359.8756103515625
-827.7789916992188 -360.62664794921875
-825.8692626953125 -358.71820068359375
-827.8450927734375 -360.4840087890625
-826.3976440429688 -359.3170471191406
-828.370361328125 -359.1805114746094
-826.8218383789062 -357.2716979980469
-828.7644653320312 -359.0341796875
-827.4278564453125 -357.1767272949219
-829.418212890625 -359.0551452636719
-827.5999145507812 -357.1230773925781
-829.5847778320312 -358.8646240234375
-828.1180419921875 -356.8967590332031
-830.0716552734375 -358.6459655761719
-828.484619140625 -356.6847839355469
-826.793212890625 -354.7103576660156
-828.7755126953125 -353.8645935058594
-830.7254638671875 -352.90087890625
-829.0949096679688 -350.9056396484375
-831.0651245117188 -349.1881408691406
-829.2516479492188 -347.4003601074219
-831.237060546875 -346.06689453125
-830.0750732421875 -344.0695495605469
-832.0674438476562 -345.823974609375
-830.4210205078125 -343.826416015625
-832.4189453125 -345.4990539550781
-830.6494750976562 -343.49920654296875
-832.6437377929688 -344.4364013671875
-834.6265869140625 -346.3801574707031
-833.3773193359375 -344.3899230957031
-835.36572265625 -346.3635559082031
-835.8357543945312 -344.3638610839844
-837.8223266601562 -346.2168884277344
-839.404296875 -344.2222595214844
-841.3798828125 -344.27874755859375
-843.237548828125 -345.8207092285156
-843.8931274414062 -343.8221130371094
-845.8829345703125 -345.8089599609375
-846.4464721679688 -343.8091735839844
-848.3986206054688 -345.5956115722656
-847.7318725585938 -343.59588623046875
-849.7206420898438 -345.5408020019531
-850.6980590820312 -343.5419616699219
-852.689208984375 -345.4637451171875
-852.559326171875 -343.46380615234375
-854.4971313476562 -345.4363098144531
-855.2791748046875 -343.4372253417969
-857.2169799804688 -345.3934020996094
-858.2565307617188 -343.3935852050781
-860.2428588867188 -345.3584289550781
-860.1832275390625 -343.35845947265625
-862.1716918945312 -345.0928955078125
-863.4701538085938 -343.09552001953125
-865.4567260742188 -343.5633239746094
-867.4354248046875 -344.44189453125
-868.7581176757812 -342.4419860839844
-870.7381591796875 -343.5865173339844
-872.730712890625 -344.93243408203125
-873.9443359375 -342.9393005371094
-875.9368896484375 -342.602783203125
-877.9164428710938 -344.3316650390625
-878.427490234375 -344.3245544433594
-879.4436645507812 -345.9095458984375
-879.5592651367188 -343.90972900390625
-881.3777465820312 -345.66436767578125
-883.2269897460938 -347.60394287109375
-883.2901000976562 -345.60455322265625
-885.2667846679688 -347.16522216796875
-886.4707641601562 -345.1694030761719
-888.4398193359375 -346.98248291015625
-890.2888793945312 -344.9832458496094
-892.2632446289062 -346.8159484863281
-892.885986328125 -344.8162536621094
-894.8820190429688 -343.8740234375
-893.2637329101562 -341.96234130859375
-895.2625732421875 -339.9814758300781
-893.4328002929688 -338.1589050292969
-895.4325561523438 -336.4925231933594
-893.5428466796875 -334.4981689453125
-895.5426635742188 -332.73980712890625
-897.5421752929688 -330.8390808105469
-896.1121215820312 -329.3313903808594
-894.6939086914062 -327.3868103027344
-896.6934814453125 -325.4366455078125
-896.7969970703125 -324.1529235839844
-895.238037109375 -323.0621032714844
-897.2369384765625 -321.1278991699219
-895.8570556640625 -319.4313659667969
-893.92041015625 -317.6158752441406
-895.8834838867188 -315.69384765625
-894.310791015625 -313.847412109375
-895.9629516601562 -311.84820556640625
-897.9069213867188 -313.7911376953125
-896.8741455078125 -311.79913330078125
-898.8563232421875 -313.6980895996094
-900.1121826171875 -311.7031555175781
-902.08837890625 -313.1452331542969
-901.8477172851562 -311.1519470214844
-903.8432006835938 -312.53802490234375
-905.6890258789062 -310.53863525390625
-907.6856689453125 -312.5249328613281
-909.6389770507812 -310.5252380371094
-911.5855102539062 -312.20965576171875
-913.5557861328125 -310.21307373046875
-915.5384521484375 -310.98382568359375
-917.4994506835938 -312.8224182128906
-919.114990234375 -310.825439453125
-920.9768676757812 -311.2026672363281
-922.8343505859375 -311.0257873535156
-924.7891845703125 -311.80902099609375
-926.7474365234375 -313.2479248046875
-928.7418212890625 -311.24951171875
-930.73193359375 -312.52886962890625
-932.7311401367188 -310.61090087890625
-934.7297973632812 -308.6120910644531
-936.729736328125 -306.6134338378906
-938.7296752929688 -304.62042236328125
-940.7294921875 -302.62176513671875
-942.7294311523438 -300.62188720703125
-944.7294311523438 -298.6227111816406
-946.7294311523438 -296.62274169921875
-948.7294311523438 -294.6229553222656
-949.323974609375 -292.75286865234375
-951.0421752929688 -290.95977783203125
-952.4116821289062 -289.0152282714844
-953.6141967773438 -287.08154296875
-953.9596557617188 -285.1051330566406
-954.4703369140625 -283.2644348144531
-954.6325073242188 -281.3575744628906
-954.663330078125 -279.3964538574219
-955.872802734375 -277.4067687988281
-954.8946533203125 -275.4366149902344
-953.7240600585938 -273.72021484375
-953.3684692382812 -271.8468322753906
-954.7756958007812 -269.9244079589844
-953.6956176757812 -267.98150634765625
-955.4085693359375 -266.1214294433594
-955.2694091796875 -264.2174987792969
-956.8829956054688 -262.2883605957031
-958.0911254882812 -260.3094482421875
-957.1694946289062 -258.8607177734375
-957.8734130859375 -256.88739013671875
-959.0393676757812 -254.95860290527344
-958.6516723632812 -252.97776794433594
-960.4285888671875 -251.02096557617188
-960.8727416992188 -249.72381591796875
-961.1099243164062 -248.17086791992188
-961.816650390625 -246.17544555664062
-961.049072265625 -244.660888671875
-960.37744140625 -243.17605590820312
-962.0703735351562 -241.3535614013672
-961.0234375 -239.70753479003906
-961.3524780273438 -237.75537109375
-963.1380615234375 -235.793212890625
-964.4248657226562 -233.9443817138672
-965.1654052734375 -232.37684631347656
-963.5140380859375 -233.3483123779297
-964.4484252929688 -231.43154907226562
-963.7732543945312 -229.50123596191406
-962.900634765625 -228.9483642578125
-963.8766479492188 -227.0208740234375
-965.3267822265625 -225.02874755859375
-967.2393188476562 -223.04925537109375
-969.2288818359375 -221.04977416992188
-971.1997680664062 -219.0500030517578
-973.197265625 -217.05075073242188
-975.1414184570312 -215.05105590820312
-977.1170654296875 -215.04261779785156
-979.11083984375 -213.60354614257812
-981.1101684570312 -214.26364135742188
-983.1046752929688 -212.783447265625
-985.1016845703125 -213.44979858398438
-987.0809936523438 -214.07980346679688
-989.0673828125 -214.1932830810547
-991.0577392578125 -215.80490112304688
-993.0271606445312 -213.80502319335938
-994.7821044921875 -213.71957397460938
-996.0028076171875 -215.11325073242188
-997.8300170898438 -213.38644409179688
-999.7511596679688 -211.4280242919922
-1001.6183471679688 -212.59239196777344
-1003.421630859375 -213.6785125732422
-1005.3179321289062 -214.41053771972656
-1007.2254638671875 -213.4760284423828
-1008.7020263671875 -213.7098388671875
-1010.2764892578125 -213.28533935546875
-1011.7474365234375 -212.67872619628906
