-822.2944946289062 -362.1053771972656
-824.29296875 -364.0773010253906
-822.7310791015625 -362.1285705566406
-824.7239379882812 -364.10894775390625
-823.08447265625 -362.15606689453125
-825.0742797851562 -364.0652770996094
-823.2675170898438 -362.1037292480469
-825.2662963867188 -364.0848388671875
-823.4314575195312 -362.3946533203125
-825.4071044921875 -364.3491516113281
-823.4688110351562 -362.7414855957031
-825.412841796875 -364.7373352050781
-824.03515625 -362.94769287109375
-825.9884643554688 -364.78277587890625
-824.7840576171875 -363.0097351074219
-823.3443603515625 -361.2027282714844
-825.3380126953125 -363.1911926269531
-823.5991821289062 -361.36767578125
-825.5910034179688 -363.2894287109375
-823.6669921875 -361.3139343261719
-825.6666259765625 -363.2333679199219
-823.75048828125 -361.30718994140625
-825.7481689453125 -363.2818908691406
-824.1201171875 -361.584228515625
-826.1156616210938 -363.4512023925781
-824.7841186523438 -361.45758056640625
-826.7802734375 -363.4385986328125
-826.4981689453125 -361.4811096191406
-826.7874145507812 -359.5657653808594
-828.7825317382812 -361.3348083496094
-827.1044311523438 -359.35443115234375
-825.921875 -357.3993225097656
-827.9185180664062 -359.1219787597656
-826.38818359375 -357.58441162109375
-828.3793334960938 -359.2926025390625
-828.2548217773438 -357.33428955078125
-829.8064575195312 -355.34588623046875
-830.4577026367188 -353.35406494140625
-830.6873168945312 -351.3563537597656
-831.9996337890625 -349.36468505859375
-833.4998168945312 -347.36627197265625
-835.4868774414062 -345.3663330078125
-837.4716186523438 -343.366455078125
-838.97412109375 -345.36187744140625
-840.9379272460938 -343.3620910644531
-842.7330322265625 -345.2076721191406
-844.63818359375 -343.207763671875
-846.4379272460938 -345.01068115234375
-848.3577270507812 -343.01116943359375
-849.8720092773438 -344.471923828125
-851.6757202148438 -346.4615783691406
-853.641845703125 -344.4617004394531
-855.6071166992188 -346.4343566894531
-856.8304443359375 -344.4344177246094
-858.4058837890625 -346.42510986328125
-860.1437377929688 -344.42523193359375
-862.1095581054688 -346.4188232421875
-863.9697875976562 -344.41925048828125
-865.944580078125 -346.41668701171875
-867.7093505859375 -344.4167175292969
-869.4827880859375 -342.4172668457031
-871.2694091796875 -344.3201599121094
-873.218994140625 -346.313720703125
-875.064697265625 -344.3141784667969
-876.8917236328125 -346.2984619140625
-878.2296142578125 -344.2997131347656
-876.4826049804688 -343.1657409667969
-878.4556884765625 -345.1446533203125
-876.5735473632812 -346.26617431640625
-877.972900390625 -344.2675476074219
-878.4324340820312 -343.60235595703125
-876.5449829101562 -345.4803771972656
-878.02587890625 -343.48138427734375
-877.1968994140625 -341.703857421875
-879.0060424804688 -343.66473388671875
-878.0607299804688 -342.1943359375
-876.1500854492188 -340.2352294921875
-877.7957763671875 -342.22021484375
-879.73779296875 -344.18756103515625
-881.266845703125 -345.8248596191406
-882.7797241210938 -347.822509765625
-883.5130615234375 -345.82281494140625
-885.3304443359375 -347.68499755859375
-886.6337280273438 -345.68505859375
-888.3674926757812 -347.5300598144531
-890.2835693359375 -345.5301818847656
-892.1257934570312 -346.72674560546875
-894.0765991210938 -344.7282409667969
-896.053955078125 -342.77154541015625
-894.5120849609375 -340.8786926269531
-896.3275146484375 -338.8995361328125
-895.6698608398438 -337.2037048339844
-897.5360107421875 -335.2052001953125
-899.1808471679688 -333.20550537109375
-898.5228881835938 -333.2848815917969
-896.9826049804688 -331.5121154785156
-895.0360107421875 -330.551513671875
-896.3743896484375 -328.91412353515625
-894.5565795898438 -327.7904968261719
-896.5382080078125 -325.8013916015625
-894.6023559570312 -323.9761047363281
-896.5863037109375 -321.9789123535156
-894.7328491210938 -320.3267517089844
-895.729248046875 -318.34619140625
-895.5130615234375 -316.3538818359375
-897.4365234375 -314.354248046875
-896.2845458984375 -312.3567199707031
-898.2545166015625 -314.3323974609375
-899.2025756835938 -312.33245849609375
-901.0473022460938 -310.3325500488281
-902.999755859375 -312.31768798828125
-903.9483642578125 -310.3177185058594
-905.933837890625 -312.2752990722656
-907.0968627929688 -310.27545166015625
-908.9013671875 -312.1228332519531
-910.6640014648438 -310.123046875
-912.651611328125 -312.1178283691406
-914.482666015625 -310.1178894042969
-916.4052124023438 -312.117431640625
-917.4275512695312 -310.11773681640625
-919.2872924804688 -311.5453796386719
-921.2293090820312 -313.2444763183594
-922.9325561523438 -311.2444763183594
-924.8515014648438 -312.9696044921875
-925.2120361328125 -310.96966552734375
-927.1918334960938 -312.3770751953125
-929.1785278320312 -310.6752624511719
-931.1612548828125 -308.6759033203125
-933.1594848632812 -306.6798400878906
-935.1512451171875 -304.6802978515625
-937.1057739257812 -302.68060302734375
-939.0174560546875 -300.68060302734375
-940.8838500976562 -298.6806335449219
-942.6148681640625 -296.6806335449219
-944.6123046875 -294.6806640625
-946.581787109375 -292.6806640625
-948.552490234375 -290.6806640625
-948.546630859375 -288.6819763183594
-950.2138671875 -286.6829833984375
-951.28759765625 -284.69171142578125
-952.3137817382812 -282.7074890136719
-952.033935546875 -280.7250061035156
-951.5152587890625 -278.792236328125
-951.5879516601562 -276.81048583984375
-952.0570068359375 -274.8136901855469
-951.0820922851562 -272.82177734375
-951.964599609375 -270.85577392578125
-951.2816772460938 -268.8644714355469
-950.044921875 -266.8663330078125
-951.3157958984375 -264.8771667480469
-952.502685546875 -262.8977966308594
-954.3280639648438 -260.8984375
-953.2219848632812 -258.898681640625
-954.320556640625 -256.9079895019531
-955.9235229492188 -254.92149353027344
-954.9545288085938 -252.9308624267578
-955.1693725585938 -250.93289184570312
-954.03759765625 -248.9349365234375
-954.8130493164062 -246.94400024414062
-954.9090576171875 -244.98204040527344
-953.969482421875 -243.03407287597656
-955.43310546875 -241.06602478027344
-956.7696533203125 -239.06796264648438
-957.8865966796875 -237.068115234375
-957.9573974609375 -235.07093811035156
-958.8272705078125 -233.07374572753906
-960.2698364257812 -231.0767059326172
-959.0925903320312 -229.13661193847656
-958.5407104492188 -227.1529083251953
-958.1852416992188 -225.15533447265625
-957.1189575195312 -223.1654510498047
-958.707763671875 -221.1655731201172
-958.801513671875 -219.1656494140625
-960.37255859375 -217.16604614257812
-962.28955078125 -215.1661834716797
-964.2666015625 -213.3052215576172
-966.2529296875 -212.52395629882812
-968.2427368164062 -211.46961975097656
-970.191650390625 -211.34983825683594
-972.1542358398438 -210.0939178466797
-974.0117797851562 -210.37484741210938
-976.0054931640625 -212.2742919921875
-977.9981689453125 -213.66921997070312
-979.9832763671875 -214.875244140625
-981.9775390625 -214.56626892089844
-983.7086181640625 -215.47720336914062
-985.6721801757812 -213.81466674804688
-987.6621704101562 -215.6011199951172
-989.6569213867188 -214.30702209472656
-991.6228637695312 -213.3843231201172
-993.5850830078125 -212.1480712890625
-995.5533447265625 -212.50308227539062
-997.5406494140625 -214.38844299316406
-999.5199584960938 -215.9564971923828
-998.2482299804688 -213.9564971923828
-1000.160888671875 -214.11268615722656
-1002.0796508789062 -215.72195434570312
-1000.8348388671875 -213.72225952148438
-1002.8155517578125 -214.19766235351562
-1004.7985229492188 -215.1962890625
-1003.34521484375 -213.1962890625
-1005.3349609375 -214.57510375976562
-1007.2278442382812 -215.29676818847656
-1005.584228515625 -213.2967987060547
-1007.4487915039062 -212.55337524414062
-1009.4058227539062 -214.5067138671875
-1009.1419067382812 -212.50677490234375
-1011.0838623046875 -214.2319793701172
-1009.1527709960938 -212.2321014404297
-1011.1396484375 -212.6532745361328
-1013.0833129882812 -213.3414764404297
