-822.8968505859375 -362.2706604003906
-824.252197265625 -364.2691345214844
-822.3687744140625 -362.4950866699219
-823.039794921875 -364.48724365234375
-821.5048217773438 -362.65972900390625
-823.5035400390625 -364.64642333984375
-822.6240844726562 -362.6732482910156
-824.509521484375 -364.6044006347656
-824.63330078125 -362.9703674316406
-822.8473510742188 -361.0386962890625
-824.8424682617188 -363.0379638671875
-825.4780883789062 -361.4756164550781
-827.4589233398438 -363.4743957519531
-828.8045654296875 -361.965087890625
-827.2310180664062 -360.0000915527344
-825.3907470703125 -358.0054016113281
-827.3019409179688 -359.9998779296875
-825.4612426757812 -358.0818176269531
-827.415283203125 -360.075927734375
-826.670166015625 -358.2431945800781
-828.206787109375 -360.2403259277344
-826.3452758789062 -359.5625915527344
-827.7706909179688 -361.5622863769531
-828.2085571289062 -359.6200866699219
-827.7306518554688 -357.8597106933594
-828.7384033203125 -359.8017578125
-828.1788940429688 -357.8975830078125
-826.524658203125 -356.04010009765625
-827.9884643554688 -357.8501281738281
-826.3383178710938 -356.3804626464844
-827.8070678710938 -358.3325500488281
-826.6443481445312 -356.3895263671875
-827.3626098632812 -358.2373962402344
-829.2726440429688 -360.2225341796875
-829.3751831054688 -358.4137268066406
-829.2107543945312 -356.9396667480469
-830.3270874023438 -355.0304260253906
-830.567138671875 -353.07598876953125
-829.9119262695312 -351.13958740234375
-830.4322509765625 -349.1607666015625
-830.6634521484375 -347.3128356933594
-830.3148193359375 -345.33148193359375
-831.750244140625 -347.32666015625
-833.5581665039062 -345.3374328613281
-835.5091552734375 -343.3379211425781
-836.4802856445312 -345.2445373535156
-838.4791870117188 -343.2458190917969
-838.9568481445312 -345.1890563964844
-840.8204345703125 -343.1897888183594
-841.426513671875 -344.9691162109375
-843.3856811523438 -342.9708557128906
-844.7279052734375 -344.8498840332031
-846.5833740234375 -342.8508605957031
-847.6470947265625 -344.7881164550781
-849.4902954101562 -342.80169677734375
-851.436279296875 -344.77862548828125
-853.4131469726562 -342.7789306640625
-854.4309692382812 -344.4931335449219
-855.6634521484375 -346.48638916015625
-857.654296875 -344.4869384765625
-859.46044921875 -346.4698181152344
-861.3311767578125 -344.4715576171875
-863.1888427734375 -346.44879150390625
-865.1126708984375 -344.4494934082031
-866.5187377929688 -346.44415283203125
-868.4771118164062 -344.4471740722656
-870.028076171875 -342.4485778808594
-871.8621215820312 -344.4414367675781
-873.7701416015625 -346.422607421875
-875.7693481445312 -344.4679260253906
-877.609375 -346.45574951171875
-879.4190063476562 -344.4565124511719
-880.2154541015625 -346.3446044921875
-881.9886474609375 -344.344970703125
-881.4340209960938 -346.0636291503906
-882.87451171875 -348.0565490722656
-884.573486328125 -346.06121826171875
-886.225830078125 -347.999267578125
-888.07958984375 -346.00579833984375
-889.3272705078125 -347.9817810058594
-891.2924194335938 -345.9818115234375
-893.2884521484375 -347.9419860839844
-895.280517578125 -346.0284423828125
-893.3567504882812 -344.1274719238281
-895.3233032226562 -345.2278137207031
-893.4826049804688 -343.2305908203125
-895.476318359375 -341.8705139160156
-894.1860961914062 -340.098388671875
-896.1594848632812 -338.3533935546875
-894.3748779296875 -336.4141845703125
-896.373779296875 -334.5688781738281
-898.3577270507812 -332.569091796875
-897.0050048828125 -333.41241455078125
-895.8740844726562 -333.7832336425781
-897.8740234375 -331.8840026855469
-895.92822265625 -330.0896911621094
-897.9187622070312 -328.148681640625
-896.659423828125 -326.1641845703125
-894.69873046875 -324.1673889160156
-896.69775390625 -322.45989990234375
-895.854248046875 -320.46820068359375
-897.8518676757812 -318.4820861816406
-898.5180053710938 -316.5230712890625
-900.4965209960938 -314.523193359375
-902.1255493164062 -312.52459716796875
-904.0994262695312 -310.52935791015625
-904.7313842773438 -312.528076171875
-906.729248046875 -310.564208984375
-907.6253662109375 -312.5631103515625
-909.6226196289062 -310.56396484375
-911.489013671875 -312.5491027832031
-913.4874267578125 -310.56817626953125
-915.4669799804688 -312.5143737792969
-917.4622802734375 -310.5146484375
-919.4549560546875 -312.4267272949219
-921.436767578125 -310.43780517578125
-923.2230224609375 -312.43048095703125
-925.2214965820312 -310.4481201171875
-927.1917724609375 -312.4470520019531
-929.1526489257812 -314.4441223144531
-931.1519775390625 -312.66448974609375
-933.1505126953125 -312.8791809082031
-935.1505126953125 -310.90185546875
-937.1504516601562 -312.53326416015625
-939.1492309570312 -314.03948974609375
-941.1492309570312 -312.049560546875
-943.1486206054688 -312.1156005859375
-945.1439208984375 -311.8453369140625
-947.1436767578125 -309.85174560546875
-949.1422729492188 -308.91314697265625
-947.1654663085938 -306.931640625
-949.1653442382812 -304.9932861328125
-947.2997436523438 -303.073486328125
-949.29541015625 -301.0774841308594
-950.721435546875 -299.0787658691406
-949.9049072265625 -297.1490478515625
-948.2669067382812 -295.1525573730469
-946.3634643554688 -293.154296875
-948.3629150390625 -291.3725891113281
-948.4677124023438 -289.3730773925781
-948.6243896484375 -287.3737487792969
-946.9501342773438 -285.4107666015625
-948.948486328125 -283.66595458984375
-947.0548095703125 -281.7047424316406
-949.0543823242188 -279.9625549316406
-947.6854248046875 -277.9682312011719
-945.91748046875 -275.9828186035156
-947.9127197265625 -274.11285400390625
-949.6759033203125 -272.12261962890625
-948.3216552734375 -270.143310546875
-946.421630859375 -268.1572570800781
-948.4197998046875 -266.3491516113281
-948.6392822265625 -264.4344177246094
-948.9893798828125 -262.4436950683594
-950.9667358398438 -260.4440612792969
-952.9450073242188 -258.444091796875
-951.668212890625 -256.5379638671875
-950.3126831054688 -254.53977966308594
-948.3955078125 -252.5403594970703
-946.8788452148438 -250.5431365966797
-948.877685546875 -248.59706115722656
-947.1417236328125 -246.6003875732422
-949.1329345703125 -244.63401794433594
-947.964599609375 -242.63917541503906
-946.25390625 -240.63919067382812
-948.2534790039062 -239.66091918945312
-948.2265014648438 -237.6609344482422
-947.7565307617188 -235.6610107421875
-945.8396606445312 -233.66151428222656
-947.8395385742188 -231.6664581298828
-945.8941040039062 -229.66665649414062
-947.8931274414062 -228.02041625976562
-949.4812622070312 -226.02130126953125
-951.219970703125 -224.0221405029297
-953.0757446289062 -222.0221405029297
-955.075439453125 -220.0222930908203
-957.0753784179688 -218.0222930908203
-959.0753784179688 -216.0222930908203
-961.0753784179688 -214.0222930908203
-962.1666870117188 -215.92491149902344
-964.1666870117188 -213.9249267578125
-966.1210327148438 -215.8817138671875
-968.1210327148438 -213.8817138671875
-970.0330200195312 -215.8612060546875
-972.0330200195312 -213.8612060546875
-973.4483642578125 -215.84219360351562
-975.4064331054688 -217.8166961669922
-977.4061279296875 -215.8168182373047
-979.3388061523438 -217.75299072265625
-981.3382568359375 -215.7533416748047
-983.332763671875 -217.71617126464844
-985.3239135742188 -215.71627807617188
-987.2100219726562 -217.6176300048828
-989.2100219726562 -215.61764526367188
-991.128173828125 -217.57342529296875
-993.1279907226562 -215.57347106933594
-995.1279907226562 -213.5735626220703
-996.6644897460938 -215.5694122314453
-998.6619262695312 -217.47976684570312
-1000.6614379882812 -215.4800262451172
-1002.6517944335938 -217.4493408203125
-1004.6381225585938 -215.4494171142578
-1006.6380615234375 -213.44952392578125
-1008.6234130859375 -214.8433380126953
-1010.6232299804688 -212.84336853027344
-1012.6163330078125 -213.7953338623047
