-824.2482299804688 -362.6862487792969
-826.247802734375 -364.6639099121094
-825.9419555664062 -363.4750671386719
-824.7824096679688 -362.1485900878906
-826.7814331054688 -364.1257019042969
-827.9599609375 -362.14263916015625
-827.0845947265625 -361.26611328125
-829.0455932617188 -360.2627868652344
-827.4094848632812 -358.34259033203125
-829.4090576171875 -360.30609130859375
-828.4884033203125 -361.1413269042969
-828.0913696289062 -359.6120300292969
-826.1827392578125 -357.61566162109375
-828.122802734375 -359.40673828125
-826.7386474609375 -358.591796875
-828.7371826171875 -360.584228515625
-830.3479614257812 -358.8619689941406
-828.691650390625 -358.3771057128906
-830.1047973632812 -356.3988342285156
-830.810546875 -355.5328674316406
-831.9564208984375 -353.5736999511719
-833.4738159179688 -352.0438537597656
-832.7658081054688 -350.0646667480469
-830.9437255859375 -348.6328430175781
-832.212646484375 -346.6367492675781
-834.0574340820312 -346.0362854003906
-835.7883911132812 -346.39483642578125
-837.7636108398438 -344.6983947753906
-839.581298828125 -342.6988830566406
-841.5725708007812 -344.2486877441406
-843.5711669921875 -346.1529235839844
-845.4453735351562 -344.1565856933594
-846.7792358398438 -346.0367126464844
-848.35107421875 -344.0615539550781
-849.36572265625 -346.0105895996094
-850.91845703125 -344.0188293457031
-852.5376586914062 -345.3590087890625
-854.3345336914062 -343.36474609375
-856.317626953125 -345.06298828125
-857.4505615234375 -343.0696716308594
-857.45263671875 -345.0594177246094
-859.3313598632812 -343.10205078125
-861.3302001953125 -344.97540283203125
-863.182373046875 -342.9820251464844
-865.1353759765625 -344.95654296875
-866.1561889648438 -342.966552734375
-868.156005859375 -344.9297790527344
-870.0972900390625 -343.0130310058594
-872.0883178710938 -344.942626953125
-874.0831298828125 -343.59832763671875
-876.0804443359375 -345.5928955078125
-876.7706298828125 -343.90020751953125
-876.0903930664062 -342.96575927734375
-878.0903930664062 -344.9538269042969
-879.8355712890625 -346.79949951171875
-881.6906127929688 -348.2938537597656
-881.1609497070312 -347.2568359375
-883.14794921875 -346.16839599609375
-885.1407470703125 -348.1632995605469
-886.7420043945312 -346.23114013671875
-888.6775512695312 -348.18255615234375
-890.528076171875 -346.3154602050781
-892.418212890625 -348.2459411621094
-894.3824462890625 -346.2508850097656
-895.8898315429688 -344.90716552734375
-894.1179809570312 -343.9873352050781
-896.0416259765625 -345.9610900878906
-896.6724243164062 -344.1112060546875
-894.7781372070312 -345.9369201660156
-892.7872924804688 -344.3092956542969
-894.7315063476562 -345.33355712890625
-893.5593872070312 -343.4115295410156
-895.505126953125 -344.1259765625
-896.8466186523438 -344.7755126953125
-897.8265380859375 -343.4158630371094
-895.9639892578125 -341.8361511230469
-894.0007934570312 -339.8647766113281
-895.987548828125 -338.363037109375
-894.7762451171875 -336.49676513671875
-896.775146484375 -335.2218322753906
-898.0674438476562 -333.2347106933594
-896.44873046875 -331.8879699707031
-895.059326171875 -330.6888427734375
-897.034912109375 -328.9430236816406
-895.723876953125 -329.9964904785156
-897.701171875 -328.6355895996094
-895.7193603515625 -327.43182373046875
-897.6842651367188 -326.88824462890625
-895.7388305664062 -324.9430847167969
-897.390380859375 -323.33782958984375
-895.5888061523438 -322.06561279296875
-897.3202514648438 -320.12261962890625
-895.686767578125 -318.1353454589844
-897.58349609375 -316.13885498046875
-897.0076293945312 -314.15533447265625
-897.9302978515625 -312.3226318359375
-899.9000244140625 -314.30029296875
-898.48193359375 -312.3096618652344
-900.4818115234375 -314.29779052734375
-900.1643676757812 -312.3013916015625
-901.114990234375 -310.30419921875
-903.0960083007812 -312.3030090332031
-905.0149536132812 -310.30316162109375
-906.9963989257812 -312.2812805175781
-908.6683349609375 -310.2823791503906
-910.6486206054688 -312.2796325683594
-912.5736694335938 -310.28033447265625
-914.5623779296875 -312.278564453125
-916.4251708984375 -310.2804870605469
-918.4113159179688 -312.2801818847656
-916.7340698242188 -310.28253173828125
-918.7172241210938 -312.2821960449219
-920.1596069335938 -310.2882385253906
-922.1524047851562 -312.27978515625
-922.01318359375 -310.2832946777344
-923.9280395507812 -312.2799072265625
-925.7467651367188 -310.29425048828125
-927.74072265625 -312.28863525390625
-929.7405395507812 -314.2696533203125
-931.2979125976562 -312.27008056640625
-933.297607421875 -314.2689514160156
-935.2958984375 -312.2696533203125
-937.2379760742188 -314.25823974609375
-935.516845703125 -312.25830078125
-937.5065307617188 -314.15704345703125
-939.0748291015625 -312.1570739746094
-941.0745239257812 -313.1914367675781
-942.2356567382812 -311.1914978027344
-944.2211303710938 -312.7973327636719
-945.8154296875 -310.7984313964844
-947.8148193359375 -308.9234619140625
-946.6311645507812 -306.9237365722656
-948.6166381835938 -304.9698181152344
-946.7392578125 -302.9699401855469
-948.5521240234375 -301.0132751464844
-946.9107666015625 -299.01336669921875
-948.7789306640625 -297.0133972167969
-950.224365234375 -295.01348876953125
-951.9639282226562 -293.0135803222656
-952.2630615234375 -291.01361083984375
-953.8917236328125 -289.0344543457031
-951.9803466796875 -287.0361633300781
-950.044677734375 -285.0397033691406
-948.8568725585938 -283.03997802734375
-949.9805297851562 -281.0402526855469
-948.3945922851562 -279.06011962890625
-946.8228149414062 -277.0601501464844
-947.2651977539062 -275.0631408691406
-945.3792114257812 -273.06317138671875
-944.8943481445312 -271.0635986328125
-945.7559814453125 -269.06396484375
-947.3609008789062 -267.06402587890625
-948.9161376953125 -265.06488037109375
-950.3318481445312 -263.0649719238281
-951.3243408203125 -261.0649719238281
-953.2362670898438 -259.0649719238281
-953.4055786132812 -257.06707763671875
-952.300537109375 -255.0673370361328
-951.1268920898438 -253.06752014160156
-949.3795166015625 -251.0675506591797
-947.8179321289062 -249.0737762451172
-949.5861206054688 -247.09356689453125
-950.782470703125 -245.09815979003906
-952.0106811523438 -243.09829711914062
-953.9243774414062 -241.09857177734375
-952.219482421875 -239.09860229492188
-953.3069458007812 -237.09947204589844
-953.2128295898438 -235.09951782226562
-951.3821411132812 -233.10105895996094
-953.2291259765625 -231.20950317382812
-953.9615478515625 -229.20962524414062
-953.4806518554688 -227.20962524414062
-953.1837158203125 -225.21400451660156
-953.644287109375 -223.2140655517578
-952.5447387695312 -221.2141876220703
-953.7706909179688 -219.21420288085938
-954.7411499023438 -217.21424865722656
-954.83349609375 -215.21424865722656
-956.8036499023438 -213.21424865722656
-958.759765625 -215.21043395996094
-960.4513549804688 -216.93504333496094
-960.8953857421875 -214.93536376953125
-962.8953247070312 -216.92161560058594
-964.5103759765625 -214.92166137695312
-966.4646606445312 -216.9108428955078
-968.168212890625 -214.91085815429688
-968.0703735351562 -216.3651885986328
-967.0588989257812 -214.365478515625
-969.0512084960938 -215.04666137695312
-971.0502319335938 -217.03240966796875
-972.6459350585938 -215.0333709716797
-974.63916015625 -217.00155639648438
-975.5242919921875 -215.0015869140625
-977.5213012695312 -216.97731018066406
-979.319580078125 -214.97740173339844
-981.3193359375 -216.703125
-983.29345703125 -218.6688995361328
-982.7906494140625 -216.6689910888672
-984.7708129882812 -218.3076171875
-986.598876953125 -216.30763244628906
-988.2890014648438 -214.30776977539062
-990.2855834960938 -216.28482055664062
-991.276123046875 -214.2848358154297
-993.2440185546875 -216.13929748535156
-993.6881713867188 -214.13934326171875
-995.6880493164062 -216.08544921875
-997.5543212890625 -214.08544921875
-999.550048828125 -214.98129272460938
-1001.5432739257812 -214.3413543701172
-1003.5426635742188 -212.94961547851562
-1004.9806518554688 -214.9393768310547
-1006.9783935546875 -216.92257690429688
-1005.6476440429688 -214.92259216308594
-1004.1987915039062 -212.922607421875
-1006.1970825195312 -214.03924560546875
-1008.1739501953125 -215.3507080078125
-1007.5089721679688 -213.35073852539062
-1009.4739379882812 -213.65480041503906
-1011.402099609375 -211.7785186767578
