-824.5305786132812 -365.2541198730469
-826.2029418945312 -365.1257629394531
-827.29248046875 -366.568603515625
-828.5074462890625 -367.12762451171875
-830.1991577148438 -368.9833068847656
-832.19287109375 -370.5697021484375
-834.0049438476562 -368.8738708496094
-835.9900512695312 -370.82281494140625
-837.9821166992188 -369.611083984375
-839.9705200195312 -371.5896301269531
-841.9256591796875 -369.8179016113281
-843.9200439453125 -370.9743347167969
-845.8690185546875 -369.0643005371094
-847.8667602539062 -371.0262145996094
-849.7997436523438 -369.786865234375
-851.7138061523438 -371.67364501953125
-853.7028198242188 -370.906494140625
-855.5885620117188 -372.75018310546875
-857.5772094726562 -374.72686767578125
-859.4921264648438 -372.8023376464844
-861.433349609375 -372.80633544921875
-863.4223022460938 -371.42156982421875
-865.341552734375 -369.8710632324219
-866.3009643554688 -371.236328125
-868.2854614257812 -369.9432373046875
-870.277587890625 -370.8848876953125
-872.2649536132812 -370.1210632324219
-874.2318725585938 -371.3779602050781
-876.18994140625 -369.9549865722656
-877.763427734375 -369.4539794921875
-879.7274169921875 -371.43182373046875
-881.7184448242188 -369.5252685546875
-883.7161865234375 -371.52056884765625
-885.7032470703125 -373.2701416015625
-887.430908203125 -371.3669128417969
-888.0859375 -369.5421447753906
-890.0692749023438 -371.44366455078125
-891.7481079101562 -370.2491760253906
-893.0725708007812 -368.5093078613281
-894.9786376953125 -369.614501953125
-896.9645385742188 -367.93292236328125
-898.0213012695312 -369.53192138671875
-899.886962890625 -371.1749572753906
-899.9268798828125 -369.4632263183594
-901.89404296875 -371.2132873535156
-903.8571166992188 -369.6304931640625
-905.7230834960938 -370.63671875
-906.7305908203125 -368.68109130859375
-908.5620727539062 -370.5409240722656
-908.283935546875 -368.59674072265625
-910.1491088867188 -369.40594482421875
-911.9725341796875 -370.00299072265625
-913.2914428710938 -368.90057373046875
-915.0524291992188 -370.708984375
-915.644775390625 -369.08709716796875
-917.5775756835938 -370.4195251464844
-919.4730224609375 -368.84869384765625
-921.0230102539062 -370.5664978027344
-922.4545288085938 -368.80755615234375
-924.4014282226562 -368.7308349609375
-926.0978393554688 -370.0078430175781
-928.039794921875 -371.7051086425781
-929.8997192382812 -371.3268127441406
-931.7652587890625 -370.1319885253906
-932.2271728515625 -368.90386962890625
-933.5816040039062 -367.0975036621094
-933.341552734375 -367.60235595703125
-934.2554321289062 -365.80352783203125
-936.0838623046875 -364.0353088378906
-938.0191650390625 -362.0669250488281
-939.6017456054688 -360.3556823730469
-941.5368041992188 -358.56109619140625
-943.20361328125 -357.4327392578125
-944.9210815429688 -355.46270751953125
-946.4712524414062 -353.5135192871094
-947.67236328125 -351.56646728515625
-948.5482788085938 -349.7019958496094
-948.9734497070312 -347.7225036621094
-948.0406494140625 -345.7430114746094
-948.9019165039062 -343.91961669921875
-947.0859375 -341.92816162109375
-948.7605590820312 -340.00994873046875
-948.8236694335938 -338.0338134765625
-947.2453002929688 -336.0436706542969
-949.083984375 -334.1068115234375
-947.9052124023438 -332.1070861816406
-949.4627075195312 -330.1499328613281
-949.4451904296875 -328.1556701660156
-947.9190673828125 -326.15802001953125
-948.4888916015625 -324.1717529296875
-947.3287353515625 -322.1733703613281
-949.1437377929688 -320.18682861328125
-947.5908813476562 -318.2352294921875
-949.1854248046875 -316.3017272949219
-950.9766845703125 -314.3067932128906
-949.7684326171875 -312.3839416503906
-948.4329223632812 -310.3948974609375
-949.2164916992188 -308.40008544921875
-949.3536987304688 -306.42120361328125
-948.3450317382812 -304.4224548339844
-949.8343505859375 -302.4227294921875
-951.81005859375 -300.42742919921875
-953.7022705078125 -298.43780517578125
-952.58349609375 -296.4395751953125
-954.1113891601562 -294.4403991699219
-955.1395874023438 -292.4429931640625
-954.2819213867188 -290.4436340332031
-955.99609375 -288.44439697265625
-957.7182006835938 -286.4468688964844
-959.2235107421875 -284.4475402832031
-959.9193725585938 -282.45123291015625
-959.0904541015625 -280.47918701171875
-957.963134765625 -278.4811096191406
-957.6343994140625 -276.4820861816406
-957.7772216796875 -274.4971008300781
-958.8452758789062 -272.4971618652344
-959.8357543945312 -270.4972229003906
-960.25830078125 -268.5004577636719
-958.5237426757812 -266.5043640136719
-958.6597290039062 -264.50518798828125
-960.6207885742188 -262.5052185058594
-961.9498291015625 -260.5052795410156
-962.4993896484375 -258.5055236816406
-963.9586181640625 -256.5508728027344
-962.2680053710938 -254.55784606933594
-960.461669921875 -252.56765747070312
-961.8333129882812 -250.56968688964844
-963.4758911132812 -248.5698699951172
-963.3499145507812 -246.57395935058594
-962.0424194335938 -244.62744140625
-960.5805053710938 -242.64141845703125
-962.4824829101562 -240.64193725585938
-964.44970703125 -238.64434814453125
-965.9808349609375 -236.6512908935547
-964.7400512695312 -234.6715545654297
-963.0418090820312 -232.7097930908203
-964.541748046875 -230.88966369628906
-964.0631103515625 -228.9830322265625
-963.1780395507812 -226.98716735839844
-965.0482177734375 -224.98757934570312
-966.9985961914062 -222.9875946044922
-968.9052734375 -220.98770141601562
-970.8963012695312 -218.98773193359375
-971.6968994140625 -216.9877471923828
-973.6878051757812 -214.9892578125
-975.6873168945312 -216.86337280273438
-977.6701049804688 -214.86351013183594
-979.6652221679688 -216.82086181640625
-981.6393432617188 -218.22921752929688
-983.0429077148438 -216.22955322265625
-985.042724609375 -216.5322723388672
-985.2428588867188 -214.53822326660156
-987.22265625 -215.99130249023438
-988.120849609375 -213.99176025390625
-990.09619140625 -215.29736328125
-992.0904541015625 -214.43051147460938
-994.0289916992188 -213.28660583496094
-995.880859375 -214.60829162597656
-997.8084106445312 -216.56973266601562
-997.0217895507812 -214.5717010498047
-998.8782348632812 -215.86105346679688
-999.36669921875 -213.86585998535156
-1001.2889404296875 -215.17572021484375
-1000.6077880859375 -216.48312377929688
-999.008056640625 -214.4833984375
-1000.9808959960938 -215.19302368164062
-1002.421630859375 -216.80064392089844
-1001.0265502929688 -214.8035125732422
-1002.8777465820312 -215.90203857421875
-1003.2459106445312 -213.9023895263672
-1003.748291015625 -214.0181884765625
-1005.4672241210938 -215.88229370117188
-1003.9798583984375 -213.88294982910156
-1004.1341552734375 -215.6201629638672
-1002.460205078125 -213.63600158691406
-1004.13916015625 -215.5450897216797
-1005.3211669921875 -213.54678344726562
-1006.8298950195312 -213.88804626464844
-1006.6707153320312 -215.24122619628906
-1004.8651733398438 -213.24847412109375
-1006.8175659179688 -215.16697692871094
-1004.8652954101562 -213.16835021972656
-1005.1731567382812 -214.6818084716797
-1005.3546142578125 -214.965087890625
-1003.4860229492188 -212.9663543701172
-1005.3302612304688 -214.1958465576172
-1005.2713623046875 -215.73374938964844
-1003.3848266601562 -213.73785400390625
-1004.359130859375 -215.40975952148438
-1002.42333984375 -213.41317749023438
-1004.3678588867188 -214.47694396972656
-1005.8900146484375 -215.7816162109375
-1004.228759765625 -213.79209899902344
-1005.644775390625 -215.28219604492188
-1003.999755859375 -213.2896270751953
-1004.1356811523438 -215.0009765625
-1006.0892333984375 -216.64926147460938
-1004.1600341796875 -214.6500701904297
-1005.3118896484375 -216.32089233398438
-1004.4090576171875 -214.3213348388672
-1002.7916870117188 -215.4657745361328
-1001.6925048828125 -213.4680938720703
-1003.570068359375 -213.80355834960938
-1003.8109130859375 -215.27774047851562
-1002.451904296875 -213.27911376953125
-1003.6728515625 -215.20526123046875
-1001.7020263671875 -213.20545959472656
-1003.6387939453125 -214.75588989257812
-1003.8555297851562 -214.12071228027344
-1003.5408325195312 -215.7069854736328
-1002.1423950195312 -213.70767211914062
-1002.7775268554688 -215.4560546875
-1002.6151733398438 -213.4562225341797
-1004.1905517578125 -215.22647094726562
-1002.4904174804688 -213.22686767578125
-1004.4453125 -215.06272888183594
-1002.6477661132812 -213.0735321044922
-1004.585693359375 -214.36892700195312
-1005.0989990234375 -216.1476287841797
-1003.2048950195312 -214.14901733398438
-1005.0902709960938 -215.04818725585938
-1004.0994262695312 -213.06011962890625
-1005.9207153320312 -214.68014526367188
-1006.802001953125 -216.34613037109375
-1004.8927001953125 -214.34828186035156
-1006.221923828125 -216.22537231445312
-1006.07470703125 -214.23362731933594
-1007.6294555664062 -216.19625854492188
-1005.6742553710938 -214.19903564453125
-1007.1310424804688 -216.0152130126953
-1006.8405151367188 -214.0160675048828
-1007.3872680664062 -213.5639190673828
-1008.76171875 -214.81932067871094
-1006.7862548828125 -212.82835388183594
-1004.8960571289062 -214.7493438720703
-1006.6531982421875 -215.78469848632812
-1004.7676391601562 -213.78472900390625
-1006.281005859375 -213.6382598876953
-1007.6392211914062 -215.19537353515625
-1005.7073974609375 -213.2035369873047
-1007.6001586914062 -214.23399353027344
-1009.524658203125 -214.68211364746094
-1009.5194091796875 -212.68557739257812
-1010.3121948242188 -214.44821166992188
-1008.8502197265625 -212.4668426513672
-1010.5194702148438 -214.44287109375
-1008.929443359375 -212.45521545410156
-1010.1265258789062 -212.34176635742188
-1011.3262329101562 -214.29367065429688
-1010.5000610351562 -212.2969512939453
-1012.0515747070312 -214.0059051513672
