-822.4271240234375 -362.3273620605469
-824.4185791015625 -364.324462890625
-822.692626953125 -362.41436767578125
-824.6895751953125 -364.4100341796875
-824.1141967773438 -362.660888671875
-826.1004638671875 -364.5785827636719
-826.49658203125 -362.6614990234375
-825.8493041992188 -361.2670593261719
-825.7188110351562 -359.32794189453125
-826.1238403320312 -361.222412109375
-826.5208740234375 -359.24713134765625
-828.4811401367188 -361.0932312011719
-827.4841918945312 -360.99322509765625
-826.9820556640625 -359.1866455078125
-828.9774780273438 -360.9156799316406
-827.0963745117188 -358.9502258300781
-829.0842895507812 -360.70245361328125
-827.3711547851562 -358.7779235839844
-825.76220703125 -356.84222412109375
-827.7105712890625 -358.7132568359375
-827.9462280273438 -359.07122802734375
-829.8801879882812 -357.4724426269531
-828.5706176757812 -355.5149841308594
-830.445556640625 -357.23321533203125
-831.0758666992188 -355.32427978515625
-829.2464599609375 -354.4229431152344
-828.793701171875 -352.5037841796875
-830.7843017578125 -351.26239013671875
-832.3056030273438 -349.3265380859375
-831.5841064453125 -347.3434143066406
-833.4118041992188 -345.3712158203125
-835.41015625 -343.3819274902344
-837.3550415039062 -345.341064453125
-839.338134765625 -343.34967041015625
-841.3277587890625 -345.3041076660156
-843.2902221679688 -343.3099670410156
-845.169677734375 -345.2771301269531
-847.1674194335938 -343.2845458984375
-849.0990600585938 -345.2145690917969
-851.0719604492188 -343.24090576171875
-852.5503540039062 -345.1154479980469
-854.5310668945312 -343.12957763671875
-856.4099731445312 -344.7972106933594
-858.4095458984375 -342.805419921875
-860.3080444335938 -344.2344055175781
-862.2413940429688 -344.2133483886719
-864.2052612304688 -346.189453125
-866.1943359375 -344.1938171386719
-866.0484619140625 -345.8522033691406
-867.9112548828125 -343.9106750488281
-869.904541015625 -345.6981506347656
-871.8409423828125 -343.72064208984375
-873.3344116210938 -345.2652893066406
-875.32763671875 -343.2973327636719
-877.1206665039062 -345.0377197265625
-879.095458984375 -343.07012939453125
-877.9024658203125 -341.38201904296875
-879.8814086914062 -343.3011779785156
-879.4503784179688 -342.07073974609375
-878.1954956054688 -341.0594787597656
-880.1348266601562 -342.8637390136719
-879.0122680664062 -341.0896911621094
-880.9559936523438 -342.89080810546875
-882.049072265625 -344.7666015625
-883.974365234375 -346.5148620605469
-885.962158203125 -348.4723205566406
-887.3844604492188 -346.5011901855469
-888.7295532226562 -348.283935546875
-890.7227172851562 -346.333740234375
-891.6368408203125 -348.319580078125
-893.6200561523438 -346.3247985839844
-895.6177978515625 -344.3618469238281
-893.7451782226562 -342.4214782714844
-895.7325439453125 -341.0887451171875
-893.8298950195312 -339.1318664550781
-895.8265380859375 -339.00830078125
-896.840087890625 -337.0480651855469
-897.51611328125 -335.1128234863281
-899.509521484375 -333.17889404296875
-898.64892578125 -334.82952880859375
-900.45458984375 -332.9273376464844
-901.5023803710938 -333.4992370605469
-900.4176025390625 -335.40521240234375
-902.3482055664062 -333.43341064453125
-903.7050170898438 -335.4248352050781
-905.6974487304688 -333.4583740234375
-907.5552978515625 -335.2369689941406
-909.5411376953125 -333.25921630859375
-909.5918579101562 -333.1864013671875
-911.3053588867188 -335.1437683105469
-912.72900390625 -337.0730285644531
-914.728515625 -335.08990478515625
-916.6583251953125 -337.0804443359375
-918.42919921875 -335.8826904296875
-920.1701049804688 -334.0963134765625
-922.0725708007812 -335.8609924316406
-924.0682373046875 -333.9054260253906
-925.8475952148438 -334.34368896484375
-927.8244018554688 -336.3321533203125
-929.8180541992188 -334.34979248046875
-931.7970581054688 -332.7740478515625
-933.7938842773438 -331.81732177734375
-935.7935791015625 -330.6759948730469
-937.7925415039062 -328.8055419921875
-939.7888793945312 -326.81689453125
-941.7828979492188 -324.85498046875
-943.7827758789062 -323.0003356933594
-945.7823486328125 -321.0165710449219
-947.7818603515625 -319.2464599609375
-949.7818603515625 -317.2725524902344
-951.6459350585938 -315.2901306152344
-953.6204833984375 -313.2939453125
-952.1171875 -314.2240295410156
-950.15625 -316.1508483886719
-952.149169921875 -314.1524353027344
-950.1986694335938 -313.8552551269531
-948.4042358398438 -314.7925109863281
-950.4042358398438 -312.91387939453125
-948.4683837890625 -314.50457763671875
-950.4683837890625 -312.57421875
-948.51318359375 -313.9639587402344
-946.53955078125 -313.2771301269531
-948.5391235351562 -311.7079162597656
-946.5431518554688 -312.652587890625
-948.5431518554688 -310.74102783203125
-946.6759643554688 -309.2179870605469
-948.6754150390625 -307.2351379394531
-946.7247924804688 -305.25006103515625
-948.7244262695312 -303.7479248046875
-947.1227416992188 -301.95135498046875
-949.122314453125 -299.9573974609375
-948.9239501953125 -298.82012939453125
-947.4473266601562 -296.82708740234375
-949.4472045898438 -295.02850341796875
-951.3665161132812 -293.4348449707031
-952.9553833007812 -291.53057861328125
-951.3323364257812 -289.91937255859375
-949.373779296875 -288.22918701171875
-947.8175048828125 -286.2337341308594
-949.0999755859375 -284.2564392089844
-947.1215209960938 -285.2748718261719
-949.1212158203125 -283.2852478027344
-947.9912109375 -282.1684265136719
-946.14599609375 -280.6029357910156
-948.1459350585938 -279.8119201660156
-946.6646118164062 -277.85400390625
-948.6643676757812 -275.8888854980469
-948.6983642578125 -274.2062072753906
-948.0633544921875 -272.4652099609375
-947.35595703125 -270.49774169921875
-945.961181640625 -268.6476745605469
-947.9609985351562 -266.702392578125
-949.071533203125 -264.7757263183594
-951.0595703125 -263.1853332519531
-951.459228515625 -261.2565002441406
-953.3809204101562 -259.3953857421875
-951.462890625 -261.2763671875
-953.380615234375 -259.7760009765625
-951.4035034179688 -260.6351623535156
-953.302001953125 -258.6573791503906
-951.3455810546875 -258.4421081542969
-951.3659057617188 -256.767333984375
-950.2088623046875 -258.2559814453125
-948.2393798828125 -256.3043518066406
-946.5062866210938 -255.04820251464844
-948.3201904296875 -253.34445190429688
-947.6559448242188 -252.01927185058594
-949.2620239257812 -250.1900634765625
-948.2615966796875 -249.68963623046875
-949.8489990234375 -248.85047912597656
-948.6607666015625 -248.130615234375
-947.2035522460938 -247.39598083496094
-949.1991577148438 -246.28839111328125
-947.2327270507812 -247.23135375976562
-949.2324829101562 -247.8136444091797
-948.1788330078125 -249.41563415527344
-947.0655517578125 -249.37672424316406
-949.0654296875 -250.60247802734375
-947.4407958984375 -248.73471069335938
-946.7099609375 -250.2373504638672
-948.70751953125 -251.22764587402344
-948.3910522460938 -249.5164337158203
-946.4080810546875 -250.6605224609375
-948.4078369140625 -251.91307067871094
-946.7816162109375 -251.22996520996094
-948.7815551757812 -251.1640625
-946.845947265625 -249.213134765625
-948.84521484375 -250.2645721435547
-949.3971557617188 -248.65170288085938
-947.5985717773438 -248.0714111328125
-945.9191284179688 -246.35269165039062
-947.9187622070312 -244.84083557128906
-945.949951171875 -243.33360290527344
-947.9490966796875 -241.45245361328125
-947.7880249023438 -239.67672729492188
-949.5841064453125 -237.87059020996094
-948.056884765625 -235.94651794433594
-948.2617797851562 -234.6176300048828
-949.6907348632812 -232.83396911621094
-949.1127319335938 -233.45947265625
-947.9534912109375 -233.9940948486328
-947.5985107421875 -232.92897033691406
-945.810546875 -234.530029296875
-947.8080444335938 -235.41468811035156
-947.5739135742188 -233.62841796875
-945.621337890625 -234.1658935546875
-947.6212768554688 -232.88800048828125
-945.7391967773438 -231.78919982910156
-947.7388916015625 -232.09371948242188
-945.8795166015625 -230.30616760253906
-947.8779907226562 -229.46084594726562
-946.4140014648438 -228.2552032470703
-948.4124145507812 -229.78775024414062
-947.3379516601562 -229.8998260498047
-946.3869018554688 -229.11676025390625
-948.38671875 -229.8658905029297
-946.7158813476562 -228.5777587890625
-947.9725952148438 -227.21182250976562
-949.26904296875 -225.22511291503906
-951.2568969726562 -223.2464141845703
-953.2467041015625 -221.44776916503906
-955.2308349609375 -219.4681854248047
-957.2296142578125 -217.49920654296875
-959.0885620117188 -215.5028839111328
-961.08837890625 -213.52720642089844
-962.4544677734375 -215.5271453857422
-964.4544677734375 -213.53001403808594
-966.4164428710938 -215.5299835205078
-968.4159545898438 -213.59173583984375
-970.1786499023438 -215.59161376953125
-972.155517578125 -217.59152221679688
-974.1508178710938 -215.6255645751953
-975.1139526367188 -217.62551879882812
-977.1121826171875 -215.64675903320312
-979.09033203125 -217.646728515625
-981.0902099609375 -215.7939453125
-982.4901123046875 -217.79393005371094
-984.4887084960938 -215.86378479003906
-983.770263671875 -217.86378479003906
-985.76953125 -215.89427185058594
-987.4497680664062 -217.89427185058594
-989.4482421875 -215.9397735595703
-991.447998046875 -215.26287841796875
-993.4327392578125 -217.26272583007812
-995.426513671875 -215.7480926513672
-997.4247436523438 -214.4298858642578
-999.3115844726562 -216.4298858642578
-1001.3111572265625 -214.47486877441406
-1002.4169311523438 -216.47486877441406
-1003.8616333007812 -214.5605926513672
-1002.4727172851562 -216.5605926513672
-1004.3966064453125 -214.8346405029297
-1004.9579467773438 -216.8346405029297
-1006.951416015625 -218.20712280273438
-1008.9397583007812 -218.6860809326172
-1010.9274291992188 -218.2656707763672
-1012.9058837890625 -217.6246795654297
-1014.6314086914062 -216.4212188720703
