-831.0206909179688 54.773624420166016
-832.9708862304688 52.773773193359375
-834.9483032226562 50.773841857910156
-832.9502563476562 48.78264236450195
-834.3501586914062 46.78264236450195
-836.3294677734375 44.7827262878418
-834.3302001953125 43.45488739013672
-832.3302612304688 41.56770324707031
-833.9632568359375 39.56770324707031
-831.9644775390625 37.59935760498047
-833.5296630859375 35.59939193725586
-831.536865234375 33.64201354980469
-833.5111694335938 31.642019271850586
-831.51220703125 29.797739028930664
-833.4622192382812 27.79775047302246
-831.4624633789062 25.81288719177246
-833.3627319335938 23.812923431396484
-831.3637084960938 21.813241958618164
-833.3181762695312 19.813247680664062
-831.3251953125 18.294137954711914
-832.97607421875 16.29414176940918
-830.982666015625 14.3115873336792
-832.96533203125 12.31159496307373
-834.9603271484375 10.312089920043945
-832.9954223632812 9.300329208374023
-834.7545776367188 7.305270195007324
-832.8101196289062 5.5918965339660645
-834.7584228515625 3.5982067584991455
-832.758544921875 2.027007579803467
-834.4838256835938 0.027040602639317513
-832.4937133789062 -1.9356422424316406
-834.2369384765625 -3.935579538345337
-836.1405639648438 -5.935355186462402
-834.1411743164062 -7.904796123504639
-836.1168212890625 -9.9036865234375
-834.1209716796875 -11.842254638671875
-836.1138916015625 -13.842218399047852
-834.1404418945312 -15.83871841430664
-836.1223754882812 -17.838573455810547
-834.1378784179688 -19.772520065307617
-832.1421508789062 -21.62624168395996
-834.037353515625 -23.624147415161133
-835.8253784179688 -25.62347984313965
-833.8267822265625 -27.615642547607422
-835.8261108398438 -29.61560821533203
-833.8277587890625 -31.576335906982422
-835.8170776367188 -33.5762939453125
-833.8196411132812 -35.56589889526367
-835.80712890625 -37.56585693359375
-833.8079223632812 -39.31834030151367
-835.799072265625 -41.31714630126953
-833.8101196289062 -43.128822326660156
-835.5556640625 -45.128379821777344
-833.6328735351562 -47.085655212402344
-835.3628540039062 -49.08563995361328
-833.3635864257812 -50.28415298461914
-834.7817993164062 -52.28248596191406
-832.7848510742188 -53.87895202636719
-834.7489624023438 -55.878658294677734
-832.74951171875 -57.8774299621582
-834.7477416992188 -59.87677001953125
-832.814208984375 -58.494014739990234
-833.63427734375 -60.49303436279297
-835.5271606445312 -62.49226379394531
-833.5344848632812 -62.46485900878906
-835.3028564453125 -64.46289825439453
-833.3073120117188 -63.030548095703125
-833.6865844726562 -65.0281982421875
-831.6881713867188 -67.01122283935547
-833.6044311523438 -69.0097427368164
-831.623046875 -70.98797607421875
-833.5110473632812 -72.98783874511719
-831.5125122070312 -74.79159545898438
-831.5812377929688 -76.79158782958984
-831.63134765625 -78.7582015991211
-832.7760009765625 -80.71489715576172
-834.587890625 -82.71473693847656
-832.6232299804688 -84.70781707763672
-833.7276000976562 -86.70736694335938
-831.7942504882812 -88.70013427734375
-833.7260131835938 -90.6980209350586
-831.7275390625 -92.67627716064453
-833.4656982421875 -94.67060852050781
-834.8424072265625 -96.67054748535156
-832.8427124023438 -98.65007781982422
-834.7472534179688 -100.6500244140625
-832.7490844726562 -102.61673736572266
-831.9966430664062 -104.61651611328125
-830.0162963867188 -106.61650848388672
-828.0513916015625 -108.61650848388672
-829.6764526367188 -107.9394302368164
-827.6796264648438 -109.9394302368164
-827.5625 -110.6127700805664
-828.1765747070312 -112.48767852783203
-829.8757934570312 -114.45423889160156
-830.0296020507812 -116.3277587890625
-830.99072265625 -118.31739044189453
-832.1141357421875 -120.1941909790039
-832.4981689453125 -122.19180297851562
-833.0850219726562 -124.16781616210938
-834.6318359375 -126.16748046875
-832.6326904296875 -127.93392181396484
-832.8031616210938 -129.92892456054688
-830.8827514648438 -131.91619873046875
-831.68798828125 -133.914306640625
-832.1553955078125 -135.89431762695312
-830.96484375 -137.89353942871094
-830.9559936523438 -139.85787963867188
-832.8485717773438 -141.40130615234375
-833.5361938476562 -143.3920135498047
-831.5488891601562 -145.38807678222656
-832.068115234375 -147.3839874267578
-830.531982421875 -149.3683319091797
-831.3616943359375 -151.3634490966797
-830.5604248046875 -153.16600036621094
-828.6701049804688 -155.16514587402344
-830.2072143554688 -157.15798950195312
-828.2272338867188 -159.15374755859375
-826.5468139648438 -161.1537322998047
