-833.5794677734375 54.773677825927734
-835.5611572265625 52.77811813354492
-833.5682983398438 51.0908088684082
-835.5589599609375 49.09181213378906
-833.5599975585938 47.09282684326172
-835.5435791015625 45.10149383544922
-833.54443359375 46.530330657958984
-835.5433349609375 44.53916549682617
-833.5433349609375 45.255279541015625
-835.5413208007812 43.279850006103516
-833.5419921875 42.427696228027344
-835.5390625 40.43050765991211
-833.5396728515625 42.05060958862305
-835.5387573242188 40.054832458496094
-833.5390014648438 39.00377655029297
-831.5438842773438 37.38359451293945
-833.46826171875 35.38606643676758
-831.4713134765625 33.52622985839844
-833.4149169921875 31.530658721923828
-831.4158325195312 30.032438278198242
-833.3148193359375 28.03276252746582
-831.33251953125 26.30489730834961
-833.2606811523438 24.35954475402832
-831.2734375 22.380998611450195
-833.2537231445312 20.392009735107422
-831.25634765625 18.40550994873047
-833.2547607421875 16.40625
-831.264892578125 14.407830238342285
-833.262939453125 12.40791130065918
-835.2567749023438 10.486003875732422
-833.2568969726562 8.9739351272583
-835.2503051757812 7.012426853179932
-833.25244140625 5.697614669799805
-835.2501831054688 3.720611095428467
-833.2509155273438 1.8723422288894653
-835.2474975585938 -0.10414916276931763
-833.2535400390625 -2.0588603019714355
-835.2525024414062 -4.058430194854736
-833.2960815429688 -5.942061901092529
-835.292724609375 -7.9387311935424805
-833.2965087890625 -9.920961380004883
-835.2940063476562 -11.919882774353027
-833.3155517578125 -13.917420387268066
-835.3140869140625 -15.91552734375
-833.3170166015625 -15.733917236328125
-835.2484741210938 -17.732913970947266
-833.252197265625 -19.620759963989258
-835.2487182617188 -21.595661163330078
-833.2543334960938 -23.574176788330078
-835.2047119140625 -25.564966201782227
-833.2078247070312 -27.483644485473633
-835.10107421875 -29.40713882446289
-833.149169921875 -31.35883140563965
-835.146240234375 -33.349754333496094
-833.186279296875 -35.33586120605469
-835.09375 -37.33022689819336
-833.195556640625 -39.17634582519531
-835.1799926757812 -41.1753044128418
-833.2703857421875 -43.15630340576172
-835.2605590820312 -45.1345329284668
-833.3046875 -46.91130828857422
-835.2610473632812 -48.91128921508789
-833.2655029296875 -50.88335418701172
-835.2594604492188 -52.81731414794922
-833.3068237304688 -54.72789001464844
-835.0034790039062 -56.71710968017578
-833.0253295898438 -58.71672439575195
-834.7490844726562 -60.69863510131836
-832.843017578125 -59.226619720458984
-834.6942138671875 -61.2214469909668
-832.6983032226562 -60.952091217041016
-834.5536499023438 -62.95063400268555
-832.555419921875 -61.66271209716797
-834.2684326171875 -62.91272735595703
-832.3023071289062 -62.3646240234375
-834.2813110351562 -64.35452270507812
-832.941162109375 -62.89593505859375
-834.8480224609375 -64.85922241210938
-832.8516845703125 -65.39765930175781
-834.6614379882812 -67.37937927246094
-832.6636352539062 -69.26860046386719
-834.6256103515625 -71.17781829833984
-832.6259155273438 -73.0521011352539
-834.5902099609375 -75.04959869384766
-832.610107421875 -77.03710174560547
-834.5438842773438 -78.73904418945312
-833.1141357421875 -80.73412322998047
-834.2652587890625 -82.7232666015625
-832.31005859375 -84.69587707519531
-834.28515625 -86.69126892089844
-832.29443359375 -88.66243743896484
-834.2861328125 -90.65875244140625
-832.3103637695312 -91.7320556640625
-834.152587890625 -93.7311782836914
-832.1570434570312 -95.69642639160156
-834.0819702148438 -97.387451171875
-832.1397094726562 -99.30448150634766
-834.1275634765625 -101.29459381103516
-832.1279907226562 -103.17219543457031
-834.0966796875 -105.17211151123047
-832.1197509765625 -107.1720962524414
-830.990478515625 -109.17208099365234
-832.0241088867188 -110.11392974853516
-832.3052368164062 -111.93633270263672
-834.128173828125 -111.44825744628906
-832.18310546875 -111.5760498046875
-830.3048095703125 -112.2370376586914
-830.3392944335938 -113.50389862060547
-832.3182373046875 -115.32200622558594
-832.86767578125 -117.22665405273438
-834.7431640625 -119.22183990478516
-832.8135375976562 -121.2100830078125
-834.6461791992188 -122.7213134765625
-832.6463623046875 -124.62088775634766
-834.1701049804688 -126.61002349853516
-832.1836547851562 -128.6007843017578
-833.9921264648438 -130.30674743652344
-833.2271728515625 -132.3014678955078
-834.2987060546875 -134.2796173095703
-832.3001098632812 -136.17713928222656
-830.35107421875 -138.16163635253906
-831.62646484375 -138.13279724121094
-830.957763671875 -137.08584594726562
-831.7122192382812 -139.08578491210938
-832.3394775390625 -139.5564422607422
-832.2105102539062 -141.2728729248047
-832.719970703125 -142.88124084472656
-831.15283203125 -144.8543243408203
-832.70849609375 -146.07398986816406
-830.968505859375 -147.31056213378906
-829.9735717773438 -148.81924438476562
-831.4136352539062 -150.78646850585938
-831.7146606445312 -151.8184356689453
-833.3383178710938 -153.2672119140625
-831.6316528320312 -154.98951721191406
-830.541259765625 -156.94912719726562
-830.667724609375 -158.69395446777344
-832.4055786132812 -160.68003845214844
-830.4286499023438 -162.63233947753906
-828.4585571289062 -164.62049865722656
