-833.612548828125 54.80913162231445
-835.6123046875 52.8107795715332
-833.6127319335938 50.94675827026367
-835.6117553710938 48.970428466796875
-833.6126098632812 47.04851150512695
-835.6126098632812 45.06100082397461
-833.6134033203125 43.373165130615234
-835.6128540039062 41.374568939208984
-833.613037109375 40.311248779296875
-831.61376953125 39.540279388427734
-833.6104125976562 37.59931945800781
-831.6109008789062 37.0213508605957
-833.60986328125 35.07200241088867
-831.6099243164062 34.25212478637695
-833.6097412109375 32.71833038330078
-831.60986328125 32.68185806274414
-833.6098022460938 30.685068130493164
-831.60986328125 28.732637405395508
-833.6095581054688 26.735448837280273
-831.6095581054688 24.747047424316406
-833.6094970703125 22.751848220825195
-831.6104736328125 20.77989387512207
-833.6104125976562 18.78839683532715
-831.6106567382812 17.373233795166016
-833.610595703125 15.374473571777344
-831.6283569335938 13.405413627624512
-833.6034545898438 11.40556526184082
-835.5992431640625 9.435574531555176
-833.599609375 7.445679187774658
-835.5991821289062 5.449097633361816
-833.5991821289062 5.0656280517578125
-835.5982055664062 3.1044092178344727
-833.5982055664062 1.174189567565918
-835.5982055664062 -0.8220521211624146
-833.5982055664062 -2.483877658843994
-835.59765625 -4.483567714691162
-833.59765625 -6.1032633781433105
-835.5975952148438 -8.103166580200195
-833.5975952148438 -10.019584655761719
-835.5975952148438 -12.018961906433105
-833.5975952148438 -13.933629989624023
-835.5946044921875 -15.933340072631836
-833.5960083007812 -17.88237762451172
-835.5956420898438 -19.881099700927734
-833.5956420898438 -21.529552459716797
-835.5953979492188 -23.52780532836914
-833.5953979492188 -25.32001304626465
-835.5948486328125 -27.319576263427734
-833.5949096679688 -29.287029266357422
-835.5949096679688 -31.28573989868164
-833.5950317382812 -32.82204818725586
-835.594482421875 -34.8157844543457
-833.594482421875 -36.80439758300781
-835.5900268554688 -38.80329513549805
-833.5900268554688 -40.77770233154297
-835.5887451171875 -42.77682876586914
-833.5887451171875 -44.75542068481445
-835.587646484375 -46.754600524902344
-833.587646484375 -47.91170120239258
-835.5701293945312 -49.90737533569336
-833.5701293945312 -51.864830017089844
-835.5701293945312 -53.86101531982422
-833.571044921875 -55.676612854003906
-835.554443359375 -57.675228118896484
-833.5767211914062 -59.62188720703125
-835.5297241210938 -61.62144470214844
-833.5303955078125 -63.313575744628906
-835.5235595703125 -65.31036376953125
-833.5237426757812 -67.20196533203125
-831.5238037109375 -69.18929290771484
-833.5231323242188 -71.18926239013672
-831.5231323242188 -73.14802551269531
-833.413330078125 -75.14766693115234
-831.413330078125 -76.8149642944336
-833.3678588867188 -78.81273651123047
-831.3681640625 -80.8033447265625
-833.3137817382812 -82.72237396240234
-835.2915649414062 -84.72016143798828
-833.2916259765625 -86.65070343017578
-835.0711059570312 -88.6485595703125
-833.0711669921875 -90.52279663085938
-834.9029541015625 -92.52102661132812
-832.9029541015625 -93.92926788330078
-834.8822631835938 -95.9271240234375
-832.8827514648438 -97.72552490234375
-834.8656005859375 -99.7254638671875
-832.86572265625 -101.6399917602539
-834.8599853515625 -103.63508605957031
-832.8603515625 -105.44943237304688
-831.6004028320312 -107.44628143310547
-830.007080078125 -109.44519805908203
-829.4959106445312 -111.4415283203125
-828.5902709960938 -113.41958618164062
-830.1995239257812 -115.38230895996094
-832.0658569335938 -117.37368774414062
-833.1150512695312 -119.37178039550781
-831.3603515625 -121.37039947509766
-831.4083251953125 -123.36476135253906
-830.2733764648438 -125.35916137695312
-831.7721557617188 -127.348876953125
-830.6827392578125 -129.34742736816406
-832.1795043945312 -131.3441619873047
-830.6672973632812 -133.34007263183594
-829.2733764648438 -135.31004333496094
-828.7540283203125 -137.30870056152344
-827.4263916015625 -139.2899932861328
-828.769287109375 -141.24227905273438
-829.0255737304688 -143.17906188964844
-830.9393310546875 -145.06781005859375
-831.380126953125 -147.05874633789062
-831.2802734375 -149.04542541503906
-831.7018432617188 -151.0449676513672
-830.001708984375 -153.04429626464844
-828.7978515625 -155.03860473632812
-830.362548828125 -156.6598663330078
-828.3662719726562 -158.62567138671875
-826.421142578125 -160.62301635742188
