-833.2850341796875 55.01210021972656
-835.2112426757812 53.06807327270508
-833.23388671875 51.433013916015625
-834.0267333984375 49.50513458251953
-835.952880859375 47.51197052001953
-834.5557250976562 45.51335525512695
-836.540283203125 43.521480560302734
-834.54248046875 41.785831451416016
-832.7708740234375 40.352298736572266
-834.74462890625 38.370182037353516
-832.7792358398438 37.70579528808594
-834.7620849609375 35.73321533203125
-832.7623291015625 34.304039001464844
-834.745361328125 32.48869705200195
-832.763671875 30.55686378479004
-830.7664794921875 28.587852478027344
-832.5468139648438 26.778919219970703
-830.8026733398438 24.958404541015625
-832.8025512695312 23.344711303710938
-830.8377685546875 21.346004486083984
-832.8187255859375 19.990276336669922
-834.8176879882812 18.05180549621582
-832.8397216796875 16.29825210571289
-830.84912109375 14.318924903869629
-832.84228515625 12.31959342956543
-834.83935546875 12.948442459106445
-832.875732421875 10.96819019317627
-834.8723754882812 8.992015838623047
-832.8928833007812 7.614053249359131
-834.8694458007812 5.798100471496582
-833.3910522460938 3.8771297931671143
-835.3101196289062 1.9121328592300415
-833.31494140625 0.006170929409563541
-835.2280883789062 -1.9698405265808105
-833.3741455078125 -3.8564698696136475
-835.2876586914062 -5.838912487030029
-833.2938842773438 -7.627572059631348
-835.2919921875 -9.603263854980469
-833.29345703125 -11.553033828735352
-835.276123046875 -13.551876068115234
-834.1212158203125 -15.547014236450195
-836.08544921875 -17.508100509643555
-834.1887817382812 -19.144412994384766
-832.3916015625 -21.06021499633789
-834.3875732421875 -23.056154251098633
-832.4024658203125 -25.025846481323242
-834.3961791992188 -27.004898071289062
-832.3961791992188 -28.982715606689453
-834.2589721679688 -30.978723526000977
-836.086181640625 -32.948692321777344
-834.0865478515625 -34.86600875854492
-836.079345703125 -36.617958068847656
-834.0798950195312 -38.58839416503906
-836.0743408203125 -40.42096710205078
-834.0743408203125 -42.373722076416016
-835.9750366210938 -44.36677169799805
-833.9765014648438 -46.350791931152344
-835.2229614257812 -48.33729934692383
-833.2288818359375 -50.32790756225586
-835.1976928710938 -52.29786682128906
-833.2933959960938 -54.28853988647461
-834.8019409179688 -56.06529235839844
-832.8104248046875 -58.058677673339844
-834.7427368164062 -60.02497863769531
-833.0255126953125 -60.56718826293945
-834.8489990234375 -62.564170837402344
-832.8763427734375 -64.46466827392578
-834.65771484375 -66.44026947021484
-832.6688232421875 -68.22461700439453
-834.6148681640625 -70.22345733642578
-832.6195678710938 -72.15841674804688
-834.614013671875 -74.15092468261719
-832.61865234375 -76.13411712646484
-830.628662109375 -78.09211730957031
-832.6038208007812 -78.44815826416016
-834.6026611328125 -80.43964385986328
-832.6033935546875 -82.36449432373047
-834.4725341796875 -83.8774185180664
-832.4806518554688 -85.87519836425781
-833.62158203125 -87.77025604248047
-831.6226806640625 -89.75933074951172
-833.4896240234375 -91.71934509277344
-835.3248901367188 -93.65975952148438
-833.3252563476562 -95.64907836914062
-835.1921997070312 -97.61090850830078
-833.197509765625 -99.56094360351562
-834.2510986328125 -101.5589828491211
-832.2515869140625 -103.5269775390625
-833.4685668945312 -105.52666473388672
-831.4751586914062 -107.52481842041016
-829.5577392578125 -109.52469635009766
-829.868896484375 -111.45813751220703
-828.7149047851562 -113.06635284423828
-830.5687866210938 -114.9863510131836
-832.2741088867188 -116.60163879394531
-832.8858032226562 -118.56280517578125
-834.8162841796875 -120.5501708984375
-832.8163452148438 -122.52718353271484
-831.3924560546875 -124.49666595458984
-833.2986450195312 -126.32978057861328
-834.9619140625 -128.32411193847656
-832.969482421875 -130.24148559570312
-833.7322387695312 -132.19725036621094
-835.5570678710938 -134.19546508789062
-833.5576782226562 -136.03965759277344
-834.1950073242188 -138.03366088867188
-832.1974487304688 -139.9766082763672
-832.672607421875 -141.9467315673828
-832.9525146484375 -143.91751098632812
-832.224365234375 -145.9102783203125
-830.5473022460938 -147.63156127929688
-830.415283203125 -149.6268768310547
-830.6449584960938 -151.42828369140625
-832.1715698242188 -153.33973693847656
-830.8534545898438 -155.1597442626953
-829.290771484375 -156.5820770263672
-831.2764282226562 -158.56393432617188
-830.180419921875 -160.54698181152344
-828.2215576171875 -162.54678344726562
