-779.0032348632812 -308.42987060546875
-780.9954833984375 -310.4297790527344
-782.9934692382812 -312.4294738769531
-784.9934692382812 -310.42962646484375
-786.9911499023438 -312.42840576171875
-788.9911499023438 -310.428466796875
-790.9894409179688 -312.4281921386719
-792.9893188476562 -310.42999267578125
-794.91064453125 -312.42877197265625
-796.9094848632812 -314.428466796875
-798.9092407226562 -312.4299011230469
-800.907958984375 -314.42938232421875
-802.9077758789062 -312.42999267578125
-804.9074096679688 -314.42828369140625
-806.9070434570312 -312.4284362792969
-808.9052124023438 -314.4189758300781
-810.90478515625 -312.4198913574219
-812.8652954101562 -314.41949462890625
-814.8645629882812 -312.4195556640625
-816.8631591796875 -314.418212890625
-818.8623046875 -312.4182434082031
-820.8612670898438 -314.4165954589844
-822.8607788085938 -312.4181823730469
-824.859375 -310.4195861816406
-826.83056640625 -312.4192199707031
-828.8299560546875 -310.4204406738281
-830.7711791992188 -312.41436767578125
-832.761962890625 -314.3641052246094
-834.7603759765625 -312.3650817871094
-836.6904907226562 -314.3639831542969
-838.690185546875 -312.36468505859375
-840.6171875 -314.3514099121094
-842.5668334960938 -312.3515319824219
-844.5543212890625 -314.3099670410156
-846.5192260742188 -312.3115539550781
-848.5030517578125 -314.2778015136719
-850.501953125 -312.27899169921875
-852.28857421875 -314.2679443359375
-854.2767333984375 -312.275634765625
-856.2533569335938 -314.23297119140625
-858.2482299804688 -312.2331237792969
-860.2457275390625 -310.2341003417969
-862.2167358398438 -312.2052307128906
-864.2160034179688 -310.2312316894531
-866.1503295898438 -312.21685791015625
-868.1495361328125 -310.2247009277344
-870.1463012695312 -311.9460754394531
-872.1255493164062 -309.9474792480469
-874.1181030273438 -311.5379638671875
-876.04443359375 -313.35546875
-878.0354614257812 -311.3601989746094
-879.9577026367188 -312.9292907714844
-881.2599487304688 -314.8809509277344
-883.2581176757812 -312.8955383300781
-885.2564086914062 -310.939697265625
-887.21337890625 -312.8984069824219
-889.2059936523438 -310.9093322753906
-891.1568603515625 -312.32794189453125
-892.4139404296875 -314.07293701171875
-894.4118041992188 -312.18084716796875
-896.4067993164062 -314.1270446777344
-898.0560913085938 -312.1710510253906
-900.0371704101562 -313.65167236328125
-901.1372680664062 -311.65972900390625
-903.1364135742188 -313.6368103027344
-905.1009521484375 -311.63861083984375
-906.9820556640625 -309.639404296875
-908.476318359375 -311.1679382324219
-910.37890625 -313.06988525390625
-912.33642578125 -311.1560974121094
-914.2343139648438 -312.8704528808594
-916.2080078125 -310.87689208984375
-918.2071533203125 -311.94854736328125
-920.2059936523438 -309.9817199707031
-922.2045288085938 -311.8746032714844
-923.8118896484375 -311.32403564453125
-925.761962890625 -313.14801025390625
-927.7352294921875 -311.1632995605469
-929.73486328125 -310.21966552734375
-931.7324829101562 -310.148681640625
-933.7323608398438 -309.1004943847656
-935.7297973632812 -307.25225830078125
-937.729736328125 -305.3675537109375
-939.7291870117188 -303.407958984375
-941.7290649414062 -301.46173095703125
-943.7290649414062 -299.4796447753906
-945.7290649414062 -297.4806213378906
-947.72900390625 -295.4856262207031
-949.72900390625 -293.4880676269531
-950.0039672851562 -291.48876953125
-951.8331909179688 -289.4901123046875
-951.6787109375 -287.4920654296875
-952.450927734375 -285.4971923828125
-953.0158081054688 -283.5039978027344
-951.9049072265625 -281.516845703125
-950.19189453125 -279.5640563964844
-951.8670043945312 -277.5648193359375
-950.3776245117188 -275.5988464355469
-948.967041015625 -273.6097717285156
-948.1724243164062 -271.6197814941406
-949.1419067382812 -269.6252136230469
-950.4053955078125 -267.62664794921875
-951.8172607421875 -265.63323974609375
-953.3477783203125 -263.6394958496094
-954.6492309570312 -261.6416931152344
-953.7440185546875 -259.6439208984375
-952.1002807617188 -257.6800537109375
-950.4388427734375 -255.71090698242188
-949.05126953125 -253.723388671875
-949.4066162109375 -251.72386169433594
-948.0204467773438 -249.73248291015625
-949.1915893554688 -247.92396545410156
-947.5922241210938 -245.92892456054688
-946.4099731445312 -243.929443359375
-948.4099731445312 -241.95767211914062
-949.5602416992188 -240.03433227539062
-950.1520385742188 -238.0453643798828
-950.9728393554688 -236.06082153320312
-951.3818359375 -234.06634521484375
-950.7576293945312 -232.10134887695312
-949.2736206054688 -230.10211181640625
-951.1749877929688 -228.1041259765625
-952.8822631835938 -226.10739135742188
-954.820068359375 -224.10836791992188
-956.7582397460938 -222.12120056152344
-958.7452392578125 -220.17929077148438
-960.7338256835938 -218.2047576904297
-962.7306518554688 -216.2648468017578
-964.7305297851562 -214.27215576171875
-966.7083129882812 -215.66275024414062
-968.7079467773438 -213.69573974609375
-967.3779907226562 -212.1505889892578
-967.0216064453125 -210.50828552246094
-967.6747436523438 -210.2103271484375
-969.0034790039062 -208.4362030029297
-970.5648803710938 -209.06503295898438
-970.392822265625 -210.31973266601562
-969.6895141601562 -210.11297607421875
-967.7147827148438 -211.25657653808594
-967.9768676757812 -209.42330932617188
-966.390380859375 -209.44371032714844
-966.5379638671875 -208.40296936035156
-965.2282104492188 -207.37301635742188
-963.2831420898438 -206.44386291503906
-961.8843994140625 -204.6603240966797
-962.4286499023438 -204.21473693847656
-963.302734375 -202.3134765625
-962.0388793945312 -200.447265625
-962.5902099609375 -198.8320770263672
-960.8807373046875 -196.84832763671875
-959.0001220703125 -194.9010009765625
-960.1429443359375 -192.9046173095703
-962.0657958984375 -190.9340362548828
-962.819580078125 -188.9401397705078
-961.0467529296875 -186.9619598388672
-962.9954223632812 -184.96392822265625
-964.9918823242188 -182.964599609375
-964.357421875 -182.68215942382812
-963.1625366210938 -182.88478088378906
-962.4742431640625 -182.02920532226562
-961.5714111328125 -180.1659393310547
-963.3668823242188 -178.19056701660156
-961.8419189453125 -176.20523071289062
-960.496337890625 -174.22503662109375
-961.0155639648438 -173.03125
-962.6719970703125 -171.20352172851562
-964.424560546875 -169.20664978027344
