-879.7443237304688 -177.55711364746094
-881.5335693359375 -179.5569305419922
-883.5283203125 -181.55682373046875
-885.5272827148438 -179.59959411621094
-887.5270385742188 -181.5995330810547
-889.51904296875 -179.6051788330078
-891.5164184570312 -181.6051025390625
-893.5162963867188 -183.60496520996094
-891.8230590820312 -185.5179443359375
-893.822998046875 -185.5135040283203
-891.8897094726562 -187.5110321044922
-893.8896484375 -188.5052947998047
-892.0026245117188 -190.5043182373047
-894.0026245117188 -192.50328063964844
-893.6781616210938 -194.5028533935547
-891.6818237304688 -196.49972534179688
-893.6818237304688 -198.4252166748047
-891.6950073242188 -200.42434692382812
-893.6948852539062 -202.4232940673828
-894.9091796875 -204.4086456298828
-893.203369140625 -206.3867950439453
-894.5731201171875 -208.38641357421875
-892.579345703125 -210.38174438476562
-894.579345703125 -212.380615234375
-892.99072265625 -214.38046264648438
-891.0279541015625 -216.38009643554688
-893.0259399414062 -218.37940979003906
-891.0547485351562 -220.37831115722656
-893.0546264648438 -222.37713623046875
-895.0216064453125 -224.37689208984375
-897.0180053710938 -226.3768310546875
-899.0178833007812 -228.3759765625
-900.9978637695312 -226.4741973876953
-902.9974975585938 -228.47409057617188
-904.9945678710938 -226.6031951904297
-906.994384765625 -228.60301208496094
-908.9837646484375 -226.6182403564453
-910.9835815429688 -228.6182098388672
-912.9008178710938 -226.74342346191406
-914.9004516601562 -228.74342346191406
-916.8956298828125 -226.75904846191406
-918.8949584960938 -228.75901794433594
-920.8834228515625 -226.84564208984375
-922.8832397460938 -228.84555053710938
-924.8598022460938 -226.85154724121094
-926.859619140625 -228.85125732421875
-928.8594360351562 -227.41688537597656
-930.8529052734375 -229.4136199951172
-932.8527221679688 -230.72607421875
-934.8527221679688 -229.65005493164062
-936.8527221679688 -231.58152770996094
-938.8525390625 -233.4906005859375
-940.8524780273438 -235.46160888671875
-942.8524169921875 -236.99533081054688
-944.8524169921875 -238.92489624023438
-946.8522338867188 -240.7051544189453
-948.8522338867188 -242.54269409179688
-946.8607177734375 -244.54026794433594
-948.8607177734375 -246.34127807617188
-947.1866455078125 -248.34117126464844
-949.1863403320312 -248.62120056152344
-947.8949584960938 -250.61911010742188
-945.9366455078125 -252.59190368652344
-947.9364013671875 -254.48707580566406
-945.9755249023438 -256.4806213378906
-947.975341796875 -258.3016357421875
-946.1367797851562 -260.30072021484375
-948.1360473632812 -262.2425842285156
-948.8406372070312 -263.7039794921875
-947.9110717773438 -265.48956298828125
-946.0 -267.26251220703125
-947.9937744140625 -269.2405700683594
-949.9342651367188 -270.9019775390625
-948.3936157226562 -272.8714294433594
-949.5652465820312 -274.7502136230469
-947.9583129882812 -276.7481384277344
-947.544189453125 -278.74005126953125
-946.1824951171875 -280.607666015625
-948.1823120117188 -282.4524230957031
-946.8072509765625 -284.1958312988281
-948.8072509765625 -282.4950866699219
-947.2843017578125 -284.4183044433594
-945.9515380859375 -285.0771179199219
-947.9511108398438 -287.01190185546875
-946.1439819335938 -288.9595031738281
-948.1432495117188 -287.2935485839844
-948.7141723632812 -288.7270202636719
-948.6829833984375 -290.6709899902344
-947.5300903320312 -292.64617919921875
-949.530029296875 -293.11328125
-947.8744506835938 -294.9356689453125
-947.0657348632812 -296.42681884765625
-949.0653076171875 -294.5162048339844
-947.1400146484375 -296.3869934082031
-949.1397705078125 -295.6930236816406
-947.67431640625 -296.9129333496094
-949.6736450195312 -298.405029296875
-947.8974609375 -299.92608642578125
-946.2467651367188 -299.69140625
-948.2427978515625 -298.611328125
-946.8684692382812 -299.1057434082031
-948.8681640625 -297.943115234375
-947.3017578125 -296.3598937988281
-949.3016357421875 -296.0639343261719
-947.4016723632812 -297.95648193359375
-949.401611328125 -297.05255126953125
-947.46240234375 -298.86773681640625
-949.4617919921875 -298.94561767578125
-950.9662475585938 -297.4912414550781
-952.5216064453125 -299.24078369140625
-952.2579956054688 -298.05010986328125
-950.988037109375 -299.8556213378906
-951.6734008789062 -301.451171875
-951.6047973632812 -302.9141845703125
-951.371337890625 -302.0322570800781
-950.13330078125 -303.74285888671875
-950.7527465820312 -304.0086975097656
-948.797119140625 -303.4569091796875
-949.5604858398438 -305.2886657714844
-948.0765991210938 -306.2738037109375
-948.3170166015625 -305.7472839355469
-946.8010864257812 -306.18914794921875
-948.7974243164062 -306.6734619140625
-947.6497802734375 -308.1270751953125
-949.6483764648438 -308.749267578125
-949.0258178710938 -309.8100280761719
-947.80859375 -311.3536376953125
-948.4078369140625 -313.2218933105469
-946.9877319335938 -315.1144104003906
-948.9876708984375 -313.2322082519531
-949.5337524414062 -315.1695861816406
-951.5155639648438 -313.1744689941406
-950.5765380859375 -315.1448669433594
-952.4688720703125 -313.1455383300781
-954.1660766601562 -314.67974853515625
-956.15869140625 -312.7064208984375
-956.8717041015625 -314.58966064453125
-958.870849609375 -312.59698486328125
-960.3956298828125 -314.4456481933594
-962.3855590820312 -312.4517517089844
-964.1040649414062 -314.44384765625
-966.0834350585938 -312.4453430175781
-968.0713500976562 -314.4451599121094
-970.0589599609375 -312.4453125
-972.033935546875 -314.44476318359375
-974.0221557617188 -312.4454040527344
-975.8214111328125 -314.4444274902344
-977.60009765625 -316.4443359375
-979.56787109375 -314.4606018066406
-981.563720703125 -316.4605712890625
-983.519287109375 -314.46185302734375
-985.4889526367188 -312.4656066894531
-987.4381713867188 -314.46539306640625
-989.3680419921875 -312.4681091308594
-990.4746704101562 -314.4667053222656
-991.860595703125 -312.49176025390625
-993.3621215820312 -314.48492431640625
-995.259033203125 -312.5152587890625
-996.6192016601562 -314.5150451660156
-998.1074829101562 -312.5198974609375
-1000.0546264648438 -314.5073547363281
-1001.9302978515625 -312.5108337402344
-1003.9129638671875 -310.5116271972656
-1003.927734375 -312.497314453125
-1005.921142578125 -310.5014343261719
-1007.7518310546875 -312.4983825683594
-1007.9376220703125 -314.4903564453125
-1009.9238891601562 -312.6033020019531
-1008.2445678710938 -314.6032409667969
-1010.2008056640625 -312.99591064453125
-1008.3170776367188 -314.99578857421875
-1010.3032836914062 -313.23809814453125
-1008.56689453125 -315.23724365234375
-1010.5643310546875 -313.2652587890625
-1009.045654296875 -315.2650146484375
-1011.029052734375 -313.3035583496094
-1011.9202270507812 -315.3034362792969
-1013.8704833984375 -314.33184814453125
-1012.13427734375 -316.331787109375
-1014.1339721679688 -314.4467468261719
-1012.2023315429688 -316.4462890625
-1014.1940307617188 -314.6373291015625
-1012.296875 -316.63580322265625
-1014.2915649414062 -315.19146728515625
-1012.572265625 -317.1861877441406
-1014.5496215820312 -315.6591491699219
-1012.6481323242188 -317.6590881347656
-1014.6199951171875 -316.1605529785156
-1012.7423706054688 -318.1605224609375
-1014.6389770507812 -317.23040771484375
-1016.5678100585938 -315.2423095703125
-1014.5825805664062 -317.2422180175781
-1016.5797119140625 -315.48223876953125
-1014.8197631835938 -317.48114013671875
-1016.6871337890625 -315.65869140625
-1015.2752075195312 -317.6578674316406
-1017.2739868164062 -318.0609130859375
-1016.14453125 -320.060791015625
-1018.1234741210938 -318.67303466796875
