-1103.60107421875 10.6780424118042
-1101.60107421875 10.704532623291016
-1099.60107421875 12.46444320678711
-1097.6011962890625 10.4655122756958
-1095.6015625 12.425207138061523
-1093.6015625 14.394412994384766
-1091.6024169921875 16.394222259521484
-1089.6025390625 14.397010803222656
-1087.6025390625 16.392715454101562
-1085.6025390625 14.392821311950684
-1083.6026611328125 12.39346694946289
-1081.6026611328125 14.38525104522705
-1079.60302734375 12.452841758728027
-1077.60302734375 14.431427001953125
-1075.60302734375 12.431756019592285
-1073.6031494140625 14.365914344787598
-1071.603271484375 12.3665771484375
-1069.603271484375 14.355548858642578
-1067.603271484375 12.360520362854004
-1065.6033935546875 14.356831550598145
-1063.6033935546875 12.358663558959961
-1061.603515625 14.354959487915039
-1059.603515625 12.358572959899902
-1057.603515625 14.349854469299316
-1055.6036376953125 12.353813171386719
-1053.603759765625 14.352761268615723
-1051.603759765625 12.353477478027344
-1049.6048583984375 14.35172176361084
-1047.6048583984375 12.352275848388672
-1045.6048583984375 14.35148811340332
-1043.6048583984375 12.351665496826172
-1041.605224609375 14.33398723602295
-1039.6053466796875 12.33423137664795
-1037.6053466796875 14.055379867553711
-1035.606201171875 16.040245056152344
-1033.60888671875 14.1473970413208
-1031.609130859375 16.13594627380371
-1029.609619140625 14.152748107910156
-1027.609619140625 12.15361499786377
-1025.610107421875 14.11783218383789
-1023.6100463867188 12.118005752563477
-1021.610107421875 14.075396537780762
-1019.610107421875 12.07556438446045
-1017.6109008789062 13.994224548339844
-1015.6109008789062 11.994818687438965
-1013.6112670898438 13.898752212524414
-1011.6112670898438 11.900164604187012
-1009.611328125 13.897089004516602
-1007.611328125 11.897134780883789
-1005.6690063476562 13.810301780700684
-1003.6690063476562 11.810352325439453
-1001.670654296875 13.709969520568848
-999.670654296875 11.710159301757812
-997.6715698242188 13.670019149780273
-995.6715698242188 11.670439720153809
-993.6715698242188 9.672215461730957
-991.6836547851562 11.500938415527344
-989.6836547851562 9.501227378845215
-987.6837158203125 11.467494010925293
-985.6837158203125 9.467516899108887
-983.6837768554688 11.326955795288086
-981.683837890625 9.326976776123047
-979.6929321289062 11.313283920288086
-977.6929321289062 9.313624382019043
-975.6929931640625 10.539801597595215
-973.69384765625 12.245862007141113
-971.6943359375 14.235876083374023
-969.6943359375 12.236226081848145
-967.6947021484375 14.158592224121094
-965.6947021484375 12.159772872924805
-963.6951293945312 14.149127960205078
-961.6951293945312 12.149165153503418
-959.696044921875 13.788259506225586
-957.696044921875 11.788274765014648
-955.6961059570312 13.29189395904541
-953.6961059570312 11.301831245422363
-951.6965942382812 13.24880313873291
-949.6966552734375 11.249249458312988
-947.6966552734375 12.716371536254883
-945.6966552734375 10.71683406829834
-943.7006225585938 12.668783187866211
-941.70068359375 10.669528007507324
-939.7012329101562 12.4912691116333
-937.7012329101562 10.491973876953125
-935.701416015625 12.256902694702148
-933.7017822265625 14.25523567199707
-931.7017822265625 12.256155967712402
-929.701904296875 14.245092391967773
-927.701904296875 12.248851776123047
-925.7021484375 13.664085388183594
-923.7021484375 11.6641206741333
-921.702392578125 13.637060165405273
-919.702392578125 11.63888931274414
-917.7024536132812 11.675700187683105
-915.7025146484375 9.695500373840332
-913.7026977539062 7.695937156677246
-911.7028198242188 9.65811824798584
-909.7028198242188 7.658434867858887
-907.7971801757812 9.53782844543457
-906.215576171875 11.495559692382812
-904.2387084960938 13.448917388916016
-902.23876953125 11.462550163269043
-900.23974609375 13.45919418334961
-898.23974609375 11.45932388305664
-896.2415161132812 13.443353652954102
-894.2420043945312 11.443419456481934
-892.2540283203125 13.431722640991211
-890.2540283203125 11.432901382446289
-888.2546997070312 13.351173400878906
-886.2547607421875 11.351945877075195
-884.2652587890625 13.325807571411133
-882.2653198242188 11.326850891113281
-880.546142578125 13.311187744140625
-878.546142578125 11.311293601989746
-877.2188720703125 13.284245491027832
-875.2266235351562 11.284360885620117
-873.9677734375 13.2818603515625
-871.9678344726562 11.28276538848877
-870.0343627929688 13.26642894744873
-868.0343627929688 11.271390914916992
-866.7611083984375 13.246417999267578
-864.7611083984375 11.247147560119629
-862.8214721679688 13.228259086608887
-860.8272094726562 11.23193073272705
-858.88720703125 13.226818084716797
-860.6262817382812 15.220723152160645
-858.6272583007812 13.220843315124512
-857.6538696289062 15.217244148254395
-855.65478515625 13.242518424987793
-853.8408203125 11.421091079711914
-855.3815307617188 13.413989067077637
-853.4158325195312 11.419443130493164
-851.822998046875 13.39296817779541
-849.8246459960938 11.393265724182129
-848.6527709960938 13.356451988220215
-846.6571655273438 11.360780715942383
-846.1653442382812 13.357481002807617
-844.1681518554688 11.371386528015137
-846.102783203125 13.357300758361816
-844.109619140625 11.35886001586914
-845.6434936523438 13.35776138305664
-843.6466674804688 11.357924461364746
-842.103515625 13.345020294189453
-840.140625 11.345738410949707
-840.436279296875 13.309329986572266
-838.436279296875 11.31094741821289
-839.8009033203125 13.310273170471191
-837.8091430664062 11.310639381408691
