-1103.6046142578125 11.378386497497559
-1101.604736328125 12.874090194702148
-1099.604736328125 11.847179412841797
-1097.604736328125 10.132636070251465
-1095.604736328125 11.200782775878906
-1093.6051025390625 11.844918251037598
-1091.6051025390625 13.342721939086914
-1089.6053466796875 14.588573455810547
-1087.605712890625 13.15217113494873
-1085.6060791015625 13.482123374938965
-1083.6090087890625 14.184430122375488
-1081.609130859375 12.380353927612305
-1079.610595703125 12.297697067260742
-1077.6107177734375 13.29813003540039
-1075.6107177734375 14.80663013458252
-1073.6107177734375 13.44915771484375
-1071.6109619140625 13.994133949279785
-1069.6109619140625 15.794466972351074
-1067.6109619140625 16.108938217163086
-1065.611328125 14.892067909240723
-1063.6279296875 13.312158584594727
-1061.62841796875 14.202085494995117
-1059.62841796875 13.18637466430664
-1057.62890625 14.549795150756836
-1055.62890625 15.142756462097168
-1053.631103515625 13.186264991760254
-1051.63232421875 14.933140754699707
-1049.63232421875 15.892436981201172
-1047.633544921875 14.067648887634277
-1045.6336669921875 15.098211288452148
-1043.6339111328125 14.574531555175781
-1041.6339111328125 15.96751594543457
-1039.634033203125 14.7339448928833
-1037.6351318359375 15.299056053161621
-1035.6373291015625 14.553507804870605
-1033.6383056640625 14.041610717773438
-1031.638427734375 13.718303680419922
-1029.6405029296875 15.32448673248291
-1027.640625 16.154348373413086
-1025.6417236328125 15.734890937805176
-1023.6417236328125 15.104022979736328
-1021.6463623046875 14.292600631713867
-1019.6464233398438 12.757333755493164
-1017.6744995117188 14.179987907409668
-1015.6744995117188 13.788348197937012
-1013.678955078125 12.961270332336426
-1011.688720703125 12.153526306152344
-1009.689208984375 12.589958190917969
-1007.6892700195312 13.487251281738281
-1005.6898803710938 13.360260009765625
-1003.6900634765625 12.508427619934082
-1001.690185546875 13.342998504638672
-999.69140625 12.647324562072754
-997.6917114257812 12.397271156311035
-995.6935424804688 11.683206558227539
-993.6962280273438 10.400233268737793
-991.699951171875 12.287496566772461
-989.7002563476562 11.387787818908691
-987.7048950195312 9.57243824005127
-985.7053833007812 10.940650939941406
-983.7054443359375 11.462858200073242
-981.7078857421875 10.971067428588867
-979.7080078125 10.597650527954102
-977.7088012695312 9.563018798828125
-975.7091064453125 11.501502990722656
-973.7176513671875 11.189905166625977
-971.718017578125 12.264530181884766
-969.7180786132812 12.872801780700684
-967.7191772460938 13.857121467590332
-965.7196655273438 12.887642860412598
-963.7224731445312 11.990947723388672
-961.7232055664062 12.860333442687988
-959.7237548828125 14.676616668701172
-957.7342529296875 12.951212882995605
-955.7344360351562 12.721590995788574
-953.741943359375 13.010575294494629
-951.742431640625 13.651041984558105
-949.7427978515625 13.039596557617188
-947.746337890625 11.950267791748047
-945.7490234375 10.97609806060791
-943.7534790039062 9.146924018859863
-941.760009765625 8.16283130645752
-939.7618408203125 9.826104164123535
-937.7963256835938 9.346083641052246
-935.7963256835938 10.003976821899414
-933.7965698242188 10.988584518432617
-931.796630859375 11.46360969543457
-929.7966918945312 11.754570007324219
-927.8101806640625 12.744233131408691
-925.8544311523438 12.514883041381836
-923.8621826171875 14.173851013183594
-921.8623657226562 12.378029823303223
-919.8632202148438 11.186437606811523
-917.8656005859375 13.041425704956055
-915.8734741210938 11.454238891601562
-913.874267578125 10.740218162536621
-911.883544921875 8.964789390563965
-909.8840942382812 10.460884094238281
-907.9468383789062 9.61500358581543
-905.9470825195312 10.274364471435547
-903.9474487304688 9.330082893371582
-901.9560546875 10.015148162841797
-899.956298828125 11.135944366455078
-897.9574584960938 13.07727336883545
-896.0282592773438 12.62558364868164
-894.02978515625 13.670550346374512
-892.0302124023438 11.765042304992676
-890.080078125 13.634660720825195
-888.08203125 14.199850082397461
-886.084228515625 15.607714653015137
-884.0894775390625 14.39618968963623
-882.090576171875 13.511003494262695
-880.1027221679688 13.690324783325195
-878.1185302734375 13.202679634094238
-876.12841796875 11.537437438964844
-874.1329956054688 12.77988052368164
-872.22607421875 14.356546401977539
-870.2308959960938 13.270227432250977
-868.2972412109375 13.834219932556152
-866.3049926757812 13.156779289245605
-864.3065185546875 11.26115894317627
-862.3253784179688 13.178634643554688
-860.3268432617188 15.063536643981934
-858.3389892578125 13.39098072052002
-856.4192504882812 11.861088752746582
-854.4249877929688 13.770423889160156
-852.509033203125 14.156632423400879
-850.5332641601562 12.418279647827148
-848.6088256835938 10.648407936096191
-846.6091918945312 12.322938919067383
-844.6201782226562 11.738176345825195
-842.6312255859375 13.014331817626953
-840.646484375 11.327659606933594
-838.6807250976562 12.413850784301758
-836.685302734375 12.996267318725586
