-1103.6021728515625 12.549330711364746
-1101.618408203125 10.549332618713379
-1099.6185302734375 12.50391674041748
-1097.6346435546875 10.503921508789062
-1095.644287109375 12.494743347167969
-1093.9512939453125 14.473864555358887
-1091.9635009765625 16.471540451049805
-1089.9957275390625 14.471542358398438
-1088.136962890625 12.471545219421387
-1086.140625 14.428706169128418
-1084.1416015625 12.42874813079834
-1082.2783203125 14.302414894104004
-1080.3260498046875 12.30242919921875
-1078.3267822265625 14.293147087097168
-1077.2769775390625 12.293218612670898
-1075.2933349609375 14.291414260864258
-1073.8460693359375 12.291415214538574
-1071.860107421875 14.281553268432617
-1070.9334716796875 12.281558990478516
-1069.0546875 14.280489921569824
-1067.1102294921875 12.28049373626709
-1065.1468505859375 14.266315460205078
-1063.38818359375 12.26633071899414
-1061.4390869140625 14.261470794677734
-1059.51025390625 12.261985778808594
-1057.5841064453125 14.25813102722168
-1056.8409423828125 12.258214950561523
-1054.875732421875 14.234210014343262
-1052.9754638671875 12.234230041503906
-1050.9783935546875 14.152941703796387
-1049.0350341796875 12.152950286865234
-1047.038330078125 14.151790618896484
-1045.0601806640625 12.15184211730957
-1043.062744140625 14.14862060546875
-1041.069580078125 16.11383628845215
-1039.1163330078125 14.113853454589844
-1037.121337890625 16.107852935791016
-1039.0791015625 14.110363960266113
-1037.103515625 15.961968421936035
-1038.9600830078125 13.968780517578125
-1036.9990234375 15.549705505371094
-1037.0811767578125 13.550267219543457
-1035.266845703125 15.529078483581543
-1033.5062255859375 13.529229164123535
-1031.663818359375 15.508684158325195
-1031.513916015625 13.50871753692627
-1029.5633544921875 15.465902328491211
-1027.788330078125 13.466560363769531
-1025.828369140625 15.415022850036621
-1023.901611328125 13.41504192352295
-1021.9482421875 15.41220760345459
-1020.3873901367188 13.41230583190918
-1018.9513549804688 15.268052101135254
-1017.00830078125 13.268084526062012
-1016.151611328125 11.268129348754883
-1014.1912231445312 13.207539558410645
-1012.2042236328125 11.207565307617188
-1010.2075805664062 13.202300071716309
-1008.23388671875 11.202455520629883
-1006.7318115234375 13.198511123657227
-1004.87841796875 11.198844909667969
-1002.8905639648438 13.191585540771484
-1000.9103393554688 11.1915864944458
-998.930908203125 13.190804481506348
-996.9708251953125 11.191039085388184
-995.0458374023438 13.189449310302734
-993.079833984375 11.189716339111328
-991.1077270507812 13.189122200012207
-989.1196899414062 11.189620971679688
-987.1227416992188 9.189666748046875
-985.1326293945312 11.183703422546387
-983.1332397460938 9.184118270874023
-981.1694946289062 11.17237663269043
-979.171630859375 9.17337417602539
-980.0709838867188 10.772356033325195
-978.1231689453125 8.775798797607422
-978.7654418945312 10.694689750671387
-976.7677001953125 8.700789451599121
-974.8239135742188 10.697342872619629
-973.7655029296875 12.686850547790527
-972.1688842773438 10.688156127929688
-970.3527221679688 12.685223579406738
-968.9263305664062 14.684090614318848
-966.9320068359375 12.684111595153809
-964.9931640625 14.667237281799316
-962.999267578125 12.671204566955566
-961.0242309570312 14.663086891174316
-959.065673828125 12.673053741455078
-957.8195190429688 14.658278465270996
-955.824462890625 12.658291816711426
-954.0149536132812 14.162705421447754
-952.0858154296875 12.163186073303223
-950.0864868164062 10.164194107055664
-948.0909423828125 12.080201148986816
-946.098388671875 10.080534934997559
-944.3784790039062 12.030484199523926
-942.3800048828125 10.076176643371582
-940.3848266601562 12.003867149353027
-938.392822265625 13.991854667663574
-936.397216796875 11.998980522155762
-934.5580444335938 13.968554496765137
-932.5875854492188 11.968832015991211
-930.8241577148438 13.96756362915039
-928.8268432617188 11.968049049377441
-926.8407592773438 13.63794994354248
-924.8414916992188 11.642685890197754
-922.8491821289062 13.602947235107422
-920.8964233398438 11.6078462600708
-919.1060180664062 13.605782508850098
-917.11181640625 11.606778144836426
-915.1119995117188 9.608085632324219
-913.1126098632812 7.608623504638672
-911.396728515625 9.598592758178711
-909.3995361328125 7.602992057800293
-910.1990356445312 9.555636405944824
-908.199462890625 7.559506893157959
-908.8735961914062 9.549886703491211
-906.8753051757812 7.5782318115234375
-904.9302368164062 9.571858406066895
-906.0162353515625 11.5703706741333
-904.0409545898438 13.570321083068848
-902.0409545898438 11.570781707763672
-903.2084350585938 13.570737838745117
-901.21484375 11.571722984313965
-899.957763671875 13.571308135986328
-897.95947265625 11.571907043457031
-898.9028930664062 13.571850776672363
-896.90625 11.5728178024292
-895.0127563476562 13.572766304016113
-893.0264892578125 11.573385238647461
-891.0443115234375 13.573179244995117
-889.0618286132812 11.5824556350708
-887.1973266601562 13.581918716430664
-885.1976318359375 11.706252098083496
-883.3013305664062 13.706123352050781
-881.301513671875 11.709654808044434
-879.751708984375 13.706950187683105
-877.751708984375 11.72372817993164
-875.7698974609375 13.723395347595215
-873.7700805664062 11.776169776916504
-872.3080444335938 13.775956153869629
-870.3084716796875 11.784568786621094
-868.3547973632812 13.784537315368652
-866.3548583984375 11.8076810836792
-867.0136108398438 13.807302474975586
-865.0136108398438 11.895981788635254
-863.5606689453125 13.89591121673584
-861.5607299804688 11.900341987609863
-859.8523559570312 13.900157928466797
-857.8523559570312 12.762781143188477
-856.0985717773438 14.762778282165527
-854.1187133789062 14.32033634185791
-852.1195068359375 12.529838562011719
-850.11962890625 10.829675674438477
-848.1690673828125 12.829659461975098
-846.169189453125 13.697999954223633
-844.1693115234375 11.74788761138916
-842.1704711914062 13.747884750366211
-840.1704711914062 11.793272018432617
-838.1704711914062 9.814301490783691
