-1103.6011962890625 12.638105392456055
-1102.24365234375 12.958724975585938
-1101.7373046875 11.728456497192383
-1099.7406005859375 13.728400230407715
-1099.027099609375 12.242410659790039
-1097.979736328125 10.623693466186523
-1095.9935302734375 12.623167991638184
-1093.9942626953125 14.622679710388184
-1091.9969482421875 16.622514724731445
-1091.6676025390625 14.924354553222656
-1089.7374267578125 13.369119644165039
-1087.7384033203125 15.369089126586914
-1085.886962890625 13.388312339782715
-1083.886962890625 15.387420654296875
-1082.027099609375 13.41748332977295
-1080.027099609375 15.415969848632812
-1078.0347900390625 13.443049430847168
-1076.0389404296875 15.443023681640625
-1074.169189453125 13.868593215942383
-1072.1695556640625 15.868449211120605
-1070.41650390625 13.924442291259766
-1068.4168701171875 15.924372673034668
-1066.642333984375 13.971831321716309
-1064.6429443359375 15.971823692321777
-1062.6925048828125 14.18981647491455
-1063.125244140625 12.6198148727417
-1061.1268310546875 14.619325637817383
-1059.6865234375 12.6925687789917
-1057.6871337890625 14.691258430480957
-1055.7677001953125 12.88159465789795
-1053.76806640625 14.88142204284668
-1052.087158203125 12.895689010620117
-1050.087890625 14.895689010620117
-1050.3509521484375 13.291080474853516
-1048.351318359375 15.289488792419434
-1048.045654296875 13.310163497924805
-1046.045654296875 15.31014633178711
-1044.336669921875 13.703951835632324
-1042.3367919921875 15.703810691833496
-1040.4423828125 13.714038848876953
-1038.4425048828125 15.713685989379883
-1036.447509765625 13.802160263061523
-1034.4610595703125 15.801775932312012
-1033.09814453125 14.943941116333008
-1031.2127685546875 13.209369659423828
-1029.213623046875 15.2092866897583
-1027.2666015625 13.60764217376709
-1025.266845703125 15.607613563537598
-1023.288330078125 13.721478462219238
-1021.3118286132812 11.731108665466309
-1019.3130493164062 13.725916862487793
-1017.3212890625 11.81257438659668
-1015.3213500976562 13.812514305114746
-1013.3296508789062 11.880270957946777
-1011.3306274414062 13.879140853881836
-1009.3339233398438 12.003560066223145
-1007.3339233398438 14.00353717803955
-1005.3406982421875 12.210067749023438
-1003.34228515625 14.20941162109375
-1001.511474609375 12.248297691345215
-999.5120239257812 14.246831893920898
-998.294677734375 13.341540336608887
-998.0574951171875 11.387640953063965
-996.0582885742188 13.387042999267578
-994.095458984375 11.471906661987305
-992.1572265625 9.523857116699219
-990.1572265625 11.523398399353027
-988.2194213867188 9.584836959838867
-986.2236938476562 11.581891059875488
-984.2615966796875 9.735184669494629
-982.2666015625 7.832488536834717
-980.273193359375 9.829794883728027
-978.2734985351562 11.828625679016113
-976.3004760742188 10.14930534362793
-974.3030395507812 12.147015571594238
-972.30322265625 14.140082359313965
-970.3713989257812 12.428431510925293
-968.3746337890625 14.421540260314941
-966.38525390625 12.51601791381836
-964.38525390625 14.515515327453613
-962.41015625 12.535470008850098
-960.4102172851562 14.531538963317871
-958.4249267578125 12.554347038269043
-956.4507446289062 14.554208755493164
-954.4697265625 12.556123733520508
-953.4208374023438 11.980409622192383
-951.4248657226562 13.978394508361816
-949.425537109375 12.106208801269531
-947.5215454101562 10.32015323638916
-945.5216064453125 12.306004524230957
-943.5319213867188 10.485625267028809
-941.5355834960938 12.485398292541504
-939.545654296875 10.558940887451172
-937.5469970703125 12.557904243469238
-935.552978515625 14.53219985961914
-933.6245727539062 12.57570743560791
-931.6246337890625 14.575094223022461
-929.636474609375 12.616631507873535
-927.6371459960938 14.616320610046387
-925.659912109375 12.96555233001709
-923.6617431640625 11.075788497924805
-921.6627197265625 13.071439743041992
-919.6648559570312 11.412446975708008
-917.6712646484375 13.40816879272461
-915.6749877929688 11.931163787841797
-913.676025390625 9.987086296081543
-911.7177124023438 8.936790466308594
-909.7565307617188 7.097055435180664
-907.9417114257812 9.052383422851562
-905.9431762695312 11.050664901733398
-904.0581665039062 13.049964904785156
-902.0634765625 11.093302726745605
-900.07421875 13.093174934387207
-898.0869140625 11.382379531860352
-896.1478271484375 13.377039909362793
-894.1552734375 11.38172435760498
-892.1596069335938 13.380585670471191
-890.1659545898438 11.675727844238281
-888.174560546875 13.675665855407715
-886.1773071289062 11.690308570861816
-884.1795654296875 13.68690299987793
-882.1802978515625 11.869852066040039
-880.1832885742188 13.868638038635254
-878.22802734375 11.899812698364258
-876.318359375 13.899653434753418
-874.3336181640625 11.971549987792969
-872.3731079101562 10.030077934265137
-870.3750610351562 12.010053634643555
-868.3836669921875 14.007758140563965
-866.40234375 12.122178077697754
-866.5127563476562 14.11312198638916
-864.5162963867188 13.744867324829102
-862.5473022460938 11.796891212463379
-860.6281127929688 13.796388626098633
-858.6957397460938 12.719560623168945
-856.8065185546875 14.714530944824219
-854.93798828125 13.202134132385254
-853.0233764648438 12.189340591430664
-854.0602416992188 14.188334465026855
-852.3052978515625 12.706575393676758
-851.6256713867188 10.913581848144531
-849.8445434570312 12.890185356140137
-850.5763549804688 10.968185424804688
-848.803955078125 12.958327293395996
-847.9557495117188 11.173012733459473
-847.15185546875 13.16579532623291
-845.7960205078125 12.104650497436523
-844.9682006835938 10.82209300994873
-844.3217163085938 12.819831848144531
-842.3640747070312 11.068394660949707
-840.7849731445312 13.015398025512695
-838.8123168945312 11.101431846618652
-839.9671630859375 13.058371543884277
-839.1535034179688 11.066258430480957
-837.794189453125 13.010436058044434
-835.9694213867188 11.587360382080078
