-1103.60107421875 11.755240440368652
-1101.60107421875 13.744405746459961
-1099.60107421875 14.035565376281738
-1097.60107421875 12.067503929138184
-1095.60107421875 14.066695213317871
-1093.60107421875 12.917532920837402
-1091.60107421875 14.91531753540039
-1089.60107421875 13.204876899719238
-1087.6011962890625 15.204580307006836
-1085.6011962890625 13.379633903503418
-1083.602294921875 15.377647399902344
-1081.602294921875 13.580286979675293
-1079.6024169921875 15.580020904541016
-1077.6024169921875 15.886370658874512
-1075.6024169921875 13.929970741271973
-1073.6026611328125 15.914881706237793
-1071.6026611328125 13.95492935180664
-1069.6026611328125 15.493159294128418
-1067.6026611328125 13.536972999572754
-1065.6026611328125 15.535825729370117
-1063.6026611328125 13.909784317016602
-1061.6029052734375 15.90959644317627
-1059.6029052734375 15.113069534301758
-1057.60302734375 13.312570571899414
-1055.60302734375 15.309711456298828
-1053.60302734375 14.379242897033691
-1051.60302734375 12.70714282989502
-1049.603271484375 14.697230339050293
-1047.603271484375 12.803498268127441
-1045.6033935546875 14.79096508026123
-1043.6033935546875 12.835747718811035
-1041.6038818359375 14.82153034210205
-1039.6038818359375 12.84709644317627
-1037.6038818359375 14.819951057434082
-1035.604736328125 16.804285049438477
-1033.605224609375 15.55532455444336
-1031.6055908203125 13.620811462402344
-1029.6055908203125 15.618824005126953
-1027.605712890625 13.669710159301758
-1025.605712890625 15.538043975830078
-1023.6057739257812 13.891329765319824
-1021.6058349609375 11.905235290527344
-1019.6058349609375 13.88621997833252
-1017.6058349609375 12.443941116333008
-1015.6058349609375 14.440725326538086
-1013.6058349609375 13.087700843811035
-1011.6058349609375 11.158112525939941
-1009.60595703125 13.149442672729492
-1007.6064453125 11.530367851257324
-1005.609375 13.461983680725098
-1003.609375 11.946556091308594
-1001.609619140625 13.943107604980469
-999.609619140625 12.024686813354492
-997.6097412109375 13.974736213684082
-995.6097412109375 12.02129077911377
-993.6097412109375 10.065547943115234
-991.610107421875 12.065295219421387
-989.610107421875 10.61294937133789
-987.610107421875 12.598414421081543
-985.610107421875 10.605384826660156
-983.610107421875 8.618432998657227
-981.610107421875 10.608183860778809
-979.6101684570312 8.764334678649902
-977.6102294921875 10.762113571166992
-975.6102905273438 12.688543319702148
-973.6102905273438 10.987801551818848
-971.6107177734375 12.982260704040527
-969.6107177734375 10.995704650878906
-967.6109008789062 12.940837860107422
-965.6121215820312 14.940739631652832
-963.6121215820312 12.943589210510254
-961.6121826171875 14.942118644714355
-959.6121826171875 12.997943878173828
-957.6121826171875 14.989764213562012
-955.6121826171875 13.077418327331543
-953.6121826171875 11.078063011169434
-951.6123046875 13.070060729980469
-949.6123657226562 11.099492073059082
-947.6123657226562 12.994525909423828
-945.6123657226562 11.012398719787598
-943.6124877929688 9.211258888244629
-941.612548828125 11.205362319946289
-939.6135864257812 13.20410442352295
-937.6135864257812 11.24571704864502
-935.6171264648438 13.158723831176758
-933.6173095703125 11.168172836303711
-931.6185302734375 13.139008522033691
-929.6185302734375 12.330503463745117
-927.6188354492188 14.32175350189209
-925.6188354492188 12.704894065856934
-923.6188354492188 14.656595230102539
-921.6188354492188 13.427566528320312
-919.6188354492188 11.462515830993652
-917.618896484375 13.42580795288086
-915.618896484375 11.552298545837402
-913.6209716796875 10.209410667419434
-911.6209716796875 11.275636672973633
-909.6209716796875 10.182026863098145
-907.6209716796875 8.193493843078613
-905.6251220703125 9.99195384979248
-903.6251831054688 11.953398704528809
-901.6256103515625 9.980941772460938
-899.6270141601562 11.95898723602295
-897.6270751953125 10.384632110595703
-895.6270751953125 12.377176284790039
-893.6270751953125 10.377628326416016
-891.6270751953125 12.343419075012207
-889.6270751953125 10.343893051147461
-887.6271362304688 12.318263053894043
-885.6271362304688 10.375340461730957
-883.6271362304688 12.181156158447266
-881.6271362304688 10.182716369628906
-879.6272583007812 12.175566673278809
-877.6273803710938 10.1899995803833
-875.6273803710938 12.181991577148438
-873.6275024414062 10.189230918884277
-871.6275024414062 12.154657363891602
-869.6275024414062 10.155192375183105
-867.6275634765625 12.084461212158203
-865.6275634765625 14.077489852905273
-863.6275634765625 12.0830078125
-861.6275634765625 14.046932220458984
-859.6276245117188 15.321457862854004
-857.6277465820312 13.371190071105957
-855.6277465820312 11.372661590576172
-853.6279296875 13.008729934692383
-851.628173828125 11.183525085449219
-849.628173828125 13.125275611877441
-847.6285400390625 11.145177841186523
-845.6285400390625 12.840192794799805
-843.6285400390625 10.915926933288574
-841.6286010742188 12.868217468261719
-839.6286010742188 10.907620429992676
-837.6286010742188 12.906044960021973
-835.6286010742188 10.979072570800781
