-1103.60107421875 12.41912841796875
-1101.60107421875 14.405704498291016
-1099.60107421875 12.407554626464844
-1097.6083984375 10.412035942077637
-1095.6085205078125 12.401692390441895
-1093.6090087890625 14.401445388793945
-1091.609130859375 16.40073013305664
-1089.609130859375 14.405959129333496
-1087.6131591796875 16.404939651489258
-1085.6134033203125 14.40569019317627
-1083.613525390625 12.409978866577148
-1081.6138916015625 14.409331321716309
-1079.6138916015625 12.429972648620605
-1077.6280517578125 14.427751541137695
-1075.628173828125 12.435711860656738
-1073.6282958984375 14.434964179992676
-1071.62890625 12.439435958862305
-1069.6290283203125 14.43934154510498
-1067.6312255859375 12.440058708190918
-1065.6328125 14.425989151000977
-1063.63330078125 12.426501274108887
-1061.633544921875 14.419614791870117
-1059.634521484375 12.420090675354004
-1057.6357421875 14.418177604675293
-1055.6357421875 12.431815147399902
-1053.6358642578125 14.42602252960205
-1051.6361083984375 12.426246643066406
-1049.637939453125 14.424957275390625
-1047.6396484375 12.426421165466309
-1045.6396484375 14.426336288452148
-1043.639892578125 12.426568031311035
-1041.6427001953125 14.425931930541992
-1039.642822265625 12.425933837890625
-1037.6431884765625 14.397268295288086
-1035.652099609375 16.396860122680664
-1033.6844482421875 14.43725299835205
-1031.684814453125 16.43677520751953
-1029.6849365234375 14.439763069152832
-1027.6849365234375 12.450833320617676
-1025.68505859375 14.450428009033203
-1023.6851196289062 12.454375267028809
-1021.6851806640625 14.45275592803955
-1019.6851806640625 12.453004837036133
-1017.6851806640625 14.438194274902344
-1015.685302734375 12.439840316772461
-1013.6853637695312 14.394440650939941
-1011.6857299804688 12.394469261169434
-1009.6857299804688 10.394481658935547
-1007.68603515625 12.39417839050293
-1005.68603515625 10.394391059875488
-1003.6883544921875 12.390216827392578
-1001.6884155273438 10.390413284301758
-999.6890869140625 12.002579689025879
-997.6909790039062 14.002303123474121
-995.6910400390625 12.01563549041748
-993.6910400390625 10.01567268371582
-991.7075805664062 12.015124320983887
-989.7075805664062 10.015372276306152
-987.7075805664062 12.013248443603516
-985.7076416015625 10.014482498168945
-983.7078247070312 11.9379301071167
-981.7078247070312 9.938702583312988
-979.7078247070312 7.9405975341796875
-977.7116088867188 9.94034481048584
-975.735107421875 11.935763359069824
-973.735107421875 9.935969352722168
-971.7354125976562 11.927746772766113
-969.7364501953125 13.927319526672363
-967.7364501953125 11.927688598632812
-965.7364501953125 13.887259483337402
-963.7364501953125 11.888391494750977
-961.7366333007812 13.865580558776855
-959.7366333007812 11.86577033996582
-957.7387084960938 13.732412338256836
-955.73876953125 11.732547760009766
-953.7388305664062 12.957840919494629
-951.7388305664062 10.967622756958008
-949.7391967773438 12.945330619812012
-947.7391967773438 10.953116416931152
-945.7391967773438 8.954983711242676
-943.7620849609375 10.953787803649902
-941.7633666992188 12.953299522399902
-939.7633666992188 10.95334243774414
-937.7637329101562 12.950409889221191
-935.7637329101562 10.956637382507324
-933.7637939453125 12.405608177185059
-931.7987670898438 14.405275344848633
-929.7987670898438 12.405332565307617
-927.822021484375 14.40449047088623
-925.8222045898438 12.407590866088867
-923.822509765625 14.405600547790527
-921.822509765625 12.407820701599121
-919.8225708007812 10.408193588256836
-917.8225708007812 12.406160354614258
-915.8225708007812 10.41104793548584
-913.8225708007812 8.433613777160645
-911.8233032226562 10.374534606933594
-909.8235473632812 8.374754905700684
-909.2100219726562 10.371994018554688
-907.2100219726562 8.372413635253906
-905.2162475585938 10.371689796447754
-903.357421875 12.368916511535645
-901.3576049804688 10.370340347290039
-899.5325927734375 12.368585586547852
-897.5325927734375 10.368653297424316
-895.5328369140625 12.363628387451172
-893.5328979492188 10.36896800994873
-891.5723876953125 12.366291046142578
-889.5723876953125 10.36801815032959
-887.5778198242188 12.367691040039062
-885.5780029296875 10.37108039855957
-883.58203125 11.911624908447266
-881.603271484375 13.910466194152832
-879.6033325195312 11.910575866699219
-877.619873046875 13.69337272644043
-875.6205444335938 11.710592269897461
-874.2228393554688 13.709586143493652
-872.222900390625 11.719907760620117
-873.62451171875 13.718903541564941
-871.6248779296875 11.719151496887207
-871.3075561523438 13.707237243652344
-869.3077392578125 11.707332611083984
-867.3494873046875 13.70653247833252
-865.3744506835938 11.707409858703613
-863.4278564453125 13.703710556030273
-861.4284057617188 11.746613502502441
-859.98779296875 13.746142387390137
-858.0068969726562 11.746399879455566
-857.4932861328125 13.515298843383789
-855.4946899414062 11.527789115905762
-854.2933959960938 13.511747360229492
-852.435791015625 11.590045928955078
-853.2865600585938 13.58081340789795
-851.292236328125 11.59754753112793
-851.6631469726562 13.592278480529785
-849.6814575195312 11.598264694213867
-847.9810791015625 13.587515830993652
-845.9824829101562 11.590099334716797
-844.5069580078125 13.585753440856934
-842.5070190429688 11.586152076721191
-840.888916015625 13.586068153381348
-838.8895874023438 11.588560104370117
-838.0079956054688 13.58277416229248
-836.0081176757812 11.68136215209961
