-1103.6016845703125 10.723329544067383
-1101.6016845703125 12.6192045211792
-1099.604736328125 10.797924995422363
-1097.60498046875 11.089323043823242
-1095.606689453125 13.08423137664795
-1093.6104736328125 11.952055931091309
-1091.6107177734375 12.324825286865234
-1089.611328125 14.02008056640625
-1087.611328125 15.315330505371094
-1085.6114501953125 14.097359657287598
-1083.6114501953125 15.457969665527344
-1081.611572265625 16.000864028930664
-1079.6116943359375 16.82181167602539
-1077.6124267578125 16.146846771240234
-1075.6219482421875 14.166276931762695
-1073.6219482421875 16.103618621826172
-1071.6263427734375 17.971391677856445
-1069.653564453125 16.627286911010742
-1067.6544189453125 15.352654457092285
-1065.660400390625 13.988225936889648
-1063.6607666015625 14.05119800567627
-1061.6607666015625 14.327608108520508
-1059.6630859375 13.113207817077637
-1057.6632080078125 14.207097053527832
-1055.663330078125 12.227335929870605
-1053.6649169921875 12.15339469909668
-1051.6796875 11.362101554870605
-1049.679931640625 13.036837577819824
-1047.680419921875 12.524465560913086
-1045.6812744140625 10.997843742370605
-1043.8709716796875 12.925185203552246
-1041.87109375 13.264193534851074
-1039.8712158203125 14.892181396484375
-1037.8712158203125 13.865550994873047
-1035.8714599609375 12.675718307495117
-1034.1807861328125 14.476058006286621
-1032.184814453125 12.524805068969727
-1030.1854248046875 14.37683391571045
-1028.2608642578125 13.661164283752441
-1026.2847900390625 15.327775955200195
-1024.4307861328125 15.409768104553223
-1022.4999389648438 14.025931358337402
-1020.5081787109375 13.576822280883789
-1018.5082397460938 13.581650733947754
-1016.5091552734375 11.651311874389648
-1014.5093383789062 13.35465145111084
-1012.5093994140625 11.948025703430176
-1010.5100708007812 13.895292282104492
-1008.5101318359375 14.789969444274902
-1006.587890625 13.735899925231934
-1004.5897216796875 13.414730072021484
-1002.6073608398438 12.940834999084473
-1000.61181640625 12.518229484558105
-998.6129760742188 10.835186004638672
-996.613037109375 12.832075119018555
-994.6133422851562 11.90625286102295
-992.6136474609375 10.25976276397705
-990.614013671875 9.785809516906738
-988.6151123046875 10.886223793029785
-986.6156005859375 12.69498348236084
-984.6167602539062 14.672298431396484
-982.6180419921875 12.685386657714844
-980.6206665039062 11.523025512695312
-978.629638671875 12.080517768859863
-976.6468505859375 10.387956619262695
-974.6533203125 9.97015380859375
-972.68310546875 11.427897453308105
-970.6987915039062 12.566363334655762
-968.7046508789062 13.368074417114258
-966.7096557617188 15.033617973327637
-964.7124633789062 13.589536666870117
-962.7129516601562 13.792978286743164
-960.8011474609375 13.294598579406738
-958.8035888671875 13.831038475036621
-956.8052368164062 12.364285469055176
-954.8052368164062 10.761852264404297
-952.8053588867188 11.010563850402832
-950.805419921875 9.529084205627441
-948.8067016601562 10.070725440979004
-946.8165893554688 10.959893226623535
-944.8933715820312 9.047744750976562
-942.8997192382812 7.314225196838379
-940.9060668945312 8.271074295043945
-938.9088134765625 8.587037086486816
-936.9091186523438 7.057654857635498
-934.9094848632812 8.551003456115723
-933.1517944335938 8.354815483093262
-931.1526489257812 7.948504447937012
-929.15380859375 9.73349666595459
-927.1558227539062 11.4813232421875
-925.1582641601562 9.602063179016113
-923.1587524414062 9.794487953186035
-921.1589965820312 8.773906707763672
-919.1590576171875 10.506230354309082
-917.1631469726562 12.433109283447266
-915.1659545898438 12.993008613586426
-913.1661376953125 11.130419731140137
-911.1787109375 9.190469741821289
-909.1959838867188 10.514937400817871
-907.368408203125 9.396284103393555
-905.3946533203125 9.49720573425293
-903.3976440429688 11.043877601623535
-901.4005737304688 11.597833633422852
-899.4036865234375 10.504535675048828
-897.404296875 12.196754455566406
-895.4107666015625 11.115532875061035
-893.4940185546875 12.975507736206055
-891.494140625 13.818803787231445
-889.4949951171875 11.909934997558594
-887.5042114257812 13.817789077758789
-885.5416259765625 14.00158977508545
-883.5419311523438 13.489696502685547
-881.6927490234375 13.50126838684082
-879.7030639648438 11.804830551147461
-877.703125 10.23047924041748
-875.7588500976562 11.166472434997559
-873.7605590820312 12.30458927154541
-871.7783203125 10.39411449432373
-869.77880859375 8.969504356384277
-867.7800903320312 10.343453407287598
-865.7810668945312 9.780670166015625
-865.1536254882812 11.205557823181152
-863.1543579101562 10.246723175048828
-861.1701049804688 11.883804321289062
-859.1747436523438 10.934395790100098
-857.1786499023438 12.792993545532227
-855.229248046875 12.189207077026367
-853.2335815429688 11.10886001586914
-851.2481689453125 12.55270767211914
-849.4968872070312 14.49934196472168
-847.5042114257812 15.189241409301758
-845.5387573242188 13.245327949523926
-844.7258911132812 11.318159103393555
-842.7275390625 9.848799705505371
-840.7275390625 11.808248519897461
-838.7368774414062 11.32245922088623
-837.0606079101562 11.169876098632812
