-1103.6060791015625 11.216190338134766
-1101.844970703125 10.443291664123535
-1099.9217529296875 12.368620872497559
-1098.762451171875 10.368942260742188
-1096.7913818359375 12.126006126403809
-1094.894287109375 14.115556716918945
-1093.08984375 16.1143856048584
-1091.8280029296875 14.114437103271484
-1089.8453369140625 16.106773376464844
-1088.855712890625 14.110342979431152
-1087.1474609375 16.095800399780273
-1085.2791748046875 14.09582233428955
-1085.1591796875 12.096078872680664
-1083.22216796875 14.061620712280273
-1082.3280029296875 12.061966896057129
-1080.526123046875 14.057638168334961
-1078.68994140625 16.054771423339844
-1077.32470703125 14.055206298828125
-1076.1468505859375 16.054922103881836
-1075.3448486328125 14.055562019348145
-1073.3450927734375 15.973134994506836
-1071.8262939453125 13.976486206054688
-1069.8995361328125 15.644691467285156
-1068.208740234375 13.649744033813477
-1069.2064208984375 15.649360656738281
-1067.3199462890625 13.649789810180664
-1066.175048828125 15.642120361328125
-1066.974853515625 13.642561912536621
-1065.1483154296875 15.614715576171875
-1064.3223876953125 13.614934921264648
-1062.3494873046875 15.604365348815918
-1060.85009765625 13.604540824890137
-1059.2374267578125 15.581430435180664
-1057.9732666015625 13.587109565734863
-1056.1917724609375 15.571993827819824
-1057.2349853515625 13.57241153717041
-1055.2369384765625 15.571784973144531
-1053.822509765625 13.571847915649414
-1051.846923828125 15.565811157226562
-1050.226806640625 13.566743850708008
-1048.237548828125 15.56493854522705
-1046.335693359375 13.565683364868164
-1044.3468017578125 15.563002586364746
-1042.4334716796875 13.563556671142578
-1040.5462646484375 15.543720245361328
-1038.779296875 13.547407150268555
-1036.810546875 15.404937744140625
-1037.08935546875 13.407733917236328
-1035.1334228515625 15.406509399414062
-1033.7701416015625 13.41793441772461
-1032.044921875 15.414371490478516
-1032.2108154296875 13.4149751663208
-1030.217529296875 15.409451484680176
-1029.289794921875 13.409485816955566
-1027.305908203125 15.405245780944824
-1025.496337890625 13.405373573303223
-1023.5261840820312 15.239331245422363
-1021.5460205078125 13.23934555053711
-1020.8231201171875 15.237957000732422
-1019.50634765625 13.238470077514648
-1017.6690673828125 15.162590980529785
-1016.3441162109375 13.162972450256348
-1014.3524169921875 11.163385391235352
-1012.3743286132812 13.160731315612793
-1010.4960327148438 11.166090965270996
-1008.5699462890625 13.164947509765625
-1006.611572265625 11.165434837341309
-1004.633056640625 13.16277027130127
-1002.6610107421875 11.163208961486816
-1001.609619140625 13.156037330627441
-999.6361083984375 11.156158447265625
-997.9645385742188 13.149669647216797
-997.0921630859375 11.150219917297363
-995.1023559570312 13.129343032836914
-993.3345336914062 11.145313262939453
-991.478759765625 13.144278526306152
-990.76220703125 11.145355224609375
-988.7787475585938 13.145050048828125
-987.0680541992188 11.14535903930664
-985.0774536132812 9.145421981811523
-983.0787963867188 11.145214080810547
-981.1002197265625 9.145218849182129
-979.1857299804688 11.144864082336426
-977.2522583007812 9.144874572753906
-976.3958129882812 10.74169635772705
-976.9705810546875 12.69825553894043
-975.0277099609375 10.698813438415527
-976.675048828125 12.666960716247559
-974.80810546875 10.667059898376465
-973.3494262695312 12.663522720336914
-971.7119750976562 10.665373802185059
-969.879638671875 12.632086753845215
-969.00537109375 14.626203536987305
-967.8724365234375 12.626208305358887
-965.8764038085938 14.608650207519531
-964.3069458007812 12.611618041992188
-962.4517211914062 14.562470436096191
-961.1868896484375 12.563282012939453
-959.3264770507812 14.54508113861084
-959.510986328125 12.545125007629395
-957.5823364257812 14.340828895568848
-955.67822265625 12.341346740722656
-953.720458984375 13.977265357971191
-952.861083984375 11.977360725402832
-952.2943725585938 13.966523170471191
-950.4581909179688 11.966531753540039
-948.4888916015625 9.966552734375
-946.4901733398438 11.958538055419922
-946.6403198242188 9.958589553833008
-946.5083618164062 11.953225135803223
-946.6251220703125 9.953489303588867
-948.5509033203125 11.506179809570312
-947.0801391601562 9.506294250488281
-945.1421508789062 11.059176445007324
-943.9773559570312 13.058903694152832
-943.7149047851562 11.059209823608398
-941.7864990234375 13.040925979614258
-940.157470703125 11.041898727416992
-938.1654663085938 13.034865379333496
-936.378662109375 11.035439491271973
-936.327880859375 13.015748977661133
-935.2640991210938 11.015789031982422
-933.353515625 13.015095710754395
-931.4574584960938 14.991236686706543
-929.8934936523438 12.991434097290039
-928.4625244140625 14.95864200592041
-927.042236328125 12.958701133728027
-925.0942993164062 14.955309867858887
-925.3502807617188 12.955378532409668
-924.3880004882812 10.95547866821289
-922.4361572265625 12.949124336242676
-920.496826171875 10.958078384399414
-918.520751953125 12.939593315124512
-920.1669921875 10.94078254699707
-918.2711181640625 12.940693855285645
-919.4376220703125 10.940781593322754
-917.4437866210938 11.725619316101074
-916.2628784179688 9.725682258605957
-914.2630615234375 11.684940338134766
-912.2806396484375 9.685325622558594
-910.46533203125 7.687250137329102
-911.8648071289062 9.584545135498047
-909.8931274414062 7.618209362030029
-910.5575561523438 9.604999542236328
-908.6746215820312 7.625711441040039
-907.8072509765625 9.559011459350586
-905.8605346679688 11.558903694152832
-903.8692626953125 13.557201385498047
-902.1925048828125 11.558292388916016
-900.4050903320312 13.529234886169434
-899.0397338867188 11.530129432678223
-897.040283203125 13.528057098388672
-895.0985717773438 11.528334617614746
-893.1224365234375 13.528281211853027
-891.1961669921875 11.530038833618164
-889.5899658203125 13.527144432067871
-888.8242797851562 11.52855110168457
-886.8272094726562 13.528343200683594
-884.8550415039062 11.582157135009766
-882.855224609375 13.579981803894043
-880.8805541992188 11.580787658691406
-878.966796875 13.565617561340332
-877.0342407226562 11.566537857055664
-875.0786743164062 13.56434154510498
-873.091552734375 11.587032318115234
-871.0966796875 13.586590766906738
-869.153076171875 11.611742973327637
-867.6100463867188 13.608638763427734
-865.6132202148438 11.611372947692871
-863.73583984375 13.610099792480469
-861.7847900390625 11.871172904968262
-859.8014526367188 13.871068954467773
-857.8731079101562 11.891203880310059
-855.92724609375 13.889842987060547
-857.81640625 12.195591926574707
-855.8230590820312 14.195324897766113
-857.7156982421875 12.204623222351074
-855.7227783203125 14.204595565795898
-857.5687866210938 12.375272750854492
-855.5949096679688 14.375194549560547
-856.8589477539062 12.402539253234863
-854.869140625 14.402020454406738
-856.41845703125 14.385429382324219
-855.370849609375 12.4224214553833
-853.391357421875 14.421710968017578
-852.207275390625 12.65601634979248
-852.94384765625 10.69257926940918
-852.4020385742188 12.69228458404541
-851.6591796875 10.956320762634277
-849.7763061523438 12.956144332885742
-847.8179321289062 11.064085006713867
-845.8445434570312 13.064059257507324
-845.3321533203125 11.157923698425293
-843.3958129882812 13.157852172851562
-841.6769409179688 12.05041217803955
-839.848388671875 10.801361083984375
-837.8604125976562 12.801050186157227
-835.8616943359375 11.458905220031738
