-1103.7083740234375 12.638091087341309
-1101.80322265625 11.656005859375
-1099.8106689453125 13.650435447692871
-1097.8243408203125 12.13513469696045
-1095.828857421875 10.341012001037598
-1093.8665771484375 12.340980529785156
-1091.9290771484375 14.340917587280273
-1090.06103515625 16.340808868408203
-1088.1322021484375 14.785074234008789
-1086.2764892578125 12.855202674865723
-1084.302978515625 14.855181694030762
-1082.3096923828125 12.958224296569824
-1080.484130859375 14.958195686340332
-1078.4959716796875 13.205596923828125
-1076.5198974609375 15.205564498901367
-1074.5928955078125 13.244938850402832
-1072.6546630859375 15.244780540466309
-1070.6649169921875 13.523161888122559
-1068.70068359375 15.523104667663574
-1066.779052734375 13.594291687011719
-1064.9647216796875 15.594276428222656
-1062.976318359375 13.729597091674805
-1061.1287841796875 15.729549407958984
-1059.1348876953125 13.785504341125488
-1057.14599609375 15.785494804382324
-1055.174560546875 14.065340042114258
-1053.421630859375 12.082990646362305
-1051.694580078125 14.081783294677734
-1049.7315673828125 12.280647277832031
-1047.7451171875 14.280465126037598
-1045.87060546875 12.806852340698242
-1044.017578125 14.806361198425293
-1042.169189453125 12.816329002380371
-1040.1763916015625 14.815844535827637
-1038.1895751953125 12.832213401794434
-1036.196044921875 14.831854820251465
-1034.3282470703125 16.831819534301758
-1032.7939453125 16.328426361083984
-1030.831787109375 14.341318130493164
-1028.8551025390625 12.344803810119629
-1027.88671875 14.338257789611816
-1025.89892578125 12.376871109008789
-1024.0823974609375 14.37662124633789
-1022.0974731445312 12.422473907470703
-1020.3524780273438 14.42177677154541
-1018.3738403320312 12.466914176940918
-1016.707275390625 14.463542938232422
-1014.7123413085938 12.475423812866211
-1012.739990234375 14.47537899017334
-1010.7506713867188 12.488075256347656
-1009.3385009765625 14.487959861755371
-1007.5342407226562 12.540115356445312
-1005.5950317382812 10.566482543945312
-1004.2288208007812 12.566118240356445
-1002.4974975585938 10.573713302612305
-1000.507080078125 12.573153495788574
-998.5258178710938 10.582345008850098
-997.1448364257812 12.568737030029297
-995.2513427734375 10.628225326538086
-993.4448852539062 12.626935005187988
-991.4514770507812 10.627366065979004
-989.513671875 12.625738143920898
-987.5332641601562 10.632253646850586
-985.5491333007812 12.632038116455078
-983.5907592773438 10.653776168823242
-981.6021118164062 8.65436840057373
-981.0232543945312 10.651226043701172
-979.1495361328125 8.654221534729004
-978.04931640625 10.65349006652832
-977.3172607421875 12.648819923400879
-975.4590454101562 10.657315254211426
-973.5438232421875 12.651199340820312
-971.5574951171875 10.669827461242676
-970.3604125976562 12.669266700744629
-971.4429321289062 14.669075012207031
-969.5484008789062 12.675137519836426
-968.2018432617188 14.653692245483398
-966.21826171875 12.693914413452148
-964.2765502929688 14.688336372375488
-963.3239135742188 12.711939811706543
-963.8366088867188 14.705190658569336
-961.8414306640625 12.712872505187988
-960.1234741210938 14.697405815124512
-958.1368408203125 12.710132598876953
-957.57421875 14.708174705505371
-955.6359252929688 12.714689254760742
-953.896728515625 14.706604957580566
-952.1340942382812 12.712228775024414
-950.1721801757812 10.713776588439941
-950.4046020507812 12.711824417114258
-948.4288940429688 10.735570907592773
-947.2071533203125 12.735352516174316
-945.2221069335938 10.744806289672852
-944.328857421875 12.740348815917969
-942.4013671875 10.741012573242188
-941.9619750976562 12.604323387145996
-939.97900390625 10.605833053588867
-938.5250244140625 12.602787017822266
-936.528076171875 10.603254318237305
-934.7216186523438 12.595565795898438
-934.919189453125 14.573783874511719
-932.9498291015625 12.594550132751465
-931.0122680664062 14.57750129699707
-929.3950805664062 12.57834529876709
-928.0931396484375 14.555933952331543
-926.1248779296875 12.559249877929688
-924.6689453125 14.552705764770508
-922.7464599609375 12.553768157958984
-920.7490844726562 10.578149795532227
-918.7734985351562 12.565537452697754
-917.739013671875 10.567970275878906
-916.5455932617188 12.560105323791504
-914.6054077148438 10.560830116271973
-912.6100463867188 8.561480522155762
-910.624755859375 6.564511299133301
-910.446044921875 8.563640594482422
-908.447265625 6.564187526702881
-906.9557495117188 6.10608434677124
-907.984619140625 8.017301559448242
-906.3016967773438 9.67129135131836
-904.6936645507812 11.628629684448242
-903.6651000976562 13.618489265441895
-901.6709594726562 11.618685722351074
-901.8289184570312 13.609505653381348
-899.8363037109375 11.610747337341309
-898.2365112304688 13.609475135803223
-896.2498779296875 11.60952377319336
-896.4725341796875 13.516679763793945
-894.5000610351562 11.51673412322998
-892.6077880859375 13.516136169433594
-890.6222534179688 11.516241073608398
-888.9779052734375 13.505126953125
-886.9949951171875 11.526711463928223
-885.0200805664062 13.494159698486328
-883.0501098632812 11.494738578796387
-881.43994140625 13.489563941955566
-879.4512939453125 11.491053581237793
-877.4927368164062 13.34798812866211
-875.5582275390625 11.348007202148438
-873.6948852539062 13.347160339355469
-871.6954345703125 11.347184181213379
-869.8084716796875 13.337549209594727
-867.8184814453125 11.337564468383789
-867.0435791015625 13.261966705322266
-865.0667114257812 11.262160301208496
-863.7634887695312 13.226804733276367
-861.81298828125 11.226829528808594
-859.8469848632812 12.347251892089844
-858.181640625 14.277217864990234
-856.209716796875 12.277230262756348
-854.2531127929688 11.645720481872559
-852.7341918945312 12.839324951171875
-850.7352294921875 10.839326858520508
-848.8626098632812 12.624714851379395
-846.8698120117188 10.624741554260254
-844.9913940429688 12.37684154510498
-843.0567626953125 10.37684440612793
-842.5836181640625 12.207337379455566
-840.5855712890625 10.207340240478516
-838.6583251953125 11.021489143371582
-836.669921875 12.932259559631348
