-1104.74072265625 11.339489936828613
-1102.758056640625 12.197103500366211
-1100.82373046875 13.727145195007324
-1099.2369384765625 12.937579154968262
-1097.515869140625 11.398383140563965
-1095.7156982421875 9.598329544067383
-1094.474365234375 9.801613807678223
-1092.534912109375 11.176841735839844
-1090.834716796875 12.16352653503418
-1089.186279296875 13.044856071472168
-1087.257080078125 13.458046913146973
-1085.4923095703125 12.40219497680664
-1083.501708984375 14.316462516784668
-1081.7783203125 15.067107200622559
-1081.45849609375 13.19481086730957
-1079.5042724609375 13.452967643737793
-1077.5982666015625 13.753385543823242
-1076.42822265625 15.009864807128906
-1074.432861328125 13.637908935546875
-1072.568359375 13.855300903320312
-1070.7344970703125 14.12707233428955
-1068.7530517578125 12.538212776184082
-1066.8162841796875 11.129593849182129
-1064.82861328125 12.883710861206055
-1062.8360595703125 12.394981384277344
-1061.5445556640625 11.393599510192871
-1059.5526123046875 13.22338581085205
-1057.99755859375 14.000425338745117
-1056.0086669921875 15.908438682556152
-1054.14794921875 15.055492401123047
-1053.26025390625 15.989975929260254
-1052.010498046875 14.512089729309082
-1050.966064453125 13.756732940673828
-1050.7427978515625 15.092741966247559
-1049.3690185546875 13.977471351623535
-1047.6842041015625 13.478133201599121
-1049.20458984375 15.342880249023438
-1050.251708984375 13.960657119750977
-1050.0697021484375 12.391204833984375
-1048.1998291015625 13.264187812805176
-1046.2320556640625 14.358650207519531
-1047.74267578125 14.079477310180664
-1047.7420654296875 12.606611251831055
-1045.763671875 12.269229888916016
-1043.7998046875 12.767077445983887
-1041.8319091796875 14.612650871276855
-1041.9671630859375 12.884234428405762
-1040.095458984375 13.07695484161377
-1038.33642578125 13.95439338684082
-1036.3787841796875 15.921643257141113
-1037.443603515625 13.982378005981445
-1037.9007568359375 15.752850532531738
-1036.2919921875 14.856228828430176
-1034.3868408203125 16.582345962524414
-1033.0064697265625 16.232667922973633
-1033.2469482421875 14.91891098022461
-1032.111328125 16.28579330444336
-1030.26025390625 14.478325843811035
-1030.806884765625 12.85343074798584
-1029.3525390625 14.34537410736084
-1027.95361328125 15.228182792663574
-1029.765380859375 15.24006175994873
-1030.4173583984375 15.538455963134766
-1029.71142578125 13.864115715026855
-1028.04296875 14.447587966918945
-1026.273193359375 12.485766410827637
-1024.2779541015625 14.04043197631836
-1022.9578857421875 12.287002563476562
-1021.0682983398438 14.263406753540039
-1022.7978515625 12.362051010131836
-1020.9016723632812 11.380993843078613
-1019.0226440429688 9.854531288146973
-1017.5736083984375 11.517817497253418
-1015.8377075195312 10.481362342834473
-1014.19287109375 10.895760536193848
-1012.2576293945312 11.911213874816895
-1010.4545288085938 13.23827075958252
-1008.52099609375 14.064205169677734
-1006.896728515625 12.265405654907227
-1004.9291381835938 14.054740905761719
-1003.1904907226562 13.60608959197998
-1003.083984375 12.47715950012207
-1001.3699340820312 10.990523338317871
-999.9098510742188 12.57363510131836
-1000.5549926757812 10.747976303100586
-998.714111328125 11.478626251220703
-996.9483032226562 13.406760215759277
-995.440673828125 11.44773006439209
-996.2063598632812 10.48900318145752
-994.2559204101562 11.557446479797363
-993.6767578125 9.868932723999023
-992.3564453125 8.412506103515625
-990.9544067382812 10.177000045776367
-989.0318603515625 11.892108917236328
-989.429931640625 10.794005393981934
-988.8113403320312 12.203408241271973
-988.0490112304688 10.678359985351562
-986.3928833007812 11.092613220214844
-985.6732788085938 9.136452674865723
-983.7427368164062 10.427279472351074
-984.168701171875 9.093231201171875
-982.1903076171875 9.02081298828125
-980.9962768554688 7.306284427642822
-979.1791381835938 8.353777885437012
-977.6416625976562 9.920413970947266
-977.2353515625 11.888427734375
-976.1478271484375 9.95653247833252
-974.28125 11.824161529541016
-972.4964599609375 10.760952949523926
-971.6763916015625 12.36382007598877
-969.8291625976562 13.090590476989746
-968.8870849609375 11.80416202545166
-967.4924926757812 10.998042106628418
-966.859619140625 11.204606056213379
-965.317626953125 10.42273235321045
-963.3798217773438 11.501229286193848
-961.6348266601562 13.34839916229248
-959.8507080078125 15.1785249710083
-958.2527465820312 14.32178783416748
-957.3786010742188 13.071895599365234
-955.5660400390625 13.392437934875488
-955.2464599609375 12.87949275970459
-956.2593994140625 11.340560913085938
-956.5537109375 11.32540225982666
-955.48193359375 13.180001258850098
-956.8870239257812 11.499433517456055
-955.6187133789062 11.300226211547852
-954.5661010742188 9.93966007232666
-952.7860717773438 8.841753005981445
-953.47900390625 8.845793724060059
-951.565673828125 8.691274642944336
-949.6500854492188 10.276679039001465
-947.9088745117188 12.05321216583252
-947.3391723632812 10.827890396118164
-948.34765625 12.037383079528809
-949.9721069335938 13.551483154296875
-948.0580444335938 14.901398658752441
-946.4644775390625 16.494165420532227
-944.8084716796875 18.023075103759766
-944.3005981445312 16.493135452270508
-942.5866088867188 16.662269592285156
-942.5380249023438 16.506752014160156
-941.255126953125 15.285970687866211
-941.4428100585938 13.785979270935059
-942.0816650390625 14.999163627624512
-941.1585693359375 13.137198448181152
-939.489990234375 14.882089614868164
-937.589111328125 13.5942964553833
-937.820556640625 12.152920722961426
-936.4246826171875 10.704475402832031
-934.7775268554688 11.883199691772461
-933.0208740234375 11.85469913482666
-931.2172241210938 13.474889755249023
-931.3978881835938 12.568705558776855
-931.3727416992188 14.50927448272705
-931.0418090820312 15.360013008117676
-929.0938720703125 14.19583797454834
-927.635009765625 14.749661445617676
-926.744873046875 13.58197021484375
-926.4631958007812 13.89799690246582
-926.4190673828125 15.362882614135742
-924.8321533203125 13.819252967834473
-924.2999877929688 11.893978118896484
-923.2483520507812 13.652835845947266
-923.2020874023438 11.788143157958984
-922.1431274414062 12.77540397644043
-920.2843627929688 12.60034465789795
-919.3594360351562 11.636274337768555
-919.5491943359375 10.15881633758545
-917.5735473632812 9.705436706542969
-915.7998657226562 7.925680160522461
-913.9412841796875 9.612547874450684
-912.2142333984375 8.183302879333496
-911.796875 6.851370334625244
-910.3375854492188 6.130180835723877
-909.2011108398438 7.169809818267822
-907.6195678710938 8.830314636230469
-905.7152709960938 8.596136093139648
-904.4898071289062 7.774669647216797
-903.0879516601562 9.611970901489258
-902.7550048828125 10.567355155944824
-901.2599487304688 11.112022399902344
-899.286376953125 12.591842651367188
-900.861572265625 10.881442070007324
-902.2428588867188 12.825937271118164
-900.4571533203125 12.533642768859863
-902.1661376953125 14.059289932250977
-902.3278198242188 14.976130485534668
-900.7061767578125 13.645296096801758
-899.3247680664062 12.72240161895752
-901.038330078125 11.95552921295166
-901.65087890625 10.218801498413086
-899.8596801757812 10.785516738891602
-897.92333984375 10.299870491027832
-897.3678588867188 12.175617218017578
-898.9348754882812 11.583703994750977
-897.0009155273438 12.897255897521973
-898.4026489257812 11.28260612487793
-899.9342651367188 12.519545555114746
-900.5346069335938 14.284917831420898
-898.5840454101562 12.51126766204834
-896.9612426757812 11.06041145324707
-895.1679077148438 12.504815101623535
-893.6278076171875 10.636777877807617
-891.7203979492188 11.117819786071777
-890.9939575195312 10.345732688903809
-889.48046875 12.045854568481445
-888.4299926757812 12.681720733642578
-887.91015625 10.823591232299805
-885.9985961914062 11.589164733886719
-884.1026000976562 11.740511894226074
-884.3340454101562 13.392876625061035
-882.9658203125 12.997947692871094
-882.719482421875 14.575806617736816
-882.7781372070312 13.583117485046387
-881.1994018554688 12.965372085571289
-879.6116333007812 11.012906074523926
-879.7540283203125 12.517298698425293
-880.2119140625 11.350663185119629
-880.1575317382812 12.904120445251465
-881.803955078125 11.27544116973877
-879.8604736328125 10.723289489746094
-881.208984375 11.886279106140137
-879.312255859375 13.190287590026855
-879.479248046875 11.659915924072266
-879.7144775390625 13.384322166442871
-877.8108520507812 12.112074851989746
-876.990966796875 10.24264144897461
-877.5687866210938 12.15903091430664
-875.6918334960938 10.789477348327637
-873.9480590820312 11.089327812194824
-873.3721923828125 10.979954719543457
-872.1320190429688 12.05353832244873
-871.6045532226562 12.561758041381836
-869.8056030273438 10.592961311340332
-868.5121459960938 11.92475414276123
-866.8989868164062 12.230985641479492
-867.5778198242188 12.828667640686035
-867.8284912109375 11.600311279296875
-866.1135864257812 10.930295944213867
-864.6400756835938 9.432543754577637
-864.115966796875 8.3420991897583
-862.4688720703125 10.2494478225708
-862.523681640625 11.81828498840332
-860.6173706054688 10.297082901000977
-858.6446533203125 11.54405403137207
-856.7638549804688 13.266992568969727
-856.6409301757812 11.345958709716797
-854.707763671875 9.720115661621094
-855.7973022460938 10.036654472351074
-856.0904541015625 10.017274856567383
-857.7095947265625 10.896659851074219
-856.129150390625 12.813799858093262
-854.1671752929688 12.232820510864258
-852.5183715820312 13.166120529174805
-850.6552734375 11.294466018676758
-849.3909301757812 12.4108304977417
-847.6734619140625 12.334468841552734
-846.1021728515625 12.11018180847168
-844.3096313476562 10.510673522949219
-843.0696411132812 9.405327796936035
-841.7430419921875 8.432711601257324
-840.2522583007812 8.951555252075195
-838.3108520507812 7.807000160217285
