-1013.33740234375 -214.2742919921875
-1011.7994384765625 -212.27442932128906
-1010.3084106445312 -214.14344787597656
-1009.4893188476562 -212.1444854736328
-1007.85595703125 -213.99867248535156
-1005.8853149414062 -215.9960174560547
-1003.9412841796875 -213.9960479736328
-1002.0076904296875 -215.94525146484375
-1000.5711059570312 -213.94573974609375
-998.6005249023438 -215.93992614746094
-996.9933471679688 -213.94058227539062
-995.2222290039062 -215.87490844726562
-994.1345825195312 -213.87496948242188
-992.1585083007812 -215.8662109375
-991.918212890625 -213.86634826660156
-989.92822265625 -215.83140563964844
-989.7452392578125 -213.8316192626953
-987.7728271484375 -215.8283233642578
-985.9887084960938 -217.82763671875
-984.0845336914062 -215.82839965820312
-982.1083374023438 -217.81997680664062
-980.151611328125 -215.82020568847656
-978.162841796875 -217.8198699951172
-976.6145629882812 -215.8200225830078
-974.6188354492188 -217.81781005859375
-973.1071166992188 -215.81845092773438
-971.1121826171875 -217.81729125976562
-969.2034301757812 -215.81907653808594
-967.837158203125 -213.81947326660156
-965.8430786132812 -215.7853546142578
-963.9886474609375 -213.7959747314453
-962.0523071289062 -215.77919006347656
-960.1728515625 -213.7982177734375
-958.2026977539062 -215.7437286376953
-956.4915771484375 -213.74696350097656
-954.5057373046875 -215.7292022705078
-952.8041381835938 -213.86692810058594
-950.8351440429688 -214.54550170898438
-948.9620361328125 -215.80584716796875
-950.957275390625 -213.8114776611328
-950.55859375 -215.4651336669922
-948.7783813476562 -213.4823760986328
-950.7772216796875 -211.50096130371094
-948.8368530273438 -210.96160888671875
-950.833740234375 -208.9635009765625
-948.8374633789062 -207.5624542236328
-950.8372802734375 -205.61944580078125
-948.8582153320312 -205.0063934326172
-947.1138916015625 -204.89857482910156
-949.1131591796875 -202.8999481201172
-947.3026733398438 -201.1454620361328
-949.3024291992188 -199.14739990234375
-949.4478759765625 -197.18994140625
-947.6873779296875 -195.29818725585938
-949.6805419921875 -193.2983856201172
-950.092041015625 -191.47389221191406
-950.042236328125 -189.70472717285156
-951.605224609375 -187.734619140625
-951.2097778320312 -185.74783325195312
-950.645751953125 -183.80233764648438
-948.658935546875 -181.85647583007812
-947.1107177734375 -179.94981384277344
-947.6317749023438 -177.9609375
-948.283203125 -175.98397827148438
-948.2971801757812 -174.21435546875
-947.4430541992188 -172.31752014160156
-945.92626953125 -170.41665649414062
-947.92626953125 -168.41842651367188
-946.81982421875 -166.4376678466797
-947.7130737304688 -164.47445678710938
-948.02880859375 -162.49729919433594
-948.0651245117188 -160.58531188964844
-947.6216430664062 -158.72508239746094
-946.6224975585938 -156.73623657226562
-945.3211669921875 -154.7478485107422
-947.3209228515625 -152.74798583984375
-945.8580322265625 -150.75338745117188
-947.8576049804688 -148.75350952148438
-949.2516479492188 -146.9517822265625
-948.14501953125 -145.0985107421875
-947.3093872070312 -143.12510681152344
-946.4812622070312 -141.13055419921875
-948.4812622070312 -139.13107299804688
-949.0650634765625 -137.15333557128906
-950.6565551757812 -135.1754608154297
-951.8570556640625 -133.17605590820312
-951.2446899414062 -131.2435302734375
-951.9291381835938 -129.31117248535156
-951.9608764648438 -127.32217407226562
-950.5413818359375 -125.36431884765625
-949.2618408203125 -123.4717025756836
-948.4843139648438 -122.03932189941406
-948.82373046875 -120.08844757080078
-948.4410400390625 -118.13960266113281
-949.7378540039062 -116.15377807617188
-949.6535034179688 -114.16978454589844
-949.03955078125 -112.19850158691406
-948.382080078125 -110.22216033935547
-948.4935302734375 -108.22330474853516
-948.5970458984375 -106.23772430419922
-949.7122802734375 -104.24149322509766
-949.7680053710938 -102.25691986083984
-950.27197265625 -100.25740051269531
-950.4026489257812 -98.25968170166016
-951.8562622070312 -96.26277160644531
-951.5650634765625 -94.2818603515625
-950.1505126953125 -92.28553771972656
-949.94921875 -90.29044342041016
-951.3982543945312 -88.29661560058594
-951.9636840820312 -86.2974853515625
-951.5791015625 -84.3002700805664
-950.6060180664062 -82.30227661132812
-950.0330810546875 -80.30343627929688
-950.1490478515625 -78.30618286132812
-951.7393188476562 -76.30783081054688
-951.9945068359375 -74.30857849121094
-953.5407104492188 -72.30978393554688
-953.7509155273438 -70.31443786621094
-954.033447265625 -68.33550262451172
-955.3745727539062 -68.06678009033203
-953.9583129882812 -66.07594299316406
-954.3794555664062 -65.47197723388672
-956.3603515625 -66.19173431396484
-957.8321533203125 -64.75355529785156
-958.3359375 -64.90805053710938
-958.302001953125 -65.28675079345703
-957.72900390625 -63.784881591796875
-957.6785278320312 -62.59563446044922
-959.3351440429688 -61.63019943237305
-960.6956176757812 -62.31644058227539
-962.0112915039062 -63.888343811035156
-960.7327270507812 -61.88871383666992
-961.2423095703125 -63.47907257080078
-961.8935546875 -61.4833869934082
-963.8126831054688 -60.870670318603516
-964.92333984375 -59.345359802246094
-966.7697143554688 -60.186546325683594
-967.56689453125 -58.19308853149414
-969.5000610351562 -57.14427947998047
-971.498291015625 -57.370826721191406
-973.2025146484375 -55.37119674682617
-975.08203125 -53.37287521362305
-974.8261108398438 -51.373077392578125
-976.8016967773438 -49.3751106262207
-978.794677734375 -47.375244140625
-977.0026245117188 -45.41129684448242
-978.6846313476562 -43.411376953125
-977.9876098632812 -41.4772834777832
-976.6359252929688 -39.50824737548828
