-1013.436767578125 -214.27371215820312
-1012.0201416015625 -212.2738037109375
-1013.9671630859375 -214.26890563964844
-1012.2351684570312 -212.26902770996094
-1012.9500122070312 -213.45249938964844
-1010.9998779296875 -211.45249938964844
-1012.4561767578125 -211.71868896484375
-1011.8247680664062 -213.57223510742188
-1009.8792724609375 -211.5723114013672
-1011.455078125 -213.4247589111328
-1009.5350341796875 -211.4247589111328
-1008.0361938476562 -211.650634765625
-1006.25537109375 -211.76638793945312
-1004.4193725585938 -213.37136840820312
-1002.882568359375 -212.01882934570312
-1002.0494995117188 -213.89566040039062
-1000.0748291015625 -215.5277557373047
-998.1720581054688 -215.60757446289062
-996.6710205078125 -217.59458923339844
-994.9970092773438 -215.5952606201172
-993.2461547851562 -217.30966186523438
-991.26953125 -215.30966186523438
-989.827392578125 -216.6298828125
-988.1859741210938 -214.6299591064453
-986.6063842773438 -213.08053588867188
-984.8712768554688 -214.3813018798828
-983.7386474609375 -215.8379364013672
-981.8068237304688 -215.89208984375
-980.2114868164062 -216.82528686523438
-978.8195190429688 -216.63018798828125
-979.0145263671875 -217.60707092285156
-977.19091796875 -215.60708618164062
-975.2881469726562 -217.14576721191406
-973.323974609375 -215.1457977294922
-972.3529052734375 -213.9376220703125
-970.3907470703125 -212.04086303710938
-968.5485229492188 -210.0601043701172
-966.6151123046875 -210.1393585205078
-964.6178588867188 -209.13494873046875
-962.6196899414062 -207.53517150878906
-960.8153076171875 -205.54812622070312
-958.8350830078125 -203.5514678955078
-956.843505859375 -201.55987548828125
-954.859130859375 -199.5598907470703
-952.9501953125 -197.56002807617188
-950.951416015625 -195.56005859375
-949.1592407226562 -193.56007385253906
-947.1624755859375 -191.56008911132812
-948.8392333984375 -189.56011962890625
-946.8956298828125 -187.56011962890625
-946.48046875 -185.5602264404297
-946.3497314453125 -183.56065368652344
-944.4793701171875 -181.56082153320312
-946.4476318359375 -179.5609130859375
-944.4987182617188 -177.5609130859375
-946.3668823242188 -175.5609893798828
-944.7824096679688 -173.5616912841797
-945.659912109375 -171.56272888183594
-945.8628540039062 -169.56307983398438
-945.832275390625 -167.6285858154297
-947.5689697265625 -165.62872314453125
-945.6060180664062 -163.62872314453125
-944.1407470703125 -161.62876892089844
-945.6776123046875 -159.62879943847656
-944.4308471679688 -157.62887573242188
-946.2373046875 -155.629150390625
-944.5930786132812 -153.63040161132812
-945.3592529296875 -151.6304931640625
-946.092529296875 -149.63067626953125
-944.7616577148438 -147.63072204589844
-944.566650390625 -145.6313934326172
-945.7188720703125 -143.63148498535156
-947.0762329101562 -141.6316680908203
-945.3516845703125 -139.63168334960938
-946.7490234375 -137.63284301757812
-944.8783569335938 -135.63284301757812
-943.5164184570312 -133.63287353515625
-944.1063842773438 -131.63327026367188
-944.4778442382812 -129.63397216796875
-945.41162109375 -127.6343765258789
-944.1331787109375 -125.63438415527344
-943.968505859375 -123.63446807861328
-943.5895385742188 -121.63603973388672
-945.3596801757812 -119.63886260986328
-945.6244506835938 -117.63902282714844
-944.1663818359375 -115.63927459716797
-942.578369140625 -113.63941192626953
-942.5111083984375 -111.64060974121094
-941.7147827148438 -109.6410903930664
-942.0160522460938 -107.64152526855469
-943.740234375 -105.64163970947266
-944.338134765625 -103.64164733886719
-943.387939453125 -101.64220428466797
-944.2264404296875 -99.64659118652344
-945.2503051757812 -97.64708709716797
-943.8816528320312 -95.64958190917969
-942.535888671875 -93.64991760253906
-940.5708618164062 -91.6519546508789
-939.12255859375 -89.65253448486328
-940.1966552734375 -87.65277862548828
-941.6250610351562 -85.65553283691406
-943.15234375 -83.67485046386719
-944.6743774414062 -81.6749038696289
-946.1094970703125 -79.67924499511719
-944.5185546875 -77.73279571533203
-946.2890625 -75.74147033691406
-948.2301635742188 -73.81031799316406
-948.880126953125 -71.9405288696289
-950.8131713867188 -70.17210388183594
-952.5601196289062 -68.5680923461914
-953.4495849609375 -68.7317886352539
-955.1774291992188 -66.88025665283203
-956.2467041015625 -65.06087493896484
-958.188720703125 -63.11623764038086
-959.7413940429688 -62.89177703857422
-961.7145385742188 -61.59725570678711
-963.6559448242188 -60.982093811035156
-965.6277465820312 -61.892818450927734
-966.6560668945312 -59.892818450927734
-966.295654296875 -57.89285659790039
-968.0673217773438 -58.8390007019043
-968.2377319335938 -56.8390007019043
-970.2364501953125 -55.0821647644043
-972.2333374023438 -53.641178131103516
-974.091064453125 -51.76924133300781
-975.9085693359375 -49.77292251586914
-977.5228881835938 -47.77922439575195
-976.0984497070312 -45.779239654541016
-977.7158203125 -43.82217788696289
-977.0425415039062 -41.8356819152832
-978.6744384765625 -39.83607864379883
