-1014.916015625 -214.2985382080078
-1016.5277709960938 -212.32469177246094
-1014.5279541015625 -213.9733123779297
-1014.0513305664062 -212.0032196044922
-1012.0513305664062 -213.87026977539062
-1013.0042114257812 -211.8704833984375
-1014.009765625 -213.83486938476562
-1015.20361328125 -211.857177734375
-1013.20361328125 -213.84280395507812
-1014.4674072265625 -211.88540649414062
-1012.4674682617188 -213.8021697998047
-1012.3101196289062 -211.81410217285156
-1013.3009643554688 -213.80152893066406
-1015.2025756835938 -211.81394958496094
-1013.20263671875 -212.6593017578125
-1013.512451171875 -210.68577575683594
-1011.512451171875 -212.34120178222656
-1009.5411987304688 -214.22254943847656
-1009.5413818359375 -212.369140625
-1007.5552368164062 -214.36795043945312
-1005.5990600585938 -216.3629608154297
-1004.5498657226562 -214.37338256835938
-1002.686279296875 -216.35826110839844
-1001.4229125976562 -214.43406677246094
-999.4262084960938 -216.4304962158203
-998.612060546875 -214.43821716308594
-996.6619873046875 -216.41567993164062
-997.4823608398438 -214.4566650390625
-995.5095825195312 -216.382568359375
-995.947265625 -214.38543701171875
-994.0421752929688 -216.37269592285156
-994.2242431640625 -215.1330108642578
-992.22900390625 -217.0992431640625
-992.2716674804688 -215.2349090576172
-990.2764892578125 -217.1355438232422
-991.8280029296875 -215.2556915283203
-990.2772216796875 -217.227783203125
-990.1549682617188 -215.2440185546875
-988.20263671875 -217.23440551757812
-990.0658569335938 -215.5161590576172
-988.138427734375 -217.5071563720703
-986.9346923828125 -215.55657958984375
-984.9613647460938 -217.53228759765625
-986.238525390625 -215.65528869628906
-984.2695922851562 -217.5312957763672
-983.5218505859375 -215.6715545654297
-981.5684204101562 -217.48606872558594
-983.4129028320312 -215.56163024902344
-981.5105590820312 -217.52487182617188
-979.7883911132812 -215.73089599609375
-977.8156127929688 -217.72874450683594
-977.9940185546875 -215.9402313232422
-976.0347900390625 -217.8596954345703
-977.8258056640625 -216.04190063476562
-975.9114379882812 -218.03578186035156
-977.3826904296875 -216.21096801757812
-975.4387817382812 -218.145263671875
-976.4049072265625 -216.44009399414062
-974.4598999023438 -218.31747436523438
-976.30029296875 -216.48977661132812
-977.9654541015625 -214.90660095214844
-976.1903686523438 -216.80572509765625
-974.9786987304688 -214.841552734375
-972.9833984375 -216.4196319580078
-973.3478393554688 -214.57200622558594
-971.3584594726562 -216.36019897460938
-970.1903076171875 -214.47915649414062
-968.1907958984375 -215.404296875
-966.2115478515625 -216.6218719482422
-965.231689453125 -214.67739868164062
-963.247314453125 -216.6044464111328
-961.2785034179688 -214.62562561035156
-959.4640502929688 -214.09706115722656
-957.4692993164062 -214.72837829589844
-955.513427734375 -215.66445922851562
-953.8941040039062 -213.67361450195312
-951.8966064453125 -212.8942413330078
-949.9090576171875 -211.2541046142578
-947.909912109375 -209.26699829101562
-949.8921508789062 -207.26939392089844
-947.8936767578125 -205.29856872558594
-949.8461303710938 -203.2987518310547
-947.84619140625 -201.33616638183594
-949.810791015625 -199.3367919921875
-947.8112182617188 -197.3492431640625
-949.7975463867188 -195.34925842285156
-947.800537109375 -193.3543243408203
-945.8037109375 -191.36537170410156
-947.7887573242188 -189.36676025390625
-945.7888793945312 -187.369140625
-947.7823486328125 -185.3693084716797
-945.7828979492188 -183.3775634765625
-947.7709350585938 -181.3832244873047
-945.7748413085938 -179.38389587402344
-947.7742919921875 -177.38458251953125
-946.0704345703125 -175.39161682128906
-948.0297241210938 -173.39308166503906
-946.1835327148438 -171.39334106445312
-948.1808471679688 -169.3935546875
-946.20361328125 -167.39419555664062
-948.2011108398438 -165.39529418945312
-946.2158813476562 -163.40040588378906
-948.2125244140625 -161.40188598632812
-946.252197265625 -159.4035186767578
-948.2432250976562 -157.4038848876953
-946.249755859375 -155.4068145751953
-948.2247924804688 -153.4075469970703
-946.2252197265625 -151.4078369140625
-948.2219848632812 -149.40785217285156
-946.233154296875 -147.407958984375
-948.2289428710938 -145.40802001953125
-946.2382202148438 -143.41024780273438
-948.2354125976562 -141.4103240966797
-946.2821044921875 -139.4113006591797
-948.2811279296875 -137.41140747070312
-946.2990112304688 -135.4115753173828
-948.2909545898438 -133.41160583496094
-946.4161376953125 -131.41183471679688
-944.480712890625 -129.411865234375
-946.4713134765625 -127.41187286376953
-944.4969482421875 -125.41191101074219
-946.4967041015625 -123.41194915771484
-944.5014038085938 -121.41233825683594
-946.5010375976562 -119.41241455078125
-944.58837890625 -117.41246032714844
-946.5838012695312 -115.41246795654297
-944.7294921875 -113.41255950927734
-946.7281494140625 -111.41256713867188
-944.9098510742188 -109.41267395019531
-946.905517578125 -107.41268920898438
-945.0921630859375 -105.4126968383789
-947.092041015625 -103.41271209716797
-946.0805053710938 -101.41272735595703
-948.07275390625 -99.4127426147461
-946.9713134765625 -97.41275024414062
-945.1273803710938 -95.41275024414062
-947.1171264648438 -93.41275024414062
-945.2409057617188 -91.41275024414062
-947.2381591796875 -89.41275024414062
-945.5077514648438 -87.41275024414062
-947.505615234375 -85.4128189086914
-946.025390625 -83.4128189086914
-948.0228271484375 -81.41282653808594
-946.0943603515625 -79.41282653808594
-948.07666015625 -77.4129409790039
-949.4515991210938 -75.4129409790039
-948.333251953125 -73.4129409790039
-949.2650146484375 -71.73861694335938
-951.2320556640625 -69.8413314819336
-953.164794921875 -68.53085327148438
-954.9713134765625 -67.06237030029297
-956.9215698242188 -66.01577758789062
-958.8953247070312 -64.67144012451172
-960.8294677734375 -66.06153869628906
-958.846435546875 -64.06217956542969
-960.4907836914062 -65.25389862060547
-958.4952392578125 -63.25394821166992
-959.490966796875 -64.80279541015625
-957.51904296875 -62.803104400634766
-959.3906860351562 -64.6824951171875
-957.62451171875 -62.682586669921875
-959.5380859375 -64.37071228027344
-961.4337768554688 -65.32228088378906
-959.4881591796875 -63.322696685791016
-961.3499755859375 -65.02861785888672
-959.5042724609375 -63.028839111328125
-961.3226318359375 -62.975128173828125
-962.7437744140625 -62.28071975708008
-961.5690307617188 -60.28145217895508
-962.1781616210938 -62.273529052734375
-964.1616821289062 -61.47998046875
-963.5491943359375 -59.481422424316406
-965.5157470703125 -60.624595642089844
-963.7107543945312 -58.62530517578125
-965.539794921875 -60.57716751098633
-963.7088623046875 -58.57724380493164
-965.3778686523438 -59.80247116088867
-967.3069458007812 -61.376739501953125
-965.567138671875 -59.3787727355957
-967.374267578125 -61.1418571472168
-965.7185668945312 -59.14255142211914
-967.1538696289062 -60.8585205078125
-966.5941772460938 -58.85857009887695
-968.0491943359375 -60.032501220703125
-966.5530395507812 -58.03464889526367
-968.5415649414062 -59.88872528076172
-969.8851318359375 -57.890743255615234
-968.8162231445312 -55.891780853271484
-970.8128051757812 -56.294776916503906
-972.8106689453125 -54.9692268371582
-974.8104858398438 -52.99280548095703
-976.8055419921875 -50.99312973022461
-978.7994995117188 -48.99382781982422
-976.8034057617188 -46.99407958984375
-978.802001953125 -44.994205474853516
-977.593017578125 -42.99428176879883
-976.56591796875 -41.000953674316406
