-1013.4239501953125 -214.28065490722656
-1011.7285766601562 -212.28131103515625
-1011.1851196289062 -214.16693115234375
-1009.8798828125 -212.1671600341797
-1008.7890014648438 -214.1328125
-1006.79638671875 -216.06980895996094
-1005.1796875 -214.0874786376953
-1003.1848754882812 -215.955810546875
-1001.2796020507812 -213.95590209960938
-999.2821655273438 -215.94680786132812
-997.301513671875 -213.94699096679688
-995.3059692382812 -213.03488159179688
-993.3060913085938 -215.02816772460938
-991.3138427734375 -216.94956970214844
-989.4447631835938 -214.98118591308594
-987.5780639648438 -215.67974853515625
-985.5914916992188 -217.63084411621094
-983.7166137695312 -215.636474609375
-981.8165893554688 -217.5535430908203
-979.9818115234375 -215.55364990234375
-977.9835205078125 -217.50723266601562
-976.322509765625 -215.5078125
-974.3256225585938 -216.33824157714844
-973.2099609375 -214.3386993408203
-971.2105712890625 -216.1829071044922
-969.6253662109375 -214.18531799316406
-967.62548828125 -213.64613342285156
-965.6307373046875 -211.8012237548828
-963.6324462890625 -213.15176391601562
-961.6329956054688 -212.31895446777344
-959.6334228515625 -213.15325927734375
-957.6345825195312 -211.3563232421875
-955.6345825195312 -209.36328125
-953.6346435546875 -207.36337280273438
-951.6359252929688 -205.36338806152344
-949.6359252929688 -203.3634033203125
-947.6363525390625 -201.36341857910156
-949.6363525390625 -199.3634796142578
-947.6368408203125 -197.3634796142578
-949.6368408203125 -195.363525390625
-947.6369018554688 -193.36354064941406
-945.6369018554688 -191.36354064941406
-947.6369018554688 -189.3636016845703
-945.6392822265625 -187.3636016845703
-947.6392211914062 -185.3636016845703
-945.6392822265625 -183.3636016845703
-947.6392822265625 -181.36363220214844
-945.6426391601562 -179.36363220214844
-947.6426391601562 -177.3637237548828
-945.6428833007812 -175.3637237548828
-947.6428833007812 -173.36375427246094
-945.6450805664062 -171.36375427246094
-947.6450805664062 -169.36376953125
-945.6452026367188 -167.36378479003906
-947.6452026367188 -165.3638916015625
-945.6454467773438 -163.3638916015625
-947.6454467773438 -161.3638916015625
-945.6463012695312 -159.3638916015625
-947.6463012695312 -157.36460876464844
-945.6494750976562 -155.36460876464844
-947.6494750976562 -153.36465454101562
-945.6497192382812 -151.36465454101562
-947.6497192382812 -149.3647918701172
-945.65234375 -147.3647918701172
-947.65234375 -145.3648223876953
-945.6566162109375 -143.3648223876953
-947.6566162109375 -141.36502075195312
-945.6586303710938 -139.36502075195312
-947.6586303710938 -137.36534118652344
-945.6597290039062 -135.36534118652344
-947.6597290039062 -133.36534118652344
-945.66015625 -131.36534118652344
-947.66015625 -129.36537170410156
-945.6605834960938 -127.36536407470703
-947.6605834960938 -125.36541748046875
-945.6611328125 -123.3654556274414
-947.6611328125 -121.36546325683594
-945.7241821289062 -119.36546325683594
-947.7241821289062 -117.36546325683594
-945.7372436523438 -115.36546325683594
-943.7406005859375 -113.365478515625
-945.7406005859375 -111.365478515625
-943.744140625 -109.365478515625
-945.744140625 -107.365478515625
-943.744873046875 -105.365478515625
-945.744873046875 -103.365478515625
-947.744873046875 -101.36548614501953
-945.7745971679688 -99.36549377441406
-947.7745971679688 -97.36549377441406
-945.9091796875 -95.3655014038086
-947.9091796875 -93.36550903320312
-945.9126586914062 -91.36553192138672
-947.9126586914062 -89.36553192138672
-945.9365234375 -87.36555480957031
-947.9365234375 -85.36556243896484
-946.2294921875 -83.3655776977539
-948.2294921875 -81.36558532714844
-946.2796020507812 -79.36558532714844
-948.2796020507812 -77.36559295654297
-946.3916015625 -75.36595916748047
-948.115966796875 -73.36866760253906
-949.1425170898438 -71.37721252441406
-950.56884765625 -69.48809814453125
-952.4044799804688 -67.7868881225586
-954.3619995117188 -66.18334197998047
-955.6871337890625 -64.20893096923828
-957.2022705078125 -62.67094421386719
-958.84814453125 -64.170654296875
-960.586181640625 -63.61470031738281
-962.2683715820312 -63.83045959472656
-960.312744140625 -61.83052444458008
-962.251220703125 -61.84373092651367
-964.0984497070312 -61.656494140625
-962.5132446289062 -59.656890869140625
-964.2941284179688 -60.638248443603516
-966.1998901367188 -61.92078399658203
-966.0625 -59.93343734741211
-967.0938720703125 -57.93376922607422
-969.0919799804688 -59.170196533203125
-970.9650268554688 -57.1740608215332
-970.0185546875 -55.17426681518555
-972.0185546875 -53.96045684814453
-974.0185546875 -51.966796875
-976.0185546875 -49.978214263916016
-978.01806640625 -47.98030471801758
-976.0199584960938 -45.98038101196289
-978.0198974609375 -43.984378814697266
-976.0213623046875 -41.98760223388672
-978.0203247070312 -39.98855972290039
