-1013.2947387695312 -214.2919921875
-1011.473876953125 -213.22828674316406
-1010.0964965820312 -215.00759887695312
-1008.307861328125 -213.02691650390625
-1006.3137817382812 -214.77972412109375
-1004.7110595703125 -213.61349487304688
-1002.7164306640625 -215.0397491455078
-1000.7264404296875 -216.9055633544922
-999.6881713867188 -215.25131225585938
-997.72998046875 -217.24403381347656
-995.765625 -215.2639923095703
-993.78515625 -217.2283477783203
-992.1491088867188 -216.1487579345703
-990.22021484375 -214.46424865722656
-988.595947265625 -216.2576141357422
-986.7730712890625 -214.49514770507812
-985.0903930664062 -215.79302978515625
-983.1077270507812 -217.41021728515625
-981.6434936523438 -215.85806274414062
-979.7009887695312 -217.79080200195312
-978.1098022460938 -215.85504150390625
-976.5130615234375 -217.71107482910156
-974.805419921875 -216.67652893066406
-976.308837890625 -215.10894775390625
-974.3250122070312 -216.6033935546875
-973.7927856445312 -215.03025817871094
-971.8370361328125 -216.96365356445312
-973.0540161132812 -215.33062744140625
-971.0584716796875 -217.0837860107422
-970.7155151367188 -216.07150268554688
-970.8131103515625 -216.3122100830078
-968.9471435546875 -214.76243591308594
-966.9677734375 -214.73617553710938
-964.9750366210938 -216.49822998046875
-963.3865966796875 -215.56094360351562
-962.3579711914062 -214.2501983642578
-960.4669799804688 -214.35581970214844
-958.4866333007812 -215.12791442871094
-956.4939575195312 -215.33035278320312
-956.156005859375 -214.14105224609375
-954.3487548828125 -216.08554077148438
-954.05615234375 -214.344970703125
-952.06298828125 -215.9996795654297
-950.1137084960938 -214.11102294921875
-948.1285400390625 -213.52273559570312
-947.4074096679688 -211.80816650390625
-947.6427001953125 -211.0603485107422
-948.0341186523438 -209.23326110839844
-947.49072265625 -207.27545166015625
-948.3822021484375 -205.47023010253906
-949.20166015625 -203.7374267578125
-947.33154296875 -202.2742462158203
-948.2517700195312 -200.55126953125
-947.688232421875 -198.99356079101562
-949.2080078125 -197.12559509277344
-947.46875 -195.2623291015625
-948.6888427734375 -193.77821350097656
-946.8389892578125 -191.99313354492188
-948.0997314453125 -191.65184020996094
-946.3814086914062 -189.66775512695312
-945.2359008789062 -188.36172485351562
-945.4000244140625 -186.46878051757812
-946.9752807617188 -184.5337677001953
-946.9041748046875 -183.30413818359375
-945.1634521484375 -181.33663940429688
-946.9736328125 -180.73312377929688
-945.9298095703125 -178.89578247070312
-947.694091796875 -176.95152282714844
-946.1339721679688 -175.0084686279297
-947.9578857421875 -173.4628448486328
-946.2433471679688 -171.48275756835938
-947.4125366210938 -169.5650177001953
-945.4485473632812 -167.61439514160156
-947.3501586914062 -165.81838989257812
-946.7769775390625 -163.84072875976562
-946.5673217773438 -162.21128845214844
-945.9038696289062 -160.24111938476562
-946.431884765625 -158.46017456054688
-948.2503051757812 -157.1533660888672
-946.3505859375 -155.1621856689453
-947.7238159179688 -153.9694366455078
-945.8324584960938 -152.096923828125
-946.8699951171875 -150.15150451660156
-944.938232421875 -148.15875244140625
-946.83935546875 -146.65463256835938
-945.4295043945312 -144.65956115722656
-946.8130493164062 -142.66441345214844
-946.9800415039062 -140.67469787597656
-945.1296997070312 -138.78155517578125
-946.9841918945312 -136.8520050048828
-948.56103515625 -134.85494995117188
-947.9899291992188 -132.86383056640625
-948.076904296875 -130.88201904296875
-947.4618530273438 -128.8895721435547
-948.26171875 -126.95608520507812
-947.9793701171875 -124.96107482910156
-947.6796264648438 -122.99124908447266
-946.59716796875 -120.99967193603516
-945.2146606445312 -119.00647735595703
-946.9480590820312 -117.01335144042969
-946.8917846679688 -115.01388549804688
-947.5772705078125 -113.01713562011719
-948.07763671875 -111.0201644897461
-949.52587890625 -109.02164459228516
-948.1653442382812 -107.0223388671875
-948.0355224609375 -105.0225830078125
-947.018310546875 -103.02288818359375
-947.2574462890625 -101.02432250976562
-947.12744140625 -99.03059387207031
-946.8262329101562 -97.03336334228516
-948.7408447265625 -95.03355407714844
-948.6904296875 -93.0347900390625
-946.9852294921875 -91.03842163085938
-947.7960815429688 -89.03913116455078
-948.3126831054688 -87.04199981689453
-947.8897705078125 -85.04336547851562
-949.4546508789062 -83.04766845703125
-951.16748046875 -81.05484771728516
-951.6130981445312 -79.0555419921875
-951.974609375 -77.05696868896484
-952.0113525390625 -75.06346893310547
-953.2037353515625 -73.06369018554688
-954.851806640625 -71.06400299072266
-953.7150268554688 -69.06784057617188
-955.5930786132812 -67.73576354980469
-957.1859741210938 -66.5180892944336
-955.2207641601562 -64.5198745727539
-956.8692016601562 -65.47325134277344
-955.5184326171875 -66.71183013916016
-956.64990234375 -65.09661102294922
-957.944580078125 -63.93277359008789
-959.1934204101562 -65.4002456665039
-957.3016967773438 -63.40369415283203
-956.8963623046875 -65.32717895507812
-958.4230346679688 -66.4150619506836
-958.3931884765625 -64.41795349121094
-959.9063110351562 -64.64920043945312
-960.1770629882812 -62.650333404541016
-961.5343627929688 -62.88606262207031
-962.715576171875 -64.6703872680664
-963.0294799804688 -62.670570373535156
-962.2699584960938 -60.670631408691406
-964.1981811523438 -61.944313049316406
-962.7630004882812 -59.94434356689453
-964.533203125 -61.860145568847656
-962.6618041992188 -59.86038589477539
-964.56298828125 -61.75501251220703
-962.8978271484375 -59.755027770996094
-964.7401123046875 -61.617042541503906
-964.9151000976562 -59.61725616455078
-966.7527465820312 -61.55436706542969
-968.0 -59.55437088012695
-966.8477783203125 -57.55437469482422
-968.4883422851562 -59.46174621582031
-967.2106323242188 -57.46175765991211
-969.0772705078125 -59.19036865234375
-968.3515014648438 -57.19038391113281
-970.3251342773438 -58.6483039855957
-971.9506225585938 -56.648338317871094
-970.5601196289062 -54.648372650146484
-972.4497680664062 -52.7481689453125
-974.1694946289062 -50.751258850097656
-976.11181640625 -48.75153350830078
-977.0994262695312 -46.75355911254883
-978.908935546875 -44.75418472290039
-977.5482177734375 -42.79548263549805
-976.2767333984375 -41.05424499511719
