-1013.2132568359375 -214.2849884033203
-1011.2132568359375 -212.9180908203125
-1009.2132568359375 -214.89028930664062
-1007.213623046875 -212.91061401367188
-1005.213623046875 -214.8808135986328
-1003.213623046875 -216.771728515625
-1001.213623046875 -214.93698120117188
-999.213623046875 -216.17884826660156
-997.21435546875 -214.23085021972656
-995.21435546875 -216.2274627685547
-993.2155151367188 -214.40777587890625
-991.2155151367188 -216.36614990234375
-989.2249145507812 -214.60169982910156
-987.2249145507812 -216.5235137939453
-985.2291259765625 -214.83108520507812
-983.2291259765625 -216.82260131835938
-981.2299194335938 -216.40765380859375
-979.2299194335938 -218.3901824951172
-977.2315673828125 -216.41526794433594
-975.2315673828125 -218.40777587890625
-973.2321166992188 -217.2884063720703
-971.2362670898438 -215.3214111328125
-969.2362670898438 -217.17416381835938
-967.2704467773438 -215.19873046875
-965.2704467773438 -217.16226196289062
-963.311767578125 -215.19122314453125
-961.3310546875 -213.30490112304688
-959.3310546875 -215.2573699951172
-957.3310546875 -217.2443084716797
-955.3399658203125 -215.32272338867188
-953.3483276367188 -213.33242797851562
-951.3483276367188 -214.39312744140625
-949.348388671875 -213.7770538330078
-948.822509765625 -211.7781219482422
-946.9213256835938 -209.77850341796875
-945.575439453125 -207.7864990234375
-945.1283569335938 -205.78823852539062
-943.683349609375 -203.7935028076172
-942.237060546875 -201.80413818359375
-940.3580322265625 -199.80618286132812
-941.756591796875 -197.82763671875
-940.030029296875 -195.83706665039062
-938.7214965820312 -193.8519287109375
-937.5047607421875 -191.91445922851562
-937.6158447265625 -189.9287567138672
-938.0449829101562 -187.93971252441406
-939.2059936523438 -185.94448852539062
-937.7943725585938 -183.9705352783203
-937.3189086914062 -182.0093231201172
-938.9320068359375 -180.01849365234375
-939.50048828125 -178.02154541015625
-940.1100463867188 -176.0276336669922
-941.5877075195312 -174.03810119628906
-943.0028076171875 -172.03846740722656
-944.7608642578125 -170.03878784179688
-946.6292724609375 -168.04336547851562
-944.6456298828125 -166.04722595214844
-946.30419921875 -164.0474853515625
-947.7863159179688 -162.04774475097656
-945.7962646484375 -160.0535430908203
-947.3927612304688 -158.0547332763672
-945.5703735351562 -156.08656311035156
-947.5360717773438 -154.08779907226562
-945.6222534179688 -152.0924530029297
-947.6118774414062 -150.09263610839844
-945.8656005859375 -148.1024627685547
-947.7842407226562 -146.10299682617188
-946.3104248046875 -144.11842346191406
-948.298828125 -142.11862182617188
-946.3304443359375 -140.13858032226562
-948.3202514648438 -138.13858032226562
-946.7402954101562 -136.19825744628906
-944.7713012695312 -134.24081420898438
-946.770751953125 -132.24081420898438
-945.360107421875 -130.25201416015625
-947.35107421875 -128.25204467773438
-945.5810546875 -126.26117706298828
-947.5738525390625 -124.26117706298828
-946.2534790039062 -122.3235855102539
-944.4452514648438 -120.32605743408203
-946.4205322265625 -118.32606506347656
-946.5177612304688 -116.32682800292969
-944.7876586914062 -114.32917785644531
-946.7816162109375 -112.32918548583984
-944.8713989257812 -110.3294677734375
-946.8711547851562 -108.32947540283203
-945.0260009765625 -106.32955932617188
-947.0257568359375 -104.32955932617188
-946.1151123046875 -102.3301010131836
-948.1142578125 -100.3301010131836
-949.1859741210938 -98.33780670166016
-949.6431884765625 -96.34477996826172
-948.3217163085938 -94.34546661376953
-950.197509765625 -92.34683227539062
-949.6751708984375 -90.35884094238281
-949.327392578125 -88.35981750488281
-949.5060424804688 -86.36029815673828
-948.212646484375 -84.36363983154297
-949.6865234375 -82.39337158203125
-949.40771484375 -80.39389038085938
-948.6229858398438 -78.39631652832031
-948.0257568359375 -76.3967514038086
-949.47607421875 -74.3988037109375
-949.6862182617188 -72.4004135131836
-951.6185913085938 -70.4715347290039
-953.3195190429688 -68.48540496826172
-955.1641845703125 -66.69611358642578
-955.6014404296875 -65.38815307617188
-954.3868408203125 -65.20758819580078
-955.5170288085938 -63.676185607910156
-957.1242065429688 -64.59117889404297
-958.9241943359375 -63.21553039550781
-959.47314453125 -62.40275192260742
-960.4702758789062 -63.78194808959961
-959.3580932617188 -61.78221130371094
-961.051025390625 -63.74385070800781
-962.4537353515625 -61.74396896362305
-964.4262084960938 -63.65007019042969
-963.5057373046875 -61.652828216552734
-962.1856079101562 -59.652862548828125
-962.5663452148438 -61.6289176940918
-964.3341674804688 -63.20335006713867
-964.1851196289062 -61.20713424682617
-965.2783813476562 -59.2071418762207
-967.1803588867188 -60.474674224853516
-966.7060546875 -58.47468948364258
-967.4164428710938 -60.03934860229492
-968.3764038085938 -58.03935241699219
-970.348876953125 -58.18189239501953
-972.1483764648438 -56.18189239501953
-971.9217529296875 -54.1818962097168
-973.7918701171875 -52.18641662597656
-975.7762451171875 -50.18698501586914
-977.7657470703125 -48.18701934814453
-978.3394165039062 -46.40799331665039
-976.5846557617188 -44.44343948364258
-978.5838012695312 -42.4434814453125
-976.9813842773438 -41.37387466430664
-975.495361328125 -39.777984619140625
