-1013.4248046875 -214.4475860595703
-1011.5321655273438 -212.52679443359375
-1010.8192138671875 -213.901611328125
-1008.8358764648438 -211.99600219726562
-1007.1216430664062 -213.93820190429688
-1005.8815307617188 -215.74063110351562
-1004.0185546875 -214.42184448242188
-1002.0826416015625 -216.23776245117188
-1000.69580078125 -214.2897186279297
-999.4742431640625 -216.2361602783203
-997.53125 -214.3523406982422
-995.7011108398438 -216.3443145751953
-993.78759765625 -214.37661743164062
-993.345703125 -216.1785125732422
-992.3136596679688 -214.3102569580078
-990.463623046875 -215.85073852539062
-988.5225830078125 -213.8720245361328
-987.698486328125 -215.75123596191406
-986.1727294921875 -217.6829071044922
-984.6311645507812 -215.8428497314453
-982.6446533203125 -217.76600646972656
-980.9862060546875 -215.93138122558594
-979.3916625976562 -217.85667419433594
-977.4321899414062 -216.4200897216797
-975.4617309570312 -217.58201599121094
-973.7647094726562 -215.8925018310547
-972.1513061523438 -217.86947631835938
-970.3798217773438 -216.41619873046875
-969.1447143554688 -214.58981323242188
-967.1629638671875 -216.47183227539062
-965.2114868164062 -214.51722717285156
-963.6046142578125 -215.14285278320312
-962.1871337890625 -216.59751892089844
-960.2098388671875 -214.60226440429688
-958.2192993164062 -216.5870819091797
-956.4806518554688 -214.60272216796875
-955.1170043945312 -215.59600830078125
-953.6349487304688 -213.60946655273438
-951.9260864257812 -212.1634521484375
-950.1658935546875 -210.23867797851562
-948.184326171875 -208.38095092773438
-947.7678833007812 -206.80499267578125
-948.7833251953125 -204.95449829101562
-949.7684326171875 -203.0204315185547
-947.8084106445312 -201.07534790039062
-945.9453125 -199.31155395507812
-946.4727783203125 -197.58187866210938
-947.7203979492188 -196.02041625976562
-947.2503051757812 -194.36529541015625
-947.0230102539062 -192.43655395507812
-946.067626953125 -190.4770050048828
-944.9622802734375 -188.49769592285156
-945.8005981445312 -186.5087890625
-947.0015869140625 -184.55316162109375
-947.4205322265625 -182.9523162841797
-945.8224487304688 -181.10653686523438
-946.1470336914062 -179.16505432128906
-946.64501953125 -177.20143127441406
-944.7007446289062 -175.2598876953125
-944.7337036132812 -173.2720184326172
-943.09423828125 -171.50669860839844
-942.4581909179688 -169.75042724609375
-943.8534545898438 -167.81239318847656
-943.8419799804688 -166.0347900390625
-945.4979248046875 -164.17909240722656
-943.958740234375 -162.19866943359375
-942.542236328125 -161.06446838378906
-944.1661987304688 -159.17324829101562
-943.4885864257812 -157.21434020996094
-944.1253051757812 -155.3347625732422
-946.0103759765625 -153.34388732910156
-947.166259765625 -151.3558349609375
-945.186767578125 -149.36582946777344
-943.641357421875 -147.38328552246094
-944.6339721679688 -145.41680908203125
-946.4339599609375 -143.44268798828125
-946.1602172851562 -141.5094451904297
-946.396728515625 -139.5098114013672
-946.6900634765625 -137.59381103515625
-944.70849609375 -135.60086059570312
-943.8157348632812 -133.61309814453125
-945.1846923828125 -131.6156463623047
-946.2612915039062 -129.626708984375
-947.2115478515625 -127.63191986083984
-945.6708984375 -125.63217163085938
-945.8943481445312 -123.63468933105469
-947.1996459960938 -121.66081237792969
-945.7764892578125 -119.66275024414062
-946.702880859375 -117.66355895996094
-944.7159423828125 -115.66580200195312
-943.7220458984375 -113.666259765625
-943.659912109375 -111.66728973388672
-945.3858642578125 -109.67125701904297
-946.07080078125 -107.67340087890625
-944.6460571289062 -105.6735610961914
-945.566162109375 -103.67443084716797
-947.092529296875 -101.67925262451172
-945.8825073242188 -99.67938232421875
-947.3123168945312 -97.67996978759766
-945.9908447265625 -95.68045043945312
-946.164794921875 -93.6805191040039
-946.303466796875 -91.68179321289062
-947.6817626953125 -89.68186950683594
-948.0376586914062 -87.68302917480469
-947.3566284179688 -85.68377685546875
-945.9664306640625 -83.68435668945312
-946.64990234375 -81.68461608886719
-946.5580444335938 -79.68463897705078
-945.606689453125 -77.6854019165039
-946.380126953125 -75.68544006347656
-947.0215454101562 -73.6859359741211
-948.0865478515625 -71.68670654296875
-949.7992553710938 -69.69384765625
-951.6197509765625 -67.69570922851562
-951.9368286132812 -65.71788024902344
-952.9119873046875 -63.754886627197266
-954.806884765625 -62.946231842041016
-956.7515869140625 -62.78285598754883
-958.6674194335938 -63.628623962402344
-959.954833984375 -64.61277770996094
-958.5208129882812 -62.61280059814453
-960.0592651367188 -63.25352096557617
-961.8504638671875 -62.6280517578125
-963.8264770507812 -64.25540161132812
-962.32275390625 -62.25619125366211
-964.2830810546875 -63.12445068359375
-962.3130493164062 -61.124855041503906
-964.2329711914062 -61.70030212402344
-962.9633178710938 -59.700435638427734
-962.4825439453125 -60.673744201660156
-963.7297973632812 -59.20072937011719
-965.6825561523438 -60.01231002807617
-967.6415405273438 -60.39406204223633
-965.6813354492188 -58.39411926269531
-967.5147094726562 -59.59967041015625
-965.8770751953125 -57.5997200012207
-967.8116455078125 -59.528228759765625
-966.1370239257812 -57.528255462646484
-968.0897827148438 -57.12040710449219
-970.0565185546875 -55.42092514038086
-968.4814453125 -53.433677673339844
-969.338623046875 -51.643245697021484
-970.5419921875 -49.65943908691406
-969.56396484375 -47.687957763671875
-968.537841796875 -45.691986083984375
-969.1055908203125 -43.698699951171875
-967.5828247070312 -41.71022415161133
