-859.9742431640625 -179.25067138671875
-861.9741821289062 -181.1764373779297
-863.9064331054688 -179.1805419921875
-865.90576171875 -181.16807556152344
-867.9036865234375 -179.18890380859375
-869.6075439453125 -178.00558471679688
-871.6057739257812 -179.45458984375
-873.5825805664062 -177.6198272705078
-875.58154296875 -179.60072326660156
-877.5193481445312 -178.1400146484375
-879.5180053710938 -180.0749969482422
-881.5054321289062 -178.09396362304688
-882.6461181640625 -179.99778747558594
-884.5447387695312 -179.6851806640625
-886.4979248046875 -178.76451110839844
-888.4469604492188 -180.73175048828125
-890.4467163085938 -182.66900634765625
-892.444091796875 -180.68882751464844
-893.917724609375 -180.4979248046875
-893.16015625 -181.81961059570312
-893.0820922851562 -179.88677978515625
-895.0774536132812 -181.88026428222656
-895.6655883789062 -180.01441955566406
-893.9738159179688 -181.7957763671875
-893.1879272460938 -179.81175231933594
-895.0428466796875 -180.41192626953125
-895.72705078125 -178.6377410888672
-894.3676147460938 -176.79052734375
-896.3190307617188 -178.667236328125
-896.2722778320312 -179.33905029296875
-894.3949584960938 -180.09884643554688
-894.33740234375 -181.56790161132812
-894.885986328125 -179.9295654296875
-894.1743774414062 -178.5836944580078
-896.1723022460938 -180.3577880859375
-895.5734252929688 -180.2337188720703
-897.0562133789062 -182.0428009033203
-895.0859985351562 -180.87159729003906
-894.04833984375 -180.6860809326172
-894.3082885742188 -180.4763641357422
-895.980224609375 -180.50686645507812
-894.8480834960938 -180.8117218017578
-893.2843627929688 -179.90402221679688
-895.2281494140625 -181.1148681640625
-894.3187866210938 -181.70697021484375
-895.7874145507812 -179.8788604736328
-897.7086791992188 -180.4893798828125
-899.03076171875 -180.9014129638672
-900.986572265625 -182.17398071289062
-902.879638671875 -181.2758331298828
-904.804443359375 -181.82275390625
-906.6114501953125 -179.8300323486328
-908.609619140625 -181.8219451904297
-907.9856567382812 -181.34417724609375
-909.7660522460938 -183.3385467529297
-909.6566772460938 -181.67367553710938
-911.600830078125 -182.62997436523438
-911.50390625 -180.7368621826172
-913.4971313476562 -182.66278076171875
-915.298828125 -180.8384246826172
-916.3341674804688 -182.8165283203125
-916.5466918945312 -180.9221649169922
-918.447998046875 -181.8097381591797
-920.4076538085938 -180.02923583984375
-922.4063110351562 -181.64669799804688
-924.2094116210938 -183.60581970214844
-926.2062377929688 -181.638427734375
-928.2059326171875 -180.92274475097656
-930.2049560546875 -179.14434814453125
-932.2048950195312 -178.86138916015625
-934.204833984375 -176.86688232421875
-936.2047729492188 -174.89129638671875
-938.2046508789062 -172.90452575683594
-940.20458984375 -170.91928100585938
-942.20458984375 -168.9230499267578
-944.2045288085938 -166.94215393066406
-946.2045288085938 -165.1738739013672
-948.2044677734375 -163.17483520507812
-947.2418823242188 -161.17506408691406
-945.3507690429688 -159.19798278808594
-947.3506469726562 -157.19869995117188
-945.8132934570312 -155.2187957763672
-947.8132934570312 -153.31175231933594
-946.8162841796875 -151.3230743408203
-944.8263549804688 -149.32452392578125
-946.8262939453125 -147.48519897460938
-944.8509521484375 -145.56915283203125
-946.8509521484375 -143.5853729248047
-944.8991088867188 -142.68023681640625
-946.8991088867188 -140.68402099609375
-945.1171264648438 -138.68702697753906
-947.1170654296875 -136.69091796875
-945.706298828125 -134.73770141601562
-947.706298828125 -132.7457733154297
-945.7315063476562 -130.86468505859375
-947.7315063476562 -129.1369171142578
-946.1885375976562 -127.14540100097656
-948.1884765625 -125.14891052246094
-946.30419921875 -123.28854370117188
-944.39990234375 -121.29112243652344
-946.3998413085938 -119.29551696777344
-944.50830078125 -117.31905364990234
-946.5082397460938 -115.326904296875
-944.5505981445312 -113.32969665527344
-946.5505981445312 -111.552734375
-945.0093994140625 -109.55754852294922
-947.0093994140625 -107.56249237060547
-945.0291748046875 -105.58263397216797
-947.0291748046875 -103.59064483642578
-947.779052734375 -101.59489440917969
-945.8468627929688 -99.59879302978516
-947.8468017578125 -97.68440246582031
-945.8854370117188 -95.71651458740234
-947.8853759765625 -93.72185516357422
-945.9049682617188 -91.86904907226562
-947.9042358398438 -89.93487548828125
-947.0932006835938 -87.9437026977539
-948.6746826171875 -85.98040771484375
-946.8157348632812 -83.98047637939453
-944.8173828125 -81.99900817871094
-946.8173828125 -80.00446319580078
-945.0189819335938 -78.01705932617188
-947.0189819335938 -76.05008697509766
-949.0185546875 -74.12857818603516
-951.0159912109375 -74.91503143310547
-949.3314819335938 -72.92009735107422
-951.3206787109375 -71.09931182861328
-953.3192749023438 -69.12522888183594
-955.3125 -67.87796783447266
-957.3038940429688 -68.73170471191406
-957.5947265625 -66.73431396484375
-958.3316040039062 -68.12353515625
-957.4935302734375 -66.2986831665039
-955.87841796875 -64.36907958984375
-957.8739624023438 -62.49087142944336
-959.8606567382812 -62.80396270751953
-961.68115234375 -61.04487991333008
-963.6605224609375 -60.65704345703125
-965.6554565429688 -58.75210952758789
-967.6544189453125 -57.99959945678711
-969.6538696289062 -57.2559928894043
-971.4678955078125 -55.27654266357422
-973.4672241210938 -54.435218811035156
-975.4671630859375 -55.77431869506836
-977.4487915039062 -54.646419525146484
-979.3720703125 -52.6595573425293
-979.60498046875 -51.918601989746094
-978.3654174804688 -49.96122360229492
-978.2774658203125 -47.98959732055664
-976.2927856445312 -45.992279052734375
-978.292724609375 -44.017459869384766
-977.1069946289062 -42.191192626953125
-975.395263671875 -40.3250617980957
-977.39501953125 -38.777767181396484
-975.6170654296875 -36.8303108215332
-977.6112670898438 -34.85275650024414
-975.7879028320312 -34.62439727783203
-977.78759765625 -32.646644592285156
-977.5993041992188 -30.70904541015625
-978.269287109375 -28.71402931213379
-976.3822631835938 -26.790237426757812
-978.3810424804688 -26.833133697509766
-979.1814575195312 -24.89057159423828
-977.44091796875 -23.04853630065918
-979.4408569335938 -24.664955139160156
-979.1417236328125 -22.788555145263672
-981.1381225585938 -22.487016677856445
-979.6466674804688 -24.060565948486328
-980.2459106445312 -23.08354377746582
-980.75439453125 -21.138507843017578
-982.6199951171875 -19.162206649780273
-981.7084350585938 -18.30314064025879
-979.7351684570312 -16.599628448486328
-981.7288818359375 -18.5522403717041
-982.497802734375 -17.06037712097168
-980.6175537109375 -15.324431419372559
-982.61474609375 -16.443788528442383
-980.649658203125 -14.873230934143066
-982.6458129882812 -16.03062629699707
-980.7352905273438 -14.235452651977539
-982.729736328125 -15.738588333129883
-981.7462768554688 -14.307673454284668
-983.7454223632812 -13.763399124145508
-983.2210693359375 -11.78164291381836
-983.5352783203125 -9.79013442993164
-981.5741577148438 -7.941186428070068
-983.5697021484375 -7.516468048095703
-982.4188232421875 -5.731494903564453
-984.418701171875 -5.560624122619629
-985.1505737304688 -3.578099012374878
