-859.9733276367188 -180.527587890625
-861.6103515625 -178.55018615722656
-863.5825805664062 -180.32437133789062
-865.34326171875 -178.454345703125
-867.300048828125 -180.10360717773438
-869.0283813476562 -178.22177124023438
-871.0037841796875 -180.19850158691406
-872.5927734375 -178.8244171142578
-874.3598022460938 -177.03392028808594
-876.3504638671875 -178.97171020507812
-877.1409301757812 -176.9902801513672
-879.1065673828125 -178.24293518066406
-878.3075561523438 -178.94517517089844
-879.9714965820312 -177.08993530273438
-881.3953247070312 -177.3463897705078
-882.3727416992188 -178.67515563964844
-883.6852416992188 -180.60743713378906
-885.6187744140625 -178.63067626953125
-887.537109375 -180.56546020507812
-888.5086059570312 -182.5220489501953
-890.4468383789062 -180.62940979003906
-892.4354858398438 -182.501220703125
-891.3681640625 -180.64559936523438
-893.3280029296875 -182.45733642578125
-892.9938354492188 -180.78260803222656
-894.8875732421875 -182.62416076660156
-895.9002075195312 -181.13726806640625
-895.8085327148438 -182.87522888183594
-897.681396484375 -181.03175354003906
-899.1558227539062 -182.90077209472656
-900.6812133789062 -181.02772521972656
-902.6554565429688 -182.9795684814453
-904.5442504882812 -181.556640625
-906.5016479492188 -183.48095703125
-908.2164916992188 -181.60194396972656
-910.0486450195312 -183.5697784423828
-911.94580078125 -181.91629028320312
-911.7472534179688 -180.47218322753906
-913.7152099609375 -182.46365356445312
-913.3515625 -180.95523071289062
-915.3248291015625 -182.9036407470703
-914.9603881835938 -182.0057373046875
-915.5791015625 -180.43812561035156
-917.3146362304688 -182.28524780273438
-918.2787475585938 -180.74497985839844
-920.2417602539062 -182.08615112304688
-922.0744018554688 -180.10418701171875
-923.8418579101562 -181.6924285888672
-925.8197631835938 -179.71133422851562
-927.7951049804688 -179.27928161621094
-929.7601318359375 -178.1436767578125
-931.7072143554688 -176.2738037109375
-933.6935424804688 -174.47767639160156
-935.6781616210938 -172.47845458984375
-937.6159057617188 -170.47991943359375
-939.5221557617188 -168.51541137695312
-941.5186767578125 -166.51571655273438
-943.4808349609375 -164.51918029785156
-945.4693603515625 -162.5193328857422
-947.417724609375 -160.51953125
-945.5473022460938 -158.5200958251953
-947.46240234375 -156.52011108398438
-945.7299194335938 -154.52102661132812
-947.60595703125 -152.52139282226562
-945.9680786132812 -150.52272033691406
-947.932373046875 -148.5227508544922
-946.0064086914062 -146.5228729248047
-946.8877563476562 -144.52293395996094
-944.9768676757812 -142.52395629882812
-946.945068359375 -140.5239715576172
-946.1359252929688 -138.52407836914062
-948.1204223632812 -136.5245819091797
-946.5564575195312 -134.5253143310547
-945.919677734375 -132.5257568359375
-947.901123046875 -130.5258026123047
-948.0903930664062 -128.54098510742188
-947.4732055664062 -126.54182434082031
-946.2625732421875 -124.54593658447266
-944.8037719726562 -122.5473861694336
-946.7338256835938 -120.54740142822266
-945.2379150390625 -118.54818725585938
-947.146484375 -116.5482177734375
-948.0177612304688 -114.54930877685547
-946.8184814453125 -112.54939270019531
-945.4549560546875 -110.54977416992188
-947.4428100585938 -108.5498046875
-946.7630004882812 -106.550048828125
-947.5369873046875 -104.55101776123047
-948.2896728515625 -102.55113983154297
-947.9680786132812 -100.55284881591797
-947.5398559570312 -98.55368041992188
-946.2952270507812 -96.55379486083984
-948.1732788085938 -94.55382537841797
-947.8091430664062 -92.55535125732422
-947.4614868164062 -90.5560531616211
-945.7776489257812 -88.5563735961914
-947.7512817382812 -86.5563735961914
-946.5667114257812 -84.55931091308594
-948.5639038085938 -82.55934143066406
-949.2201538085938 -80.55949401855469
-949.046630859375 -78.56019592285156
-947.6144409179688 -76.5605239868164
-946.1635131835938 -74.56104278564453
-948.1507568359375 -72.56466674804688
-950.1414794921875 -70.56612396240234
-952.1295776367188 -68.65343475341797
-954.1267700195312 -66.68385314941406
-955.9356689453125 -67.60256958007812
-954.1800537109375 -65.6030044555664
-956.1563720703125 -63.960205078125
-956.575439453125 -63.843666076660156
-958.52294921875 -64.71180725097656
-960.4940795898438 -63.81151580810547
-961.8862915039062 -61.81296920776367
-963.79150390625 -61.28437042236328
-965.6021118164062 -62.74564743041992
-964.7025756835938 -60.75861740112305
-965.4443969726562 -58.77446365356445
-967.3206787109375 -58.97330093383789
-968.96142578125 -56.97500228881836
-970.9564208984375 -55.25361633300781
-972.9487915039062 -53.257789611816406
-974.9436645507812 -51.25811004638672
-976.9349975585938 -49.2581672668457
-978.7459716796875 -47.258243560791016
-976.8132934570312 -45.25852584838867
-978.8093872070312 -43.25870132446289
-976.816650390625 -41.360374450683594
-974.821044921875 -39.362239837646484
-976.8082885742188 -37.362483978271484
-975.1348266601562 -35.37510681152344
-977.120849609375 -33.3751335144043
-977.0098876953125 -31.386707305908203
-975.6228637695312 -29.387605667114258
-977.6135864257812 -27.38790512084961
-976.6835327148438 -25.41543197631836
-978.6277465820312 -23.603397369384766
-980.5708618164062 -21.65824317932129
-979.2006225585938 -19.670576095581055
-981.1995849609375 -17.676773071289062
-982.89697265625 -16.008987426757812
-980.92578125 -14.098969459533691
-982.9072875976562 -12.606735229492188
-980.915283203125 -10.663004875183105
-982.9124145507812 -8.960891723632812
-984.8812255859375 -6.968625545501709
-982.8842163085938 -5.071171283721924
-984.861572265625 -3.100985527038574
