-859.96826171875 -180.5089111328125
-861.6817016601562 -178.88763427734375
-863.6262817382812 -180.68206787109375
-865.2760620117188 -179.05856323242188
-867.2659912109375 -180.66543579101562
-868.9603271484375 -178.79702758789062
-870.8941650390625 -176.8691864013672
-872.756103515625 -178.78988647460938
-874.546630859375 -176.9556884765625
-876.4318237304688 -178.66818237304688
-875.1402587890625 -176.7290802001953
-877.09619140625 -178.23992919921875
-879.0250244140625 -178.2674560546875
-877.2462158203125 -178.9355926513672
-878.814697265625 -177.11134338378906
-877.2175903320312 -176.6836700439453
-879.1796875 -178.07106018066406
-877.631103515625 -179.47598266601562
-879.5479125976562 -177.77194213867188
-877.8710327148438 -177.66644287109375
-879.7931518554688 -178.5684051513672
-880.744873046875 -177.83802795410156
-879.1002197265625 -179.56698608398438
-880.2645874023438 -177.67666625976562
-880.3258056640625 -177.5747528076172
-879.4382934570312 -176.4005889892578
-877.552490234375 -174.41407775878906
-879.3270874023438 -175.7864227294922
-878.7714233398438 -175.69561767578125
-880.547607421875 -177.4943389892578
-880.859619140625 -178.2055206298828
-879.0953979492188 -180.0478515625
-880.96484375 -178.0615997314453
-879.76806640625 -179.88722229003906
-881.5988159179688 -178.10711669921875
-882.131591796875 -179.82595825195312
-881.4140625 -181.78176879882812
-882.4292602539062 -180.33303833007812
-884.3143310546875 -178.44093322753906
-885.010009765625 -180.3652801513672
-885.6981811523438 -182.350341796875
-887.5894165039062 -180.52330017089844
-889.5579833984375 -182.47430419921875
-891.3875122070312 -180.52195739746094
-893.1664428710938 -182.46481323242188
-894.968017578125 -180.55364990234375
-893.3629760742188 -181.6470184326172
-892.9732055664062 -179.70652770996094
-894.946044921875 -181.68299865722656
-896.7582397460938 -180.43202209472656
-894.8910522460938 -182.18338012695312
-895.3279418945312 -181.47836303710938
-896.2269287109375 -183.01461791992188
-897.2803344726562 -181.7774658203125
-899.0775756835938 -180.23458862304688
-899.0643310546875 -182.23231506347656
-900.3795776367188 -180.42300415039062
-902.3397216796875 -182.34210205078125
-903.4082641601562 -180.4419403076172
-905.2710571289062 -182.42726135253906
-906.357666015625 -180.4742889404297
-906.5931396484375 -182.3553924560547
-907.1611328125 -180.5364227294922
-909.1115112304688 -182.51385498046875
-910.8109130859375 -180.71385192871094
-912.7151489257812 -182.595947265625
-913.1251831054688 -181.94969177246094
-913.609130859375 -180.12181091308594
-914.679931640625 -181.852783203125
-916.1928100585938 -179.9620361328125
-917.8118286132812 -181.93685913085938
-919.661376953125 -180.11167907714844
-921.5713500976562 -182.10809326171875
-923.3065185546875 -180.57044982910156
-925.2090454101562 -182.04710388183594
-926.3985595703125 -180.0717315673828
-928.3602294921875 -178.7391357421875
-930.330810546875 -177.02279663085938
-932.300537109375 -175.08828735351562
-933.94677734375 -173.1240997314453
-935.8717041015625 -171.13926696777344
-937.7811279296875 -169.14646911621094
-939.6681518554688 -167.1471405029297
-941.6419067382812 -165.1490478515625
-943.6304321289062 -163.15234375
-945.6006469726562 -161.1527862548828
-947.5382690429688 -159.1528778076172
-945.6550903320312 -157.1549530029297
-947.6304931640625 -155.15496826171875
-945.6446533203125 -153.15565490722656
-947.6438598632812 -151.15708923339844
-946.7703247070312 -149.15753173828125
-944.8662109375 -147.15830993652344
-946.8554077148438 -145.1585235595703
-945.1044311523438 -143.15884399414062
-947.0933837890625 -141.15890502929688
-945.4005737304688 -139.1603240966797
-947.370849609375 -137.1604766845703
-946.1041870117188 -135.16116333007812
-948.0940551757812 -133.1611785888672
-946.7518310546875 -131.16197204589844
-946.0091552734375 -129.1645050048828
-948.007080078125 -127.16461181640625
-946.7740478515625 -125.16497802734375
-945.2554931640625 -123.16598510742188
-947.2095947265625 -121.16600799560547
-945.3963012695312 -119.16844940185547
-947.3679809570312 -117.16845703125
-946.815185546875 -115.16938781738281
-945.7767944335938 -113.16971588134766
-947.4972534179688 -111.16985321044922
-946.6513671875 -109.17017364501953
-945.3882446289062 -107.17035675048828
-947.3870849609375 -105.17037963867188
-948.9630737304688 -103.1706314086914
-947.5150146484375 -101.17073822021484
-947.1834716796875 -99.17130279541016
-947.5531616210938 -97.17137908935547
-949.1241455078125 -95.17145538330078
-950.1397094726562 -93.17152404785156
-951.4508056640625 -91.17182159423828
-952.1753540039062 -89.17293548583984
-951.1873779296875 -87.17301177978516
-949.3347778320312 -85.1731948852539
-949.3074951171875 -83.17323303222656
-951.155517578125 -81.17340850830078
-952.3872680664062 -79.17344665527344
-951.1356811523438 -77.17391204833984
-949.4879760742188 -75.17410278320312
-950.969482421875 -73.17520904541016
-950.6732177734375 -71.17611694335938
-952.6533203125 -69.22386169433594
-954.6422119140625 -67.49535369873047
-956.6046752929688 -66.0201644897461
-958.5665283203125 -64.46952056884766
-960.4949951171875 -64.18560791015625
-962.0643310546875 -62.186092376708984
-964.0519409179688 -61.21236038208008
-966.0304565429688 -59.62275314331055
-967.5625610351562 -58.04132843017578
-969.539306640625 -56.32262420654297
-971.5374755859375 -54.532630920410156
-973.5355834960938 -52.54208755493164
-975.5292358398438 -50.54249572753906
-977.5264892578125 -48.543216705322266
-976.0302734375 -46.545326232910156
-978.0293579101562 -44.5455207824707
-977.9846801757812 -42.55438995361328
-976.0418090820312 -40.5821647644043
-978.0298461914062 -38.58230972290039
-976.30615234375 -36.58757781982422
-974.7992553710938 -34.59175491333008
-976.798095703125 -32.5932502746582
-975.026123046875 -30.59496307373047
-977.0138549804688 -28.595069885253906
-978.0083618164062 -26.603391647338867
-979.2693481445312 -24.603612899780273
-979.2007446289062 -22.608129501342773
-981.1978759765625 -20.61993980407715
-979.2546997070312 -18.62618637084961
-981.2455444335938 -19.048336029052734
-980.10546875 -17.062946319580078
-982.096435546875 -18.635969161987305
-980.528076171875 -16.64319610595703
-982.5267944335938 -15.015446662902832
-980.9273681640625 -13.06455135345459
-982.92578125 -11.185883522033691
-984.9249267578125 -9.305251121520996
-982.9461669921875 -7.358615398406982
-984.9450073242188 -5.387946605682373
-983.8760375976562 -3.3903160095214844
