-859.119873046875 -180.45338439941406
-860.4102783203125 -178.4539337158203
-862.27880859375 -178.69195556640625
-863.1250610351562 -180.02928161621094
-865.0661010742188 -178.03221130371094
-867.0581665039062 -179.62486267089844
-869.0150146484375 -177.62498474121094
-869.9191284179688 -179.1501922607422
-871.866455078125 -177.15036010742188
-873.6727294921875 -178.90988159179688
-874.7706298828125 -176.91261291503906
-874.638671875 -178.51126098632812
-874.2245483398438 -180.30715942382812
-876.2183227539062 -178.307373046875
-874.8032836914062 -179.6707763671875
-876.7955322265625 -177.67088317871094
-878.7034912109375 -179.55006408691406
-880.6317138671875 -177.55050659179688
-879.7757568359375 -179.4412384033203
-881.7700805664062 -177.4447784423828
-879.853759765625 -179.398681640625
-881.6624755859375 -177.398681640625
-879.9354858398438 -178.68988037109375
-880.889404296875 -180.21197509765625
-882.8768310546875 -178.2163543701172
-884.2022705078125 -179.50730895996094
-882.7533569335938 -181.3615264892578
-884.6637573242188 -179.36170959472656
-886.5889282226562 -181.27813720703125
-888.5712890625 -179.2784881591797
-889.455322265625 -181.05862426757812
-888.864501953125 -182.9438934326172
-890.8194580078125 -180.94509887695312
-892.443359375 -182.8394775390625
-894.3455810546875 -180.85409545898438
-892.9114990234375 -180.6271209716797
-894.7307739257812 -182.50833129882812
-895.7500610351562 -180.5635986328125
-897.2076416015625 -180.24644470214844
-898.0311279296875 -182.05564880371094
-900.0300903320312 -180.05789184570312
-898.6407470703125 -182.01393127441406
-900.6376342773438 -180.01443481445312
-902.4844360351562 -182.00051879882812
-904.4814453125 -180.00828552246094
-906.4005126953125 -180.65011596679688
-908.3125 -182.63812255859375
-910.3096313476562 -180.67291259765625
-909.5104370117188 -182.03378295898438
-911.5037231445312 -180.0347442626953
-912.1787719726562 -181.732177734375
-914.0962524414062 -179.73281860351562
-916.021728515625 -181.71412658691406
-917.648193359375 -183.47422790527344
-919.3988037109375 -181.50286865234375
-921.1482543945312 -183.39144897460938
-923.1279296875 -181.40966796875
-925.1144409179688 -182.9956512451172
-927.1134643554688 -181.0077362060547
-929.1103515625 -179.07958984375
-931.1103515625 -177.11260986328125
-933.1060180664062 -175.11265563964844
-935.105224609375 -173.1136932373047
-937.1033935546875 -171.11370849609375
-939.1032104492188 -169.11373901367188
-941.1016845703125 -167.11373901367188
-943.09375 -165.11373901367188
-945.0806884765625 -163.11373901367188
-947.0663452148438 -161.11373901367188
-946.1763916015625 -159.11373901367188
-948.1762084960938 -157.11373901367188
-946.8641967773438 -155.11375427246094
-944.8876953125 -153.11375427246094
-946.8868408203125 -151.11375427246094
-945.0643920898438 -149.11375427246094
-947.06005859375 -147.11376953125
-945.25439453125 -145.11378479003906
-947.253662109375 -143.11378479003906
-945.3103637695312 -141.11380004882812
-947.3094482421875 -139.11380004882812
-945.5779418945312 -137.11380004882812
-947.5770263671875 -135.11380004882812
-945.7864990234375 -133.1138153076172
-947.7836303710938 -131.1138153076172
-945.8424072265625 -129.1138153076172
-947.8400268554688 -127.11381530761719
-946.0083618164062 -125.11381530761719
-948.0054321289062 -123.11381530761719
-946.1651611328125 -121.11382293701172
-944.9959716796875 -119.11383056640625
-946.994873046875 -117.11383056640625
-945.0725708007812 -115.11383056640625
-947.0720825195312 -113.11383056640625
-946.6942138671875 -111.11383819580078
-944.7337036132812 -109.11383819580078
-946.733642578125 -107.11383819580078
-944.9467163085938 -105.11384582519531
-946.7406616210938 -103.11384582519531
-945.0894165039062 -101.11384582519531
-947.0651245117188 -99.11384582519531
-947.02490234375 -97.11385345458984
-948.468505859375 -95.11385345458984
-946.5889282226562 -93.11385345458984
-948.5802612304688 -91.11385345458984
-947.1871948242188 -89.11385345458984
-946.0859375 -87.11385345458984
-948.076171875 -85.11385345458984
-947.5133056640625 -83.11385345458984
-947.775634765625 -81.11386108398438
-947.7074584960938 -79.11386108398438
-945.9540405273438 -77.11386108398438
-947.884033203125 -75.11386108398438
-949.8683471679688 -77.1053695678711
-950.3778686523438 -75.1053695678711
-948.5579833984375 -73.10537719726562
-950.54736328125 -74.48297119140625
-949.9022827148438 -72.48297119140625
-951.8892211914062 -74.45335388183594
-950.0313720703125 -72.45335388183594
-952.0238647460938 -73.33274841308594
-950.425537109375 -71.33274841308594
-952.4125366210938 -72.77242279052734
-950.5712280273438 -70.77243041992188
-952.5692138671875 -72.00206756591797
-951.2295532226562 -70.00206756591797
-953.20703125 -71.51942443847656
-954.5762939453125 -69.51944732666016
-952.8704223632812 -67.51944732666016
-954.8699340820312 -68.79781341552734
-952.9779052734375 -66.79782104492188
-954.9658813476562 -66.37710571289062
-956.9473876953125 -67.30427551269531
-955.1871337890625 -65.3045883178711
-957.150390625 -65.4891128540039
-958.8186645507812 -67.01640319824219
-958.447265625 -65.01642608642578
-960.3689575195312 -63.44511413574219
-962.2872924804688 -62.40565490722656
-964.2786254882812 -63.63327407836914
-964.6875 -61.63333511352539
-962.9535522460938 -59.63358688354492
-964.9496459960938 -60.29938507080078
-966.9490356445312 -59.62656784057617
-965.4500122070312 -57.62689208984375
-967.444091796875 -57.87004852294922
-969.443603515625 -56.943824768066406
-971.443603515625 -55.34700393676758
-973.4435424804688 -53.347660064697266
-975.4412231445312 -51.34773254394531
-977.4404296875 -49.347747802734375
-975.4651489257812 -47.347747802734375
-977.4624633789062 -45.347808837890625
-976.9052734375 -43.34781265258789
-978.877197265625 -41.34783935546875
-978.2566528320312 -39.34793472290039
-976.486572265625 -37.34794998168945
-974.5616455078125 -35.347965240478516
-976.5552368164062 -33.34801483154297
-974.8814086914062 -31.348176956176758
-976.4781494140625 -29.348194122314453
-976.12158203125 -27.34832000732422
-978.1107177734375 -26.12554359436035
-976.9915771484375 -24.12554931640625
-978.9904174804688 -24.756460189819336
-977.511474609375 -22.756553649902344
-979.5101318359375 -21.619415283203125
-981.5101318359375 -19.629745483398438
-980.7066040039062 -17.631282806396484
-982.706298828125 -15.814224243164062
-982.633056640625 -13.814349174499512
-981.9060668945312 -11.814739227294922
-983.9060668945312 -9.818195343017578
-983.3071899414062 -7.821385860443115
-981.967529296875 -5.8214240074157715
-983.9642944335938 -3.8219926357269287
