-859.9757690429688 -180.6114959716797
-861.9447021484375 -178.6116180419922
-863.9447021484375 -180.61053466796875
-865.9322509765625 -178.61233520507812
-867.9322509765625 -180.61106872558594
-869.8726806640625 -178.61184692382812
-871.8726196289062 -180.60960388183594
-873.8665161132812 -178.6099395751953
-875.7345581054688 -176.6100311279297
-877.7341918945312 -178.60842895507812
-879.7279663085938 -176.60855102539062
-877.9505615234375 -175.90585327148438
-879.9505615234375 -177.90478515625
-879.5576171875 -179.1436767578125
-881.5092163085938 -177.1437530517578
-882.7702026367188 -178.68081665039062
-884.7520751953125 -180.6806640625
-886.7514038085938 -182.68064880371094
-888.6365356445312 -180.68118286132812
-890.636474609375 -182.6810760498047
-892.6279296875 -180.6922149658203
-894.6275634765625 -182.69061279296875
-895.9859619140625 -180.69683837890625
-897.7328491210938 -182.6844482421875
-899.6241455078125 -180.68650817871094
-901.6240844726562 -182.6864471435547
-903.617919921875 -180.6875762939453
-905.617919921875 -182.68748474121094
-907.6117553710938 -180.6942901611328
-909.6117553710938 -182.69419860839844
-911.608642578125 -180.70025634765625
-913.608642578125 -182.70016479492188
-915.6038208007812 -180.71835327148438
-917.6038208007812 -182.718017578125
-919.5617065429688 -180.73135375976562
-921.5617065429688 -182.73106384277344
-923.560791015625 -180.74050903320312
-925.5607299804688 -182.47181701660156
-927.5606079101562 -180.47320556640625
-929.5606079101562 -178.5374298095703
-931.5606079101562 -176.54754638671875
-933.5606079101562 -174.5602264404297
-935.5604248046875 -172.5609588623047
-937.5603637695312 -170.56190490722656
-939.5603637695312 -168.56442260742188
-941.560302734375 -166.5647735595703
-943.5601806640625 -164.5652618408203
-945.5598754882812 -162.56634521484375
-947.5598754882812 -160.566650390625
-945.6767578125 -158.5705108642578
-947.6767578125 -156.5711212158203
-946.1372680664062 -154.57791137695312
-948.13720703125 -152.5779266357422
-946.7510986328125 -150.5819854736328
-944.9013061523438 -148.61647033691406
-946.901123046875 -146.61724853515625
-944.9051513671875 -144.62049865722656
-946.9050903320312 -142.62147521972656
-945.0553588867188 -140.6439971923828
-947.0553588867188 -138.64463806152344
-946.5140380859375 -136.64920043945312
-945.2767333984375 -134.669677734375
-947.2767333984375 -132.6697998046875
-945.300537109375 -130.6707305908203
-947.300537109375 -128.6710968017578
-945.7886352539062 -126.68087768554688
-947.78857421875 -124.68096923828125
-945.936279296875 -122.69718933105469
-947.936279296875 -120.69741821289062
-945.9533081054688 -118.76445007324219
-944.038330078125 -116.78487396240234
-946.038330078125 -114.78490447998047
-944.2325439453125 -112.7977294921875
-946.2325439453125 -110.7978286743164
-944.441162109375 -108.90623474121094
-946.4411010742188 -106.90623474121094
-944.696044921875 -104.92808532714844
-946.6959838867188 -102.92858123779297
-944.9657592773438 -100.93222045898438
-946.9657592773438 -98.93223571777344
-945.0847778320312 -96.94112396240234
-947.084716796875 -94.94115447998047
-945.2125854492188 -92.99839782714844
-947.2119750976562 -90.9984130859375
-945.3445434570312 -89.02574157714844
-947.3445434570312 -87.02574920654297
-945.5237426757812 -85.07775115966797
-947.5233764648438 -83.07794952392578
-945.85400390625 -81.0913314819336
-947.8539428710938 -79.09136962890625
-945.974853515625 -77.1091079711914
-947.9747314453125 -75.10911560058594
-949.8677368164062 -73.1273193359375
-951.8641357421875 -71.14391326904297
-953.4845581054688 -69.15291595458984
-955.3656616210938 -67.29541015625
-956.7979736328125 -65.32168579101562
-958.5682373046875 -63.58919906616211
-960.4398803710938 -61.6497688293457
-962.3602294921875 -60.038578033447266
-964.2045288085938 -58.59916687011719
-966.1957397460938 -58.91279602050781
-968.1950073242188 -57.04864501953125
-970.193603515625 -55.05374526977539
-972.1935424804688 -53.05390167236328
-974.1935424804688 -51.0539665222168
-976.1934814453125 -49.054012298583984
-978.19287109375 -47.0540885925293
-976.2021484375 -45.127716064453125
-978.2019653320312 -43.12788009643555
-976.20654296875 -41.811744689941406
-978.2064208984375 -39.8117561340332
-976.2399291992188 -38.82490921020508
-978.2393798828125 -36.82493591308594
-976.247802734375 -34.89817810058594
-974.2647094726562 -32.92688751220703
-976.2647094726562 -30.92690086364746
-974.2891235351562 -30.601003646850586
-976.2885131835938 -28.60109519958496
-974.2924194335938 -26.647748947143555
-976.2840576171875 -24.653411865234375
-978.283447265625 -22.658462524414062
-980.2828369140625 -20.659761428833008
-978.3468017578125 -18.67742156982422
-980.3468017578125 -16.67794418334961
-982.34619140625 -14.691144943237305
-984.3461303710938 -12.691646575927734
-982.3491821289062 -11.230010986328125
-984.3443603515625 -9.230463981628418
-982.3451538085938 -7.273274898529053
-984.3450317382812 -5.274467468261719
-982.3452758789062 -4.041965007781982
