-859.9441528320312 -179.9315185546875
-861.9379272460938 -179.1898956298828
-863.9371948242188 -179.48060607910156
-865.9359741210938 -181.4586639404297
-867.9158935546875 -179.5545654296875
-869.8887329101562 -177.66529846191406
-871.88818359375 -176.744873046875
-873.8841552734375 -176.38894653320312
-875.8732299804688 -177.2015838623047
-877.85302734375 -177.57708740234375
-879.6942138671875 -177.7413787841797
-880.1265258789062 -178.15711975097656
-882.1182250976562 -178.78916931152344
-884.1062622070312 -180.34982299804688
-886.1000366210938 -182.1458282470703
-888.099365234375 -180.40127563476562
-890.0914306640625 -180.75531005859375
-892.0305786132812 -180.46963500976562
-894.0294799804688 -181.8280487060547
-895.622802734375 -179.93814086914062
-895.6446533203125 -181.5369415283203
-897.639892578125 -183.00732421875
-899.572998046875 -181.05508422851562
-901.5706787109375 -181.88522338867188
-903.5665283203125 -180.10621643066406
-905.5473022460938 -181.7388458251953
-907.5345458984375 -180.4871063232422
-909.5328979492188 -181.8650360107422
-911.52587890625 -179.96511840820312
-913.5244750976562 -181.51040649414062
-915.473876953125 -180.6357879638672
-917.4728393554688 -181.60189819335938
-919.3764038085938 -179.78781127929688
-921.3584594726562 -181.5992431640625
-923.3428955078125 -180.08494567871094
-925.3367309570312 -178.46974182128906
-926.9180297851562 -177.42044067382812
-928.90478515625 -176.91238403320312
-930.8959350585938 -174.95021057128906
-932.8894653320312 -172.9554901123047
-934.8853149414062 -171.03184509277344
-936.8615112304688 -169.07667541503906
-938.8352661132812 -167.0811767578125
-940.8338623046875 -165.0836944580078
-942.8260498046875 -163.16250610351562
-944.8243408203125 -161.47657775878906
-946.8228149414062 -159.53968811035156
-946.9011840820312 -157.5495147705078
-947.4320678710938 -155.93304443359375
-949.3212890625 -154.00302124023438
-951.1962890625 -152.04147338867188
-952.5361328125 -150.32846069335938
-953.3281860351562 -148.3455352783203
-954.66943359375 -146.61207580566406
-955.9822387695312 -144.66000366210938
-954.9154052734375 -142.66358947753906
-954.8020629882812 -141.00428771972656
-956.4154052734375 -139.34730529785156
-957.62646484375 -137.35623168945312
-957.31494140625 -135.5742645263672
-958.3203735351562 -133.6480255126953
-959.1966552734375 -131.75172424316406
-959.830810546875 -129.83407592773438
-961.6165771484375 -127.9886245727539
-961.596435546875 -126.1555404663086
-963.416748046875 -124.16952514648438
-965.206298828125 -122.41102600097656
-963.5215454101562 -121.95941162109375
-964.0254516601562 -122.4183578491211
-965.6920166015625 -122.59576416015625
-964.7799682617188 -120.67052459716797
-963.5636596679688 -118.82141876220703
-963.1135864257812 -117.85832214355469
-962.7327270507812 -115.93891906738281
-961.0929565429688 -114.01679992675781
-959.7090454101562 -112.67265319824219
-958.5661010742188 -110.69503784179688
-959.0321655273438 -108.87491607666016
-960.1328125 -107.14096069335938
-959.8876953125 -105.70989990234375
-960.8699340820312 -103.7728042602539
-959.1982421875 -101.96627044677734
-957.6412353515625 -100.10867309570312
-959.3861694335938 -98.18789672851562
-958.4987182617188 -96.21533966064453
-956.669189453125 -94.2490463256836
-956.5095825195312 -92.48150634765625
-954.94921875 -90.51317596435547
-953.3148193359375 -89.13526916503906
-953.6740112304688 -87.2673110961914
-954.61865234375 -85.7986068725586
-955.024169921875 -83.8280029296875
-955.5370483398438 -81.86290740966797
-956.5806274414062 -79.89214324951172
-956.2251586914062 -78.40354919433594
-957.06005859375 -76.41767120361328
-957.1224975585938 -74.4384994506836
-955.45849609375 -72.63014221191406
-955.534912109375 -70.83788299560547
-954.5968627929688 -68.88191986083984
-953.1131591796875 -66.91287231445312
-955.0369262695312 -64.95335388183594
-957.0250854492188 -63.168212890625
-955.9218139648438 -62.603126525878906
-957.5729370117188 -61.62376022338867
-956.669189453125 -60.188621520996094
-958.4041748046875 -61.40925598144531
-960.3596801757812 -62.757606506347656
-960.0601196289062 -63.06650924682617
-961.7551879882812 -61.5968017578125
-963.1553955078125 -60.068267822265625
-964.6609497070312 -58.66239929199219
-966.573974609375 -57.95194625854492
-968.005126953125 -56.16099166870117
-969.9308471679688 -55.45076370239258
-970.954345703125 -53.63167190551758
-972.9095458984375 -51.680301666259766
-974.89111328125 -49.84257507324219
-976.811767578125 -47.911312103271484
-978.5648193359375 -46.766822814941406
-977.1419677734375 -44.82313537597656
-975.262451171875 -42.89014434814453
-976.3176879882812 -40.932071685791016
-978.3078002929688 -38.97909927368164
-978.2252807617188 -37.22557830810547
-976.288818359375 -35.2975959777832
-974.9188232421875 -33.34017562866211
-976.2194213867188 -31.514083862304688
-974.334716796875 -29.5571346282959
-976.32470703125 -27.622528076171875
-977.525634765625 -26.36919403076172
-975.6817626953125 -24.4244384765625
-975.8073120117188 -23.40683937072754
-977.73486328125 -21.45722770690918
-978.9854736328125 -21.089969635009766
-980.8385620117188 -20.925800323486328
-978.8463745117188 -18.929821014404297
-977.7244262695312 -17.04030418395996
-979.4664916992188 -18.418615341186523
-980.7574462890625 -16.835613250732422
-982.6657104492188 -15.761765480041504
-980.671630859375 -14.102090835571289
-982.5496826171875 -12.817756652832031
-982.3319091796875 -11.200190544128418
-984.2930297851562 -9.220090866088867
-982.3350830078125 -7.490682125091553
-982.8695678710938 -6.19108772277832
-984.6885986328125 -4.783361434936523
