-859.975830078125 -180.60873413085938
-861.9739990234375 -178.6088104248047
-863.9739990234375 -180.6085968017578
-865.9689331054688 -178.6092529296875
-867.9689331054688 -180.5972900390625
-869.9608154296875 -178.59861755371094
-871.9608154296875 -180.44224548339844
-873.956787109375 -178.44261169433594
-875.9567260742188 -180.3293914794922
-877.9046630859375 -178.3306121826172
-879.8270874023438 -176.33193969726562
-877.9085083007812 -174.544189453125
-879.9085083007812 -176.53811645507812
-878.5623168945312 -175.75030517578125
-880.5623168945312 -177.64022827148438
-882.4902954101562 -179.5047149658203
-884.4895629882812 -181.50433349609375
-886.3878784179688 -179.50634765625
-888.3878784179688 -181.5063018798828
-890.3878784179688 -183.46934509277344
-892.384521484375 -181.4700927734375
-894.3843383789062 -183.46617126464844
-892.4635009765625 -181.46878051757812
-894.46337890625 -183.45933532714844
-892.7106323242188 -181.46253967285156
-894.7106323242188 -183.46141052246094
-892.7443237304688 -181.46884155273438
-894.7443237304688 -183.46804809570312
-893.312744140625 -181.47158813476562
-891.43408203125 -179.47280883789062
-893.43408203125 -181.4727783203125
-891.5170288085938 -179.47860717773438
-893.5170288085938 -181.4785919189453
-892.7124633789062 -179.48008728027344
-894.7124633789062 -181.47996520996094
-896.704833984375 -183.4569854736328
-898.3985595703125 -181.47006225585938
-900.3985595703125 -183.4700469970703
-902.3923950195312 -181.54791259765625
-904.3923950195312 -183.54783630371094
-906.3923950195312 -181.55865478515625
-908.3923950195312 -183.55862426757812
-910.392333984375 -181.59762573242188
-912.392333984375 -183.59750366210938
-914.3800659179688 -181.6056671142578
-916.3800659179688 -183.6055145263672
-918.3748779296875 -181.60662841796875
-920.3748779296875 -183.60658264160156
-922.3728637695312 -181.6129608154297
-924.3728637695312 -183.560546875
-926.3728637695312 -181.57305908203125
-928.3720092773438 -179.5734100341797
-930.3719482421875 -177.57925415039062
-932.3719482421875 -175.60739135742188
-934.3719482421875 -173.61288452148438
-936.3719482421875 -171.61306762695312
-938.3719482421875 -169.61326599121094
-940.3719482421875 -167.6140594482422
-942.3719482421875 -165.61468505859375
-944.3717651367188 -163.61776733398438
-946.3717651367188 -161.61817932128906
-948.3716430664062 -159.61993408203125
-946.38720703125 -157.62802124023438
-948.38720703125 -155.62811279296875
-946.4061889648438 -153.6547393798828
-948.4061889648438 -151.65521240234375
-946.4148559570312 -149.66268920898438
-948.4148559570312 -147.66299438476562
-946.4673461914062 -145.66909790039062
-948.4673461914062 -143.66973876953125
-946.4863891601562 -141.68089294433594
-948.4863891601562 -139.68093872070312
-946.5325317382812 -137.68836975097656
-944.6716918945312 -135.68992614746094
-946.6716918945312 -133.6899871826172
-944.7538452148438 -131.7201385498047
-946.7537841796875 -129.72027587890625
-944.7626953125 -127.73798370361328
-946.7626953125 -125.73808288574219
-944.785888671875 -124.51136016845703
-946.785888671875 -122.5113754272461
-944.7868041992188 -120.5836181640625
-946.7868041992188 -118.58364868164062
-944.7890625 -116.6280517578125
-946.7890625 -114.62808990478516
-944.8709106445312 -112.62919616699219
-946.8709106445312 -110.62926483154297
-944.9219970703125 -108.63345336914062
-946.9219970703125 -106.63345336914062
-944.9281005859375 -104.63631439208984
-946.9281005859375 -102.63672637939453
-944.9371337890625 -100.66424560546875
-946.9371337890625 -98.66425323486328
-944.9412841796875 -96.7170181274414
-946.9412841796875 -94.71702575683594
-944.9464721679688 -92.73773193359375
-946.9464111328125 -90.73773956298828
-944.9591674804688 -88.7742919921875
-946.9591064453125 -86.77432250976562
-944.961669921875 -84.8727035522461
-946.9615478515625 -82.87273406982422
-944.9739990234375 -80.89442443847656
-946.9739379882812 -78.89442443847656
-944.9816284179688 -76.9288101196289
-946.9816284179688 -74.92882537841797
-948.974853515625 -72.95243072509766
-950.966552734375 -70.984130859375
-952.915771484375 -69.09581756591797
-954.8779296875 -67.41995239257812
-956.8621826171875 -66.04072570800781
-958.8223876953125 -64.15335845947266
-960.3972778320312 -62.957828521728516
-962.1480712890625 -62.52012634277344
-964.04638671875 -61.28017807006836
-963.0658569335938 -59.28072738647461
-964.7491455078125 -57.63523483276367
-966.7476806640625 -57.12311935424805
-968.7476196289062 -55.21626281738281
-970.7473754882812 -53.218135833740234
-972.747314453125 -51.21820068359375
-974.747314453125 -49.218231201171875
-976.747314453125 -47.218238830566406
-978.747314453125 -45.218292236328125
-976.7476196289062 -43.34764862060547
-978.7476196289062 -41.34767532348633
-976.7476196289062 -40.12955856323242
-974.7518920898438 -38.24197769165039
-976.7517700195312 -36.242164611816406
-974.7529296875 -34.79232406616211
-976.7528076171875 -32.7923583984375
-974.7562255859375 -31.10354995727539
-976.7560424804688 -29.10358238220215
-974.7569580078125 -27.448055267333984
-976.744384765625 -25.449317932128906
-978.7415161132812 -23.514352798461914
-980.7415161132812 -21.521650314331055
-978.7416381835938 -19.874645233154297
-980.7415771484375 -17.87567710876465
-982.7412109375 -15.906229019165039
-980.7417602539062 -14.46998119354248
-982.7417602539062 -12.473572731018066
-984.7415161132812 -10.474224090576172
-982.7416381835938 -10.159605979919434
-984.7408447265625 -8.162548065185547
-982.7409057617188 -8.320239067077637
-984.7401123046875 -6.32054328918457
-982.7401123046875 -4.458090305328369
