-861.6865234375 -310.3111267089844
-859.7086181640625 -312.1658935546875
-858.45166015625 -310.178955078125
-856.4625244140625 -312.05902099609375
-854.4735107421875 -310.07977294921875
-852.7850952148438 -311.9415283203125
-850.7916259765625 -313.9328308105469
-848.8508911132812 -312.0189514160156
-846.8736572265625 -313.94439697265625
-845.1475830078125 -311.94537353515625
-843.1582641601562 -313.9156799316406
-841.28466796875 -311.98052978515625
-839.2860107421875 -313.85015869140625
-837.328369140625 -311.8531799316406
-835.3296508789062 -313.8269348144531
-833.3919677734375 -311.8330383300781
-831.6994018554688 -313.79229736328125
-829.785400390625 -311.9759216308594
-827.818115234375 -313.7275390625
-826.129150390625 -311.7324523925781
-824.2144165039062 -313.5970153808594
-822.23876953125 -311.5973205566406
-821.8997192382812 -313.3451232910156
-819.970458984375 -311.3590393066406
-818.0050659179688 -313.3119201660156
-816.118408203125 -315.1246032714844
-814.39501953125 -313.1290588378906
-812.41845703125 -314.6650085449219
-810.871826171875 -312.6915588378906
-808.8819580078125 -314.6419372558594
-807.00341796875 -312.6419677734375
-805.164794921875 -314.5894775390625
-803.3814086914062 -312.6403503417969
-801.4070434570312 -313.08868408203125
-799.4462890625 -315.0553894042969
-797.5989379882812 -313.1048278808594
-795.6201782226562 -313.7267761230469
-793.97412109375 -311.7268981933594
-791.9764404296875 -313.6587219238281
-790.007080078125 -311.66119384765625
-791.5498657226562 -309.7140808105469
-789.5914306640625 -307.8055419921875
-789.3591918945312 -309.67327880859375
-787.5526733398438 -311.669921875
-789.2756958007812 -309.8023376464844
-788.4020385742188 -310.86383056640625
-786.4678344726562 -312.79302978515625
-785.6141967773438 -310.8540954589844
-783.8468627929688 -308.85772705078125
-781.9517211914062 -310.84765625
-780.1472778320312 -308.8750915527344
-778.1481323242188 -310.5562438964844
-776.5242309570312 -308.64190673828125
-774.5596923828125 -309.71881103515625
-772.58544921875 -311.62774658203125
-771.1074829101562 -309.6363220214844
-769.1220703125 -311.5881652832031
-767.274169921875 -309.59466552734375
-765.2753295898438 -311.188720703125
-764.82763671875 -309.2635498046875
-762.8352661132812 -311.00909423828125
-761.404541015625 -312.6807556152344
-759.4817504882812 -310.68304443359375
-757.4876708984375 -312.6752014160156
-755.75634765625 -310.82562255859375
-753.7921142578125 -312.8113098144531
-752.3744506835938 -310.8116455078125
-750.8251953125 -312.303955078125
-750.3500366210938 -310.3487854003906
-748.3563842773438 -311.93182373046875
-746.8480224609375 -309.9493713378906
-744.8528442382812 -311.7121887207031
-742.87060546875 -313.47119140625
-740.875 -311.48388671875
-738.8817749023438 -312.19976806640625
-736.885009765625 -313.9549865722656
-735.7294921875 -312.3435363769531
-733.9014282226562 -313.3501281738281
-731.9144287109375 -311.9858093261719
-730.0338745117188 -310.0279235839844
-728.0420532226562 -308.0335388183594
-726.0827026367188 -306.1190185546875
-724.0835571289062 -304.1200256347656
-722.09912109375 -302.12481689453125
-720.1105346679688 -300.1251525878906
-718.1306762695312 -298.1256103515625
-716.7161865234375 -296.1268615722656
-714.7701416015625 -294.1290283203125
-712.9873046875 -292.12945556640625
-712.0834350585938 -290.1302185058594
-710.1282348632812 -288.13037109375
-708.147705078125 -286.13043212890625
-706.529052734375 -284.1307678222656
-704.6488647460938 -282.13079833984375
-702.6873779296875 -280.13079833984375
-700.6948852539062 -278.13079833984375
-698.8287353515625 -276.13079833984375
-698.7869873046875 -274.1308288574219
-696.8856811523438 -272.1308288574219
-695.6978149414062 -270.130859375
-693.8161010742188 -268.1308898925781
-691.883056640625 -266.13092041015625
-689.97119140625 -264.13092041015625
-689.346923828125 -262.13092041015625
-688.018310546875 -260.13092041015625
-689.0847778320312 -258.13092041015625
-690.8595581054688 -256.13092041015625
-691.5302124023438 -254.1309356689453
-690.2572021484375 -252.1309356689453
-689.2814331054688 -250.1309356689453
-688.6282348632812 -248.13095092773438
-689.0624389648438 -246.13095092773438
-688.516357421875 -244.13096618652344
-688.5137939453125 -242.13096618652344
-689.2919921875 -240.1309814453125
-690.151611328125 -238.1309814453125
-689.5054931640625 -236.13101196289062
-690.3932495117188 -234.13101196289062
-689.0611572265625 -232.1310577392578
-690.46240234375 -230.131103515625
-690.3253173828125 -228.13111877441406
-691.9506225585938 -226.13111877441406
-690.3086547851562 -224.13189697265625
-691.7813110351562 -222.13194274902344
-693.6592407226562 -220.1319580078125
-695.0948486328125 -218.1323699951172
-693.8239135742188 -216.1324462890625
-694.3124389648438 -214.1325225830078
-695.8444213867188 -212.13258361816406
-696.9320678710938 -210.13267517089844
-695.29736328125 -208.13291931152344
-696.2512817382812 -206.13307189941406
-695.5506591796875 -204.13320922851562
-695.0613403320312 -202.1332550048828
-693.9349365234375 -200.13328552246094
-695.8165283203125 -198.1346435546875
-696.07861328125 -196.1348876953125
-697.2571411132812 -194.1363525390625
-696.1907958984375 -192.1410369873047
-696.0698852539062 -190.1410675048828
-697.6757202148438 -188.1410675048828
-698.4664916992188 -186.14149475097656
-699.187744140625 -184.14151000976562
-699.6966552734375 -182.1417236328125
-701.565185546875 -180.1417999267578
-701.0977172851562 -178.14312744140625
-701.7288208007812 -176.1439971923828
-703.3899536132812 -174.1442108154297
-704.8690185546875 -172.14456176757812
-706.8561401367188 -170.1446075439453
-706.5421142578125 -168.1527557373047
-707.2765502929688 -166.15281677246094
-707.5750732421875 -164.15342712402344
-708.9356079101562 -162.1554412841797
-709.7906494140625 -160.15579223632812
-711.2013549804688 -158.1575469970703
-712.30126953125 -156.15756225585938
-713.6190185546875 -154.15760803222656
-711.7517700195312 -152.15806579589844
-712.7583618164062 -150.1584014892578
-712.0973510742188 -148.15908813476562
-713.1481323242188 -146.1597442626953
-714.3375854492188 -144.1599884033203
-715.9412231445312 -142.16050720214844
-717.8167114257812 -140.1610107421875
-719.5000610351562 -138.16104125976562
-720.8334350585938 -136.16140747070312
-722.0023193359375 -134.16175842285156
-723.8574829101562 -132.16636657714844
-723.4415283203125 -130.16734313964844
-724.4553833007812 -128.16757202148438
-726.1295776367188 -126.16883087158203
-726.4273071289062 -124.16893768310547
-725.2005615234375 -122.16914367675781
-727.1517333984375 -120.16925048828125
-725.9577026367188 -118.17098236083984
-727.4191284179688 -116.17403411865234
-726.4146118164062 -114.17668914794922
-727.971435546875 -112.1767807006836
-728.9837036132812 -110.17682647705078
-730.2428588867188 -108.17682647705078
-732.1168212890625 -106.17684173583984
-734.0508422851562 -104.1771469116211
-734.308349609375 -102.43440246582031
-733.8191528320312 -100.54175567626953
-733.9912719726562 -98.54480743408203
-735.0006103515625 -96.57881927490234
-734.3060302734375 -94.57918548583984
-735.35986328125 -92.5897445678711
-736.4852294921875 -90.59864044189453
-737.7940673828125 -88.60582733154297
-738.1476440429688 -86.68668365478516
-738.3486328125 -84.70679473876953
-736.4561157226562 -83.59561157226562
-735.58837890625 -81.86974334716797
-737.5150146484375 -79.89037322998047
