-863.2890625 -310.3147277832031
-861.3214111328125 -311.5409240722656
-859.6732788085938 -313.3273010253906
-860.3870849609375 -311.3282165527344
-858.4090576171875 -313.0324401855469
-856.9320678710938 -311.0325927734375
-857.7879028320312 -312.88421630859375
-856.7347412109375 -310.8843078613281
-854.7432861328125 -311.981689453125
-852.8411254882812 -313.9792785644531
-851.7054443359375 -311.9808654785156
-849.7780151367188 -313.9524230957031
-848.7406005859375 -311.9546813964844
-846.745361328125 -313.2548522949219
-845.1221923828125 -311.27130126953125
-843.1248779296875 -313.2017517089844
-841.687255859375 -311.2018127441406
-839.6885375976562 -312.136474609375
-837.6981811523438 -314.120849609375
-836.67529296875 -312.126953125
-834.8369140625 -314.00933837890625
-833.4680786132812 -312.0302734375
-831.6517944335938 -313.79119873046875
-832.2188720703125 -311.79840087890625
-830.432373046875 -313.658447265625
-828.67529296875 -311.6598205566406
-826.684326171875 -313.30615234375
-825.5474853515625 -311.3092041015625
-823.5484008789062 -309.94940185546875
-821.6932983398438 -308.1019592285156
-820.2943115234375 -309.6322937011719
-819.223876953125 -310.15185546875
-817.2671508789062 -312.1228332519531
-815.2867431640625 -314.0389709472656
-815.418212890625 -312.0390930175781
-813.4263916015625 -313.99053955078125
-812.969970703125 -311.9916687011719
-811.1505126953125 -313.9509582519531
-809.3443603515625 -311.9510192871094
-807.3849487304688 -313.9159851074219
-808.6227416992188 -311.9338073730469
-806.945556640625 -313.5452575683594
-808.5538940429688 -311.5472106933594
-806.6190185546875 -313.3186950683594
-804.63037109375 -315.12841796875
-803.3595581054688 -313.1318054199219
-801.4533081054688 -314.1139831542969
-800.1249389648438 -312.1145324707031
-798.2009887695312 -313.33245849609375
-797.6134033203125 -314.55938720703125
-796.1302490234375 -312.568115234375
-794.1943969726562 -314.54058837890625
-792.358154296875 -312.5418395996094
-790.3709106445312 -310.8859558105469
-788.3873291015625 -309.3450622558594
-786.974609375 -311.30950927734375
-788.2608032226562 -309.3099670410156
-787.2946166992188 -310.8102722167969
-787.5823974609375 -312.02874755859375
-787.6753540039062 -310.0373229980469
-786.0009155273438 -311.77447509765625
-785.8560791015625 -309.77655029296875
-783.891357421875 -311.76397705078125
-784.7019653320312 -309.7666931152344
-782.851318359375 -311.63671875
-782.4817504882812 -309.6369934082031
-781.2362670898438 -311.3144226074219
-782.0365600585938 -309.3149108886719
-782.3192749023438 -310.9463806152344
-780.8802490234375 -308.94677734375
-778.884033203125 -310.9388122558594
-780.0252685546875 -308.939453125
-778.0652465820312 -310.8696594238281
-779.0171508789062 -308.870361328125
-777.0421752929688 -309.53485107421875
-775.0463256835938 -311.2461853027344
-774.8680419921875 -309.2463073730469
-773.077392578125 -311.2004089355469
-771.8590087890625 -309.200927734375
-770.5744018554688 -311.0386657714844
-768.6967163085938 -312.8839416503906
-769.5980834960938 -310.88409423828125
-767.6729125976562 -312.41650390625
-767.8623657226562 -310.4172668457031
-768.5691528320312 -310.0414123535156
-767.2127075195312 -310.4998474121094
-765.3016967773438 -312.4105529785156
-764.088134765625 -310.41156005859375
-762.259765625 -311.10955810546875
-761.1159057617188 -309.111572265625
-759.2260131835938 -311.05694580078125
-757.9627685546875 -312.6601867675781
-757.0556640625 -310.66571044921875
-755.0944213867188 -311.60162353515625
-753.3363647460938 -309.60223388671875
-751.3889770507812 -311.15521240234375
-749.6072998046875 -313.0966491699219
-750.8182983398438 -311.1429443359375
-748.9359741210938 -313.13116455078125
-749.701171875 -311.13177490234375
-747.7288818359375 -312.96954345703125
-745.9046020507812 -310.9700012207031
-744.0165405273438 -312.4623718261719
-742.7459106445312 -310.4624938964844
-741.1944580078125 -311.7096252441406
-739.6666870117188 -311.81988525390625
-738.1729125976562 -310.90411376953125
-736.1820068359375 -309.04498291015625
-734.2217407226562 -307.31768798828125
-732.38818359375 -305.576416015625
-730.62744140625 -303.5787658691406
-729.0681762695312 -301.5801696777344
-727.1459350585938 -299.5817565917969
-725.572021484375 -297.5930480957031
-723.8892822265625 -295.5939636230469
-723.0919189453125 -293.5953369140625
-721.5345458984375 -291.60101318359375
-719.9091186523438 -289.6845703125
-718.5947875976562 -287.7145690917969
-716.9368286132812 -285.72088623046875
-718.5615234375 -283.7568359375
-719.2946166992188 -281.7590026855469
-720.1356201171875 -279.7633972167969
-718.46630859375 -277.7674865722656
-717.6699829101562 -275.771728515625
-716.5615234375 -273.788330078125
-715.0883178710938 -271.7894287109375
-715.2498168945312 -269.7937927246094
-715.0584716796875 -267.7975158691406
-715.0117797851562 -265.8014221191406
-713.8829345703125 -263.8078918457031
-712.0470581054688 -261.80853271484375
-710.1295776367188 -259.8117370605469
-711.1121826171875 -257.8171081542969
-709.5114135742188 -255.81744384765625
-709.7168579101562 -253.8331298828125
-709.3281860351562 -251.8491973876953
-709.1170043945312 -249.8534393310547
-711.0362548828125 -247.85365295410156
-710.5482177734375 -245.87435913085938
-709.185546875 -243.87957763671875
-708.3426513671875 -241.89544677734375
-708.4967041015625 -239.90147399902344
-707.69873046875 -237.90545654296875
-708.4716796875 -235.9059295654297
-709.5036010742188 -233.91419982910156
-711.2098388671875 -231.9253692626953
-712.773193359375 -229.9265899658203
-712.675537109375 -228.06805419921875
-710.8438110351562 -226.07908630371094
-708.870361328125 -224.08445739746094
-707.0700073242188 -222.10513305664062
-705.141845703125 -220.10704040527344
-705.0484619140625 -218.11839294433594
-706.0585327148438 -216.1222686767578
-706.4148559570312 -214.15481567382812
-705.57421875 -212.15652465820312
-705.3140258789062 -210.1602020263672
-704.7183227539062 -208.17898559570312
-704.759033203125 -206.18490600585938
-705.3098754882812 -204.18890380859375
-706.1337280273438 -202.24485778808594
-707.14111328125 -200.30731201171875
-708.5778198242188 -198.3096466064453
-708.19873046875 -196.3136444091797
-709.912841796875 -194.3157958984375
-710.82421875 -192.31773376464844
-712.2068481445312 -190.31825256347656
-712.6751708984375 -188.32424926757812
-714.1966552734375 -186.35496520996094
-712.673828125 -184.35671997070312
-714.512939453125 -182.35739135742188
-716.0421752929688 -180.47064208984375
-715.1898193359375 -178.48138427734375
-715.4118041992188 -176.5281982421875
-714.3609619140625 -174.54249572753906
-716.1895751953125 -172.5432891845703
-715.3693237304688 -170.56854248046875
-716.20458984375 -168.6519317626953
-716.6365356445312 -166.65196228027344
-715.469970703125 -164.66905212402344
-713.7474365234375 -162.67123413085938
-715.0045166015625 -160.69505310058594
-715.8223876953125 -158.8021240234375
-713.9480590820312 -156.80287170410156
-713.64111328125 -154.90963745117188
-712.9369506835938 -152.91001892089844
-713.6348266601562 -150.93142700195312
-713.2826538085938 -148.94247436523438
-715.2576293945312 -146.9594268798828
-717.228271484375 -144.98782348632812
-717.1888427734375 -143.01817321777344
-717.606201171875 -141.02081298828125
-719.074951171875 -139.0260772705078
-718.3986206054688 -137.20465087890625
-720.301025390625 -135.4805908203125
-720.0372314453125 -133.52609252929688
-721.6864624023438 -131.52684020996094
-722.1915893554688 -129.5399169921875
-720.2402954101562 -127.87786865234375
-719.1265258789062 -125.92575073242188
-720.8150634765625 -124.04039764404297
-722.527099609375 -122.97557067871094
-722.01171875 -121.1338882446289
-723.5437622070312 -119.1444091796875
-725.2138671875 -117.1485824584961
-725.9877319335938 -115.351806640625
-725.4415893554688 -113.35224914550781
-726.4273681640625 -111.38142395019531
-728.4210205078125 -109.38866424560547
-730.4041137695312 -107.38951110839844
-732.403564453125 -105.38961791992188
-734.4033203125 -103.3896255493164
-733.1130981445312 -101.82449340820312
-731.2158203125 -100.00298309326172
-730.2893676757812 -98.0052261352539
-729.112548828125 -96.25220489501953
-727.487060546875 -94.26592254638672
-728.5296630859375 -92.29823303222656
-729.2190551757812 -90.31250762939453
-731.0692138671875 -88.36492156982422
-732.9886474609375 -86.43879699707031
-733.0910034179688 -84.47633361816406
-734.8919677734375 -82.48107147216797
-736.638427734375 -80.4966812133789
-738.5935668945312 -78.5063705444336
