-861.6250610351562 -310.3122253417969
-861.3322143554688 -312.27178955078125
-859.3324584960938 -310.2726135253906
-857.8070678710938 -312.26873779296875
-855.8077392578125 -310.26898193359375
-856.496337890625 -312.2322998046875
-854.4963989257812 -310.2326965332031
-856.3706665039062 -312.2110595703125
-854.3709716796875 -310.21258544921875
-853.8223266601562 -312.135986328125
-853.7091674804688 -314.13140869140625
-851.709228515625 -312.1316833496094
-849.8541870117188 -314.1266174316406
-847.8543090820312 -312.1353454589844
-848.5123901367188 -314.1275939941406
-846.512451171875 -312.12811279296875
-844.5621337890625 -314.0933532714844
-842.562255859375 -312.0946350097656
-840.7078247070312 -314.0941162109375
-838.7084350585938 -312.0982666015625
-836.9531860351562 -314.0922546386719
-834.9533081054688 -312.0957946777344
-833.3401489257812 -314.0881042480469
-831.3401489257812 -312.0882873535156
-829.5013427734375 -314.083984375
-827.5013427734375 -312.0854797363281
-825.55517578125 -314.0527038574219
-823.55517578125 -312.0541076660156
-821.55517578125 -310.05413818359375
-820.2742309570312 -312.0532531738281
-819.69140625 -314.05255126953125
-817.6917724609375 -312.0533142089844
-818.5592041015625 -314.0522766113281
-816.5592651367188 -312.0523681640625
-815.5436401367188 -314.0486755371094
-813.5436401367188 -312.04876708984375
-811.6978759765625 -314.0458984375
-809.6978759765625 -312.04638671875
-807.7503051757812 -314.04254150390625
-805.7503051757812 -312.0430908203125
-803.834228515625 -314.029541015625
-801.8343505859375 -312.0299072265625
-799.8599243164062 -314.0267028808594
-797.8599243164062 -312.02703857421875
-795.96728515625 -314.0055847167969
-793.96728515625 -312.0058898925781
-791.96728515625 -313.99267578125
-789.96728515625 -311.9927978515625
-788.0038452148438 -309.9938659667969
-786.0346069335938 -311.99298095703125
-784.0347290039062 -309.9932556152344
-782.0440063476562 -311.9928283691406
-780.0440063476562 -309.9938049316406
-778.0452270507812 -311.99298095703125
-776.0455932617188 -309.9937744140625
-774.0537719726562 -311.9922180175781
-772.0538330078125 -309.9924011230469
-770.054443359375 -311.99005126953125
-768.0549926757812 -309.9900817871094
-766.0662841796875 -311.9867858886719
-764.0662841796875 -309.9905700683594
-762.0717163085938 -311.9609680175781
-760.07177734375 -309.9620056152344
-758.0745849609375 -311.9483337402344
-756.0748291015625 -309.94873046875
-754.0755615234375 -311.7134704589844
-752.0755615234375 -309.713623046875
-750.0794067382812 -311.7006530761719
-748.0794677734375 -309.7006530761719
-746.0857543945312 -311.6973571777344
-744.0880737304688 -313.6882629394531
-742.0880737304688 -311.69427490234375
-740.0887451171875 -313.67584228515625
-738.0887451171875 -311.67584228515625
-736.0887451171875 -313.6737365722656
-734.0887451171875 -315.63897705078125
-732.0887451171875 -313.6402893066406
-730.0887451171875 -315.36297607421875
-728.0887451171875 -317.33953857421875
-726.0887451171875 -315.339599609375
-724.0887451171875 -313.339599609375
-722.0887451171875 -312.3470458984375
-720.0887451171875 -311.6676940917969
-718.0887451171875 -310.08685302734375
-716.0887451171875 -308.12652587890625
-714.0887451171875 -306.13311767578125
-712.0887451171875 -304.1333923339844
-710.0888061523438 -302.13397216796875
-708.0888061523438 -300.13458251953125
-706.0888061523438 -298.1346130371094
-704.0900268554688 -296.1346435546875
-702.09033203125 -294.1351623535156
-700.094970703125 -292.13555908203125
-698.0983276367188 -290.13555908203125
-696.1832885742188 -288.13568115234375
-694.2030029296875 -286.13580322265625
-692.5333862304688 -284.13580322265625
-690.5872802734375 -282.13629150390625
-688.6387329101562 -280.1363525390625
-686.6655883789062 -278.1364440917969
-685.5728149414062 -276.1365051269531
-683.6754150390625 -274.13665771484375
-681.7293090820312 -272.1368103027344
-682.6622314453125 -270.13714599609375
-683.7385864257812 -268.13787841796875
-681.7463989257812 -266.137939453125
-680.9495239257812 -264.13836669921875
-680.6051025390625 -262.1388854980469
-679.3382568359375 -260.1389465332031
-677.3425903320312 -258.13897705078125
-677.2600708007812 -256.1390686035156
-678.138916015625 -254.13906860351562
-676.77685546875 -252.13938903808594
-676.7559814453125 -250.13954162597656
-676.3178100585938 -248.14151000976562
-675.865966796875 -246.14178466796875
-676.3707885742188 -244.1417999267578
-677.905029296875 -242.14181518554688
-679.2685546875 -240.14266967773438
-679.1255493164062 -238.14266967773438
-677.4144287109375 -236.1427459716797
-675.92822265625 -234.14352416992188
-677.449462890625 -232.1436767578125
-676.6785278320312 -230.14370727539062
-675.2245483398438 -228.14376831054688
-675.8959350585938 -226.14810180664062
-677.3956298828125 -224.15087890625
-678.4718017578125 -222.15179443359375
-679.6849365234375 -220.153076171875
-681.4223022460938 -218.1534423828125
-681.7465209960938 -216.15548706054688
-683.5337524414062 -214.15757751464844
-684.6416625976562 -212.43141174316406
-685.2042236328125 -210.43272399902344
-683.9361572265625 -208.43463134765625
-684.6657104492188 -206.43490600585938
-685.7393188476562 -204.43618774414062
-687.7197875976562 -202.43702697753906
-688.2103881835938 -200.44155883789062
-687.0589599609375 -198.44212341308594
-686.6261596679688 -196.44265747070312
-688.1818237304688 -194.44271850585938
-688.4384765625 -192.4435577392578
-689.3458251953125 -190.44361877441406
-690.6782836914062 -188.4622802734375
-692.5450439453125 -186.47293090820312
-693.3834228515625 -184.478759765625
-695.3121337890625 -182.48583984375
-697.1616821289062 -180.49923706054688
-698.91552734375 -178.52703857421875
-700.4024658203125 -176.52757263183594
-701.0526123046875 -174.52987670898438
-699.3015747070312 -172.53817749023438
-698.3831176757812 -170.53875732421875
-700.1546020507812 -168.54200744628906
-701.3535766601562 -166.54673767089844
-703.0744018554688 -164.5552978515625
-703.40576171875 -162.60987854003906
-705.3280639648438 -161.54440307617188
-706.9155883789062 -159.54661560058594
-707.77587890625 -157.5518035888672
-708.7551879882812 -155.56224060058594
-710.0562744140625 -153.56385803222656
-709.6290893554688 -151.56475830078125
-710.9509887695312 -149.5726776123047
-712.2373046875 -147.5805206298828
-713.5256958007812 -145.67117309570312
-712.3408203125 -143.68472290039062
-713.6871337890625 -141.6912841796875
-715.5477905273438 -139.69427490234375
-716.9893188476562 -138.9902801513672
-715.8810424804688 -137.04481506347656
-716.9832153320312 -135.0515899658203
-718.6666870117188 -133.0567169189453
-717.5924682617188 -131.08421325683594
-716.87060546875 -129.22805786132812
-716.3152465820312 -127.86799621582031
-718.2283935546875 -126.03543853759766
-717.8040161132812 -124.15899658203125
-717.21044921875 -123.5372543334961
-716.1356811523438 -121.83404541015625
-717.9226684570312 -119.84503936767578
-717.0469360351562 -117.87971496582031
-717.2940063476562 -115.88732147216797
-717.6396484375 -114.043701171875
-719.1909790039062 -112.1390609741211
-719.2605590820312 -110.16654968261719
-717.572998046875 -108.18670654296875
-716.9390258789062 -106.18844604492188
-718.7133178710938 -104.18902587890625
-720.1559448242188 -102.1893310546875
-721.4776611328125 -102.1042251586914
-719.8672485351562 -102.24475860595703
-718.5304565429688 -102.0379638671875
-719.5809936523438 -102.22296142578125
-719.9887084960938 -100.28671264648438
-720.0736083984375 -98.70650482177734
-720.7752685546875 -96.99291229248047
-722.1646728515625 -95.36050415039062
-723.1282958984375 -94.03175354003906
-723.4226684570312 -92.80543518066406
-723.2929077148438 -91.25637817382812
-723.0048217773438 -89.38888549804688
-722.6096801757812 -87.49854278564453
-724.092529296875 -86.00582885742188
-725.2515869140625 -84.27214050292969
-726.1784057617188 -83.07134246826172
-724.2412719726562 -81.61857604980469
-723.3164672851562 -79.78876495361328
-723.7254638671875 -79.13153839111328
-723.8488159179688 -78.50859069824219
-722.0173950195312 -77.61579132080078
-720.1373291015625 -75.76250457763672
-720.8914184570312 -74.60396575927734
-722.756103515625 -72.7837142944336
-723.795166015625 -70.96794128417969
-724.2061767578125 -69.1519775390625
-722.4467163085938 -67.15340423583984
-721.3117065429688 -65.1933364868164
-721.2178344726562 -63.23931884765625
-722.7267456054688 -61.241424560546875
-724.3460693359375 -63.19341278076172
-722.5601196289062 -61.194000244140625
-724.5021362304688 -63.183712005615234
-723.2088012695312 -61.18461608886719
-724.6580810546875 -63.158721923828125
-725.8106689453125 -61.167659759521484
-727.7639770507812 -63.156005859375
-725.86328125 -61.1585578918457
-726.987060546875 -63.149070739746094
-725.0626220703125 -61.186363220214844
-726.964599609375 -63.17366027832031
-726.49169921875 -61.180782318115234
-727.0667114257812 -63.097412109375
-725.331787109375 -61.1043586730957
-726.9632568359375 -63.098045349121094
-727.1188354492188 -61.10404586791992
-728.0579833984375 -63.09797286987305
-727.2841186523438 -61.098243713378906
-728.8712768554688 -63.094932556152344
-727.5848999023438 -61.09596633911133
-726.7890625 -63.093692779541016
-726.443603515625 -61.16683578491211
-728.195556640625 -63.16581726074219
-728.4622192382812 -61.16614532470703
-730.3958740234375 -63.16072082519531
-730.3997192382812 -61.16164779663086
-732.3917846679688 -63.158958435058594
