-861.6353149414062 -310.3509521484375
-860.6946411132812 -312.29156494140625
-858.7056884765625 -310.2980041503906
-856.7450561523438 -312.244384765625
-854.8900146484375 -310.2807312011719
-854.6600952148438 -312.198486328125
-853.3016357421875 -314.0943908691406
-851.3859252929688 -312.1138000488281
-850.597900390625 -313.7786560058594
-848.6128540039062 -311.7899169921875
-846.645751953125 -313.7742614746094
-844.8084106445312 -311.87420654296875
-842.9174194335938 -313.84759521484375
-840.9303588867188 -311.85028076171875
-839.4620361328125 -313.5872802734375
-837.4680786132812 -311.5904846191406
-835.6272583007812 -313.3929138183594
-833.6404418945312 -311.3978576660156
-832.081298828125 -313.3867492675781
-830.0923461914062 -311.3941650390625
-828.5061645507812 -313.269287109375
-826.5621337890625 -311.27252197265625
-825.059326171875 -313.21136474609375
-823.1267700195312 -311.47003173828125
-823.2373657226562 -313.3852844238281
-821.2635498046875 -311.39013671875
-820.552734375 -313.04705810546875
-820.2612915039062 -314.2245178222656
-818.4003295898438 -312.2409973144531
-816.5233154296875 -313.8241271972656
-814.5328979492188 -311.8382263183594
-812.6049194335938 -313.6575622558594
-810.6195678710938 -311.6822204589844
-809.1231079101562 -313.6626281738281
-808.3255615234375 -311.74896240234375
-806.6265258789062 -313.716064453125
-804.6589965820312 -311.7497253417969
-802.8173217773438 -313.1578369140625
-801.081298828125 -314.6400451660156
-799.0869140625 -312.72760009765625
-797.1263427734375 -314.26959228515625
-795.1358642578125 -312.27349853515625
-793.2098999023438 -313.4045104980469
-791.2133178710938 -311.43304443359375
-789.2598266601562 -313.24700927734375
-787.3115234375 -311.2538757324219
-785.4205932617188 -309.2735900878906
-784.4343872070312 -311.22515869140625
-782.5545654296875 -309.2695007324219
-780.74462890625 -311.2394104003906
-778.7572021484375 -309.27227783203125
-777.81640625 -311.20269775390625
-775.8639526367188 -309.22064208984375
-775.5654907226562 -311.1859436035156
-774.3243408203125 -309.2137756347656
-772.5645141601562 -311.0156555175781
-770.5875244140625 -309.1916809082031
-769.9064331054688 -311.1659240722656
-768.4146118164062 -309.4874267578125
-767.66552734375 -311.4820861816406
-765.727294921875 -309.6891784667969
-764.18359375 -311.19122314453125
-762.3035278320312 -309.33843994140625
-760.7222290039062 -311.29736328125
-759.2698974609375 -309.30181884765625
-757.6815795898438 -311.27532958984375
-755.781005859375 -309.4101867675781
-755.3583374023438 -311.22576904296875
-753.541259765625 -309.2657470703125
-752.239013671875 -310.48699951171875
-750.8894653320312 -312.4500732421875
-748.9442749023438 -310.5245666503906
-748.1498413085938 -312.22174072265625
-746.7144165039062 -310.2712097167969
-744.8634033203125 -312.25885009765625
-742.9654541015625 -310.3993835449219
-741.2415161132812 -311.8144226074219
-739.3323364257812 -313.75238037109375
-737.3624877929688 -311.7536315917969
-735.3762817382812 -313.3096008300781
-733.3965454101562 -314.9207458496094
-731.4046630859375 -316.5783996582031
-729.4556274414062 -314.8311767578125
-727.484619140625 -316.1305236816406
-725.497314453125 -314.2335510253906
-723.5064086914062 -314.3976745605469
-721.5156860351562 -312.47723388671875
-719.5296020507812 -310.7854919433594
-717.5347900390625 -308.9462890625
-715.593017578125 -306.9608154296875
-713.6053466796875 -305.0050964355469
-711.653564453125 -303.0412902832031
-710.389892578125 -301.0436096191406
-708.4237060546875 -299.04986572265625
-706.4313354492188 -297.0531311035156
-704.6799926757812 -295.071533203125
-702.6957397460938 -293.0745849609375
-700.7105102539062 -291.1105041503906
-698.7286987304688 -289.1123046875
-696.7948608398438 -287.1133728027344
-694.9803466796875 -285.1145324707031
-693.070556640625 -283.1163330078125
-691.9379272460938 -281.1171875
-689.9988403320312 -279.1185302734375
-688.0164184570312 -277.12237548828125
-686.5521850585938 -275.1246337890625
-684.6766967773438 -273.125
-682.7203979492188 -271.12640380859375
-680.7293701171875 -269.1285400390625
-678.9267578125 -267.1285705566406
-677.1685791015625 -265.129150390625
-675.4470825195312 -263.1304626464844
-674.0944213867188 -261.1305847167969
-672.5042724609375 -259.1308898925781
-670.5498046875 -257.1325378417969
-671.6720581054688 -255.1327362060547
-673.5828857421875 -253.13446044921875
-672.595947265625 -251.1361541748047
-672.6581420898438 -249.13714599609375
-670.8484497070312 -247.13763427734375
-670.2457275390625 -245.1380615234375
-670.1646728515625 -243.13870239257812
-669.5512084960938 -241.13900756835938
-669.7755737304688 -239.13970947265625
-668.863525390625 -237.1397247314453
-667.6270141601562 -235.13987731933594
-669.0247802734375 -233.14053344726562
-670.0404052734375 -231.1407928466797
-668.9746704101562 -229.1413116455078
-670.6879272460938 -227.1417236328125
-670.906005859375 -225.14181518554688
-671.96630859375 -223.1436004638672
-671.1779174804688 -221.14414978027344
-671.8917846679688 -219.1443634033203
-672.0931396484375 -217.14588928222656
-671.95703125 -215.1470947265625
-672.9304809570312 -213.14732360839844
-674.9114379882812 -211.14744567871094
-676.7923583984375 -209.1498260498047
-678.7630615234375 -207.1501922607422
-679.6620483398438 -205.1510467529297
-680.4798583984375 -203.15171813964844
-682.1493530273438 -201.15780639648438
-683.7827758789062 -199.15802001953125
-684.1446533203125 -197.15919494628906
-686.0812377929688 -195.15945434570312
-687.990478515625 -193.16200256347656
-689.7536010742188 -191.16273498535156
-691.5932006835938 -189.16433715820312
-693.377685546875 -187.16494750976562
-695.27783203125 -185.16859436035156
-694.3490600585938 -183.16912841796875
-695.1346435546875 -181.171875
-696.4368286132812 -179.17799377441406
-698.2980346679688 -177.17807006835938
-699.3277587890625 -175.1818084716797
-697.6890258789062 -173.18312072753906
-698.8035888671875 -171.1863250732422
-700.529541015625 -169.19003295898438
-701.9522705078125 -167.19447326660156
-703.3463745117188 -165.19491577148438
-705.25048828125 -163.19549560546875
-706.5352783203125 -161.1957244873047
-708.4002685546875 -159.20095825195312
-707.9575805664062 -157.2020263671875
-708.9830932617188 -155.20263671875
-710.7781372070312 -153.20333862304688
-711.4691772460938 -151.20347595214844
-712.7027587890625 -149.2039794921875
-714.5546264648438 -147.20465087890625
-714.3171997070312 -145.20599365234375
-714.6903076171875 -143.20753479003906
-714.9629516601562 -141.2087860107422
-714.2722778320312 -139.208984375
-713.2603759765625 -137.20909118652344
-714.6365356445312 -135.2096710205078
-716.4960327148438 -133.20985412597656
-717.8048095703125 -131.2109832763672
-717.199462890625 -129.211669921875
-718.2872314453125 -127.21240234375
-720.072021484375 -125.21260833740234
-721.1849365234375 -123.21756744384766
-720.1539916992188 -121.22027587890625
-720.96484375 -119.221923828125
-720.103515625 -117.22219848632812
-721.1538696289062 -115.2231216430664
-722.7595825195312 -113.22358703613281
-721.0758056640625 -111.22371673583984
-720.0140380859375 -109.2237548828125
-718.2056884765625 -107.22380065917969
-720.0775756835938 -105.223876953125
-719.7092895507812 -103.2238998413086
-721.4563598632812 -101.2251205444336
-723.2311401367188 -99.23558807373047
-722.1553344726562 -97.24642944335938
-721.2442626953125 -95.24724578857422
-721.7640991210938 -93.2474594116211
-723.5638427734375 -91.24964904785156
-722.906005859375 -89.2498550415039
-722.4826049804688 -87.25041198730469
-724.3190307617188 -85.2540283203125
-725.950927734375 -83.25476837158203
-724.20361328125 -81.25507354736328
-725.6817016601562 -79.25521087646484
-725.7548828125 -77.25611114501953
-725.403564453125 -75.25675201416016
-726.524169921875 -73.25712585449219
-727.2067260742188 -71.25718688964844
-726.8590698242188 -69.25723266601562
-725.0567626953125 -67.25737762451172
-723.1185913085938 -65.25762176513672
-722.6229858398438 -63.25776290893555
-720.75634765625 -61.27346420288086
-722.7421264648438 -59.27409744262695
-724.7386474609375 -57.27421188354492
-726.7084350585938 -55.27604675292969
-728.7025756835938 -53.28311538696289
-730.6627807617188 -51.427154541015625
-732.6365356445312 -49.599464416503906
-733.4683227539062 -48.410308837890625
-735.4281616210938 -46.71125793457031
-737.404541015625 -45.3958740234375
-739.2745361328125 -46.87613296508789
