-1036.043212890625 -214.27325439453125
-1038.0394287109375 -213.54067993164062
-1040.0364990234375 -212.21253967285156
-1041.6026611328125 -213.42813110351562
-1043.521484375 -214.26846313476562
-1045.5135498046875 -213.66761779785156
-1047.49951171875 -213.17239379882812
-1049.3680419921875 -214.32211303710938
-1051.2427978515625 -213.707275390625
-1053.2340087890625 -214.26925659179688
-1052.838134765625 -213.17788696289062
-1054.8062744140625 -214.359375
-1056.8009033203125 -212.62120056152344
-1058.7518310546875 -213.72772216796875
-1060.727294921875 -212.07650756835938
-1062.70361328125 -212.17919921875
-1064.7005615234375 -210.41334533691406
-1062.91748046875 -208.55413818359375
-1064.915771484375 -206.5594940185547
-1062.916259765625 -204.56536865234375
-1064.916259765625 -202.56626892089844
-1062.918701171875 -200.57716369628906
-1064.918701171875 -198.58029174804688
-1062.9217529296875 -196.58250427246094
-1064.9217529296875 -194.58297729492188
-1062.92529296875 -192.58482360839844
-1064.92529296875 -190.59263610839844
-1062.926025390625 -188.596435546875
-1064.926025390625 -186.59796142578125
-1064.3126220703125 -184.59800720214844
-1066.3126220703125 -182.59947204589844
-1064.424072265625 -180.79632568359375
-1062.4371337890625 -178.80224609375
-1064.4371337890625 -176.83494567871094
-1062.44482421875 -175.02284240722656
-1064.44482421875 -173.03115844726562
-1062.451904296875 -171.05145263671875
-1064.451904296875 -169.0821533203125
-1062.4739990234375 -167.10203552246094
-1064.4676513671875 -165.6577606201172
-1062.4688720703125 -163.65814208984375
-1064.46875 -161.8645477294922
-1066.46875 -159.87765502929688
-1064.8775634765625 -157.8777313232422
-1066.8756103515625 -155.88076782226562
-1068.774658203125 -153.88160705566406
-1070.7733154296875 -151.8834686279297
-1072.76904296875 -150.0022430419922
-1074.7684326171875 -148.0730743408203
-1074.14453125 -147.34161376953125
-1072.145263671875 -146.1612548828125
-1074.12353515625 -145.43580627441406
-1072.2081298828125 -143.65174865722656
-1074.19189453125 -142.36767578125
-1076.19189453125 -140.3745574951172
-1074.2073974609375 -138.37631225585938
-1076.2073974609375 -136.376953125
-1074.20947265625 -134.38052368164062
-1076.20947265625 -132.38442993164062
-1074.2117919921875 -130.45068359375
-1076.2117919921875 -128.4581298828125
-1074.2183837890625 -126.53770446777344
-1076.21826171875 -124.59529876708984
-1074.21875 -122.60581970214844
-1076.21875 -120.65501403808594
-1074.2208251953125 -118.66999053955078
-1076.2208251953125 -116.67317199707031
-1074.7542724609375 -114.68389129638672
-1074.3134765625 -112.68477630615234
-1076.2652587890625 -110.70465087890625
-1078.2432861328125 -108.7047348022461
-1080.22314453125 -107.26412200927734
-1082.222412109375 -106.13463592529297
-1084.2197265625 -106.22020721435547
-1085.854248046875 -107.7642593383789
-1087.8499755859375 -108.890625
-1089.849609375 -107.08332061767578
-1091.8326416015625 -107.7729263305664
-1093.7935791015625 -106.13272857666016
-1095.7781982421875 -105.08712768554688
-1097.7781982421875 -103.26083374023438
-1099.7781982421875 -101.26460266113281
-1098.29638671875 -99.32330322265625
-1096.529541015625 -97.3570785522461
-1098.529541015625 -95.36113739013672
-1096.5673828125 -93.36719512939453
-1098.5673828125 -91.36832427978516
-1096.70263671875 -89.47888946533203
-1098.70263671875 -87.4803466796875
-1096.718994140625 -85.59701538085938
-1098.718994140625 -83.59902954101562
-1098.493896484375 -81.64425659179688
-1098.09765625 -79.64966583251953
-1099.565185546875 -77.66138458251953
-1099.19482421875 -75.66558837890625
-1099.5198974609375 -73.75218200683594
-1097.9754638671875 -71.96122741699219
-1097.123046875 -69.99528503417969
-1098.9100341796875 -68.31465911865234
-1098.357421875 -66.45242309570312
-1098.751220703125 -64.85406494140625
-1099.9385986328125 -63.08045196533203
-1101.2921142578125 -61.211021423339844
-1101.46484375 -62.793601989746094
-1100.705078125 -60.83500289916992
-1100.2010498046875 -59.900142669677734
-1101.125732421875 -58.36562728881836
-1102.0421142578125 -56.85628128051758
-1100.427001953125 -54.97652816772461
-1101.4217529296875 -53.00285339355469
-1103.3450927734375 -51.08964538574219
-1105.288330078125 -49.107669830322266
-1107.288330078125 -47.1087646484375
-1109.269287109375 -48.15233612060547
-1110.6566162109375 -49.050437927246094
-1112.656494140625 -47.05224609375
-1114.645263671875 -48.98358154296875
-1116.645263671875 -46.984378814697266
-1118.6402587890625 -48.46492004394531
-1120.6402587890625 -46.67645263671875
-1122.6104736328125 -47.23897171020508
-1124.6038818359375 -46.05329895019531
-1126.5977783203125 -46.54454803466797
-1128.5748291015625 -47.40949249267578
-1130.3248291015625 -47.28776550292969
-1132.2100830078125 -46.986026763916016
-1134.193603515625 -48.36583709716797
-1136.189697265625 -46.37515640258789
-1137.6390380859375 -45.545310974121094
-1136.5111083984375 -45.81858444213867
-1138.06005859375 -47.1880989074707
-1139.9395751953125 -45.21817398071289
-1140.89599609375 -45.28479766845703
-1140.158203125 -44.351158142089844
-1141.876953125 -45.7888298034668
-1143.867431640625 -43.936195373535156
-1142.6934814453125 -44.709068298339844
-1141.45947265625 -46.0737419128418
-1143.169921875 -44.486419677734375
-1144.9453125 -45.74088668823242
-1145.895263671875 -44.93043518066406
-1147.32763671875 -45.79965591430664
-1146.6556396484375 -44.155250549316406
-1147.81689453125 -44.886741638183594
-1147.4532470703125 -45.459259033203125
-1146.7977294921875 -44.546180725097656
-1147.3206787109375 -45.431373596191406
-1147.6978759765625 -46.412269592285156
-1147.4715576171875 -45.37110900878906
-1149.1448974609375 -45.249202728271484
-1150.765380859375 -45.32326889038086
-1151.47607421875 -46.92009353637695
-1153.4697265625 -44.927921295166016
-1155.4693603515625 -43.504581451416016
-1157.4686279296875 -41.51529312133789
-1155.4859619140625 -39.52182388305664
-1157.4859619140625 -37.524932861328125
-1155.6297607421875 -35.54400634765625
-1157.629638671875 -33.55836486816406
-1156.314208984375 -31.561410903930664
-1158.31298828125 -29.629697799682617
-1156.3226318359375 -27.732784271240234
-1154.617431640625 -25.956594467163086
-1156.61669921875 -24.07929801940918
-1155.8587646484375 -22.315380096435547
-1157.37451171875 -20.339099884033203
-1155.4088134765625 -19.96338653564453
-1157.39404296875 -17.997655868530273
