-1035.765625 -214.27394104003906
-1037.765625 -216.09262084960938
-1039.7589111328125 -214.09803771972656
-1041.7529296875 -216.08265686035156
-1043.751708984375 -216.81344604492188
-1045.751708984375 -218.24403381347656
-1047.7515869140625 -220.2342071533203
-1049.7515869140625 -218.23655700683594
-1051.7515869140625 -220.19017028808594
-1053.696044921875 -218.248291015625
-1055.528564453125 -216.33474731445312
-1055.1534423828125 -214.34228515625
-1057.1531982421875 -216.30569458007812
-1058.937255859375 -214.3119354248047
-1060.93701171875 -216.29444885253906
-1062.9168701171875 -214.3196563720703
-1064.44140625 -212.32220458984375
-1066.33984375 -214.20187377929688
-1068.335693359375 -216.16879272460938
-1070.0426025390625 -214.16934204101562
-1072.0426025390625 -216.1291961669922
-1074.0419921875 -214.12928771972656
-1076.0419921875 -215.7779083251953
-1078.0419921875 -217.77255249023438
-1080.0418701171875 -216.91738891601562
-1082.0418701171875 -218.4451904296875
-1084.040771484375 -220.42140197753906
-1086.002197265625 -218.42276000976562
-1088.00146484375 -220.0528564453125
-1087.1666259765625 -218.05392456054688
-1089.16650390625 -219.95669555664062
-1091.1270751953125 -217.98910522460938
-1093.1270751953125 -218.67861938476562
-1093.7332763671875 -216.68112182617188
-1095.7332763671875 -218.64686584472656
-1097.0631103515625 -217.68063354492188
-1098.189453125 -215.71505737304688
-1100.1893310546875 -217.7046661376953
-1100.69482421875 -215.83642578125
-1102.6944580078125 -217.57957458496094
-1104.3463134765625 -215.61195373535156
-1106.34619140625 -217.61090087890625
-1107.638916015625 -216.6714630126953
-1108.6690673828125 -214.671875
-1110.66845703125 -216.29168701171875
-1109.8751220703125 -214.3023223876953
-1111.8751220703125 -216.29061889648438
-1111.3922119140625 -214.29397583007812
-1113.3922119140625 -216.1685333251953
-1115.21533203125 -214.17552185058594
-1117.21435546875 -216.16123962402344
-1119.187744140625 -218.1394805908203
-1119.2484130859375 -216.18115234375
-1121.2479248046875 -218.01345825195312
-1121.7894287109375 -216.18197631835938
-1120.7984619140625 -214.2071075439453
-1122.7960205078125 -215.7401123046875
-1122.8974609375 -213.7435760498047
-1124.8966064453125 -215.5704345703125
-1125.6893310546875 -213.62855529785156
-1127.6888427734375 -215.6214141845703
-1125.709716796875 -214.16404724121094
-1127.709716796875 -216.14761352539062
-1128.580810546875 -214.15020751953125
-1130.5692138671875 -215.355712890625
-1129.1822509765625 -213.35911560058594
-1131.18212890625 -215.3509063720703
-1132.8587646484375 -213.35105895996094
-1134.8585205078125 -215.09530639648438
-1134.2471923828125 -213.09971618652344
-1136.2471923828125 -215.08497619628906
-1138.1103515625 -213.1249542236328
-1140.1103515625 -215.12115478515625
-1142.1094970703125 -213.1214599609375
-1144.1094970703125 -214.93392944335938
-1146.0416259765625 -212.93531799316406
-1148.0416259765625 -212.33877563476562
-1150.021728515625 -213.69342041015625
-1152.018798828125 -215.63450622558594
-1150.1688232421875 -213.6353759765625
-1152.1656494140625 -215.39976501464844
-1151.8260498046875 -213.40780639648438
-1153.47900390625 -215.19541931152344
-1151.7894287109375 -213.19558715820312
-1153.75146484375 -215.1607666015625
-1155.683837890625 -217.12094116210938
-1153.7669677734375 -215.13143920898438
-1155.76513671875 -216.9870147705078
-1155.1953125 -215.0011749267578
-1157.1937255859375 -216.48944091796875
-1156.474853515625 -214.77316284179688
-1158.4722900390625 -215.9290771484375
-1157.031005859375 -213.93360900878906
-1159.0302734375 -215.92898559570312
-1157.34033203125 -213.93751525878906
-1159.340087890625 -215.8804931640625
-1157.539794921875 -213.88059997558594
-1159.5382080078125 -215.73744201660156
-1159.626708984375 -213.75173950195312
-1161.6201171875 -215.03863525390625
-1163.4830322265625 -216.6308135986328
-1164.7523193359375 -214.639404296875
-1166.751953125 -216.62721252441406
-1168.727783203125 -218.21267700195312
-1170.7041015625 -216.22666931152344
-1172.6888427734375 -218.21209716796875
-1171.2154541015625 -216.2353057861328
-1173.2105712890625 -216.7438507080078
-1175.00927734375 -214.7604217529297
-1177.00927734375 -216.7060089111328
-1176.2894287109375 -214.7200469970703
-1178.288818359375 -216.3538360595703
-1179.85400390625 -214.39137268066406
-1181.8526611328125 -216.3748779296875
-1179.8753662109375 -214.41812133789062
-1181.872802734375 -213.1691436767578
-1183.853759765625 -214.5781707763672
-1185.853271484375 -216.57115173339844
-1185.15673828125 -214.63027954101562
-1187.1566162109375 -214.8831329345703
-1189.1396484375 -216.86277770996094
-1189.06201171875 -214.8633575439453
-1191.0614013671875 -215.55625915527344
-1193.0606689453125 -217.5338897705078
-1194.7730712890625 -215.96592712402344
-1196.7686767578125 -217.9611358642578
-1198.767822265625 -215.97665405273438
-1200.7677001953125 -216.22608947753906
-1202.7677001953125 -217.1990966796875
-1204.7677001953125 -216.9184112548828
-1206.7677001953125 -218.22683715820312
-1208.7677001953125 -216.471435546875
-1210.767578125 -214.60523986816406
-1212.767578125 -212.65737915039062
-1214.767578125 -210.6595001220703
-1216.7674560546875 -208.67462158203125
-1218.7674560546875 -206.67498779296875
-1220.7672119140625 -204.6779327392578
-1222.75634765625 -202.67803955078125
-1224.747314453125 -200.6859893798828
-1226.7337646484375 -198.68606567382812
-1228.7313232421875 -196.68751525878906
-1230.705322265625 -194.68777465820312
-1232.705078125 -192.6879425048828
-1234.7017822265625 -190.6888427734375
-1236.5491943359375 -188.68923950195312
-1238.5474853515625 -186.68954467773438
-1240.5166015625 -184.69161987304688
-1241.827880859375 -182.69264221191406
-1241.2327880859375 -180.6927947998047
-1242.9617919921875 -178.6930389404297
-1244.823974609375 -176.69308471679688
-1244.498046875 -174.6969451904297
-1246.0185546875 -172.697021484375
-1247.4425048828125 -170.6971893310547
-1248.837646484375 -168.6983184814453
-1246.837646484375 -166.6983642578125
-1248.15234375 -164.7000274658203
-1246.15234375 -162.70257568359375
-1247.8306884765625 -160.70944213867188
-1249.545654296875 -158.7184295654297
-1247.545654296875 -156.7184295654297
-1248.8392333984375 -154.7196807861328
-1246.8392333984375 -152.7197265625
-1246.9525146484375 -150.73748779296875
-1248.855712890625 -148.73809814453125
-1246.855712890625 -146.73809814453125
-1248.2474365234375 -144.73867797851562
-1246.2474365234375 -142.73867797851562
-1247.77392578125 -140.75083923339844
-1249.6602783203125 -138.7527313232422
-1247.6602783203125 -136.7527618408203
-1249.5445556640625 -134.75454711914062
-1247.5445556640625 -132.7545928955078
-1249.244384765625 -130.7547607421875
-1247.244384765625 -128.7547607421875
-1247.320556640625 -127.08238220214844
-1249.264404296875 -125.08566284179688
-1247.264404296875 -123.08578491210938
-1248.73291015625 -121.1009521484375
-1246.73291015625 -119.10095977783203
-1245.0931396484375 -117.10493469238281
-1245.2451171875 -115.16645812988281
-1243.6602783203125 -113.22342681884766
-1243.3465576171875 -111.24386596679688
-1244.027099609375 -109.2568588256836
-1245.8653564453125 -107.25765991210938
-1245.01171875 -105.2817611694336
-1244.51708984375 -103.2917251586914
-1243.272705078125 -101.30247497558594
-1245.0126953125 -99.30427551269531
-1245.946044921875 -97.33787536621094
-1246.7674560546875 -95.3589859008789
-1245.8809814453125 -93.38832092285156
-1244.91064453125 -91.409912109375
-1243.982421875 -89.52385711669922
-1242.393798828125 -87.54718017578125
-1243.2591552734375 -85.59033203125
-1242.823974609375 -83.60289001464844
-1242.0921630859375 -81.60404968261719
-1241.064453125 -79.74878692626953
-1239.9578857421875 -78.43004608154297
-1239.7724609375 -76.5037841796875
-1237.9638671875 -74.50403594970703
-1238.2843017578125 -72.5693588256836
-1238.854736328125 -70.71749877929688
-1237.1162109375 -68.77308654785156
-1236.37744140625 -67.11148071289062
-1237.58154296875 -65.1758041381836
-1236.8797607421875 -63.970802307128906
-1235.1552734375 -61.97210693359375
-1233.165283203125 -59.98534393310547
-1231.184326171875 -58.000648498535156
-1230.1575927734375 -56.050960540771484
-1228.1807861328125 -54.37553405761719
-1227.65478515625 -52.408836364746094
-1226.0020751953125 -50.46763229370117
-1224.396240234375 -48.53527069091797
-1222.6728515625 -46.53535842895508
-1222.5458984375 -44.545188903808594
-1220.5565185546875 -42.617366790771484
-1218.945556640625 -40.631935119628906
-1217.64111328125 -38.65702438354492
-1216.9613037109375 -36.67290115356445
-1215.08984375 -34.680641174316406
-1216.3294677734375 -32.68627166748047
-1214.519287109375 -30.68899917602539
-1213.6011962890625 -28.698556900024414
-1212.9852294921875 -26.698871612548828
-1213.823486328125 -25.686479568481445
-1213.5107421875 -23.723148345947266
-1212.3594970703125 -21.72852897644043
-1213.7769775390625 -19.729148864746094
-1213.9185791015625 -17.767335891723633
-1211.983642578125 -15.771892547607422
-1210.2755126953125 -13.95226764678955
-1209.9678955078125 -11.953383445739746
-1208.31103515625 -9.954264640808105
