-1033.4552001953125 -214.38377380371094
-1031.6439208984375 -213.6090850830078
-1031.90771484375 -215.05335998535156
-1033.4744873046875 -216.77490234375
-1031.517333984375 -214.77830505371094
-1033.0616455078125 -216.484619140625
-1033.178466796875 -214.49002075195312
-1033.431396484375 -213.5267333984375
-1033.9490966796875 -214.1112518310547
-1033.85205078125 -214.9349365234375
-1034.7689208984375 -216.66357421875
-1033.1649169921875 -214.668212890625
-1034.860595703125 -216.6072998046875
-1033.680908203125 -214.6080780029297
-1035.0693359375 -215.83274841308594
-1034.262451171875 -213.83885192871094
-1036.1572265625 -214.41046142578125
-1036.0833740234375 -213.25982666015625
-1037.9537353515625 -214.18870544433594
-1039.9044189453125 -215.71885681152344
-1041.711181640625 -217.70201110839844
-1041.3253173828125 -215.72708129882812
-1040.1077880859375 -217.44398498535156
-1039.690185546875 -215.45948791503906
-1040.662109375 -216.73605346679688
-1040.0987548828125 -214.76670837402344
-1041.605224609375 -216.7030792236328
-1040.626220703125 -214.70343017578125
-1040.6075439453125 -215.52894592285156
-1041.3228759765625 -214.8042449951172
-1043.064208984375 -215.5725555419922
-1043.2744140625 -215.10690307617188
-1041.7960205078125 -216.51730346679688
-1042.351318359375 -218.23265075683594
-1042.569091796875 -216.25164794921875
-1043.4681396484375 -217.0016632080078
-1043.846435546875 -216.75621032714844
-1045.69384765625 -218.27517700195312
-1045.8753662109375 -216.28880310058594
-1046.4322509765625 -217.1405029296875
-1047.9598388671875 -217.3458709716797
-1046.3046875 -216.66407775878906
-1046.4622802734375 -218.33465576171875
-1044.8800048828125 -219.42845153808594
-1046.3138427734375 -217.43560791015625
-1045.492919921875 -217.01129150390625
-1045.3353271484375 -218.716064453125
-1046.3431396484375 -216.71966552734375
-1047.9495849609375 -218.23825073242188
-1048.4130859375 -219.07908630371094
-1048.19140625 -219.6587371826172
-1049.9154052734375 -217.68499755859375
-1051.6531982421875 -216.7783203125
-1052.7822265625 -214.9744873046875
-1054.7508544921875 -214.984619140625
-1056.0213623046875 -216.22434997558594
-1055.15869140625 -214.23931884765625
-1056.3233642578125 -215.76803588867188
-1056.179931640625 -213.76841735839844
-1058.0723876953125 -215.6413116455078
-1057.983642578125 -213.6457061767578
-1059.3428955078125 -212.1068115234375
-1061.241455078125 -210.51576232910156
-1063.237060546875 -208.68618774414062
-1065.17431640625 -206.6951446533203
-1063.1953125 -204.71524047851562
-1065.08984375 -203.17465209960938
-1063.4208984375 -201.2082977294922
-1065.3780517578125 -199.22268676757812
-1063.431884765625 -197.2758026123047
-1065.4212646484375 -195.39163208007812
-1063.57421875 -193.4266357421875
-1065.4683837890625 -191.44635009765625
-1065.1619873046875 -189.4500732421875
-1065.633056640625 -187.46168518066406
-1064.0245361328125 -185.46705627441406
-1065.9874267578125 -183.60169982910156
-1065.526611328125 -182.7598419189453
-1063.5853271484375 -180.8556365966797
-1065.5496826171875 -178.8700408935547
-1063.9835205078125 -177.05287170410156
-1062.009765625 -176.53675842285156
-1064.008544921875 -174.5399627685547
-1062.126220703125 -173.3736114501953
-1064.1090087890625 -171.4387969970703
-1062.5172119140625 -169.54971313476562
-1064.483642578125 -167.5805206298828
-1062.5673828125 -165.68833923339844
-1064.5587158203125 -163.70582580566406
-1062.96875 -161.7705535888672
-1064.9588623046875 -159.77293395996094
-1066.917236328125 -157.8360595703125
-1065.3214111328125 -155.8363800048828
-1066.254150390625 -153.85923767089844
-1068.247314453125 -155.46261596679688
-1067.1925048828125 -153.50234985351562
-1069.1781005859375 -152.9456024169922
-1071.169189453125 -151.3829345703125
-1073.162109375 -149.62400817871094
-1075.1591796875 -147.86019897460938
-1073.2099609375 -147.23829650878906
-1075.19921875 -145.75128173828125
-1073.2215576171875 -145.329345703125
-1075.2193603515625 -143.4023895263672
-1073.2198486328125 -141.54400634765625
-1075.21630859375 -139.56277465820312
-1073.2288818359375 -137.63580322265625
-1075.227783203125 -136.0679168701172
-1073.2281494140625 -134.85711669921875
-1075.168701171875 -132.8817138671875
-1073.1688232421875 -131.14901733398438
-1075.1673583984375 -129.20460510253906
-1073.16748046875 -127.30619812011719
-1075.1640625 -125.38194274902344
-1073.171630859375 -123.78058624267578
-1075.171630859375 -121.84903717041016
-1073.1739501953125 -121.32921600341797
-1075.164306640625 -119.35874938964844
-1073.1644287109375 -118.12409210205078
-1075.1397705078125 -116.12989807128906
-1073.1468505859375 -114.5217056274414
-1074.6815185546875 -112.5240707397461
-1072.8026123046875 -110.53266143798828
-1074.7899169921875 -111.2066650390625
-1073.4178466796875 -109.22489166259766
-1075.3697509765625 -107.47396850585938
-1077.28466796875 -107.8411636352539
-1079.278564453125 -106.97848510742188
-1081.2742919921875 -108.3906478881836
-1083.2706298828125 -109.41339874267578
-1085.265869140625 -107.970458984375
-1087.2611083984375 -107.07417297363281
-1089.1866455078125 -106.1031723022461
-1091.16259765625 -106.2320556640625
-1093.11962890625 -106.84268951416016
-1095.11669921875 -105.2776870727539
-1097.1163330078125 -103.7120132446289
-1099.1162109375 -101.71275329589844
-1097.118408203125 -101.1376953125
-1099.1181640625 -99.14502716064453
-1097.1185302734375 -99.5280532836914
-1099.1185302734375 -97.53498840332031
-1097.1190185546875 -96.06895446777344
-1099.1190185546875 -94.14093780517578
-1097.1190185546875 -92.73381805419922
-1099.118896484375 -90.75209045410156
-1097.119140625 -90.7160873413086
-1099.11865234375 -88.73001861572266
-1097.1192626953125 -86.94159698486328
-1099.119140625 -84.99581146240234
-1097.1192626953125 -85.2750015258789
-1099.1190185546875 -83.28363800048828
-1097.119140625 -83.33732604980469
-1099.1180419921875 -81.34014129638672
-1097.1181640625 -79.98860168457031
-1099.1181640625 -77.99317932128906
-1097.123779296875 -76.23731231689453
-1099.1229248046875 -74.24625396728516
-1097.123046875 -72.5282211303711
-1098.9786376953125 -70.5401382446289
-1097.567138671875 -70.94001007080078
-1096.4613037109375 -71.9264144897461
-1098.42919921875 -69.93878936767578
-1096.437255859375 -68.39753723144531
-1094.44091796875 -66.75772094726562
-1096.4404296875 -64.81484985351562
-1094.444091796875 -63.55157470703125
-1096.4439697265625 -61.6988525390625
-1094.4525146484375 -60.18074035644531
-1096.4522705078125 -58.27737808227539
-1094.4619140625 -57.57759475708008
-1096.432861328125 -55.59040451049805
-1094.5281982421875 -53.935340881347656
-1096.4534912109375 -51.96682357788086
-1094.462890625 -50.02771759033203
-1096.4549560546875 -48.03457260131836
-1098.18212890625 -48.68763732910156
-1099.958251953125 -49.9846305847168
-1098.134033203125 -47.98616027832031
-1100.1072998046875 -46.5346794128418
-1101.6195068359375 -47.94929885864258
-1103.580322265625 -47.57299041748047
-1105.55419921875 -49.048831939697266
-1106.1279296875 -47.0494270324707
-1107.9482421875 -47.55909729003906
-1109.9390869140625 -48.754207611083984
-1111.2060546875 -46.75577163696289
-1113.1976318359375 -48.311920166015625
-1114.5003662109375 -46.32844543457031
-1116.468017578125 -45.53226089477539
-1118.4625244140625 -45.460044860839844
-1119.792236328125 -45.82136917114258
-1121.7872314453125 -47.092472076416016
-1123.701904296875 -48.355072021484375
-1123.01904296875 -46.39085388183594
-1124.954345703125 -47.903343200683594
-1124.4609375 -45.90760040283203
-1126.453125 -47.70566177368164
-1127.2447509765625 -45.71156311035156
-1129.1546630859375 -47.39391326904297
-1131.145263671875 -48.45975112915039
-1132.86865234375 -46.46357345581055
-1134.436767578125 -45.87187194824219
-1136.3721923828125 -47.34211730957031
-1134.83984375 -45.373130798339844
-1135.7947998046875 -45.891212463378906
-1137.78662109375 -46.7263069152832
-1139.7734375 -48.06779479980469
-1138.91650390625 -46.076602935791016
-1140.9005126953125 -47.82741928100586
-1138.9793701171875 -45.863136291503906
-1140.4625244140625 -47.51200485229492
-1141.128662109375 -45.51460266113281
-1141.5565185546875 -46.00869369506836
-1143.423828125 -47.57879638671875
-1142.010498046875 -45.59415054321289
-1143.9957275390625 -46.22677230834961
-1145.8831787109375 -47.92302703857422
-1146.7890625 -45.92878723144531
-1148.4649658203125 -47.91442108154297
-1149.1756591796875 -45.93227005004883
-1151.1561279296875 -46.03348159790039
-1153.1260986328125 -46.49295425415039
-1155.1236572265625 -45.174293518066406
-1157.1226806640625 -43.48672103881836
-1155.122802734375 -42.552879333496094
-1157.1224365234375 -40.55644226074219
-1155.122802734375 -39.04726791381836
-1157.12109375 -37.075225830078125
-1155.121337890625 -35.927947998046875
-1157.1202392578125 -33.9555778503418
-1155.120361328125 -32.008907318115234
-1157.101318359375 -30.02233123779297
-1155.1075439453125 -29.286685943603516
-1157.09814453125 -27.53042221069336
-1155.0987548828125 -28.04450035095215
-1157.0919189453125 -26.055679321289062
-1155.0926513671875 -24.322874069213867
-1157.090087890625 -22.7343692779541
-1155.095703125 -23.282381057739258
-1157.0838623046875 -21.347702026367188
-1155.18994140625 -19.5032901763916
-1157.1888427734375 -17.554866790771484
