-1036.033935546875 -215.05889892578125
-1038.017822265625 -216.95938110351562
-1040.0169677734375 -216.14822387695312
-1041.9940185546875 -218.1365203857422
-1043.984619140625 -217.8548583984375
-1045.9842529296875 -216.80419921875
-1047.961181640625 -218.79978942871094
-1049.9554443359375 -220.79730224609375
-1051.8023681640625 -219.65603637695312
-1053.5015869140625 -218.48802185058594
-1055.5013427734375 -216.80772399902344
-1057.4942626953125 -214.93890380859375
-1059.4852294921875 -216.8503875732422
-1061.415283203125 -215.87408447265625
-1063.4090576171875 -214.71734619140625
-1065.385009765625 -214.03831481933594
-1067.36083984375 -216.01934814453125
-1069.3570556640625 -214.1660614013672
-1071.3428955078125 -216.1644287109375
-1073.3348388671875 -214.6638641357422
-1075.3270263671875 -216.49913024902344
-1077.326171875 -218.46380615234375
-1079.3223876953125 -216.6541748046875
-1080.985595703125 -218.62783813476562
-1082.9840087890625 -216.7135009765625
-1084.885498046875 -218.6096954345703
-1086.8792724609375 -220.58505249023438
-1088.838623046875 -218.5957794189453
-1090.7674560546875 -216.82632446289062
-1092.73388671875 -218.7928009033203
-1094.567138671875 -216.8414306640625
-1096.5478515625 -218.8168487548828
-1098.5296630859375 -217.3917694091797
-1100.5166015625 -215.66033935546875
-1102.481201171875 -217.6135711669922
-1104.4359130859375 -215.653076171875
-1106.375 -217.3112335205078
-1108.3421630859375 -215.31663513183594
-1110.3253173828125 -216.8951416015625
-1112.2333984375 -215.00070190429688
-1114.223876953125 -216.97865295410156
-1116.218017578125 -215.1644287109375
-1118.168212890625 -216.80145263671875
-1119.8885498046875 -218.7649383544922
-1121.8087158203125 -217.152099609375
-1123.7110595703125 -215.26988220214844
-1125.675537109375 -217.06265258789062
-1127.6361083984375 -215.24107360839844
-1129.48046875 -213.45553588867188
-1131.3587646484375 -215.1367645263672
-1133.155029296875 -213.20016479492188
-1135.01025390625 -215.01425170898438
-1135.6083984375 -213.0197296142578
-1137.6025390625 -214.6698455810547
-1139.568115234375 -216.55697631835938
-1141.1385498046875 -214.89312744140625
-1143.1378173828125 -214.35520935058594
-1145.1373291015625 -212.803955078125
-1147.1363525390625 -211.06170654296875
-1148.7498779296875 -212.8494415283203
-1150.3819580078125 -212.63880920410156
-1152.342529296875 -214.4766387939453
-1154.3131103515625 -216.22720336914062
-1156.117431640625 -214.57855224609375
-1158.0120849609375 -216.4620819091797
-1159.9892578125 -214.60360717773438
-1161.9002685546875 -216.4959716796875
-1163.798583984375 -214.95523071289062
-1165.7705078125 -216.87400817871094
-1167.6297607421875 -215.62954711914062
-1169.6212158203125 -217.60986328125
-1171.6156005859375 -215.73501586914062
-1173.40966796875 -217.55209350585938
-1175.2042236328125 -215.5888671875
-1176.194091796875 -217.44395446777344
-1178.145263671875 -215.4627227783203
-1179.30078125 -217.4037628173828
-1181.285400390625 -216.92909240722656
-1182.8409423828125 -215.04739379882812
-1184.8331298828125 -217.0293731689453
-1186.8228759765625 -215.3063507080078
-1188.7957763671875 -217.23333740234375
-1190.7108154296875 -215.25491333007812
-1192.7000732421875 -217.227783203125
-1194.5311279296875 -215.66690063476562
-1196.0679931640625 -216.88555908203125
-1197.98095703125 -215.10516357421875
-1199.9786376953125 -215.2782440185547
-1201.9769287109375 -216.06710815429688
-1203.976318359375 -216.73411560058594
-1205.9761962890625 -217.11410522460938
-1207.97509765625 -215.82571411132812
-1209.9737548828125 -214.99778747558594
-1211.972412109375 -213.86460876464844
-1213.9722900390625 -212.80352783203125
-1215.9713134765625 -210.8998260498047
-1217.9708251953125 -208.9514617919922
-1219.970458984375 -207.0357666015625
-1221.97021484375 -205.11036682128906
-1223.969970703125 -203.1233367919922
-1225.9691162109375 -201.1912078857422
-1227.968994140625 -199.3490447998047
-1229.968994140625 -197.4468536376953
-1231.965576171875 -195.4745330810547
-1233.9637451171875 -193.48309326171875
-1235.9632568359375 -191.4866943359375
-1237.962158203125 -189.48764038085938
-1239.959716796875 -187.4881591796875
-1241.9583740234375 -185.49359130859375
-1243.9580078125 -183.4999542236328
-1245.957763671875 -181.50128173828125
-1247.9569091796875 -179.50576782226562
-1249.9560546875 -177.50758361816406
-1251.77099609375 -175.5485076904297
-1253.7333984375 -173.56809997558594
-1255.7181396484375 -172.08059692382812
-1257.7049560546875 -170.1041717529297
-1256.9945068359375 -168.10743713378906
-1256.183837890625 -166.1475067138672
-1256.4049072265625 -164.1915740966797
-1257.876220703125 -162.205810546875
-1256.962158203125 -160.21241760253906
-1258.0888671875 -158.28298950195312
-1260.039306640625 -156.2920684814453
-1260.52783203125 -154.3019256591797
-1260.1796875 -152.3095245361328
-1259.8658447265625 -150.48638916015625
-1261.7198486328125 -148.7465362548828
-1262.9329833984375 -146.7511749267578
-1263.00146484375 -144.7660369873047
-1263.787841796875 -142.7787322998047
-1263.01025390625 -140.7887725830078
-1264.9920654296875 -138.7902069091797
-1265.0067138671875 -136.8142852783203
-1265.318115234375 -134.81727600097656
-1266.7001953125 -132.82308959960938
-1265.3118896484375 -130.8841552734375
-1266.9444580078125 -128.92091369628906
-1268.6512451171875 -127.15982055664062
-1267.8602294921875 -125.16664123535156
-1267.0576171875 -123.17485809326172
-1267.5989990234375 -121.1968994140625
-1267.9010009765625 -119.20037841796875
-1267.5294189453125 -117.20135498046875
-1266.336669921875 -115.2110366821289
-1264.4107666015625 -113.23102569580078
-1264.2122802734375 -111.23155212402344
-1262.95458984375 -109.33512878417969
-1264.3883056640625 -107.34174346923828
-1262.5072021484375 -105.46515655517578
-1263.6751708984375 -103.47953796386719
-1264.07080078125 -101.47977447509766
-1262.9384765625 -99.53778839111328
-1264.7530517578125 -97.54314422607422
-1265.25927734375 -95.5438461303711
-1263.5584716796875 -93.54542541503906
-1262.3922119140625 -91.55069732666016
-1261.1876220703125 -89.55646514892578
-1259.4521484375 -87.58270263671875
-1259.5064697265625 -85.5926513671875
-1257.846435546875 -83.599609375
-1255.9573974609375 -81.6908187866211
-1254.7158203125 -79.6950912475586
-1253.0048828125 -77.77164459228516
-1251.022216796875 -75.79705047607422
-1249.375 -73.84685516357422
-1247.58203125 -71.87774658203125
-1245.58740234375 -69.97533416748047
-1243.6239013671875 -68.65264129638672
-1241.6671142578125 -66.86113739013672
-1239.704345703125 -65.26762390136719
-1237.7359619140625 -63.32688903808594
-1235.835205078125 -61.33749771118164
-1233.8941650390625 -59.812313079833984
-1232.732666015625 -57.88577651977539
-1230.8194580078125 -55.96323776245117
-1228.97607421875 -53.966407775878906
-1226.97900390625 -51.99610137939453
-1225.0384521484375 -50.0413932800293
-1223.0791015625 -48.12592315673828
-1221.1221923828125 -46.15761184692383
-1219.2440185546875 -44.1661262512207
-1218.0794677734375 -42.20469284057617
-1216.1075439453125 -40.44263458251953
-1214.3043212890625 -38.488460540771484
-1212.314453125 -36.52920913696289
-1210.554443359375 -34.565406799316406
-1208.62890625 -32.568607330322266
-1207.335205078125 -30.570955276489258
-1205.8370361328125 -28.577058792114258
-1204.5423583984375 -26.58602523803711
-1205.0302734375 -24.58743667602539
-1203.39794921875 -22.592308044433594
-1205.115478515625 -20.593774795532227
-1204.9090576171875 -18.59469985961914
