-1036.0439453125 -214.27456665039062
-1038.0439453125 -216.27088928222656
-1040.0439453125 -214.27281188964844
-1042.0439453125 -216.14334106445312
-1044.0438232421875 -218.13632202148438
-1046.0438232421875 -216.1392822265625
-1048.0438232421875 -218.1270294189453
-1050.04345703125 -220.11949157714844
-1051.9918212890625 -218.21864318847656
-1053.9185791015625 -216.2281494140625
-1055.9185791015625 -214.23684692382812
-1057.918212890625 -216.23477172851562
-1059.918212890625 -214.23507690429688
-1061.9173583984375 -216.1437530517578
-1063.917236328125 -214.1515655517578
-1065.9149169921875 -216.14869689941406
-1067.914794921875 -214.15135192871094
-1069.9139404296875 -216.09608459472656
-1071.9139404296875 -214.09613037109375
-1073.91357421875 -216.07827758789062
-1075.913330078125 -218.02247619628906
-1077.9132080078125 -216.04122924804688
-1079.9127197265625 -218.0055694580078
-1081.9124755859375 -219.99440002441406
-1083.9119873046875 -218.0146484375
-1085.9119873046875 -220.0069122314453
-1087.9107666015625 -218.00802612304688
-1089.9080810546875 -219.99395751953125
-1091.907958984375 -217.99574279785156
-1093.9071044921875 -219.9209747314453
-1095.6446533203125 -217.9227752685547
-1097.6380615234375 -215.92652893066406
-1099.6358642578125 -217.8951873779297
-1101.6263427734375 -215.8955535888672
-1103.6134033203125 -217.83526611328125
-1105.5877685546875 -215.83624267578125
-1107.5631103515625 -217.8162384033203
-1109.5264892578125 -215.81700134277344
-1111.5107421875 -213.82540893554688
-1113.510009765625 -215.80545043945312
-1115.088623046875 -213.8079071044922
-1117.078857421875 -215.64093017578125
-1119.07568359375 -217.56686401367188
-1117.3369140625 -215.58143615722656
-1119.3294677734375 -217.5474853515625
-1121.185546875 -215.55308532714844
-1123.1846923828125 -217.4896240234375
-1125.158935546875 -215.49034118652344
-1127.133544921875 -213.49049377441406
-1129.1197509765625 -215.3734130859375
-1131.05615234375 -213.3975067138672
-1133.0438232421875 -215.0803985595703
-1134.959716796875 -213.08175659179688
-1136.9573974609375 -214.27276611328125
-1138.95361328125 -216.10740661621094
-1140.8218994140625 -214.11474609375
-1142.8145751953125 -215.5700225830078
-1144.6044921875 -213.58082580566406
-1146.6043701171875 -213.38368225097656
-1145.13720703125 -215.1540985107422
-1146.0074462890625 -213.1549835205078
-1148.0069580078125 -211.99246215820312
-1149.9332275390625 -213.6619415283203
-1151.6461181640625 -215.03456115722656
-1151.7354736328125 -216.74205017089844
-1153.1551513671875 -214.7421875
-1155.1304931640625 -216.72845458984375
-1156.04541015625 -214.73641967773438
-1158.037109375 -216.43817138671875
-1159.401611328125 -214.438720703125
-1161.354736328125 -215.535400390625
-1162.8900146484375 -217.51206970214844
-1162.518798828125 -215.51226806640625
-1164.0733642578125 -216.20794677734375
-1166.0537109375 -217.15447998046875
-1164.946044921875 -215.1556396484375
-1166.92138671875 -216.49884033203125
-1168.739013671875 -218.45755004882812
-1169.391845703125 -216.457763671875
-1171.370849609375 -218.03826904296875
-1170.4459228515625 -216.0399932861328
-1172.4378662109375 -217.6397247314453
-1173.345458984375 -215.6398162841797
-1175.1761474609375 -216.9576416015625
-1175.6976318359375 -214.957763671875
-1177.6842041015625 -216.38970947265625
-1178.2801513671875 -214.39671325683594
-1180.2701416015625 -212.72573852539062
-1182.1484375 -214.05259704589844
-1184.05126953125 -213.8223419189453
-1185.9248046875 -213.36410522460938
-1187.9061279296875 -215.15892028808594
-1189.8671875 -216.54278564453125
-1191.8310546875 -214.54290771484375
-1193.819091796875 -215.3560791015625
-1195.6932373046875 -217.28402709960938
-1197.3118896484375 -215.28662109375
-1199.1669921875 -217.24273681640625
-1201.1138916015625 -215.24356079101562
-1203.0985107421875 -216.07504272460938
-1205.0966796875 -214.397216796875
-1207.0933837890625 -216.1963348388672
-1209.0870361328125 -217.53103637695312
-1211.0728759765625 -216.80426025390625
-1213.046142578125 -214.81808471679688
-1215.044677734375 -212.84515380859375
-1217.0279541015625 -210.9265899658203
-1218.7564697265625 -208.9693603515625
-1220.450927734375 -207.4644012451172
-1222.352294921875 -205.49899291992188
-1221.4783935546875 -203.51116943359375
-1222.13916015625 -201.65342712402344
-1223.6226806640625 -199.70526123046875
-1225.4984130859375 -197.830078125
-1225.6455078125 -195.90347290039062
-1225.5093994140625 -194.04830932617188
-1226.0799560546875 -192.07754516601562
-1225.8568115234375 -190.08724975585938
-1225.83544921875 -188.1200714111328
-1226.5777587890625 -186.1276092529297
-1228.5399169921875 -184.17811584472656
-1228.7825927734375 -182.18724060058594
-1229.637939453125 -180.1912841796875
-1230.705322265625 -178.20114135742188
-1230.34033203125 -176.43112182617188
-1229.2330322265625 -174.453857421875
-1229.8712158203125 -172.4623260498047
-1229.2374267578125 -170.47523498535156
-1230.855712890625 -168.47825622558594
-1229.4791259765625 -166.48910522460938
-1231.0396728515625 -164.4931182861328
-1230.81005859375 -162.4949493408203
-1229.3763427734375 -160.50790405273438
-1228.9500732421875 -158.51156616210938
-1230.4244384765625 -156.52105712890625
-1228.9266357421875 -154.52511596679688
-1227.41015625 -152.52813720703125
-1225.8212890625 -150.58154296875
-1223.91650390625 -149.09014892578125
-1223.1055908203125 -147.09178161621094
-1224.524658203125 -145.11331176757812
-1223.36669921875 -143.166259765625
-1221.9296875 -141.1912384033203
-1220.5174560546875 -139.20265197753906
-1220.228271484375 -137.2204132080078
-1219.642822265625 -135.22694396972656
-1218.75341796875 -133.5640411376953
-1220.349853515625 -131.61683654785156
-1220.3480224609375 -129.69021606445312
-1218.6278076171875 -127.7018051147461
-1217.1025390625 -126.10639190673828
-1218.5064697265625 -124.19068908691406
-1218.759765625 -122.19709777832031
-1219.3831787109375 -120.24112701416016
-1220.76953125 -118.99462890625
-1218.9373779296875 -117.15467834472656
-1219.786376953125 -115.18946838378906
-1218.937255859375 -113.32737731933594
-1217.1246337890625 -111.79936218261719
-1215.1656494140625 -110.02906036376953
-1215.985107421875 -108.05182647705078
-1217.53564453125 -106.26262664794922
-1218.939453125 -104.45196533203125
-1218.64208984375 -102.83953857421875
-1218.0040283203125 -100.9736328125
-1216.7142333984375 -99.040771484375
-1216.512451171875 -97.07020568847656
-1216.2235107421875 -95.2950439453125
-1215.244140625 -93.31880950927734
-1213.6636962890625 -91.61459350585938
-1214.1260986328125 -89.76106262207031
-1212.8453369140625 -87.87227630615234
-1213.5455322265625 -85.88573455810547
-1214.026611328125 -83.93055725097656
-1215.031494140625 -82.21014404296875
-1215.795654296875 -80.23833465576172
-1213.9964599609375 -78.24873352050781
-1212.179443359375 -76.30485534667969
-1212.163818359375 -74.3123550415039
-1213.1258544921875 -72.32086181640625
-1213.42626953125 -70.33219146728516
-1215.190185546875 -68.46660614013672
-1214.9561767578125 -66.47029113769531
-1213.349609375 -64.8968734741211
-1213.61572265625 -62.950313568115234
-1214.5152587890625 -60.96638870239258
-1214.80224609375 -58.97724151611328
-1213.488037109375 -57.02199172973633
-1211.9720458984375 -55.100921630859375
-1210.958740234375 -53.15312194824219
-1212.4410400390625 -51.27353286743164
-1211.0389404296875 -49.53847122192383
-1212.0338134765625 -47.557979583740234
-1210.94873046875 -45.58770751953125
-1211.764892578125 -44.563961029052734
-1211.388427734375 -42.75178146362305
-1212.21533203125 -40.91486358642578
-1212.255859375 -40.417083740234375
-1213.500244140625 -38.99772644042969
-1214.8663330078125 -37.07923126220703
-1213.72998046875 -36.110618591308594
-1212.072509765625 -34.95012283325195
-1212.48681640625 -33.15130615234375
-1213.0277099609375 -32.0758056640625
-1214.4410400390625 -30.895862579345703
-1215.0439453125 -30.41645622253418
-1216.490966796875 -28.476839065551758
-1215.711181640625 -26.60764503479004
-1213.9227294921875 -25.083572387695312
-1214.418701171875 -23.777177810668945
-1212.9432373046875 -22.4737606048584
-1211.6614990234375 -20.683712005615234
-1212.1231689453125 -19.664112091064453
-1211.587646484375 -17.716833114624023
-1210.53271484375 -15.933903694152832
-1208.851806640625 -14.88534164428711
-1209.7381591796875 -15.34680461883545
-1211.3826904296875 -14.927608489990234
-1209.7408447265625 -13.157905578613281
-1209.069091796875 -13.705817222595215
-1208.490966796875 -13.660059928894043
-1209.08203125 -13.136920928955078
-1210.0137939453125 -12.178901672363281
-1211.401123046875 -11.98119068145752
-1213.3782958984375 -11.26161003112793
-1212.562744140625 -9.332897186279297
-1211.0540771484375 -7.8757405281066895
-1212.544921875 -6.258212089538574
-1211.2767333984375 -4.30662727355957
-1212.908447265625 -2.4870893955230713
-1211.165283203125 -1.1810452938079834
-1209.3267822265625 0.4671173393726349
