-1036.0419921875 -214.27325439453125
-1037.9381103515625 -215.8951416015625
-1039.9376220703125 -213.8952178955078
-1039.5958251953125 -214.59890747070312
-1040.3607177734375 -214.79385375976562
-1040.94140625 -215.10488891601562
-1042.7012939453125 -214.65371704101562
-1044.0433349609375 -214.3929901123047
-1046.0040283203125 -215.8046417236328
-1047.9295654296875 -217.12071228027344
-1049.4248046875 -218.4560546875
-1051.3902587890625 -219.95709228515625
-1049.404296875 -217.9571075439453
-1051.3985595703125 -219.5362091064453
-1049.484130859375 -217.5362548828125
-1051.32421875 -215.9366912841797
-1052.8187255859375 -216.91616821289062
-1054.70556640625 -214.9161834716797
-1056.558837890625 -215.1288299560547
-1058.50927734375 -216.62278747558594
-1060.501708984375 -214.62278747558594
-1062.148681640625 -216.18849182128906
-1063.3228759765625 -214.18849182128906
-1061.5947265625 -212.9661865234375
-1063.58740234375 -212.09605407714844
-1061.7772216796875 -211.008056640625
-1063.7725830078125 -209.7422332763672
-1061.7742919921875 -208.17137145996094
-1063.774169921875 -206.30364990234375
-1061.7744140625 -204.3038787841797
-1063.774169921875 -202.3064422607422
-1061.7742919921875 -200.31285095214844
-1063.774169921875 -198.31692504882812
-1061.7742919921875 -196.3177032470703
-1063.7742919921875 -194.31893920898438
-1065.774169921875 -192.3211669921875
-1063.7806396484375 -190.32427978515625
-1065.7806396484375 -188.35107421875
-1064.1302490234375 -186.35125732421875
-1066.1297607421875 -184.99093627929688
-1064.2811279296875 -185.80477905273438
-1066.281005859375 -184.05770874023438
-1064.3765869140625 -184.7936553955078
-1066.3765869140625 -183.92816162109375
-1064.42138671875 -182.4930419921875
-1062.42138671875 -180.51837158203125
-1064.4210205078125 -178.5729217529297
-1062.4300537109375 -176.66847229003906
-1064.4300537109375 -174.7257537841797
-1062.435546875 -172.823486328125
-1064.4354248046875 -170.82516479492188
-1062.5272216796875 -168.88084411621094
-1064.444580078125 -168.16290283203125
-1062.444580078125 -166.16514587402344
-1064.4443359375 -164.22108459472656
-1062.4503173828125 -162.22361755371094
-1064.44482421875 -160.23556518554688
-1066.44482421875 -158.2382049560547
-1068.139404296875 -156.23826599121094
-1070.1319580078125 -154.23846435546875
-1072.130859375 -152.23931884765625
-1074.123291015625 -150.23988342285156
-1072.5833740234375 -150.89488220214844
-1074.5826416015625 -149.251220703125
-1073.1531982421875 -150.8092041015625
-1075.153076171875 -150.13275146484375
-1073.3148193359375 -150.65396118164062
-1075.3148193359375 -148.7900390625
-1073.3280029296875 -149.65553283691406
-1075.3280029296875 -147.77142333984375
-1073.3350830078125 -146.37477111816406
-1075.3326416015625 -146.24166870117188
-1073.3330078125 -144.33526611328125
-1075.3326416015625 -142.8141632080078
-1073.332763671875 -140.81637573242188
-1075.3323974609375 -138.89675903320312
-1073.3338623046875 -136.91490173339844
-1075.333740234375 -134.93971252441406
-1073.3406982421875 -132.9586944580078
-1075.3406982421875 -130.98876953125
-1073.34326171875 -129.00076293945312
-1075.34326171875 -127.07537841796875
-1073.3448486328125 -125.07820892333984
-1075.3448486328125 -123.09717559814453
-1073.3526611328125 -121.24480438232422
-1075.3526611328125 -119.24562072753906
-1073.6519775390625 -117.60892486572266
-1075.6519775390625 -115.61505126953125
-1074.1802978515625 -113.61817169189453
-1075.5299072265625 -111.61864471435547
-1077.52880859375 -109.61914825439453
-1079.5001220703125 -110.61211395263672
-1081.499267578125 -108.61214447021484
-1083.419677734375 -110.5577621459961
-1085.411865234375 -108.5641098022461
-1087.26904296875 -109.1556625366211
-1089.1551513671875 -110.71863555908203
-1091.1541748046875 -108.71894836425781
-1093.151123046875 -110.47216033935547
-1094.9822998046875 -108.47233581542969
-1096.95849609375 -106.47816467285156
-1098.95849609375 -105.01405334472656
-1097.200439453125 -105.50043487548828
-1099.2003173828125 -103.68295288085938
-1097.2259521484375 -102.4454574584961
-1099.225830078125 -100.54217529296875
-1097.2271728515625 -99.53838348388672
-1099.2271728515625 -97.54647827148438
-1097.228515625 -96.1249771118164
-1099.228515625 -94.1382064819336
-1097.23291015625 -92.14054107666016
-1099.23291015625 -90.15104675292969
-1097.24072265625 -88.18513488769531
-1099.24072265625 -86.22230529785156
-1097.245361328125 -84.23027801513672
-1099.2449951171875 -82.23553466796875
-1097.2877197265625 -80.28189086914062
-1099.2877197265625 -78.39089965820312
-1097.6434326171875 -76.4358901977539
-1099.6434326171875 -74.46404266357422
-1097.717529296875 -72.70063781738281
-1099.0484619140625 -70.80016326904297
-1100.427734375 -72.70195007324219
-1098.4735107421875 -70.7191390991211
-1097.3975830078125 -70.92408752441406
-1096.0426025390625 -70.07693481445312
-1098.0426025390625 -68.2596664428711
-1096.3165283203125 -66.80776977539062
-1097.568359375 -65.07113647460938
-1098.229736328125 -63.758670806884766
-1099.2581787109375 -61.843482971191406
-1101.050048828125 -60.04367446899414
-1099.0789794921875 -61.001949310302734
-1097.2322998046875 -60.000648498535156
-1097.3765869140625 -58.917335510253906
-1096.3701171875 -58.59361267089844
-1097.3895263671875 -57.45831298828125
-1099.1788330078125 -56.18459701538086
-1099.22265625 -55.05055236816406
-1100.1512451171875 -54.417259216308594
-1101.2679443359375 -52.513824462890625
-1099.5072021484375 -53.3893928527832
-1101.3411865234375 -51.42215347290039
-1103.302001953125 -49.53070831298828
-1105.301513671875 -47.532073974609375
-1107.163818359375 -49.474449157714844
-1109.163818359375 -47.517032623291016
-1110.97119140625 -48.47159957885742
-1112.97119140625 -46.51094436645508
-1114.7418212890625 -48.50265121459961
-1116.7412109375 -46.50603103637695
-1118.669677734375 -48.055145263671875
-1120.66015625 -49.420223236083984
-1122.65771484375 -47.42072296142578
-1123.99560546875 -48.11449432373047
-1125.9952392578125 -46.11765670776367
-1125.435546875 -47.38775634765625
-1127.4100341796875 -47.4377326965332
-1128.1807861328125 -48.48252868652344
-1130.176025390625 -46.48323059082031
-1131.9007568359375 -48.310977935791016
-1133.8919677734375 -46.31556701660156
-1135.197509765625 -47.78443145751953
-1137.1385498046875 -45.78508377075195
-1138.4669189453125 -47.58631134033203
-1140.4197998046875 -45.587398529052734
-1139.397216796875 -47.21970748901367
-1141.3709716796875 -45.22117614746094
-1140.9913330078125 -46.889068603515625
-1142.6951904296875 -47.45716857910156
-1144.660400390625 -45.45789337158203
-1143.6685791015625 -46.58525466918945
-1144.1165771484375 -48.14626693725586
-1145.1510009765625 -46.1488151550293
-1146.9141845703125 -47.561866760253906
-1148.8150634765625 -45.59587097167969
-1149.3792724609375 -47.08521270751953
-1151.225830078125 -45.09171676635742
-1153.143798828125 -46.22904586791992
-1155.1343994140625 -44.7295036315918
-1157.1343994140625 -42.95934295654297
-1155.147216796875 -40.99129104614258
-1157.146728515625 -39.00633239746094
-1155.214111328125 -37.114280700683594
-1157.214111328125 -35.13492965698242
-1155.9295654296875 -33.23632049560547
-1157.9295654296875 -31.494510650634766
-1155.9317626953125 -29.662729263305664
-1156.5018310546875 -27.697980880737305
-1155.282470703125 -25.717906951904297
-1157.28125 -25.716453552246094
-1155.97802734375 -23.72064208984375
-1156.009521484375 -21.748289108276367
-1157.95654296875 -19.78659439086914
-1155.9625244140625 -18.998485565185547
-1157.96240234375 -17.9036865234375
