-780.2376708984375 -225.57176208496094
-782.2369384765625 -225.9027557373047
-784.2286376953125 -226.34573364257812
-786.2280883789062 -226.3467559814453
-788.214111328125 -227.1372833251953
-787.8092041015625 -225.13766479492188
-789.8082885742188 -225.93797302246094
-791.8074951171875 -224.59397888183594
-793.7608642578125 -222.60609436035156
-795.7595825195312 -220.7135467529297
-797.7067260742188 -220.92881774902344
-799.6893920898438 -220.9701385498047
-800.337890625 -222.43209838867188
-802.3336791992188 -224.3575439453125
-804.3248901367188 -224.5523681640625
-806.3230590820312 -224.2960968017578
-808.3125610351562 -222.78582763671875
-810.19140625 -223.5771484375
-812.04638671875 -223.6875457763672
-814.03759765625 -225.62350463867188
-816.0225219726562 -226.22714233398438
-818.0121459960938 -227.8971405029297
-817.4873657226562 -225.89715576171875
-819.4546508789062 -227.2073974609375
-821.4489135742188 -228.8273162841797
-819.9166870117188 -226.82998657226562
-821.9049072265625 -228.71299743652344
-820.7196655273438 -226.71360778808594
-822.7069091796875 -226.34454345703125
-824.7046508789062 -226.3203582763672
-826.667236328125 -224.73753356933594
-828.6663208007812 -225.6795654296875
-830.6541748046875 -223.7408447265625
-832.4911499023438 -225.68276977539062
-832.9796752929688 -223.6829376220703
-834.977294921875 -225.38262939453125
-833.38525390625 -223.38262939453125
-835.3563842773438 -225.23509216308594
-836.6514892578125 -223.23516845703125
-838.515869140625 -221.51492309570312
-840.5109252929688 -221.89405822753906
-842.5000610351562 -223.63319396972656
-844.142578125 -222.66653442382812
-845.9812622070312 -224.09982299804688
-847.9667358398438 -222.67579650878906
-849.9657592773438 -223.575439453125
-851.2459106445312 -224.34320068359375
-853.2447509765625 -225.89524841308594
-851.9256591796875 -223.89547729492188
-853.8092041015625 -222.45774841308594
-855.1113891601562 -221.1383819580078
-857.1016845703125 -222.12550354003906
-859.0533447265625 -223.4082489013672
-861.0084228515625 -223.95176696777344
-862.8580322265625 -225.37771606445312
-864.7291259765625 -223.77859497070312
-865.6343383789062 -222.86892700195312
-867.5924072265625 -221.94590759277344
-869.4996337890625 -222.42449951171875
-870.2527465820312 -224.3463134765625
-872.2476196289062 -224.1781005859375
-874.0249633789062 -225.1227264404297
-875.2700805664062 -224.81710815429688
-876.9295654296875 -226.26239013671875
-874.9563598632812 -224.26402282714844
-876.0543823242188 -223.0448760986328
-878.048095703125 -224.95419311523438
-879.4727172851562 -226.67396545410156
-877.9733276367188 -224.6756591796875
-879.073974609375 -223.93260192871094
-880.896484375 -225.78225708007812
-882.8807373046875 -227.26113891601562
-881.380615234375 -225.2624969482422
-883.2893676757812 -224.90719604492188
-885.2877807617188 -226.75376892089844
-883.2960205078125 -224.80812072753906
-885.1958618164062 -224.818115234375
-887.0204467773438 -226.7053985595703
-885.20458984375 -224.70635986328125
-887.1426391601562 -226.00099182128906
-889.1423950195312 -227.19593811035156
-887.1853637695312 -225.19635009765625
-888.8948364257812 -225.7214813232422
-890.8919677734375 -226.59519958496094
-888.8932495117188 -224.59532165527344
-890.8836059570312 -223.70474243164062
-892.84912109375 -225.4361114501953
-894.2329711914062 -224.34042358398438
-895.9324340820312 -223.57484436035156
-896.9254760742188 -222.88818359375
-897.5662841796875 -223.93801879882812
-899.5270385742188 -225.7229461669922
-901.5217895507812 -224.91622924804688
-903.0184936523438 -226.83599853515625
-904.8602294921875 -225.49061584472656
-906.6072387695312 -223.59764099121094
-907.4463500976562 -225.592041015625
-909.3875732421875 -224.96148681640625
-911.0300903320312 -224.7633056640625
-911.0737915039062 -225.7578582763672
-912.4210815429688 -223.7672882080078
-914.2066040039062 -224.0461883544922
-915.7439575195312 -225.65525817871094
-917.520263671875 -224.83946228027344
-919.1547241210938 -226.5965118408203
-920.7002563476562 -227.5454559326172
-918.9718017578125 -225.54830932617188
-920.6174926757812 -225.06869506835938
-922.5426025390625 -226.9156494140625
-924.5362548828125 -228.8809814453125
-922.7713012695312 -226.8827667236328
-924.5479736328125 -228.1148223876953
-922.9612426757812 -226.1182861328125
-924.3935546875 -225.29928588867188
-926.3738403320312 -227.1454315185547
-928.2193603515625 -229.0913848876953
-929.36279296875 -227.2523193359375
-931.3609008789062 -228.59454345703125
-930.1403198242188 -226.5947265625
-930.3458251953125 -224.7644805908203
-932.3390502929688 -226.60580444335938
-934.3363647460938 -225.5543975830078
-936.261962890625 -225.75234985351562
-938.1890869140625 -223.87525939941406
-940.1888427734375 -221.91580200195312
-942.1819458007812 -221.73388671875
-944.181884765625 -219.7403564453125
-946.1807250976562 -217.74278259277344
-948.180419921875 -215.74285888671875
-950.1760864257812 -213.74290466308594
-948.1796875 -211.78933715820312
-950.1793823242188 -209.7895050048828
-948.1796264648438 -207.79335021972656
-950.1766967773438 -205.7935028076172
-948.1780395507812 -203.794921875
-950.1484985351562 -201.80294799804688
-948.1488037109375 -199.80335998535156
-950.112060546875 -197.80361938476562
-948.1193237304688 -195.8042449951172
-946.1200561523438 -193.8043975830078
-948.0814208984375 -191.80491638183594
-946.0814819335938 -189.80960083007812
-948.0606689453125 -187.8098602294922
-946.0606689453125 -185.81015014648438
-947.5869140625 -183.81016540527344
-945.5921630859375 -181.8125762939453
-946.9912109375 -179.8128204345703
-944.9917602539062 -177.81307983398438
-946.849365234375 -175.83029174804688
-944.849609375 -173.83067321777344
-946.8447265625 -171.8311767578125
-944.8448486328125 -169.83145141601562
-946.84326171875 -167.83938598632812
-944.8438110351562 -165.8396453857422
-946.7247314453125 -163.83966064453125
-944.72509765625 -161.8415985107422
-946.7233276367188 -159.84381103515625
-944.7241821289062 -157.8460693359375
-946.7235717773438 -155.84681701660156
-944.7236328125 -153.84829711914062
-946.6676025390625 -151.84860229492188
-944.6676635742188 -149.85885620117188
-946.6674194335938 -147.85885620117188
-944.66748046875 -145.86111450195312
-946.6604614257812 -143.86265563964844
-944.6612548828125 -141.864013671875
-946.5550537109375 -139.86407470703125
-944.55517578125 -137.8646240234375
-946.3825073242188 -135.86465454101562
-944.3834838867188 -133.8649139404297
-946.3607788085938 -131.864990234375
-944.361572265625 -129.8670654296875
-946.3533325195312 -127.8678207397461
-944.3554077148438 -125.8680419921875
-946.3046875 -123.8686294555664
-944.3047485351562 -121.86968994140625
-946.3046264648438 -119.871826171875
-944.3109130859375 -117.88898468017578
-946.18701171875 -115.89258575439453
-944.1943969726562 -113.90216064453125
-946.1375122070312 -111.90526580810547
-944.1400756835938 -109.94371795654297
-946.1331176757812 -107.94657135009766
-944.1368408203125 -106.4367904663086
-946.0701293945312 -104.44561004638672
-944.0702514648438 -102.455810546875
-946.025146484375 -100.46485137939453
-948.0240478515625 -98.47087097167969
-946.0241088867188 -96.47248840332031
-948.003662109375 -94.47415161132812
-946.00537109375 -92.56292724609375
-947.7485961914062 -90.56311798095703
-945.753173828125 -88.80313110351562
-947.7111206054688 -86.8425064086914
-945.7130737304688 -84.85123443603516
-947.6572875976562 -82.87528228759766
-945.6607055664062 -80.98075866699219
-947.6444702148438 -79.03620910644531
-945.6453247070312 -77.088623046875
-947.5501098632812 -75.24534606933594
-949.5406494140625 -77.1864013671875
-947.5407104492188 -76.68000793457031
-945.5431518554688 -74.77757263183594
-947.537353515625 -72.80516815185547
-949.5218505859375 -72.46659088134766
-951.4766235351562 -70.55745697021484
-952.3795166015625 -70.42469787597656
-954.3635864257812 -72.19339752197266
-952.3641357421875 -70.20984649658203
-953.3068237304688 -71.09371185302734
-951.314453125 -70.07022857666016
-953.3041381835938 -69.65144348144531
-955.2865600585938 -69.29497528076172
-953.2876586914062 -67.32227325439453
-953.9923706054688 -67.09780883789062
-955.8084106445312 -65.2802963256836
-957.2392578125 -64.4425048828125
-959.1940307617188 -65.08808898925781
-957.2747192382812 -63.088829040527344
-956.9076538085938 -63.771480560302734
-958.1689453125 -65.75982666015625
-956.4613037109375 -63.91075134277344
-958.4572143554688 -65.26077270507812
-957.1150512695312 -67.17732238769531
-955.1197509765625 -65.35166931152344
-956.8878173828125 -63.99072265625
-957.3268432617188 -64.12706756591797
-959.3223266601562 -62.62528610229492
-959.7682495117188 -64.44136810302734
-957.7715454101562 -64.87798309326172
-959.6824951171875 -63.25557327270508
-961.091796875 -65.1827392578125
-959.094482421875 -63.194461822509766
-960.9800415039062 -64.42203521728516
-959.1640625 -63.828521728515625
-960.9949340820312 -63.50758361816406
-959.0368041992188 -61.53733444213867
-960.3641967773438 -62.9577751159668
-962.289306640625 -63.92955780029297
-960.3448486328125 -61.9524040222168
-961.177001953125 -63.52617263793945
-959.2003173828125 -61.52669906616211
-961.1221313476562 -62.592620849609375
-962.2398071289062 -62.02352523803711
-964.1629028320312 -61.07172775268555
-966.0714721679688 -62.699737548828125
-964.5767211914062 -60.70048904418945
-966.5512084960938 -61.208961486816406
-965.0181884765625 -59.2110710144043
-967.0071411132812 -60.952117919921875
-965.3838500976562 -58.95882797241211
-967.3811645507812 -58.76299285888672
-969.3784790039062 -60.41744613647461
-969.6521606445312 -58.420650482177734
-968.040771484375 -56.434452056884766
-970.0210571289062 -54.56015396118164
-972.0210571289062 -52.6341552734375
-974.0094604492188 -50.75315475463867
-976.0018920898438 -49.15864944458008
-977.6134643554688 -47.54021072387695
-975.859130859375 -45.569427490234375
-977.8418579101562 -43.75707244873047
-975.9164428710938 -41.84288787841797
-977.9146118164062 -39.84562301635742
