-780.8826293945312 -225.65634155273438
-782.8821411132812 -227.65615844726562
-784.8709716796875 -225.79205322265625
-786.8709106445312 -227.7919464111328
-788.8639526367188 -226.1649932861328
-790.7709350585938 -228.16099548339844
-792.7705078125 -226.19166564941406
-794.7645874023438 -228.19146728515625
-796.7626953125 -226.66290283203125
-798.76171875 -228.66265869140625
-800.7578735351562 -226.6953582763672
-802.7568359375 -228.68115234375
-804.7560424804688 -226.69342041015625
-806.7554321289062 -228.69308471679688
-808.73974609375 -226.69664001464844
-810.7337036132812 -228.68704223632812
-812.7197875976562 -226.71139526367188
-814.6289672851562 -228.70327758789062
-816.5982055664062 -227.0957794189453
-818.59521484375 -229.07418823242188
-820.57470703125 -227.10508728027344
-822.5740966796875 -229.1048126220703
-824.5733032226562 -227.15968322753906
-826.5698852539062 -229.15733337402344
-828.5606689453125 -227.2349395751953
-830.5185546875 -225.2668914794922
-832.5173950195312 -227.18019104003906
-834.5108642578125 -225.29757690429688
-836.5011596679688 -223.32595825195312
-838.490966796875 -225.32467651367188
-840.4782104492188 -223.3580322265625
-842.475341796875 -225.34999084472656
-844.451171875 -223.3963623046875
-846.3674926757812 -225.3887176513672
-848.3652954101562 -223.6269989013672
-850.3627319335938 -225.6110382080078
-852.3590698242188 -223.65501403808594
-854.3576049804688 -225.64697265625
-856.3346557617188 -223.7689971923828
-858.3284301757812 -225.74363708496094
-860.220947265625 -223.75718688964844
-862.0916748046875 -225.64639282226562
-863.9553833007812 -227.6129913330078
-865.9188232421875 -225.9398193359375
-867.8958129882812 -227.93060302734375
-869.88623046875 -225.98158264160156
-871.8755493164062 -227.97528076171875
-873.6303100585938 -226.44708251953125
-875.6065063476562 -224.66696166992188
-877.5946655273438 -226.64163208007812
-879.5848388671875 -224.67872619628906
-881.32568359375 -226.54324340820312
-882.90625 -225.4564666748047
-884.8912963867188 -227.4273681640625
-886.88427734375 -225.50198364257812
-888.8833618164062 -227.49575805664062
-890.8751831054688 -225.7464141845703
-892.7967529296875 -223.8287811279297
-893.2063598632812 -225.57127380371094
-895.0675659179688 -227.48533630371094
-897.0586547851562 -225.67091369628906
-898.8841552734375 -226.51454162597656
-900.4829711914062 -228.40371704101562
-902.466064453125 -226.92884826660156
-904.4286499023438 -227.99302673339844
-906.4278564453125 -228.1243438720703
-908.3851928710938 -227.97848510742188
-910.3104858398438 -226.13743591308594
-912.2644653320312 -227.92971801757812
-913.13525390625 -226.19244384765625
-915.0723266601562 -227.87997436523438
-916.864013671875 -227.2050323486328
-917.4315185546875 -229.13182067871094
-918.738037109375 -227.44720458984375
-920.721435546875 -225.96429443359375
-922.2208251953125 -227.83169555664062
-924.2166748046875 -226.6897735595703
-925.9334716796875 -227.4619140625
-927.930419921875 -226.9229736328125
-929.4819946289062 -225.07177734375
-931.3674926757812 -225.14637756347656
-933.3636474609375 -223.3701934814453
-935.3627319335938 -221.68251037597656
-937.3602905273438 -221.5093536376953
-939.359130859375 -220.42303466796875
-941.3590087890625 -218.54388427734375
-943.3589477539062 -216.78233337402344
-945.3589477539062 -214.80099487304688
-947.35498046875 -212.80691528320312
-949.35498046875 -210.80857849121094
-947.3674926757812 -208.81039428710938
-949.3673706054688 -207.1786651611328
-947.379638671875 -205.17904663085938
-949.3795776367188 -203.18113708496094
-947.3815307617188 -201.1827850341797
-949.380615234375 -199.28778076171875
-948.10986328125 -197.2925567626953
-946.1752319335938 -195.3142852783203
-948.1751098632812 -193.3251953125
-946.2076416015625 -191.3688201904297
-948.20751953125 -189.3989715576172
-946.309814453125 -187.39938354492188
-948.309326171875 -186.3166046142578
-947.5817260742188 -184.31680297851562
-945.5939331054688 -182.3191375732422
-947.5927124023438 -180.32406616210938
-945.9767456054688 -178.3648223876953
-947.9766235351562 -176.36810302734375
-946.0242919921875 -174.3683624267578
-948.024169921875 -172.38140869140625
-946.2819213867188 -170.384765625
-948.2816772460938 -168.406494140625
-946.30810546875 -166.40663146972656
-948.3079833984375 -164.4242706298828
-946.3746948242188 -162.44076538085938
-948.3746337890625 -160.616455078125
-946.6421508789062 -158.6292266845703
-945.4393310546875 -156.6299591064453
-947.4391479492188 -154.73614501953125
-945.5021362304688 -152.7361602783203
-947.5021362304688 -150.74021911621094
-945.5419921875 -148.74032592773438
-947.5418701171875 -146.77749633789062
-946.0045166015625 -144.77825927734375
-948.003662109375 -142.8029022216797
-946.0204467773438 -140.80308532714844
-948.0198974609375 -138.8271484375
-946.796142578125 -136.82754516601562
-947.0934448242188 -134.82769775390625
-945.2757568359375 -132.85061645507812
-947.2757568359375 -130.91261291503906
-946.3202514648438 -128.91453552246094
-948.3201904296875 -127.47537994384766
-947.81640625 -125.47576141357422
-945.8260498046875 -123.47720336914062
-947.8260498046875 -121.52922821044922
-945.8633422851562 -119.52957153320312
-944.482421875 -117.53205108642578
-946.4823608398438 -115.544189453125
-944.5621337890625 -113.54419708251953
-946.56201171875 -112.51388549804688
-945.3870239257812 -110.5159683227539
-947.3867797851562 -108.5350341796875
-946.7838745117188 -106.53504943847656
-947.7061767578125 -104.53519439697266
-949.595703125 -102.53520202636719
-951.588134765625 -100.53520202636719
-950.1788940429688 -98.5454330444336
-948.5327758789062 -96.54544067382812
-946.569091796875 -94.5457763671875
-948.569091796875 -92.83904266357422
-948.9423217773438 -90.83905792236328
-949.5567626953125 -88.83927917480469
-948.285888671875 -86.83928680419922
-948.41552734375 -84.83937072753906
-948.6185302734375 -82.83939361572266
-947.3809814453125 -80.83940887451172
-948.5064697265625 -78.83948516845703
-948.8199462890625 -76.83949279785156
-947.3472900390625 -74.83950805664062
-949.3472290039062 -76.79742431640625
-948.2113647460938 -74.79743194580078
-950.2113037109375 -76.44456481933594
-951.91357421875 -74.44457244873047
-951.0821533203125 -72.44458770751953
-951.2566528320312 -70.44459533691406
-953.25341796875 -72.38973236083984
-951.4326782226562 -70.38980102539062
-953.43212890625 -72.03672790527344
-951.4786376953125 -70.0372085571289
-953.4777221679688 -71.36579895019531
-953.9788208007812 -69.36592102050781
-955.9780883789062 -71.27069091796875
-954.2640991210938 -69.27117156982422
-952.8394165039062 -67.27123260498047
-954.8348999023438 -68.91908264160156
-953.8726196289062 -66.92332458496094
-955.8722534179688 -68.84149169921875
-954.2048950195312 -66.84153747558594
-956.2047729492188 -68.64558410644531
-956.035888671875 -66.6456069946289
-958.0350952148438 -68.6288070678711
-957.614501953125 -66.6292495727539
-959.0452880859375 -64.62943267822266
-961.033447265625 -66.62356567382812
-959.9127197265625 -64.62374877929688
-961.88037109375 -62.62376022338867
-963.8801879882812 -64.58223724365234
-965.6556396484375 -62.583255767822266
-967.6340942382812 -60.58348846435547
-969.6338500976562 -58.58355712890625
-971.6337890625 -56.583580017089844
-973.6337890625 -54.5836067199707
-975.6337890625 -52.58361053466797
-977.63330078125 -51.70305252075195
-975.7045288085938 -49.70334243774414
-977.7041625976562 -50.03713607788086
-975.8042602539062 -48.03996276855469
-977.778564453125 -48.264251708984375
-976.100830078125 -46.26456069946289
-978.0990600585938 -45.38017654418945
-979.5156860351562 -43.38072204589844
-979.4581909179688 -41.41199493408203
-979.4137573242188 -39.417747497558594
