-780.8851318359375 -225.57208251953125
-782.8848266601562 -227.56895446777344
-784.8773193359375 -225.70425415039062
-786.877197265625 -227.3025665283203
-788.8699951171875 -225.30484008789062
-790.8619384765625 -227.30458068847656
-792.8598022460938 -229.2852325439453
-794.8577270507812 -227.2866973876953
-796.8546142578125 -229.28616333007812
-798.8397216796875 -227.39816284179688
-800.8356323242188 -229.3927459716797
-802.82958984375 -227.3993682861328
-804.8289794921875 -229.39675903320312
-806.7515869140625 -227.52813720703125
-808.7484130859375 -229.47874450683594
-810.7138061523438 -227.48316955566406
-812.6845092773438 -225.48353576660156
-814.6836547851562 -227.48069763183594
-816.6810913085938 -225.50466918945312
-818.6797485351562 -227.50265502929688
-820.4882202148438 -225.50987243652344
-822.4876708984375 -227.5079345703125
-824.4841918945312 -225.56251525878906
-826.4840087890625 -227.55126953125
-828.4707641601562 -225.5658416748047
-830.4705200195312 -227.4095916748047
-832.4627685546875 -225.73056030273438
-834.3421630859375 -224.1874542236328
-836.3418579101562 -224.54408264160156
-838.2969970703125 -222.62432861328125
-840.2960815429688 -224.6172637939453
-842.290283203125 -226.61126708984375
-844.2744140625 -224.69029235839844
-846.2515258789062 -226.66128540039062
-848.2042846679688 -224.81228637695312
-850.20361328125 -226.77438354492188
-852.2025146484375 -225.32029724121094
-854.050537109375 -223.3283233642578
-856.0374755859375 -225.27023315429688
-858.0285034179688 -224.32948303222656
-860.0092163085938 -224.79342651367188
-861.9901733398438 -226.52980041503906
-863.9696044921875 -224.53683471679688
-865.9287719726562 -225.5766143798828
-867.9000244140625 -226.91978454589844
-869.8494873046875 -224.98809814453125
-871.8482666015625 -226.6375732421875
-873.10986328125 -224.67218017578125
-875.107177734375 -226.07235717773438
-877.1051635742188 -227.4097442626953
-878.843017578125 -225.46197509765625
-880.8416748046875 -227.39828491210938
-882.8130493164062 -225.50938415527344
-884.7734985351562 -225.4174041748047
-886.6871337890625 -227.36111450195312
-888.3740844726562 -225.46482849121094
-890.3681030273438 -227.24195861816406
-892.2763671875 -225.25047302246094
-893.6253662109375 -226.13668823242188
-895.356689453125 -224.18963623046875
-897.159423828125 -225.74038696289062
-898.9178466796875 -227.13804626464844
-900.8634643554688 -227.98716735839844
-902.4935302734375 -226.0888214111328
-904.1876220703125 -227.02142333984375
-906.149658203125 -228.8660888671875
-907.9935913085938 -226.898193359375
-909.8944702148438 -227.56646728515625
-911.7903442382812 -226.48565673828125
-913.6785888671875 -227.92153930664062
-913.2261352539062 -225.92221069335938
-915.206787109375 -227.35806274414062
-915.8865356445312 -225.38516235351562
-917.6178588867188 -226.66098022460938
-919.6065063476562 -228.5214385986328
-921.4083251953125 -226.5804901123047
-923.3943481445312 -227.882080078125
-923.267578125 -226.73785400390625
-925.1778564453125 -227.0413360595703
-927.1617431640625 -226.231689453125
-929.0988159179688 -227.4400177001953
-931.0022583007812 -227.38116455078125
-932.998291015625 -225.51904296875
-934.9937133789062 -223.74920654296875
-936.9679565429688 -222.04580688476562
-938.95751953125 -221.22589111328125
-940.9356689453125 -220.0039825439453
-942.9345092773438 -219.05517578125
-944.9259643554688 -217.3702850341797
-946.9224853515625 -215.67625427246094
-948.857421875 -215.08877563476562
-950.8551635742188 -213.5216522216797
-950.40966796875 -211.52212524414062
-948.4483642578125 -209.52932739257812
-950.4473266601562 -208.36753845214844
-948.4762573242188 -206.37339782714844
-950.4752807617188 -204.4155731201172
-948.763671875 -202.41763305664062
-947.0690307617188 -200.4178466796875
-949.0493774414062 -198.63465881347656
-947.2957763671875 -196.63473510742188
-949.281494140625 -195.42953491210938
-948.8195190429688 -193.42959594726562
-949.4765014648438 -191.42996215820312
-947.7369995117188 -189.4300537109375
-945.8875732421875 -187.43382263183594
-947.8851928710938 -187.76681518554688
-947.4497680664062 -185.768310546875
-947.6325073242188 -183.7689208984375
-945.7496337890625 -181.79708862304688
-947.7493896484375 -180.15049743652344
-946.2972412109375 -178.15151977539062
-948.2901611328125 -176.16383361816406
-949.1893920898438 -174.16404724121094
-947.4174194335938 -172.1640625
-947.828125 -170.16419982910156
-946.55029296875 -168.16421508789062
-947.4071044921875 -166.16424560546875
-947.0250854492188 -164.16519165039062
-946.3671875 -162.16519165039062
-948.3518676757812 -160.36737060546875
-948.3641357421875 -158.36753845214844
-948.7523193359375 -156.3678436279297
-947.4212036132812 -154.3680419921875
-946.7591552734375 -152.36805725097656
-945.9580078125 -150.3680877685547
-947.955078125 -148.6953125
-946.7461547851562 -146.69537353515625
-947.9296875 -144.6959991455078
-948.6845703125 -142.6960906982422
-950.173828125 -140.69638061523438
-949.5070190429688 -138.69644165039062
-950.779541015625 -136.69651794433594
-951.8677978515625 -134.6982421875
-950.3871459960938 -132.69935607910156
-951.0702514648438 -130.70022583007812
-950.5521850585938 -128.70138549804688
-951.1380004882812 -126.70460510253906
-950.5415649414062 -124.70506286621094
-948.620361328125 -122.70535278320312
-950.5346069335938 -120.71051788330078
-950.0079956054688 -118.71083068847656
-950.1831665039062 -116.71151733398438
-950.3587646484375 -114.71268463134766
-950.0055541992188 -112.71287536621094
-948.1817626953125 -110.7156982421875
-948.002197265625 -108.71647644042969
-948.8388671875 -106.729248046875
-950.5140991210938 -104.72955322265625
-951.6239624023438 -102.73371887207031
-951.1259155273438 -100.74020385742188
-950.9022216796875 -98.75574493408203
-951.111083984375 -96.75589752197266
-951.024658203125 -94.7573471069336
-951.565185546875 -92.76028442382812
-952.1730346679688 -90.76068115234375
-950.9979858398438 -88.76215362548828
-952.4386596679688 -86.7767105102539
-953.880615234375 -84.79175567626953
-953.131103515625 -82.80101776123047
-952.2881469726562 -80.8212661743164
-951.0405883789062 -78.83665466308594
-949.82177734375 -77.10860443115234
-951.6248779296875 -75.15586853027344
-952.3248901367188 -73.15662384033203
-952.714599609375 -71.19965362548828
-954.5307006835938 -69.23155212402344
-954.8964233398438 -67.23267364501953
-956.8403930664062 -65.92159271240234
-958.66943359375 -63.97330856323242
-959.8506469726562 -62.33971405029297
-961.3247680664062 -63.019657135009766
-962.7783203125 -61.35777282714844
-964.3878173828125 -60.09678268432617
-965.6688842773438 -58.36653137207031
-967.578369140625 -58.23417282104492
-969.559326171875 -59.0200309753418
-971.0873413085938 -57.042518615722656
-972.5623779296875 -55.082027435302734
-974.5343627929688 -53.101898193359375
-976.3396606445312 -51.17808151245117
-977.8872680664062 -49.43989181518555
-977.2071533203125 -47.520198822021484
-978.0775146484375 -45.52103805541992
-977.8045043945312 -43.59244155883789
-976.0989379882812 -41.605831146240234
-978.0189819335938 -39.73346710205078
