-780.88623046875 -225.58770751953125
-782.8853759765625 -227.57630920410156
-784.8847045898438 -225.5796661376953
-786.8845825195312 -226.509765625
-788.884521484375 -228.482421875
-790.884521484375 -226.48489379882812
-792.8212280273438 -228.4256134033203
-794.8209838867188 -226.4263153076172
-796.802001953125 -228.4199981689453
-798.7992553710938 -226.43893432617188
-800.794189453125 -228.43092346191406
-802.7899780273438 -226.43324279785156
-804.7854614257812 -228.42149353027344
-806.6219482421875 -230.42112731933594
-808.6138305664062 -228.46551513671875
-810.6011962890625 -226.79258728027344
-812.183349609375 -228.78794860839844
-814.1830444335938 -226.84519958496094
-816.1410522460938 -228.84471130371094
-818.1409912109375 -226.90452575683594
-820.1329956054688 -228.60511779785156
-822.1314697265625 -226.67796325683594
-824.118896484375 -228.67112731933594
-826.113525390625 -226.6728515625
-828.0984497070312 -228.57350158691406
-830.0972900390625 -226.58349609375
-832.0970458984375 -224.59814453125
-834.0963745117188 -223.8753204345703
-836.0960693359375 -222.62379455566406
-837.9952392578125 -224.42498779296875
-839.0991821289062 -226.28067016601562
-841.097900390625 -224.2816162109375
-843.0404052734375 -226.2688446044922
-845.0394897460938 -224.28138732910156
-846.953857421875 -226.2764892578125
-848.9510498046875 -224.28933715820312
-850.94287109375 -226.2841796875
-852.9403686523438 -224.28627014160156
-854.8192749023438 -226.28416442871094
-856.8192138671875 -224.2879180908203
-858.67041015625 -226.24745178222656
-860.6668701171875 -224.26614379882812
-860.0355224609375 -226.18447875976562
-862.035400390625 -224.1848907470703
-863.2947387695312 -226.18301391601562
-865.2943725585938 -224.2119598388672
-866.883544921875 -226.01182556152344
-868.4197998046875 -226.544921875
-870.4189453125 -224.5459442138672
-872.3216552734375 -226.49661254882812
-874.3201293945312 -224.508544921875
-876.1901245117188 -225.7842559814453
-878.1231079101562 -227.51962280273438
-880.1222534179688 -225.5594940185547
-881.6636962890625 -227.554443359375
-883.5604858398438 -225.5959014892578
-885.5093383789062 -225.93016052246094
-887.2608642578125 -226.39784240722656
-889.26025390625 -224.44581604003906
-891.259521484375 -224.75921630859375
-893.2573852539062 -224.75851440429688
-893.87646484375 -226.25442504882812
-895.8754272460938 -224.27003479003906
-894.9910888671875 -226.10012817382812
-896.6239013671875 -227.92111206054688
-898.6204833984375 -225.92572021484375
-899.7308349609375 -227.4346160888672
-901.7222900390625 -225.43673706054688
-903.3313598632812 -226.78834533691406
-905.1002197265625 -228.6343536376953
-907.0042724609375 -226.63648986816406
-908.6390991210938 -228.6063232421875
-910.6301879882812 -226.61708068847656
-911.8157958984375 -228.3552703857422
-913.8154296875 -226.35971069335938
-915.5211181640625 -228.2968292236328
-917.518310546875 -226.2996063232422
-919.3009643554688 -228.22149658203125
-921.28955078125 -226.22409057617188
-922.9932861328125 -228.19773864746094
-924.9931030273438 -226.1992645263672
-926.9329833984375 -226.05673217773438
-928.9307250976562 -225.4788818359375
-930.9299926757812 -223.53024291992188
-932.9295654296875 -221.89520263671875
-934.9295043945312 -220.0878448486328
-936.9263305664062 -218.118408203125
-938.925537109375 -216.11843872070312
-940.9254760742188 -214.11866760253906
-942.9253540039062 -212.11871337890625
-944.92529296875 -210.11874389648438
-946.9246826171875 -208.1316375732422
-948.9246826171875 -206.13194274902344
-950.9244384765625 -204.13204956054688
-948.9815673828125 -202.13504028320312
-947.1796875 -200.13658142089844
-949.1796264648438 -198.1365966796875
-947.1848754882812 -196.1370086669922
-949.1848754882812 -194.13702392578125
-947.1978759765625 -192.13848876953125
-949.1978149414062 -190.13848876953125
-947.2202758789062 -188.1415557861328
-945.2241821289062 -186.1417694091797
-947.220947265625 -184.14178466796875
-945.2329711914062 -182.1429443359375
-947.23291015625 -180.1429443359375
-945.2357788085938 -178.14309692382812
-947.2354125976562 -176.14309692382812
-945.2471313476562 -174.1484375
-947.2468872070312 -172.1484375
-945.3202514648438 -170.14939880371094
-947.3194580078125 -168.14939880371094
-945.695068359375 -166.1505584716797
-947.6942749023438 -164.1505584716797
-945.761962890625 -162.15367126464844
-947.7619018554688 -160.1536865234375
-945.7718505859375 -158.15399169921875
-947.7716064453125 -156.15399169921875
-945.7847290039062 -154.15489196777344
-947.7846069335938 -152.1549072265625
-945.9638671875 -150.15701293945312
-947.9638061523438 -148.15701293945312
-945.9667358398438 -146.15785217285156
-947.9638061523438 -144.15785217285156
-946.278076171875 -142.16622924804688
-948.277587890625 -140.16622924804688
-946.3172607421875 -138.16690063476562
-948.3156127929688 -136.16690063476562
-946.4359130859375 -134.16981506347656
-944.4466552734375 -132.17047119140625
-946.4463500976562 -130.17047119140625
-944.4920654296875 -128.18093872070312
-946.4915161132812 -126.18093872070312
-944.9238891601562 -124.18203735351562
-946.9228515625 -122.18203735351562
-945.1011352539062 -120.18251037597656
-947.1010131835938 -118.18251037597656
-945.6408081054688 -116.18385314941406
-947.6405639648438 -114.18385314941406
-945.7222290039062 -112.18452453613281
-947.7221069335938 -110.18456268310547
-945.8421630859375 -108.1851577758789
-943.967529296875 -106.19181060791016
-945.9674682617188 -104.19181060791016
-944.1192016601562 -102.19248962402344
-946.1182250976562 -100.19249725341797
-948.1182250976562 -98.19249725341797
-946.1541748046875 -96.19259643554688
-948.154052734375 -94.1926040649414
-946.1776733398438 -92.19268035888672
-948.1771850585938 -90.19271087646484
-946.7091674804688 -88.19379425048828
-948.7088623046875 -86.19379425048828
-946.789794921875 -84.20333862304688
-944.8204956054688 -82.2077407836914
-946.8204345703125 -80.2077865600586
-945.0659790039062 -78.20780944824219
-947.06591796875 -76.20780944824219
-949.044921875 -74.2414779663086
-950.9276733398438 -72.24369049072266
-952.8770141601562 -70.28414154052734
-953.3660278320312 -68.30298614501953
-955.2855834960938 -66.41287231445312
-956.9185180664062 -64.42483520507812
-957.1893310546875 -64.27333068847656
-956.7003173828125 -62.3202018737793
-957.4295043945312 -61.36439514160156
-957.8540649414062 -59.55029296875
-957.7119140625 -61.33974075317383
-959.3309936523438 -59.52480697631836
-961.2215576171875 -59.872222900390625
-962.177490234375 -58.76476287841797
-964.1380004882812 -56.86521911621094
-966.1051635742188 -56.63190841674805
-968.0287475585938 -54.69668960571289
-970.0285034179688 -52.72883605957031
-972.0281982421875 -50.73549270629883
-974.02783203125 -48.73590850830078
-976.0277099609375 -46.738037109375
-978.0270385742188 -44.738243103027344
-978.3349609375 -42.75016403198242
-977.1220703125 -40.7781867980957
