-780.86328125 -225.57199096679688
-782.4193725585938 -227.56015014648438
-784.41650390625 -225.56307983398438
-785.9974365234375 -227.5306854248047
-787.9774169921875 -225.53077697753906
-789.7969970703125 -227.52557373046875
-791.6370239257812 -229.50657653808594
-793.3936157226562 -227.51699829101562
-794.9071044921875 -229.51669311523438
-796.905029296875 -227.517822265625
-798.3948364257812 -229.51612854003906
-800.39111328125 -227.5161895751953
-802.3882446289062 -229.50387573242188
-804.3862915039062 -227.50401306152344
-806.38232421875 -227.62841796875
-807.9092407226562 -229.56399536132812
-809.59619140625 -227.56460571289062
-811.5746459960938 -225.56813049316406
-813.0558471679688 -227.53997802734375
-814.7803955078125 -225.5400848388672
-816.6209106445312 -227.34967041015625
-818.3146362304688 -229.3225860595703
-820.3107299804688 -227.32476806640625
-822.035400390625 -229.28829956054688
-824.0335693359375 -227.28851318359375
-826.0263061523438 -229.28407287597656
-827.8028564453125 -227.28587341308594
-829.7952270507812 -225.28785705566406
-831.7918090820312 -227.2861785888672
-833.79052734375 -225.2862548828125
-835.7675170898438 -223.28646850585938
-836.7976684570312 -225.28575134277344
-838.7943115234375 -223.28579711914062
-840.7787475585938 -225.25466918945312
-842.7755737304688 -223.25563049316406
-844.6481323242188 -225.14268493652344
-846.646728515625 -223.1436309814453
-848.6312866210938 -222.50917053222656
-850.6199340820312 -224.46820068359375
-852.53173828125 -226.18020629882812
-854.2758178710938 -224.18093872070312
-856.2725830078125 -226.1703643798828
-858.2713623046875 -224.1737060546875
-859.9616088867188 -226.0912628173828
-861.9609985351562 -224.09487915039062
-863.8049926757812 -226.0780029296875
-865.8036499023438 -224.078369140625
-867.7911376953125 -225.45321655273438
-869.6746215820312 -227.4405059814453
-871.5865478515625 -225.44056701660156
-873.574462890625 -227.4302215576172
-875.5706787109375 -225.43258666992188
-877.50244140625 -227.17251586914062
-879.4931030273438 -225.1730499267578
-881.4239501953125 -227.0927276611328
-883.4231567382812 -225.09664916992188
-885.2785034179688 -226.56732177734375
-887.2628173828125 -224.5688018798828
-889.2611694335938 -226.04856872558594
-891.2606201171875 -224.04991149902344
-893.2589721679688 -224.53883361816406
-893.3954467773438 -226.53311157226562
-895.3937377929688 -224.53518676757812
-896.3283081054688 -226.42919921875
-898.2820434570312 -227.9399871826172
-900.2704467773438 -225.94056701660156
-901.6779174804688 -227.67422485351562
-903.6551513671875 -225.67431640625
-905.4559936523438 -227.6387939453125
-907.4532470703125 -225.6388702392578
-909.4342651367188 -227.25379943847656
-911.4290161132812 -225.25440979003906
-913.3837280273438 -227.19210815429688
-914.8388671875 -229.02525329589844
-916.8372802734375 -227.05404663085938
-918.83251953125 -227.16598510742188
-919.6732177734375 -228.68338012695312
-921.672119140625 -226.68357849121094
-923.5819091796875 -228.28536987304688
-925.553955078125 -226.28536987304688
-927.5431518554688 -225.09371948242188
-929.54248046875 -223.16481018066406
-931.5416870117188 -221.92941284179688
-933.5372924804688 -219.9307861328125
-935.5327758789062 -217.93972778320312
-937.5327758789062 -215.93984985351562
-939.53271484375 -213.93984985351562
-941.53271484375 -211.93997192382812
-943.53271484375 -209.9400177001953
-945.5325927734375 -207.940185546875
-947.5325927734375 -205.94021606445312
-949.532470703125 -203.94024658203125
-947.6616821289062 -202.10731506347656
-949.6616821289062 -200.10731506347656
-947.740234375 -198.119140625
-949.740234375 -196.11917114257812
-949.4613037109375 -194.12347412109375
-947.48388671875 -192.13613891601562
-945.547607421875 -190.14625549316406
-947.547607421875 -188.14642333984375
-946.2175903320312 -186.1470947265625
-948.2175903320312 -184.14710998535156
-946.222900390625 -182.166259765625
-948.222900390625 -180.166259765625
-947.6124267578125 -178.1734161376953
-945.860107421875 -176.17848205566406
-947.860107421875 -174.17849731445312
-946.0381469726562 -172.18182373046875
-948.0380859375 -170.1818389892578
-947.2608642578125 -168.1865692138672
-949.0693359375 -166.187255859375
-947.8627319335938 -164.18775939941406
-946.7139892578125 -162.1884307861328
-944.7723388671875 -160.18853759765625
-946.772216796875 -158.1885528564453
-945.4315185546875 -156.1885986328125
-947.4315185546875 -154.18861389160156
-947.6373291015625 -152.18890380859375
-947.6113891601562 -150.19271850585938
-948.5165405273438 -148.19871520996094
-946.6017456054688 -146.20169067382812
-945.7005615234375 -144.2026824951172
-947.7003173828125 -142.20272827148438
-946.4580078125 -140.2078399658203
-948.4579467773438 -138.20860290527344
-949.2626953125 -136.20912170410156
-950.369384765625 -134.2106475830078
-948.6761474609375 -132.21173095703125
-947.7153930664062 -130.21482849121094
-945.783203125 -128.21786499023438
-947.783203125 -126.21790313720703
-949.5953979492188 -124.21809387207031
-947.776611328125 -122.26923370361328
-946.3563232421875 -120.3084945678711
-945.109619140625 -118.31129455566406
-947.1095581054688 -116.31147766113281
-947.3584594726562 -114.31211853027344
-947.7367553710938 -112.32720947265625
-948.6802978515625 -110.32820129394531
-950.4509887695312 -108.32844543457031
-952.4366455078125 -106.33113098144531
-953.85791015625 -104.3311767578125
-955.6319580078125 -102.33457946777344
-957.6095581054688 -100.34222412109375
-957.8911743164062 -98.37832641601562
-956.995361328125 -96.38335418701172
-957.5217895507812 -94.38970184326172
-956.912841796875 -92.41806030273438
-955.7538452148438 -90.42076873779297
-957.4741821289062 -88.4377212524414
-957.2503662109375 -86.44625091552734
-957.8475952148438 -84.4503402709961
-957.9171752929688 -82.47633361816406
-957.8797607421875 -80.48443603515625
-959.7408447265625 -78.48899841308594
-960.13134765625 -76.55447387695312
-961.5799560546875 -74.63731384277344
-963.4708862304688 -73.24594116210938
-961.6339111328125 -73.80906677246094
-963.5546264648438 -71.8659896850586
-962.55810546875 -69.90455627441406
-963.5274658203125 -67.90867614746094
-965.3352661132812 -65.92797088623047
-967.2899780273438 -63.97265625
-969.2879638671875 -61.9730224609375
-971.2763671875 -59.97496795654297
-973.2763671875 -57.975040435791016
-975.2763061523438 -55.97504806518555
-977.2763061523438 -53.97504806518555
-979.2762451171875 -51.97505187988281
-979.49853515625 -49.987247467041016
-981.2354736328125 -48.03860855102539
-980.8480224609375 -46.04604721069336
-979.4515991210938 -44.05156707763672
-979.3024291992188 -42.12197494506836
-979.7796020507812 -43.996158599853516
-979.9898071289062 -42.08526611328125
-979.6061401367188 -40.1591911315918
-977.7744750976562 -38.800086975097656
