-780.7069091796875 -225.65191650390625
-782.521728515625 -227.60743713378906
-784.4990844726562 -225.6133575439453
-786.4201049804688 -227.55970764160156
-788.3797607421875 -225.84706115722656
-790.2974853515625 -227.8438720703125
-792.2822265625 -225.8975067138672
-793.86767578125 -227.87603759765625
-795.319091796875 -229.86717224121094
-796.5029907226562 -227.88626098632812
-798.463623046875 -229.80499267578125
-800.4464721679688 -228.28912353515625
-801.627197265625 -226.2985382080078
-803.1727905273438 -228.21945190429688
-805.0979614257812 -229.79412841796875
-805.9157104492188 -227.8341827392578
-807.8473510742188 -229.81968688964844
-809.0313720703125 -227.85047912597656
-810.6672973632812 -226.00502014160156
-812.2251586914062 -228.00315856933594
-814.1931762695312 -226.04550170898438
-815.5442504882812 -227.95278930664062
-817.0347290039062 -225.96493530273438
-818.7791748046875 -227.94432067871094
-820.4735717773438 -226.03030395507812
-822.443115234375 -227.9837646484375
-824.4180297851562 -226.7097625732422
-826.4065551757812 -228.58950805664062
-828.37255859375 -226.60743713378906
-830.1854248046875 -228.5504608154297
-831.1144409179688 -226.63479614257812
-832.9960327148438 -224.71575927734375
-834.815185546875 -223.11624145507812
-836.8034057617188 -223.80938720703125
-836.8583984375 -225.6792755126953
-838.6735229492188 -224.11036682128906
-840.4652099609375 -226.08221435546875
-842.4280395507812 -224.15943908691406
-844.3853759765625 -224.90309143066406
-846.199462890625 -223.01040649414062
-848.04296875 -224.83486938476562
-849.6121826171875 -226.09165954589844
-849.0885620117188 -224.1320343017578
-850.5370483398438 -223.69554138183594
-852.4132690429688 -224.06796264648438
-853.5953369140625 -225.2033233642578
-855.5315551757812 -223.22828674316406
-857.38671875 -223.253173828125
-859.2779541015625 -224.8015594482422
-861.0392456054688 -226.02944946289062
-862.884521484375 -224.05296325683594
-864.41796875 -225.16822814941406
-866.2061157226562 -226.1605224609375
-866.0922241210938 -224.24313354492188
-867.0094604492188 -226.11297607421875
-868.903076171875 -227.08551025390625
-869.0400390625 -225.09878540039062
-868.3916625976562 -227.03195190429688
-870.1734619140625 -225.45559692382812
-872.1011352539062 -226.28880310058594
-873.77294921875 -224.39871215820312
-874.5343627929688 -225.05650329589844
-875.9141235351562 -226.0988006591797
-877.1929931640625 -227.6084442138672
-878.9503784179688 -225.83944702148438
-880.7623901367188 -226.0071563720703
-882.6831665039062 -226.62184143066406
-884.5515747070312 -224.9205780029297
-886.3953247070312 -225.57595825195312
-888.0071411132812 -224.53457641601562
-889.9139404296875 -224.8826141357422
-891.8704223632812 -225.47496032714844
-893.84814453125 -223.48643493652344
-893.45068359375 -224.21795654296875
-894.0194702148438 -225.36016845703125
-895.7180786132812 -227.16836547851562
-897.3558959960938 -225.599609375
-896.8917846679688 -227.2924041748047
-898.2096557617188 -225.30674743652344
-899.277587890625 -227.01722717285156
-900.2509765625 -228.73634338378906
-902.0350952148438 -226.75650024414062
-900.6048583984375 -228.51449584960938
-901.9380493164062 -226.576416015625
-903.6707153320312 -226.62335205078125
-905.2476196289062 -228.338623046875
-905.7918090820312 -226.35067749023438
-905.7557983398438 -227.92652893066406
-907.4569702148438 -226.16644287109375
-909.1544189453125 -226.81710815429688
-910.8295288085938 -228.4681396484375
-912.5492553710938 -226.9228973388672
-913.291259765625 -226.46612548828125
-914.7207641601562 -227.892578125
-913.20947265625 -226.01817321777344
-914.9588623046875 -226.50950622558594
-916.7254028320312 -227.4571533203125
-918.3490600585938 -225.48703002929688
-919.256103515625 -227.4676055908203
-919.41015625 -225.4688262939453
-921.1869506835938 -226.86585998535156
-921.5509033203125 -228.36566162109375
-923.42333984375 -226.75047302246094
-924.0721435546875 -225.3107147216797
-925.9436645507812 -224.03248596191406
-927.819091796875 -222.6046905517578
-929.3760375976562 -222.51759338378906
-931.3316040039062 -221.32798767089844
-933.2612915039062 -221.81947326660156
-935.2496948242188 -220.49893188476562
-937.2071533203125 -218.5136260986328
-939.0842895507812 -216.5293426513672
-941.0801391601562 -214.66917419433594
-943.041259765625 -212.67205810546875
-944.9724731445312 -210.86959838867188
-946.9691772460938 -209.1865692138672
-948.9682006835938 -207.186767578125
-950.9612426757812 -205.1881866455078
-949.0438842773438 -203.22731018066406
-947.705078125 -201.2276153564453
-949.6997680664062 -199.28294372558594
-947.7857666015625 -197.28472900390625
-949.78515625 -195.28509521484375
-948.2446899414062 -193.28936767578125
-949.5924682617188 -191.2927703857422
-948.8690185546875 -189.3027801513672
-948.5125732421875 -187.30645751953125
-947.921875 -185.30670166015625
-946.4961547851562 -183.3072509765625
-948.4947509765625 -181.31057739257812
-949.9864501953125 -179.311279296875
-949.6812744140625 -177.31614685058594
-947.9818725585938 -175.31695556640625
-947.111572265625 -173.31765747070312
-945.815673828125 -171.31973266601562
-947.810791015625 -169.3201446533203
-946.3841552734375 -167.32061767578125
-948.3836059570312 -165.32144165039062
-948.4981689453125 -163.32200622558594
-947.0049438476562 -161.32211303710938
-947.8226318359375 -159.32286071777344
-949.5321655273438 -157.32302856445312
-949.2758178710938 -155.32374572753906
-947.9888916015625 -153.32473754882812
-947.8380126953125 -151.3248748779297
-947.3526000976562 -149.32501220703125
-948.7469482421875 -147.3310089111328
-949.401611328125 -145.33152770996094
-949.9127807617188 -143.33319091796875
-949.1118774414062 -141.34902954101562
-949.6992797851562 -139.35162353515625
-949.2431030273438 -137.3520965576172
-950.6268310546875 -135.35421752929688
-950.87451171875 -133.3656005859375
-950.2672119140625 -131.36749267578125
-949.0444946289062 -129.36773681640625
-948.8970947265625 -127.367919921875
-950.807861328125 -125.3715591430664
-949.4322509765625 -123.37248992919922
-949.2227783203125 -121.3730697631836
-951.1251831054688 -119.37382507324219
-951.9292602539062 -117.37433624267578
-950.3546752929688 -115.375
-950.0321655273438 -113.37773132324219
-951.0985107421875 -111.38309478759766
-952.3348999023438 -109.38389587402344
-952.38916015625 -107.38884735107422
-953.7518310546875 -105.39981079101562
-954.9254760742188 -103.40019989013672
-955.56640625 -101.40034484863281
-954.3775024414062 -99.40049743652344
-954.4984741210938 -97.40383911132812
-953.718505859375 -95.4040298461914
-955.4910278320312 -93.4115982055664
-957.306884765625 -91.41744232177734
-957.21435546875 -89.41746520996094
-958.9462890625 -87.41761016845703
-959.6082153320312 -85.41763305664062
-958.0713500976562 -83.41773223876953
-956.3699340820312 -81.4177474975586
-955.2403564453125 -79.41801452636719
-956.6217651367188 -77.4208755493164
-956.885009765625 -75.42366790771484
-956.0985717773438 -73.42411804199219
-957.1981201171875 -71.4241714477539
-958.737548828125 -69.42440032958984
-959.2556762695312 -67.42472076416016
-960.9557495117188 -65.42504119873047
-959.5841064453125 -63.42507553100586
-960.8147583007812 -61.432525634765625
-962.0866088867188 -59.454715728759766
-963.5226440429688 -57.458160400390625
-964.418212890625 -55.52891159057617
-966.3135375976562 -53.68831253051758
-968.3067626953125 -51.706295013427734
-970.2808837890625 -49.710819244384766
-972.2778930664062 -47.71159744262695
-974.2300415039062 -45.711631774902344
-975.9673461914062 -43.71238708496094
-977.8071899414062 -41.714378356933594
-978.89111328125 -39.72021484375
