-780.8829345703125 -225.57373046875
-782.8828125 -227.53468322753906
-784.874267578125 -225.54257202148438
-786.8740234375 -226.8137969970703
-788.7990112304688 -224.81417846679688
-790.767333984375 -226.79685974121094
-792.7378540039062 -228.44097900390625
-793.9381103515625 -226.44171142578125
-795.9334716796875 -228.383056640625
-797.804443359375 -226.38357543945312
-799.8041381835938 -228.37753295898438
-801.6727905273438 -226.3826446533203
-803.6524047851562 -228.33868408203125
-805.6520385742188 -230.20680236816406
-807.3245849609375 -228.2073516845703
-809.0270385742188 -226.20738220214844
-811.0241088867188 -228.0272216796875
-812.8532104492188 -226.02743530273438
-814.8522338867188 -228.00013732910156
-816.1832275390625 -226.0352020263672
-818.1336669921875 -227.93309020996094
-819.1646728515625 -225.9357147216797
-821.1478881835938 -227.902587890625
-822.4317626953125 -225.90325927734375
-824.3801879882812 -227.89254760742188
-826.341064453125 -225.90878295898438
-828.3399047851562 -227.87167358398438
-828.3707275390625 -225.88059997558594
-830.3701171875 -227.8720703125
-832.2265014648438 -225.87232971191406
-831.9990844726562 -223.8734130859375
-833.9990844726562 -223.3660888671875
-835.9990844726562 -224.5918426513672
-834.9024658203125 -222.6085205078125
-836.9024658203125 -221.07200622558594
-838.8468627929688 -222.9592742919922
-840.7996826171875 -224.7718505859375
-842.796875 -226.63619995117188
-843.9755859375 -224.63658142089844
-845.9739990234375 -226.4824676513672
-846.3881225585938 -224.48373413085938
-848.3857421875 -226.26797485351562
-849.9172973632812 -224.26866149902344
-851.8871459960938 -224.1636962890625
-853.730224609375 -226.04151916503906
-854.8960571289062 -224.04232788085938
-856.8958740234375 -225.9613800048828
-857.5980224609375 -223.9614715576172
-859.458984375 -225.93727111816406
-861.173583984375 -223.93743896484375
-863.0939331054688 -225.87648010253906
-865.0546264648438 -227.41371154785156
-863.6199340820312 -225.4142303466797
-865.4981689453125 -227.33009338378906
-866.880859375 -225.3302001953125
-868.82666015625 -227.19581604003906
-868.0698852539062 -225.19650268554688
-870.0690307617188 -227.16455078125
-870.9393920898438 -225.16549682617188
-872.9133911132812 -227.09829711914062
-873.9375610351562 -225.10169982910156
-875.9255981445312 -226.80526733398438
-877.5803833007812 -224.80712890625
-879.4198608398438 -226.79286193847656
-879.197265625 -224.79310607910156
-881.1780395507812 -226.72409057617188
-880.165283203125 -224.72491455078125
-882.1641845703125 -226.32862854003906
-884.1309814453125 -228.2747344970703
-885.1011962890625 -226.27513122558594
-887.087158203125 -228.1962890625
-887.9520263671875 -226.19705200195312
-888.227783203125 -224.19752502441406
-890.2025146484375 -226.04283142089844
-891.1658325195312 -224.0487518310547
-893.1649169921875 -224.49366760253906
-893.8460693359375 -224.162353515625
-894.5493774414062 -225.62803649902344
-896.52197265625 -224.5128631591797
-898.4601440429688 -226.4080810546875
-900.4541625976562 -228.31695556640625
-900.5267333984375 -226.3324737548828
-902.4605712890625 -228.3085174560547
-903.986083984375 -226.30894470214844
-905.98046875 -228.16549682617188
-906.72509765625 -226.16990661621094
-908.666259765625 -227.81504821777344
-907.3150024414062 -225.81541442871094
-909.3072509765625 -227.40524291992188
-909.4873657226562 -225.4065399169922
-911.4404907226562 -227.10975646972656
-913.3235473632812 -228.89907836914062
-911.5204467773438 -226.9000244140625
-913.4896240234375 -228.5374298095703
-914.5869750976562 -226.53759765625
-916.5751342773438 -225.97218322753906
-918.5242919921875 -226.12889099121094
-920.3788452148438 -227.9991455078125
-920.832763671875 -225.999267578125
-922.5364379882812 -226.95553588867188
-924.5247192382812 -228.15667724609375
-924.1666259765625 -226.16481018066406
-926.1633911132812 -224.69049072265625
-928.1629028320312 -223.43612670898438
-930.160888671875 -221.6090087890625
-932.1608276367188 -219.6645965576172
-934.1607666015625 -217.94325256347656
-936.1604614257812 -216.06671142578125
-938.160400390625 -214.0865020751953
-940.1597290039062 -212.12020874023438
-942.1591796875 -210.12384033203125
-944.1587524414062 -208.1767578125
-946.1368408203125 -206.2145233154297
-948.1176147460938 -204.2496337890625
-950.1173706054688 -202.29965209960938
-948.1192626953125 -200.30026245117188
-950.1181030273438 -198.33535766601562
-948.120361328125 -196.33554077148438
-946.13134765625 -194.33631896972656
-948.1307983398438 -192.33944702148438
-946.13671875 -190.33963012695312
-948.1353149414062 -188.36048889160156
-946.13623046875 -186.3607177734375
-948.1328735351562 -184.40463256835938
-946.135498046875 -182.4048309326172
-948.1328125 -180.43472290039062
-946.1373901367188 -178.43475341796875
-948.1371459960938 -176.43798828125
-946.1751708984375 -174.4385528564453
-948.1638793945312 -172.45709228515625
-946.1942138671875 -170.45721435546875
-948.1932983398438 -168.4642333984375
-946.2213134765625 -166.46444702148438
-948.2211303710938 -164.51840209960938
-946.2340087890625 -162.51846313476562
-948.2293090820312 -160.56243896484375
-947.095458984375 -158.56260681152344
-945.23779296875 -156.56985473632812
-947.236572265625 -154.7778778076172
-945.29833984375 -152.77796936035156
-947.2936401367188 -150.85104370117188
-945.3802490234375 -148.8515625
-947.3799438476562 -146.8628387451172
-945.4116821289062 -144.86306762695312
-947.4113159179688 -142.9366455078125
-945.4669189453125 -140.9367218017578
-947.4642333984375 -139.6588592529297
-945.5646362304688 -137.65902709960938
-947.563232421875 -135.6870880126953
-945.7515869140625 -133.69210815429688
-947.7471313476562 -131.75042724609375
-946.3812255859375 -129.75515747070312
-945.1655883789062 -127.75536346435547
-947.1533813476562 -125.80464172363281
-945.1755981445312 -123.80789184570312
-947.1751098632812 -121.84503936767578
-945.3233032226562 -119.84577178955078
-947.32275390625 -117.98633575439453
-945.7434692382812 -115.99077606201172
-944.0982055664062 -113.99131774902344
-946.09716796875 -112.2970199584961
-944.9254150390625 -110.2974624633789
-946.9253540039062 -108.4962158203125
-944.9869995117188 -106.49715423583984
-946.9846801757812 -104.65149688720703
-946.0654907226562 -102.65190887451172
-948.0645751953125 -101.18536376953125
-947.0689086914062 -99.18595886230469
-945.3584594726562 -97.1860580444336
-947.3577880859375 -97.356689453125
-947.1857299804688 -95.3593978881836
-945.3695068359375 -93.35985565185547
-947.3690795898438 -91.59342193603516
-945.4594116210938 -89.59384155273438
-947.4579467773438 -88.32339477539062
-947.0706176757812 -86.32640075683594
-946.843017578125 -84.32687377929688
-948.2017822265625 -82.33216857910156
-946.4754028320312 -80.3326644897461
-948.4745483398438 -79.58600616455078
-949.4020385742188 -77.58663940429688
-949.9446411132812 -75.58673858642578
-950.80419921875 -73.59176635742188
-949.5054321289062 -71.59198760986328
-951.2688598632812 -70.90094757080078
-952.9124145507812 -72.46526336669922
-950.9505615234375 -70.46585083007812
-952.8624877929688 -69.90589904785156
-954.5570678710938 -68.13410949707031
-955.248291015625 -69.11691284179688
-953.3690795898438 -67.12064361572266
-953.971435546875 -65.71044158935547
-955.0159301757812 -65.3002700805664
-956.8372192382812 -66.26199340820312
-956.6801147460938 -66.61106872558594
-957.9293212890625 -66.724853515625
-956.1492919921875 -64.72787475585938
-957.83984375 -66.04415893554688
-956.1460571289062 -64.04423522949219
-955.3399047851562 -65.69957733154297
-955.6415405273438 -64.35204315185547
-957.2452392578125 -64.87300872802734
-958.4140625 -66.47344207763672
-956.6630249023438 -64.47718811035156
-955.3941040039062 -64.99315643310547
-955.9207763671875 -64.78187561035156
-957.1167602539062 -63.19708251953125
-957.0616455078125 -62.527130126953125
-958.8798217773438 -62.20927810668945
-960.64453125 -61.19979476928711
-959.4675903320312 -60.872501373291016
-959.3896484375 -62.69680404663086
-961.2317504882812 -61.07765579223633
-959.3619995117188 -60.549293518066406
-958.4716186523438 -59.28233337402344
-957.837890625 -59.491241455078125
-959.5346069335938 -60.99869155883789
-957.7079467773438 -62.00840759277344
-959.192626953125 -63.661521911621094
-959.5862426757812 -65.10315704345703
-958.1468505859375 -63.104618072509766
-958.2763671875 -62.6195182800293
-959.792236328125 -63.03606033325195
-961.1807250976562 -64.38668060302734
-959.314208984375 -62.3878173828125
-959.189208984375 -62.71565628051758
-958.64306640625 -62.505245208740234
-959.4981079101562 -62.4322395324707
-961.3938598632812 -62.968711853027344
-961.2915649414062 -61.2541389465332
-961.4174194335938 -62.30207061767578
-963.15771484375 -63.42454147338867
-961.1626586914062 -61.424686431884766
-963.0961303710938 -61.31769943237305
-964.7714233398438 -61.109657287597656
-962.8292846679688 -59.12248229980469
-962.60400390625 -58.77320861816406
-964.4254150390625 -59.01115417480469
-966.161865234375 -59.155677795410156
-968.133056640625 -60.27444839477539
-966.3157958984375 -58.2889404296875
-968.0729370117188 -57.16676712036133
-970.02294921875 -56.57783126831055
-972.0225830078125 -54.68779373168945
-973.9327392578125 -52.87820053100586
-975.8660888671875 -51.06681823730469
-976.6656494140625 -49.984825134277344
-978.614013671875 -48.80546951293945
-976.6351928710938 -46.806854248046875
-978.6018676757812 -45.06529235839844
-976.6604614257812 -43.06534194946289
-978.1272583007812 -42.326416015625
-976.13427734375 -40.3378791809082
