-942.7202758789062 -324.43450927734375
-944.4152221679688 -322.435302734375
-942.8884887695312 -320.4604187011719
-944.8158569335938 -318.4613342285156
-946.6746826171875 -316.4616394042969
-947.0745239257812 -314.463134765625
-946.8444213867188 -312.4632873535156
-947.6358032226562 -310.4635314941406
-949.6226196289062 -308.465087890625
-947.6561279296875 -306.46600341796875
-948.4478149414062 -304.47064208984375
-946.462890625 -302.4717102050781
-948.0873413085938 -300.47271728515625
-946.1133422851562 -298.48284912109375
-946.177978515625 -296.48809814453125
-944.9630126953125 -294.48876953125
-943.4640502929688 -292.48883056640625
-942.9528198242188 -290.4891357421875
-943.2918090820312 -288.4898986816406
-943.32861328125 -286.4906311035156
-942.837890625 -284.4917907714844
-942.8504638671875 -282.4978332519531
-943.66552734375 -280.50775146484375
-943.1096801757812 -278.5098571777344
-941.9708862304688 -276.5107727050781
-942.1611328125 -274.51495361328125
-942.9921264648438 -272.5152893066406
-941.43798828125 -270.5163269042969
-939.88134765625 -268.51995849609375
-940.5560913085938 -266.5273742675781
-939.1489868164062 -264.53314208984375
-937.46435546875 -262.5347900390625
-936.2741088867188 -260.5390930175781
-934.5289306640625 -258.5394592285156
-935.9558715820312 -256.54901123046875
-937.608154296875 -254.5699462890625
-936.1007080078125 -252.66619873046875
-935.6181030273438 -250.6801300048828
-934.8878173828125 -248.96511840820312
-935.1995239257812 -247.12985229492188
-936.5889892578125 -245.17559814453125
-935.0281982421875 -243.18463134765625
-933.4972534179688 -241.2187957763672
-932.7388916015625 -239.4191436767578
-931.3419799804688 -237.5204315185547
-929.3497924804688 -235.53831481933594
-927.7704467773438 -233.55349731445312
-926.3209838867188 -231.56698608398438
-924.3349609375 -229.56715393066406
-922.3349609375 -227.56715393066406
-920.3350830078125 -225.5679931640625
-918.3394165039062 -227.56231689453125
-916.3403930664062 -225.5629425048828
-914.3446044921875 -226.8761749267578
-912.347412109375 -228.5080108642578
-910.3475341796875 -226.50816345214844
-908.3485717773438 -228.3269500732422
-906.3500366210938 -226.32708740234375
-904.3665771484375 -227.93106079101562
-902.3690185546875 -225.93109130859375
-900.37646484375 -227.54698181152344
-898.3799438476562 -225.54722595214844
-896.3809204101562 -227.36221313476562
-894.4087524414062 -225.3626708984375
-892.4248046875 -226.18568420410156
-890.4270629882812 -224.18582153320312
-888.5452270507812 -226.16714477539062
-886.5565795898438 -224.16949462890625
-884.5625 -225.91566467285156
-882.6767578125 -227.70347595214844
-880.955322265625 -225.70361328125
-879.1237182617188 -227.45806884765625
-877.171142578125 -225.45823669433594
-875.225830078125 -225.01634216308594
-873.3767700195312 -226.46006774902344
-871.5106201171875 -224.46340942382812
-869.5228271484375 -226.24859619140625
-867.904296875 -224.2486572265625
-865.9083251953125 -225.45950317382812
-863.9705200195312 -226.68048095703125
-862.077880859375 -224.6806182861328
-860.1188354492188 -225.92689514160156
-858.271240234375 -223.92691040039062
-856.3173828125 -224.53729248046875
-854.3635864257812 -226.1193389892578
-852.4813232421875 -224.1195831298828
-851.3103637695312 -225.67198181152344
-849.6824951171875 -223.6725311279297
-847.6968994140625 -222.38677978515625
-845.8304443359375 -222.04327392578125
-843.8848266601562 -220.40634155273438
-842.947509765625 -218.990966796875
-840.952880859375 -219.21517944335938
-839.0032958984375 -217.53163146972656
-837.012451171875 -216.20262145996094
-835.0222778320312 -214.22415161132812
-833.029296875 -212.2259979248047
-834.8306884765625 -210.23065185546875
-832.8314819335938 -208.30470275878906
-834.8051147460938 -206.40249633789062
-832.8070678710938 -204.4478302001953
-834.7343139648438 -202.46395874023438
-832.7354736328125 -200.46571350097656
-834.552001953125 -198.509521484375
-832.5538940429688 -196.51722717285156
-833.7053833007812 -197.91189575195312
-831.7059326171875 -195.91845703125
-833.4166259765625 -194.72227478027344
-831.4175415039062 -192.84884643554688
-832.9681396484375 -191.03282165527344
-834.4912719726562 -189.0835418701172
-832.6256713867188 -187.09300231933594
-833.8392333984375 -185.1129150390625
-833.8870849609375 -183.15032958984375
-833.1775512695312 -181.18411254882812
-831.9459838867188 -180.03919982910156
-833.6539306640625 -179.8415985107422
-833.2319946289062 -178.17239379882812
-832.891845703125 -176.2130584716797
-833.6419677734375 -174.6521453857422
-833.5076293945312 -173.39756774902344
-834.33251953125 -173.8321075439453
-835.071533203125 -172.35543823242188
-833.0718383789062 -172.70919799804688
-834.3536987304688 -170.90699768066406
-832.637451171875 -169.005859375
-830.9893188476562 -167.14759826660156
-829.0909423828125 -165.17201232910156
-827.1151123046875 -163.17784118652344
-825.2399291992188 -165.15757751464844
-823.4376831054688 -163.16270446777344
-821.596435546875 -165.15733337402344
-819.6885375976562 -163.2344512939453
-821.1092529296875 -163.3502960205078
-819.2764892578125 -165.33169555664062
-817.3118286132812 -163.47735595703125
-818.2318725585938 -164.7191925048828
-817.1670532226562 -166.49790954589844
-815.1970825195312 -164.56495666503906
-813.3671875 -166.5072021484375
-811.4437255859375 -168.41708374023438
-809.4742431640625 -166.41812133789062
-807.4971923828125 -168.3907928466797
-805.7188110351562 -166.39442443847656
-803.8139038085938 -168.18861389160156
-802.3956298828125 -166.1893310546875
-801.8133544921875 -167.84774780273438
-800.0411376953125 -165.8479766845703
-798.1152954101562 -167.26791381835938
-796.2163696289062 -169.26708984375
-795.58984375 -167.26792907714844
-793.8040161132812 -169.18093872070312
-792.0952758789062 -167.18099975585938
-792.4439086914062 -165.1821746826172
-790.7391357421875 -167.16259765625
-790.5174560546875 -165.16600036621094
-788.62353515625 -167.11080932617188
-787.3466186523438 -165.11187744140625
-785.3674926757812 -166.55487060546875
-785.0294799804688 -164.5658721923828
-783.0825805664062 -163.08786010742188
-784.97216796875 -161.86778259277344
-782.9856567382812 -159.9490203857422
