-941.7741088867188 -324.43865966796875
-941.017578125 -322.4400329589844
-942.551513671875 -320.44061279296875
-943.1932373046875 -318.441162109375
-943.8325805664062 -316.4412841796875
-944.6266479492188 -314.4417419433594
-945.0139770507812 -312.4420166015625
-943.7604370117188 -310.4421691894531
-945.5447998046875 -308.4524841308594
-945.0325927734375 -306.4976806640625
-946.3212280273438 -304.49993896484375
-946.1585693359375 -302.5008850097656
-945.630859375 -300.5067138671875
-945.0106201171875 -298.50701904296875
-946.2652587890625 -296.5071716308594
-946.4744262695312 -294.50750732421875
-947.5199584960938 -292.5088806152344
-948.6181030273438 -290.50897216796875
-946.7728271484375 -288.5090637207031
-947.2466430664062 -286.50921630859375
-946.2737426757812 -284.50933837890625
-947.5325317382812 -282.510009765625
-945.5612182617188 -280.51068115234375
-946.5701904296875 -278.51080322265625
-946.03173828125 -276.51153564453125
-946.0294799804688 -274.51165771484375
-944.174560546875 -272.5120544433594
-943.8807373046875 -270.5123596191406
-945.3504638671875 -268.5127258300781
-944.5413208007812 -266.5129089355469
-943.481201171875 -264.5130615234375
-942.2962646484375 -262.51318359375
-942.97265625 -260.51385498046875
-941.3570556640625 -258.5140380859375
-942.712158203125 -256.51434326171875
-943.390869140625 -254.52455139160156
-944.5603637695312 -252.52584838867188
-944.9066772460938 -250.52684020996094
-945.3436279296875 -248.52755737304688
-944.6033325195312 -246.5277862548828
-944.6520385742188 -244.5281219482422
-942.7490844726562 -242.5301513671875
-943.1886596679688 -240.53074645996094
-942.492919921875 -238.53160095214844
-941.28564453125 -236.53167724609375
-940.0908813476562 -234.5316925048828
-938.3328857421875 -232.53176879882812
-938.930419921875 -230.53207397460938
-937.1544189453125 -228.53208923339844
-936.2199096679688 -226.5322723388672
-934.5455322265625 -224.96243286132812
-932.591796875 -224.4888153076172
-931.487548828125 -226.24472045898438
-929.6528930664062 -228.2273406982422
-928.7327880859375 -226.2273712158203
-926.8571166992188 -228.21449279785156
-924.951904296875 -226.21453857421875
-922.9578247070312 -228.2054901123047
-921.0309448242188 -226.20550537109375
-919.0545654296875 -228.1523895263672
-917.0789794921875 -226.15243530273438
-915.0791625976562 -228.02821350097656
-913.0996704101562 -226.0283203125
-911.1039428710938 -227.28480529785156
-909.1625366210938 -225.28497314453125
-907.1932373046875 -227.24783325195312
-905.1946411132812 -229.0924530029297
-903.2274780273438 -227.09263610839844
-901.2280883789062 -229.05482482910156
-899.230224609375 -227.05487060546875
-897.2323608398438 -228.82464599609375
-895.3186645507812 -226.82467651367188
-893.4808959960938 -224.82470703125
-891.4817504882812 -225.8976287841797
-889.5089721679688 -223.89797973632812
-887.52490234375 -225.86773681640625
-885.52978515625 -227.49526977539062
-883.5841674804688 -225.4952850341797
-881.5858764648438 -227.06996154785156
-879.5904541015625 -225.0699920654297
-877.5958862304688 -226.812255859375
-875.8359375 -224.812255859375
-873.8379516601562 -226.80776977539062
-871.851318359375 -224.8078155517578
-869.8572998046875 -226.5533447265625
-867.8816528320312 -224.55335998535156
-865.89208984375 -226.1980438232422
-863.9830932617188 -224.19833374023438
-861.9850463867188 -222.9671173095703
-859.9864501953125 -223.17864990234375
-857.9864501953125 -222.07427978515625
-856.0186157226562 -223.71412658691406
-854.0369262695312 -224.08782958984375
-852.0374755859375 -222.501220703125
-850.0473022460938 -220.78076171875
-848.0535278320312 -222.40786743164062
-846.0691528320312 -223.6418914794922
-844.11865234375 -222.1180877685547
-842.1295166015625 -222.95675659179688
-840.1381225585938 -221.16339111328125
-838.15576171875 -220.26025390625
-836.1558837890625 -220.7541961669922
-834.1600341796875 -218.9846649169922
-832.1602172851562 -217.038330078125
-834.1503295898438 -215.0402374267578
-832.151611328125 -213.04542541503906
-834.1456298828125 -211.04574584960938
-832.1517333984375 -209.0490264892578
-834.1468505859375 -207.0632781982422
-832.1470947265625 -205.06687927246094
-834.1441650390625 -203.08895874023438
-832.1477661132812 -201.0914764404297
-834.1455078125 -199.116943359375
-832.147705078125 -197.1188201904297
-831.92041015625 -198.13026428222656
-833.8641357421875 -196.1444549560547
-831.8890991210938 -194.1504669189453
-833.7684326171875 -192.90310668945312
-831.7845458984375 -190.9043426513672
-833.6812133789062 -188.99234008789062
-835.6739501953125 -186.9949493408203
-833.8573608398438 -184.99497985839844
-835.46533203125 -183.0109405517578
-836.1415405273438 -181.04991149902344
-838.1011352539062 -179.05654907226562
-836.1015014648438 -177.96279907226562
-837.051025390625 -175.9696807861328
-835.0518188476562 -174.98944091796875
-836.4844970703125 -172.99217224121094
-834.4847412109375 -171.83592224121094
-833.034423828125 -169.8447265625
-834.5087890625 -167.8521728515625
-832.526611328125 -165.85400390625
-831.0821533203125 -163.8605194091797
-829.4361572265625 -161.86627197265625
-828.8270874023438 -163.85360717773438
-826.9723510742188 -161.8623809814453
-825.1513061523438 -163.85659790039062
-824.7926635742188 -165.82806396484375
-823.048583984375 -163.82826232910156
-821.0831909179688 -165.8109588623047
-819.0907592773438 -163.81358337402344
-820.4393310546875 -161.9730682373047
-819.0302734375 -163.9615478515625
-819.6375732421875 -165.3039093017578
-818.2676391601562 -163.30532836914062
-819.8229370117188 -163.39923095703125
-821.7869262695312 -162.42860412597656
-819.8140258789062 -164.41847229003906
-821.3245239257812 -162.82830810546875
-819.5640869140625 -164.82537841796875
-818.0175170898438 -162.8276824951172
-819.767333984375 -163.37315368652344
-820.3324584960938 -161.50428771972656
-818.3737182617188 -163.50205993652344
-820.193603515625 -162.92442321777344
-818.2003784179688 -164.76393127441406
-817.3109130859375 -166.74691772460938
-815.4044799804688 -164.74911499023438
-814.9354248046875 -166.7489776611328
-812.9961547851562 -168.72552490234375
-811.1867065429688 -166.72828674316406
-810.2362670898438 -168.71632385253906
-808.4403686523438 -166.7186737060547
-807.0661010742188 -168.7183380126953
-807.3892822265625 -166.72605895996094
-805.6242065429688 -168.72573852539062
-803.662353515625 -166.73170471191406
-801.6719360351562 -168.73126220703125
-800.51806640625 -166.7698974609375
-800.0326538085938 -168.76878356933594
-798.1118774414062 -166.76902770996094
-796.608154296875 -168.76698303222656
-795.5990600585938 -166.77273559570312
-793.655517578125 -168.76998901367188
-791.8076782226562 -166.77593994140625
-790.048095703125 -168.75857543945312
-788.208251953125 -166.7612762451172
-788.031494140625 -164.76498413085938
-786.0360107421875 -164.80328369140625
-784.0424194335938 -165.39431762695312
-786.0369873046875 -163.4395294189453
-784.039306640625 -162.16061401367188
-786.006103515625 -160.45956420898438
-784.0237426757812 -158.52809143066406
