-941.5286865234375 -324.46319580078125
-941.1527709960938 -322.5226135253906
-942.8975830078125 -320.5614013671875
-941.4611206054688 -318.5643615722656
-943.06787109375 -316.575439453125
-944.3358154296875 -314.584716796875
-946.2347412109375 -312.5893249511719
-947.4911499023438 -310.59173583984375
-949.4549560546875 -308.5984191894531
-947.6741943359375 -306.603271484375
-948.6761474609375 -304.60711669921875
-946.6774291992188 -302.6080627441406
-946.3029174804688 -300.62286376953125
-946.4201049804688 -298.6643981933594
-946.8130493164062 -296.6666564941406
-945.71240234375 -294.6670837402344
-946.8849487304688 -292.6714172363281
-945.3756713867188 -290.8269958496094
-946.8504638671875 -288.8582458496094
-948.7398071289062 -286.86029052734375
-946.7594604492188 -284.86065673828125
-948.39501953125 -282.8942565917969
-946.396484375 -280.8970947265625
-947.9920043945312 -278.9219055175781
-945.9935913085938 -276.92193603515625
-946.208251953125 -274.9345703125
-945.5037231445312 -272.93609619140625
-944.8302612304688 -270.9430847167969
-944.46240234375 -268.9736633300781
-945.6746826171875 -266.97613525390625
-944.8626708984375 -264.9803161621094
-946.5368041992188 -262.9818115234375
-945.2810668945312 -260.9972229003906
-945.550048828125 -258.9990234375
-947.3367309570312 -257.0280456542969
-945.3368530273438 -255.02813720703125
-947.1469116210938 -253.0377655029297
-948.1629638671875 -251.3154296875
-946.1632080078125 -249.31546020507812
-944.3817138671875 -247.3335418701172
-945.8687744140625 -245.45423889160156
-944.7313232421875 -243.4568328857422
-944.2920532226562 -241.48648071289062
-943.4533081054688 -239.504638671875
-941.6043090820312 -237.5161895751953
-939.9869384765625 -235.553466796875
-938.4854736328125 -233.5639190673828
-936.7041015625 -231.63746643066406
-935.0136108398438 -229.64808654785156
-934.5999755859375 -227.67495727539062
-932.7791137695312 -229.584716796875
-930.9981079101562 -227.59744262695312
-929.0099487304688 -229.45611572265625
-927.017333984375 -227.49559020996094
-925.0185546875 -229.1019744873047
-923.0475463867188 -227.10244750976562
-921.047607421875 -229.04066467285156
-919.0520629882812 -227.04129028320312
-917.0521240234375 -229.0381622314453
-915.0530395507812 -227.0401611328125
-913.053466796875 -229.03988647460938
-911.0562133789062 -227.0409698486328
-909.0562133789062 -228.9995880126953
-907.059814453125 -227.00946044921875
-905.0599365234375 -229.00177001953125
-903.060302734375 -227.01480102539062
-901.0679931640625 -229.0017547607422
-899.0845947265625 -227.00247192382812
-897.0845947265625 -228.9980010986328
-895.0927124023438 -226.99913024902344
-893.1000366210938 -224.9997100830078
-891.10009765625 -226.9818572998047
-889.1099243164062 -224.98289489746094
-887.1233520507812 -226.9381561279297
-885.1602172851562 -224.9386444091797
-883.1603393554688 -226.9083251953125
-881.1922607421875 -224.91029357910156
-879.1922607421875 -226.90811157226562
-877.2562255859375 -224.91285705566406
-875.2564697265625 -226.91172790527344
-873.2980346679688 -224.91184997558594
-871.298095703125 -226.7860870361328
-869.3082885742188 -224.78900146484375
-867.309326171875 -226.70318603515625
-865.3150634765625 -224.71435546875
-863.3170166015625 -226.70147705078125
-864.0112915039062 -224.70498657226562
-862.0119018554688 -226.7026824951172
-860.239501953125 -224.7030029296875
-858.3077392578125 -226.62767028808594
-856.7484130859375 -224.6277313232422
-854.7567749023438 -226.60977172851562
-853.7847900390625 -224.6099090576172
-851.788330078125 -226.56094360351562
-849.792724609375 -224.5624237060547
-847.7931518554688 -226.3881378173828
-845.81298828125 -224.3890380859375
-843.815673828125 -226.3094024658203
-842.71337890625 -224.3104705810547
-840.7137451171875 -226.30877685546875
-839.8922119140625 -224.3087921142578
-837.8938598632812 -226.2052764892578
-835.9805908203125 -224.20530700683594
-834.3617553710938 -222.2056121826172
-835.2613525390625 -221.1884765625
-833.2636108398438 -221.78977966308594
-835.232666015625 -221.87973022460938
-833.2327880859375 -223.77493286132812
-835.1647338867188 -222.24554443359375
-833.2848510742188 -224.18199157714844
-833.9882202148438 -225.84544372558594
-833.0643920898438 -223.8455352783203
-834.0928344726562 -223.28140258789062
-834.3936157226562 -221.36834716796875
-835.3944702148438 -221.24746704101562
-833.4579467773438 -223.22276306152344
-832.510009765625 -222.7985382080078
-834.168212890625 -223.94105529785156
-835.594970703125 -222.1643524169922
-833.615478515625 -223.84274291992188
-834.5480346679688 -222.0163116455078
-835.97265625 -220.5330352783203
-833.9762573242188 -222.52842712402344
-835.4912719726562 -223.5840606689453
-833.5323486328125 -224.39976501464844
-835.1237182617188 -226.08724975585938
-835.6942749023438 -224.0872802734375
-834.0355224609375 -222.0884246826172
-835.6891479492188 -223.37966918945312
-833.7005004882812 -225.34829711914062
-832.042236328125 -223.35057067871094
-830.8521118164062 -222.94525146484375
-831.735595703125 -224.71072387695312
-832.0802612304688 -225.99278259277344
-832.7776489257812 -223.99351501464844
-833.3248291015625 -223.86416625976562
-833.5986938476562 -223.04603576660156
-834.7481689453125 -222.08787536621094
-836.7123413085938 -220.34642028808594
-834.7467651367188 -222.29075622558594
-836.6588134765625 -222.3345489501953
-834.7289428710938 -224.2901153564453
-836.07470703125 -224.02561950683594
-834.0833740234375 -225.9862060546875
-834.9362182617188 -223.98634338378906
-836.9354858398438 -225.47691345214844
-835.1683349609375 -223.4777069091797
-836.7815551757812 -222.70123291015625
-834.7849731445312 -224.66973876953125
-833.4819946289062 -222.66989135742188
-835.0184326171875 -220.8413543701172
-833.0204467773438 -221.91673278808594
-832.7576293945312 -220.66770935058594
-832.3186645507812 -218.7040557861328
-834.2931518554688 -216.9822540283203
-832.2996215820312 -215.0323028564453
-832.9076538085938 -213.04910278320312
-834.4249877929688 -211.2703857421875
-832.5498046875 -209.59432983398438
-834.0011596679688 -207.93804931640625
-832.016357421875 -205.943115234375
-833.5928955078125 -203.9617462158203
-831.5982055664062 -201.9759063720703
-833.2661743164062 -201.17724609375
-831.2716674804688 -199.18011474609375
-832.8616333007812 -197.2209930419922
-830.8619995117188 -195.2213134765625
-830.5488891601562 -195.9244842529297
-830.539794921875 -195.29238891601562
-828.9887084960938 -196.34442138671875
-827.1103515625 -198.30535888671875
-827.1376342773438 -196.37271118164062
-825.1939697265625 -198.3275146484375
-824.874267578125 -196.3324432373047
-822.9404296875 -198.26771545410156
-823.357421875 -196.34246826171875
-821.404052734375 -197.59115600585938
-819.9515380859375 -195.5935821533203
-817.95263671875 -197.56222534179688
-816.4628295898438 -195.5775604248047
-814.4777221679688 -197.5627899169922
-812.8497924804688 -195.5673370361328
-810.8512573242188 -197.49298095703125
-808.941650390625 -199.3413543701172
-810.6310424804688 -197.38983154296875
-808.7520751953125 -198.8212432861328
-810.3430786132812 -196.85574340820312
-808.3653564453125 -198.74700927734375
-809.1552124023438 -196.76429748535156
-807.1768798828125 -198.6997528076172
-806.5322875976562 -196.7553253173828
-804.6297607421875 -198.6667938232422
-804.480224609375 -196.68130493164062
-802.5567626953125 -198.5642852783203
-800.607666015625 -196.70452880859375
-798.6613159179688 -198.684814453125
-799.6929931640625 -196.7869415283203
-797.6932373046875 -198.74754333496094
-799.0123291015625 -196.7543487548828
-797.91650390625 -198.69642639160156
-796.3359985351562 -196.78811645507812
-794.5113525390625 -198.72103881835938
-794.3973999023438 -196.74551391601562
-792.4307861328125 -198.73745727539062
-791.081298828125 -196.73907470703125
-789.136474609375 -198.59384155273438
-790.0543823242188 -196.59384155273438
-788.0662231445312 -198.1623077392578
-786.2011108398438 -199.4241180419922
-788.1883544921875 -197.43101501464844
-786.5781860351562 -199.18382263183594
-785.2395629882812 -197.18382263183594
-787.2380981445312 -195.19358825683594
-785.3063354492188 -193.4452667236328
-787.29736328125 -191.51332092285156
-785.2993774414062 -189.52891540527344
-787.2933959960938 -187.5869140625
-785.3552856445312 -185.59344482421875
-787.3099975585938 -184.11996459960938
-785.3216552734375 -182.12045288085938
-787.294677734375 -180.13525390625
-785.2982177734375 -178.13565063476562
-787.2955322265625 -176.19725036621094
-785.3690185546875 -174.20346069335938
-783.3890380859375 -172.20364379882812
-785.3836669921875 -170.26841735839844
-783.4009399414062 -168.26844787597656
-785.3988647460938 -166.3144989013672
-783.4452514648438 -164.46249389648438
-785.38671875 -163.19544982910156
-783.4354248046875 -161.20240783691406
-785.0415649414062 -159.22705078125
-783.052978515625 -157.2272186279297
