-939.2485961914062 -324.4363708496094
-939.2764892578125 -322.44415283203125
-939.831787109375 -320.4549865722656
-941.3677368164062 -318.461181640625
-942.807861328125 -316.4615783691406
-944.7052612304688 -314.4618835449219
-943.872314453125 -312.4624328613281
-942.044921875 -310.46343994140625
-943.607666015625 -308.4659729003906
-944.1595458984375 -306.4667053222656
-943.9310913085938 -304.46728515625
-943.4985961914062 -302.4680480957031
-942.0117797851562 -300.4700927734375
-941.3782348632812 -298.4710693359375
-941.529541015625 -296.4751281738281
-939.6405639648438 -294.4823913574219
-939.208984375 -292.4830627441406
-937.9348754882812 -290.4834289550781
-936.173095703125 -288.49127197265625
-937.481689453125 -286.4998779296875
-938.7835693359375 -284.50128173828125
-939.9327392578125 -282.5030212402344
-939.0479736328125 -280.5088195800781
-940.3220825195312 -278.5160827636719
-938.6087646484375 -276.517578125
-936.6173095703125 -274.5218811035156
-935.1282348632812 -272.5265808105469
-937.0726928710938 -270.5536193847656
-936.32470703125 -268.5614318847656
-936.4323120117188 -266.5680236816406
-936.8963012695312 -264.56866455078125
-935.195068359375 -262.5713806152344
-933.2847900390625 -260.5736999511719
-932.7368774414062 -258.5863952636719
-933.6571655273438 -256.62493896484375
-932.6187133789062 -254.63058471679688
-934.3527221679688 -252.63119506835938
-932.508056640625 -250.64002990722656
-932.395751953125 -248.6417236328125
-933.0480346679688 -246.65267944335938
-931.0958862304688 -245.10487365722656
-933.0718383789062 -243.11431884765625
-931.4527587890625 -241.115966796875
-931.786865234375 -239.11984252929688
-933.2808837890625 -237.1332244873047
-931.3359985351562 -235.13404846191406
-931.874755859375 -233.13577270507812
-930.5967407226562 -231.16986083984375
-928.6201171875 -229.1702423095703
-926.7394409179688 -227.17733764648438
-924.7400512695312 -229.1285858154297
-922.7420654296875 -227.12899780273438
-920.74853515625 -229.1286163330078
-918.7633666992188 -227.1369171142578
-916.83447265625 -229.13645935058594
-914.8461303710938 -227.1390380859375
-912.8463134765625 -229.1338348388672
-910.8764038085938 -227.1343536376953
-908.8775024414062 -229.13034057617188
-906.8965454101562 -227.1314239501953
-904.8970947265625 -229.12989807128906
-903.0572509765625 -227.130615234375
-901.0573120117188 -229.12557983398438
-899.0598754882812 -227.13648986816406
-897.0606689453125 -229.13584899902344
-895.0611572265625 -227.13717651367188
-893.0624389648438 -225.1437225341797
-891.0624389648438 -227.1412353515625
-889.0750122070312 -225.1484375
-887.0763549804688 -227.1066436767578
-885.0784912109375 -225.11691284179688
-883.0791015625 -227.1112518310547
-881.092041015625 -225.1269989013672
-879.0980834960938 -227.116943359375
-877.3309326171875 -225.2230682373047
-875.3322143554688 -227.22096252441406
-873.4108276367188 -225.2466278076172
-871.410888671875 -227.23947143554688
-869.4330444335938 -225.338134765625
-867.43310546875 -227.33778381347656
-865.4359741210938 -225.44053649902344
-863.4417724609375 -227.4332275390625
-861.4440307617188 -225.43453979492188
-859.444091796875 -227.4343719482422
-859.3030395507812 -225.4669952392578
-857.87255859375 -223.4748077392578
-855.8743896484375 -225.466552734375
-854.01416015625 -223.47117614746094
-852.0215454101562 -225.46922302246094
-850.2855224609375 -223.4767608642578
-848.2862548828125 -225.41519165039062
-849.0699462890625 -223.4236602783203
-847.0702514648438 -225.40296936035156
-845.6126098632812 -223.4190216064453
-843.8126220703125 -225.41152954101562
-842.43798828125 -223.5310516357422
-840.4689331054688 -225.52210998535156
-838.4940185546875 -224.49642944335938
-836.5126953125 -226.4954071044922
-834.7908325195312 -224.52145385742188
-832.7981567382812 -222.5272216796875
-834.2011108398438 -220.54364013671875
-834.3796997070312 -218.5738525390625
-832.3796997070312 -220.5561065673828
-834.3291015625 -218.5588836669922
-832.3291015625 -220.5585174560547
-834.269775390625 -218.55950927734375
-832.2717895507812 -220.49459838867188
-834.2645874023438 -218.51251220703125
-832.2647094726562 -220.47982788085938
-834.1575317382812 -218.5290069580078
-832.1575927734375 -220.5084991455078
-832.2431030273438 -218.52914428710938
-834.1104736328125 -216.5463409423828
-832.111328125 -217.58709716796875
-833.3427734375 -215.6884307861328
-834.7470092773438 -213.71044921875
-832.7474975585938 -212.12258911132812
-834.5706787109375 -210.15200805664062
-832.5712890625 -209.9090118408203
-834.454833984375 -208.01197814941406
-832.4601440429688 -207.05616760253906
-831.6528930664062 -205.05697631835938
-832.8755493164062 -203.3086700439453
-834.2953491210938 -201.33421325683594
-832.2962646484375 -201.79888916015625
-832.0508422851562 -199.8003692626953
-831.6456909179688 -197.80093383789062
-830.6168823242188 -195.80308532714844
-829.7146606445312 -195.70870971679688
-827.7741088867188 -195.5186767578125
-825.813720703125 -197.37518310546875
-825.9411010742188 -195.37623596191406
-823.95068359375 -197.34994506835938
-822.0014038085938 -195.35113525390625
-820.001708984375 -197.32313537597656
-818.9175415039062 -195.32362365722656
-817.0151977539062 -197.3203887939453
-815.0608520507812 -195.3230743408203
-813.1798706054688 -197.19654846191406
-811.1807861328125 -199.1663360595703
-809.4241943359375 -197.16737365722656
-807.4522705078125 -199.1056365966797
-808.5363159179688 -197.10574340820312
-806.5513916015625 -199.0940704345703
-807.982421875 -197.09652709960938
-805.9915161132812 -199.06173706054688
-806.912109375 -197.0618438720703
-805.7227783203125 -195.07015991210938
-803.7869262695312 -197.0306396484375
-802.0779418945312 -195.03089904785156
-800.1066284179688 -197.02706909179688
-798.1190795898438 -198.91314697265625
-799.4470825195312 -196.91700744628906
-797.4508666992188 -198.79270935058594
-795.8950805664062 -196.79847717285156
-794.5911254882812 -198.75205993652344
-792.6043090820312 -196.7566680908203
-790.7029418945312 -198.7362518310547
-788.7169799804688 -196.74020385742188
-786.7179565429688 -198.73634338378906
-784.7189331054688 -196.77053833007812
-786.55859375 -194.7935333251953
-784.55859375 -193.98912048339844
-786.5441284179688 -191.99746704101562
-784.5443115234375 -190.19468688964844
-786.4357299804688 -188.19557189941406
-784.4357299804688 -186.2931671142578
-786.3902587890625 -184.29550170898438
-784.3905029296875 -182.3284149169922
-786.1488647460938 -180.33180236816406
-784.1508178710938 -178.46951293945312
-785.9421997070312 -176.49588012695312
-783.942626953125 -174.66073608398438
-785.8944091796875 -172.6704864501953
-783.8944702148438 -171.98129272460938
-785.813232421875 -169.98280334472656
-783.8135375976562 -168.0401611328125
-784.8688354492188 -166.1903839111328
-782.8690185546875 -168.18121337890625
-782.1445922851562 -166.19065856933594
-782.7405395507812 -166.45687866210938
-782.48486328125 -165.59315490722656
-782.8547973632812 -164.0280303955078
-784.204833984375 -162.0530548095703
-785.8907470703125 -160.0631103515625
-783.890869140625 -158.93655395507812
