-942.7886962890625 -324.436279296875
-944.6888427734375 -322.44122314453125
-946.5054321289062 -320.44232177734375
-946.7515258789062 -318.4448547363281
-947.7830810546875 -316.45989990234375
-949.4931640625 -314.4639892578125
-947.4932250976562 -312.4639892578125
-948.8529052734375 -310.4641418457031
-946.8530883789062 -308.4666748046875
-946.3921508789062 -306.4685974121094
-948.078125 -304.4703063964844
-946.0783081054688 -302.4703369140625
-946.4964599609375 -300.4713134765625
-947.0708618164062 -298.47174072265625
-946.3311767578125 -296.4779357910156
-947.0836181640625 -294.4881896972656
-946.4950561523438 -292.4993591308594
-946.9178466796875 -290.4994812011719
-946.9840087890625 -288.5010070800781
-945.5731811523438 -286.5013122558594
-947.2386474609375 -284.5023498535156
-946.5551147460938 -282.5045471191406
-945.8099365234375 -280.5060119628906
-944.0364379882812 -278.51739501953125
-942.3635864257812 -276.5252380371094
-943.2086181640625 -274.5283508300781
-942.638671875 -272.5303649902344
-941.9945678710938 -270.5386047363281
-942.5260620117188 -268.5480651855469
-941.66015625 -266.5485534667969
-942.983642578125 -264.5550231933594
-941.6428833007812 -262.5617370605469
-941.2994995117188 -260.6492614746094
-940.3502807617188 -258.656494140625
-939.9375 -256.65692138671875
-938.7833251953125 -254.66368103027344
-939.2511596679688 -252.66452026367188
-939.5462036132812 -250.67965698242188
-938.0422973632812 -248.72628784179688
-936.220703125 -246.7601776123047
-937.3081665039062 -244.77830505371094
-936.007080078125 -242.7952880859375
-934.7230224609375 -240.81629943847656
-933.76123046875 -238.86306762695312
-933.7172241210938 -236.87379455566406
-934.9862670898438 -234.91343688964844
-933.1548461914062 -232.91554260253906
-931.3130493164062 -230.92408752441406
-933.265625 -228.9319305419922
-931.8461303710938 -226.9327850341797
-929.9320068359375 -228.6997528076172
-928.7322998046875 -226.69976806640625
-926.7932739257812 -228.68783569335938
-924.7935791015625 -226.68785095214844
-922.8001708984375 -228.59341430664062
-920.8002319335938 -226.59341430664062
-918.80322265625 -228.4810791015625
-916.80322265625 -226.4810791015625
-914.816162109375 -228.36166381835938
-912.816162109375 -226.36166381835938
-910.8318481445312 -228.33840942382812
-908.8319091796875 -226.33840942382812
-906.8428955078125 -228.3340301513672
-904.8429565429688 -226.3340301513672
-902.8450317382812 -228.3218994140625
-900.84521484375 -226.3218994140625
-898.8626708984375 -228.27059936523438
-896.8626708984375 -226.27061462402344
-894.8630981445312 -227.75509643554688
-892.8631591796875 -225.75509643554688
-890.8631591796875 -223.75511169433594
-889.073974609375 -225.71131896972656
-887.1428833007812 -227.68484497070312
-885.1428833007812 -225.68484497070312
-883.2046508789062 -227.6489715576172
-881.2046508789062 -225.64898681640625
-879.231689453125 -227.64154052734375
-877.23193359375 -225.6416473388672
-875.2794189453125 -227.63650512695312
-873.279541015625 -225.63656616210938
-871.2840576171875 -227.59288024902344
-869.2840576171875 -225.59291076660156
-867.2977294921875 -227.57781982421875
-865.2982177734375 -225.57789611816406
-863.3052978515625 -227.5468292236328
-861.3062744140625 -225.54685974121094
-859.3067016601562 -227.30165100097656
-857.3068237304688 -225.3023681640625
-855.3070678710938 -223.30247497558594
-853.324462890625 -225.29188537597656
-851.3245849609375 -223.29232788085938
-849.627685546875 -225.28639221191406
-847.6373901367188 -223.28643798828125
-845.6484375 -225.22607421875
-843.6486206054688 -223.22755432128906
-841.7037353515625 -225.19139099121094
-839.7042846679688 -223.19305419921875
-837.7630615234375 -225.18124389648438
-835.763671875 -223.18264770507812
-833.769775390625 -223.63198852539062
-835.4110107421875 -223.67454528808594
-833.4144897460938 -224.30712890625
-835.3920288085938 -225.5232391357422
-833.3951416015625 -223.52377319335938
-835.185546875 -222.5836944580078
-833.1858520507812 -223.6239013671875
-835.16943359375 -225.023681640625
-833.1712036132812 -223.02430725097656
-834.92724609375 -222.61817932128906
-836.9189453125 -220.71255493164062
-834.9201049804688 -222.6759490966797
-836.8733520507812 -221.09596252441406
-834.87451171875 -223.0757293701172
-836.7150268554688 -221.1690216064453
-834.72216796875 -223.07095336914062
-836.6327514648438 -221.46408081054688
-834.6378784179688 -223.05467224121094
-836.6271362304688 -221.08041381835938
-834.6390991210938 -223.0249481201172
-836.3908081054688 -221.91604614257812
-834.4456176757812 -222.96923828125
-836.4256591796875 -221.15367126464844
-834.4271240234375 -223.1036376953125
-836.4252319335938 -221.2301788330078
-834.4288330078125 -222.92050170898438
-836.3778686523438 -221.01686096191406
-834.3789672851562 -223.00485229492188
-836.23291015625 -221.26490783691406
-834.2332153320312 -223.05152893066406
-836.2138671875 -221.31272888183594
-834.2183837890625 -223.00071716308594
-836.1589965820312 -221.37472534179688
-834.1613159179688 -223.32107543945312
-836.1530151367188 -221.89883422851562
-834.1535034179688 -222.78089904785156
-836.1242065429688 -221.5493621826172
-834.1273803710938 -223.44654846191406
-835.96142578125 -221.89450073242188
-833.9631958007812 -222.71444702148438
-835.6766967773438 -221.38841247558594
-833.6793823242188 -221.74658203125
-835.15771484375 -219.9558868408203
-833.1583862304688 -220.37843322753906
-835.1360473632812 -218.39886474609375
-833.1360473632812 -218.1515350341797
-834.9951171875 -216.29408264160156
-832.9951171875 -216.58177185058594
-834.71630859375 -214.65859985351562
-832.71630859375 -212.681884765625
-834.6849365234375 -210.7328643798828
-832.6849365234375 -208.79049682617188
-834.6557006835938 -206.9021759033203
-832.6557006835938 -204.922119140625
-834.40771484375 -203.04087829589844
-832.40771484375 -201.0773468017578
-834.3580322265625 -200.107666015625
-832.3580932617188 -198.2911376953125
-834.3143310546875 -196.318359375
-832.3143310546875 -194.3498077392578
-834.1159057617188 -192.76263427734375
-832.1159057617188 -190.86663818359375
-834.0299072265625 -189.3213653564453
-835.748046875 -187.4324188232422
-833.7481689453125 -185.4326629638672
-835.5303955078125 -183.5541229248047
-837.340576171875 -181.58224487304688
-835.340576171875 -179.5831756591797
-835.7939453125 -177.6216583251953
-835.6887817382812 -175.67068481445312
-833.6898803710938 -176.52220153808594
-834.2075805664062 -174.6145477294922
-835.9253540039062 -172.78321838378906
-833.9257202148438 -170.82276916503906
-835.5548706054688 -168.86160278320312
-833.554931640625 -166.88571166992188
-831.5551147460938 -164.91534423828125
-829.558349609375 -162.91619873046875
-828.7499389648438 -164.8648681640625
-826.7508544921875 -162.86495971679688
-825.0711059570312 -164.85638427734375
-823.0718383789062 -162.85662841796875
-821.7556762695312 -164.85044860839844
-819.7564086914062 -162.85174560546875
-821.535888671875 -160.98251342773438
-820.8192749023438 -162.97837829589844
-819.3331909179688 -164.92239379882812
-820.8049926757812 -165.64620971679688
-818.8050537109375 -163.64682006835938
-820.4931030273438 -164.0738525390625
-820.9829711914062 -163.0590362548828
-819.134765625 -164.8887481689453
-820.6959228515625 -164.84800720214844
-818.6959228515625 -162.85186767578125
-820.6666259765625 -161.54385375976562
-818.8892211914062 -163.5327606201172
-820.4946899414062 -164.17526245117188
-818.4955444335938 -162.17568969726562
-820.19677734375 -161.75405883789062
-818.2576904296875 -163.71026611328125
-820.1146240234375 -164.68321228027344
-818.1155395507812 -162.68350219726562
-819.7589721679688 -163.13938903808594
-819.978271484375 -162.8289031982422
-818.0045776367188 -164.810302734375
-819.6058959960938 -166.01107788085938
-817.6072998046875 -164.01470947265625
-818.9636840820312 -165.3844451904297
-816.991455078125 -163.3861083984375
-818.9653930664062 -164.74131774902344
-820.886474609375 -164.3773193359375
-818.8867797851562 -162.37759399414062
-819.2655029296875 -161.63912963867188
-817.374755859375 -163.63539123535156
-817.5883178710938 -165.6052703857422
-816.9451293945312 -167.6001434326172
-814.951904296875 -165.60333251953125
-813.1024780273438 -167.60263061523438
-811.1028442382812 -165.60498046875
-810.8572387695312 -167.59934997558594
-808.8584594726562 -165.5996856689453
-808.283935546875 -167.580322265625
-806.2855834960938 -165.5848388671875
-807.80517578125 -167.58367919921875
-807.0756225585938 -169.57701110839844
-805.0913696289062 -167.57810974121094
-805.44775390625 -169.56629943847656
-803.5103149414062 -167.5729522705078
-802.2947387695312 -169.56817626953125
-800.2986450195312 -167.5685272216797
-799.4810791015625 -169.564453125
-797.4924926757812 -167.56552124023438
-798.3167724609375 -169.56491088867188
-796.3447265625 -167.5700225830078
-794.9823608398438 -169.51736450195312
-793.0621337890625 -167.52133178710938
-791.2052001953125 -165.54319763183594
-789.2811279296875 -167.53587341308594
-787.2852172851562 -165.56582641601562
-785.5429077148438 -165.58973693847656
-784.05810546875 -166.30044555664062
-786.040771484375 -164.48826599121094
-784.1195678710938 -163.81488037109375
-786.1143798828125 -161.83348083496094
-784.116943359375 -160.0345001220703
-786.1139526367188 -158.0360107421875
