-942.705078125 -324.43359375
-944.6190795898438 -322.4367370605469
-946.2420043945312 -320.4631652832031
-948.0933837890625 -318.4634094238281
-948.788330078125 -316.4634094238281
-946.8035888671875 -314.4634704589844
-947.2359619140625 -312.4635314941406
-946.8223876953125 -310.4639587402344
-948.0309448242188 -308.4656982421875
-946.0415649414062 -306.47503662109375
-946.8334350585938 -304.4784851074219
-947.9296264648438 -302.47882080078125
-945.9382934570312 -300.4808654785156
-944.1466674804688 -298.4827880859375
-944.5404052734375 -296.48284912109375
-944.6759643554688 -294.4905090332031
-943.5046997070312 -292.4905700683594
-942.6051635742188 -290.49072265625
-944.4776000976562 -288.4909973144531
-943.185546875 -286.4947204589844
-941.4017944335938 -284.4952697753906
-943.2864379882812 -282.4959411621094
-943.437744140625 -280.4967041015625
-944.165283203125 -278.4969177246094
-943.2144775390625 -276.50018310546875
-941.737060546875 -274.5013732910156
-939.758544921875 -272.5044250488281
-938.9010009765625 -270.5226135253906
-937.9971923828125 -268.5398864746094
-938.2764282226562 -266.5450134277344
-939.1407470703125 -264.5480651855469
-937.6547241210938 -262.5484313964844
-936.2388305664062 -260.5539855957031
-936.7576293945312 -258.56414794921875
-935.0975341796875 -256.56781005859375
-934.3947143554688 -254.5748748779297
-932.666748046875 -252.57923889160156
-932.7962036132812 -250.5854034423828
-933.3201293945312 -248.85452270507812
-931.8041381835938 -247.02113342285156
-930.2079467773438 -245.10824584960938
-930.2987060546875 -243.1993408203125
-929.2728881835938 -241.36727905273438
-929.79931640625 -239.53514099121094
-928.706298828125 -237.60862731933594
-927.1676635742188 -235.61795043945312
-925.5848388671875 -234.37637329101562
-923.8124389648438 -232.3841552734375
-921.8179321289062 -230.38490295410156
-919.8187255859375 -228.38577270507812
-917.8204956054688 -226.3905792236328
-915.8466186523438 -228.20108032226562
-913.848388671875 -226.20143127441406
-911.8961181640625 -228.20059204101562
-909.8963012695312 -226.2015380859375
-908.0440063476562 -228.1953582763672
-906.0576171875 -226.1958770751953
-904.1737060546875 -228.17800903320312
-902.1743774414062 -226.17831420898438
-900.1942749023438 -228.1719970703125
-898.1946411132812 -226.17410278320312
-896.2382202148438 -228.16860961914062
-894.2392578125 -226.16970825195312
-892.271484375 -228.15847778320312
-890.2785034179688 -226.16090393066406
-888.281005859375 -224.16094970703125
-886.3661499023438 -226.1170654296875
-884.7213134765625 -227.96266174316406
-882.7221069335938 -225.96279907226562
-880.7589111328125 -227.95712280273438
-878.784423828125 -225.95713806152344
-876.84814453125 -227.951416015625
-874.8521728515625 -225.95156860351562
-873.2136840820312 -227.93357849121094
-871.2178955078125 -225.9336395263672
-869.2900390625 -227.6670684814453
-867.3111572265625 -225.6678924560547
-865.8817749023438 -227.6538848876953
-864.1190795898438 -225.65402221679688
-862.1536865234375 -227.6479034423828
-860.185791015625 -225.64804077148438
-858.2415771484375 -223.64828491210938
-856.3027954101562 -225.62762451171875
-854.366455078125 -223.6334686279297
-853.2869262695312 -225.6002197265625
-851.301513671875 -223.60244750976562
-849.7644653320312 -225.576171875
-847.770751953125 -223.5764617919922
-846.853515625 -225.54864501953125
-844.8824462890625 -223.55015563964844
-842.9649047851562 -225.5469512939453
-841.0984497070312 -223.547607421875
-840.9559326171875 -225.21670532226562
-838.9839477539062 -223.2173309326172
-837.0606689453125 -225.21653747558594
-835.20263671875 -223.2168426513672
-836.7457885742188 -221.23023986816406
-834.7674560546875 -223.21652221679688
-836.3934936523438 -221.22239685058594
-834.3967895507812 -223.21986389160156
-836.3857421875 -221.22772216796875
-834.3926391601562 -223.22752380371094
-835.1039428710938 -221.23455810546875
-833.1180419921875 -223.21327209472656
-834.8394165039062 -221.2303924560547
-832.8427124023438 -223.2273406982422
-834.7354736328125 -221.23289489746094
-832.7950439453125 -223.23020935058594
-833.0167846679688 -221.24559020996094
-834.7589111328125 -219.25238037109375
-832.7625122070312 -221.2412872314453
-833.6119995117188 -219.24566650390625
-834.9854736328125 -217.24652099609375
-832.9873046875 -218.8075714111328
-834.44873046875 -216.81333923339844
-832.4510498046875 -215.4949188232422
-832.3410034179688 -213.57606506347656
-834.0398559570312 -211.58432006835938
-832.0405883789062 -209.72215270996094
-832.2980346679688 -207.79641723632812
-833.1102905273438 -205.80477905273438
-833.1622314453125 -203.8384552001953
-834.6231689453125 -201.8475799560547
-832.640625 -200.27804565429688
-831.59423828125 -198.31155395507812
-829.64794921875 -196.31204223632812
-828.7597045898438 -198.2996368408203
-826.81005859375 -196.2997283935547
-825.2313842773438 -198.29885864257812
-823.2605590820312 -196.2996063232422
-821.8329467773438 -198.2995147705078
-819.8748168945312 -196.30003356933594
-818.1931762695312 -198.2995147705078
-816.2992553710938 -196.3004150390625
-814.521728515625 -198.29916381835938
-812.5966796875 -196.2998046875
-812.8030395507812 -198.2979278564453
-810.816650390625 -196.29803466796875
-811.7321166992188 -198.2977294921875
-810.035888671875 -196.31773376464844
-810.271240234375 -198.31748962402344
-808.4020385742188 -196.317626953125
-807.497802734375 -198.3172607421875
-805.8436279296875 -196.31967163085938
-807.0802001953125 -198.3196563720703
-805.17626953125 -196.32115173339844
-805.02734375 -198.32110595703125
-803.083251953125 -196.33035278320312
-802.3316650390625 -198.33023071289062
-800.7861938476562 -196.33090209960938
-801.683349609375 -198.33078002929688
-799.8873901367188 -196.3310089111328
-799.3016967773438 -198.330810546875
-798.0263061523438 -196.33102416992188
-799.1358032226562 -198.33082580566406
-797.4848022460938 -196.33120727539062
-797.5281372070312 -198.32888793945312
-795.7913208007812 -196.33287048339844
-795.52392578125 -198.33261108398438
-793.8099975585938 -196.33282470703125
-794.1171875 -198.331787109375
-792.1529541015625 -196.35472106933594
-791.8171997070312 -198.3521728515625
-789.8515625 -196.35325622558594
-788.2388305664062 -198.3532257080078
-786.61083984375 -200.3459930419922
-784.7328491210938 -198.4089813232422
-786.5233764648438 -196.4091339111328
-784.580322265625 -198.19850158691406
-786.3525390625 -196.19854736328125
-784.3716430664062 -197.92083740234375
-786.028564453125 -195.9208526611328
-784.10791015625 -197.8978271484375
-785.3646850585938 -195.89784240722656
-783.3721923828125 -194.79855346679688
-785.37158203125 -192.79916381835938
-787.364013671875 -190.8047637939453
-785.3662109375 -190.9884490966797
-786.1642456054688 -188.9901580810547
-784.1650390625 -187.2061309814453
-786.1312255859375 -185.2091522216797
-784.1315307617188 -183.89602661132812
-786.1112060546875 -181.89617919921875
-784.113525390625 -181.60997009277344
-786.0956420898438 -179.61839294433594
-784.1001586914062 -181.35659790039062
-786.0259399414062 -179.38751220703125
-784.0275268554688 -180.66403198242188
-785.9807739257812 -178.66864013671875
-784.0302124023438 -179.35585021972656
-785.6278686523438 -177.3677978515625
-783.6319580078125 -176.44725036621094
-782.3142700195312 -174.44729614257812
-784.1237182617188 -172.45306396484375
-785.3320922851562 -170.457275390625
-783.3447875976562 -168.52133178710938
-782.9776000976562 -166.5214080810547
-784.4944458007812 -168.34991455078125
-782.5259399414062 -166.3942108154297
-783.225830078125 -167.44522094726562
-782.4472045898438 -165.44532775878906
-784.1473388671875 -165.80897521972656
-785.9744262695312 -163.84381103515625
-783.9801635742188 -165.17430114746094
-785.60498046875 -163.64248657226562
-783.63525390625 -164.3760986328125
-785.21337890625 -162.51795959472656
-783.21484375 -162.49435424804688
-784.8502807617188 -160.50885009765625
-782.8939819335938 -160.82752990722656
-783.4700317382812 -158.83590698242188
