-952.5693359375 -293.36273193359375
-950.8706665039062 -291.3628234863281
-951.8497314453125 -289.3632507324219
-950.6444091796875 -287.36328125
-951.125732421875 -285.3634033203125
-952.1415405273438 -283.363525390625
-950.2635498046875 -281.3653869628906
-948.8909301757812 -279.3655700683594
-948.0708618164062 -277.3683776855469
-947.3685913085938 -275.36865234375
-947.4426879882812 -273.3689270019531
-946.7045288085938 -271.3691711425781
-948.703857421875 -269.3703308105469
-950.1571655273438 -267.370361328125
-948.4256591796875 -265.3707275390625
-948.358642578125 -263.3710021972656
-948.9963989257812 -261.3721618652344
-950.5711059570312 -259.3724060058594
-949.0174560546875 -257.373291015625
-949.9805908203125 -255.3795928955078
-950.9210205078125 -253.3814239501953
-952.1934814453125 -251.38165283203125
-952.3410034179688 -249.38174438476562
-952.8549194335938 -247.38250732421875
-954.2028198242188 -245.3826904296875
-955.9075317382812 -243.39454650878906
-957.3762817382812 -241.3949432373047
-959.0748291015625 -239.3949737548828
-959.5538940429688 -237.39500427246094
-958.44921875 -235.39527893066406
-960.0185546875 -233.39955139160156
-959.9063720703125 -231.40054321289062
-960.1641845703125 -229.40228271484375
-961.5930786132812 -227.4024658203125
-961.4186401367188 -225.4025421142578
-963.08251953125 -223.4025421142578
-965.0780639648438 -221.4025421142578
-967.07763671875 -219.40255737304688
-969.0774536132812 -217.40255737304688
-971.0773315429688 -215.40255737304688
-972.92236328125 -215.20462036132812
-974.7723388671875 -214.72140502929688
-976.4412841796875 -214.20286560058594
-977.8597412109375 -215.9862060546875
-979.7846069335938 -217.74697875976562
-981.7839965820312 -215.74713134765625
-983.6227416992188 -217.19094848632812
-985.6204833984375 -215.1910400390625
-987.5596923828125 -216.11961364746094
-989.5376586914062 -214.1197509765625
-990.710205078125 -216.0010986328125
-992.7084350585938 -214.00120544433594
-994.6861572265625 -215.41029357910156
-996.5872802734375 -216.32186889648438
-998.5872192382812 -214.32354736328125
-998.2869873046875 -216.25048828125
-1000.27734375 -214.25108337402344
-1001.0941162109375 -216.16258239746094
-1003.0929565429688 -214.1642303466797
-1004.9706420898438 -214.673828125
-1006.3330078125 -216.0574951171875
-1008.3026123046875 -214.057861328125
-1010.2219848632812 -215.960693359375
-1012.2194213867188 -213.96078491210938
-1014.2188110351562 -211.96331787109375
-1014.5201416015625 -213.010009765625
-1013.2211303710938 -213.36270141601562
-1015.1932983398438 -211.3632354736328
-1013.9943237304688 -212.369384765625
-1014.1754760742188 -212.7556915283203
-1013.056884765625 -212.5057830810547
-1013.8271484375 -212.6755828857422
-1012.8564453125 -213.23915100097656
-1014.855224609375 -211.24049377441406
-1014.4156494140625 -210.5264892578125
-1013.344482421875 -210.0414581298828
-1013.228515625 -209.13011169433594
-1011.97607421875 -207.5164031982422
-1013.878662109375 -206.75872802734375
-1012.4957885742188 -204.77113342285156
-1014.4685668945312 -204.7281951904297
-1012.489990234375 -202.729248046875
-1014.443603515625 -201.00717163085938
-1012.4871215820312 -199.01055908203125
-1014.4862670898438 -197.21519470214844
-1012.5027465820312 -195.24365234375
-1014.4903564453125 -194.6153564453125
-1012.591796875 -192.615966796875
-1014.5451049804688 -190.93292236328125
-1012.77685546875 -188.9335479736328
-1014.7745971679688 -187.46763610839844
-1014.0902709960938 -185.46771240234375
-1014.432373046875 -183.4696044921875
-1012.573486328125 -181.54669189453125
-1014.5220947265625 -179.72166442871094
-1012.6364135742188 -177.72178649902344
-1014.5769653320312 -175.90713500976562
-1012.6253051757812 -173.90719604492188
-1010.6934204101562 -172.06690979003906
-1012.6693725585938 -170.6400909423828
-1010.763671875 -168.6417999267578
-1012.7623901367188 -168.6014862060547
-1012.222900390625 -166.60733032226562
-1010.43212890625 -164.60946655273438
-1012.4268188476562 -162.74517822265625
-1014.287841796875 -161.7500762939453
-1016.2113647460938 -159.75013732910156
-1018.2107543945312 -157.75013732910156
-1020.210693359375 -155.7501983642578
-1022.209228515625 -153.75022888183594
-1024.191650390625 -155.48545837402344
-1026.1915283203125 -153.4854736328125
-1027.6348876953125 -155.29776000976562
-1029.6346435546875 -153.29791259765625
-1031.5860595703125 -155.16213989257812
-1033.5858154296875 -153.1621856689453
-1035.4052734375 -155.11923217773438
-1037.4051513671875 -153.11929321289062
-1039.2210693359375 -154.97254943847656
-1041.21923828125 -152.97265625
-1043.2030029296875 -154.96481323242188
-1045.2030029296875 -152.96484375
-1047.1522216796875 -154.1681671142578
-1049.1522216796875 -152.16836547851562
-1050.060791015625 -153.2869110107422
-1052.0606689453125 -151.28692626953125
-1053.820556640625 -153.2359161376953
-1055.8201904296875 -151.23605346679688
-1057.33154296875 -152.54818725585938
-1059.298095703125 -154.28761291503906
-1061.298095703125 -152.29046630859375
-1063.1910400390625 -152.48362731933594
-1065.1439208984375 -154.22906494140625
-1067.1424560546875 -152.23446655273438
-1066.5421142578125 -154.21656799316406
-1068.5401611328125 -152.21707153320312
-1069.808349609375 -154.1719207763672
-1071.8082275390625 -152.17340087890625
-1073.80712890625 -150.17953491210938
-1075.7525634765625 -150.99440002441406
-1077.72509765625 -152.88076782226562
-1079.7237548828125 -150.90354919433594
-1081.6990966796875 -152.53404235839844
-1082.71142578125 -154.38250732421875
-1084.703125 -152.3826141357422
-1086.5919189453125 -153.65589904785156
-1088.5919189453125 -151.663330078125
-1089.74951171875 -153.27008056640625
-1091.5650634765625 -154.615234375
-1093.5589599609375 -152.61965942382812
-1095.4384765625 -154.33926391601562
-1096.8104248046875 -156.17236328125
-1098.810302734375 -154.1726837158203
-1100.720703125 -155.80276489257812
-1102.7174072265625 -153.80532836914062
-1104.4755859375 -155.68260192871094
-1106.4744873046875 -153.69189453125
-1108.4656982421875 -155.14808654785156
-1109.91650390625 -154.99375915527344
-1111.635009765625 -156.80447387695312
-1113.63427734375 -154.81536865234375
-1115.2276611328125 -156.16970825195312
-1117.2265625 -154.17384338378906
-1119.1068115234375 -156.0189971923828
-1121.0897216796875 -154.0630340576172
-1122.8199462890625 -155.8903350830078
-1124.418701171875 -156.5611572265625
-1126.4176025390625 -154.57264709472656
-1128.2698974609375 -156.05084228515625
-1129.4071044921875 -157.74395751953125
-1131.105224609375 -155.7683563232422
