-952.072998046875 -293.4153747558594
-950.2785034179688 -291.429931640625
-948.9028930664062 -289.5843811035156
-949.8037109375 -287.9725646972656
-948.9437866210938 -285.9870300292969
-947.5076293945312 -284.37139892578125
-947.134521484375 -282.5541076660156
-948.7749633789062 -283.3076171875
-949.157958984375 -281.3411560058594
-948.2540893554688 -279.6551208496094
-948.5858764648438 -278.3168029785156
-948.1810302734375 -276.3954772949219
-947.5262451171875 -274.4489440917969
-947.7940673828125 -272.71435546875
-945.8970947265625 -270.72198486328125
-947.373291015625 -269.7646484375
-948.4959716796875 -268.08636474609375
-948.1950073242188 -266.089111328125
-948.3663940429688 -264.4432067871094
-949.286376953125 -262.4598693847656
-951.2479858398438 -260.46539306640625
-952.1725463867188 -258.4677734375
-950.1902465820312 -258.3975524902344
-948.5576171875 -259.4243469238281
-947.243896484375 -258.2040710449219
-948.8917846679688 -256.8347473144531
-948.3425903320312 -254.95384216308594
-949.5324096679688 -253.12132263183594
-950.0951538085938 -251.28366088867188
-948.303466796875 -249.72659301757812
-948.1511840820312 -247.87887573242188
-948.7306518554688 -249.55384826660156
-947.860595703125 -250.07577514648438
-947.2696533203125 -250.7139892578125
-948.9898071289062 -251.90493774414062
-950.7394409179688 -249.97084045410156
-952.080078125 -248.38153076171875
-951.0968017578125 -248.41336059570312
-950.4608764648438 -246.630126953125
-949.8545532226562 -245.3311767578125
-948.273193359375 -244.11085510253906
-949.4899291992188 -242.4741973876953
-949.4763793945312 -241.1902313232422
-951.190185546875 -239.2731170654297
-952.8143310546875 -237.32972717285156
-952.6624755859375 -235.33775329589844
-950.74658203125 -233.48159790039062
-950.6280517578125 -232.08877563476562
-949.987548828125 -232.6065673828125
-949.654296875 -233.38316345214844
-949.0216674804688 -231.90382385253906
-950.55419921875 -231.80615234375
-948.9887084960938 -231.28802490234375
-949.6865844726562 -229.87030029296875
-950.8898315429688 -227.9198760986328
-951.957275390625 -226.27125549316406
-952.9273071289062 -224.2935791015625
-953.4815673828125 -222.43765258789062
-954.2583618164062 -220.4381866455078
-956.21826171875 -218.44142150878906
-958.1605224609375 -216.44810485839844
-960.151123046875 -214.44981384277344
-961.85302734375 -214.5081787109375
-962.453857421875 -216.23446655273438
-964.4160766601562 -214.23519897460938
-965.71533203125 -215.98568725585938
-967.6871337890625 -213.98609924316406
-967.239013671875 -214.837646484375
-967.3792114257812 -216.67031860351562
-969.218505859375 -214.6719207763672
-970.4346313476562 -216.34725952148438
-972.4320068359375 -214.36099243164062
-971.97265625 -216.32847595214844
-973.9205932617188 -214.3295440673828
-974.8357543945312 -216.3153533935547
-976.8279418945312 -214.31565856933594
-977.9639892578125 -214.28280639648438
-979.2914428710938 -216.19044494628906
-981.1431884765625 -216.1939239501953
-982.822021484375 -216.31629943847656
-984.3231201171875 -218.29266357421875
-986.2138671875 -216.29356384277344
-988.2089233398438 -214.2937774658203
-989.8358764648438 -216.2613067626953
-991.8343505859375 -214.2615203857422
-993.7947998046875 -215.98252868652344
-995.763427734375 -213.98748779296875
-997.7302856445312 -215.73291015625
-999.6649780273438 -213.73388671875
-1001.3779907226562 -215.5426483154297
-1003.3489990234375 -216.8003692626953
-1005.3450927734375 -214.80198669433594
-1006.5501098632812 -216.21998596191406
-1008.502685546875 -214.220458984375
-1010.1243286132812 -216.11654663085938
-1012.1073608398438 -214.1177520751953
-1014.1016845703125 -212.1190643310547
-1015.2595825195312 -214.00216674804688
-1017.23095703125 -212.00306701660156
-1015.9368896484375 -213.36196899414062
-1017.4651489257812 -215.1865997314453
-1019.4212646484375 -213.18727111816406
-1021.1466674804688 -213.54563903808594
-1019.4417114257812 -215.48672485351562
-1021.42333984375 -213.48699951171875
-1021.8604125976562 -215.2806396484375
-1023.85498046875 -213.281005859375
-1024.721923828125 -215.21937561035156
-1026.6671142578125 -216.6251678466797
-1028.611328125 -214.62709045410156
-1029.5562744140625 -215.21429443359375
-1031.5157470703125 -216.35816955566406
-1033.502197265625 -214.35928344726562
-1035.3314208984375 -216.08348083496094
-1037.260009765625 -214.08468627929688
-1036.7802734375 -215.30596923828125
-1037.37353515625 -216.8994903564453
-1039.3731689453125 -214.9029998779297
-1041.1072998046875 -216.643310546875
-1043.09033203125 -214.64393615722656
-1044.6636962890625 -216.34886169433594
-1046.14306640625 -216.87522888183594
-1047.1455078125 -218.2250213623047
-1048.9393310546875 -219.7310791015625
-1048.5909423828125 -217.73338317871094
-1050.500732421875 -216.9817657470703
-1050.8758544921875 -216.095703125
-1052.7017822265625 -216.3855743408203
-1053.77685546875 -218.15074157714844
-1055.2828369140625 -216.1514129638672
-1057.268310546875 -214.17550659179688
-1059.031005859375 -216.0420379638672
-1061.022216796875 -214.04908752441406
-1062.8402099609375 -215.8522186279297
-1064.828369140625 -213.853271484375
-1066.4403076171875 -215.70826721191406
-1068.331298828125 -213.71055603027344
-1070.1751708984375 -215.58668518066406
-1072.0128173828125 -216.08546447753906
-1074.0068359375 -214.09515380859375
-1075.3756103515625 -215.33665466308594
-1077.085693359375 -215.96734619140625
-1077.57470703125 -217.08494567871094
-1079.496826171875 -218.70790100097656
-1081.49169921875 -216.7790985107422
-1082.2164306640625 -218.56015014648438
-1084.2127685546875 -216.59535217285156
-1085.859130859375 -216.49314880371094
-1084.614501953125 -217.75912475585938
-1086.5665283203125 -218.655517578125
-1088.5550537109375 -219.8564910888672
-1090.5125732421875 -218.0184326171875
-1092.419921875 -219.37722778320312
-1094.254150390625 -217.37918090820312
-1096.2353515625 -215.4398651123047
-1098.07373046875 -216.49887084960938
-1100.0277099609375 -214.51641845703125
-1101.6102294921875 -216.06521606445312
-1102.73974609375 -214.9976043701172
-1104.59423828125 -216.54241943359375
-1106.5341796875 -214.54808044433594
-1108.4482421875 -216.31375122070312
-1109.7635498046875 -214.3151092529297
-1111.4808349609375 -212.78890991210938
-1113.3548583984375 -214.6743621826172
-1115.1578369140625 -216.27560424804688
-1116.9722900390625 -214.27638244628906
-1116.8380126953125 -214.85775756835938
-1118.777587890625 -216.10943603515625
-1120.24853515625 -214.19638061523438
-1122.2357177734375 -213.74990844726562
-1124.202392578125 -212.88528442382812
-1124.5999755859375 -214.7351531982422
-1126.44580078125 -215.45904541015625
-1128.34619140625 -213.46421813964844
-1130.138427734375 -214.11769104003906
-1131.965576171875 -214.9923095703125
-1133.829345703125 -213.02496337890625
-1134.9517822265625 -214.87307739257812
-1136.821533203125 -212.9078826904297
-1138.0419921875 -214.56922912597656
-1139.804443359375 -215.6597137451172
-1141.7197265625 -213.67880249023438
-1143.5054931640625 -214.67803955078125
-1145.4552001953125 -213.8356475830078
-1146.561767578125 -212.42959594726562
-1144.6690673828125 -213.07391357421875
-1146.643310546875 -211.547607421875
-1144.6856689453125 -210.18295288085938
-1146.0347900390625 -208.2259063720703
-1144.035400390625 -206.57752990722656
-1146.0267333984375 -204.8084716796875
-1144.071533203125 -202.81448364257812
-1146.0660400390625 -200.99400329589844
-1144.135498046875 -198.99815368652344
-1146.1082763671875 -197.25390625
-1144.1407470703125 -195.27027893066406
-1146.1075439453125 -193.29620361328125
-1144.2027587890625 -191.39508056640625
-1146.135986328125 -189.4356231689453
-1144.1658935546875 -187.43878173828125
-1146.153564453125 -187.8265380859375
-1145.5118408203125 -185.83265686035156
-1145.5142822265625 -183.9146270751953
-1147.3155517578125 -181.96810913085938
-1146.068115234375 -181.05661010742188
-1144.6448974609375 -182.6089324951172
-1146.5836181640625 -181.7195587158203
-1146.4962158203125 -182.88880920410156
-1144.8470458984375 -181.27642822265625
-1145.4268798828125 -180.1171112060547
