-955.8814086914062 -294.2200927734375
-955.9736938476562 -292.2647399902344
-956.3455810546875 -290.291015625
-957.5901489257812 -288.5396423339844
-959.3463745117188 -287.14630126953125
-960.3051147460938 -285.50341796875
-959.6859741210938 -283.8433837890625
-960.7276611328125 -282.0199890136719
-960.7635498046875 -280.5608215332031
-960.2156982421875 -279.26568603515625
-959.8676147460938 -278.0113525390625
-961.1306762695312 -276.9877014160156
-960.590087890625 -275.6003112792969
-961.995849609375 -273.6202697753906
-961.9496459960938 -271.63916015625
-960.0574340820312 -269.7244873046875
-961.0873413085938 -267.86370849609375
-960.830322265625 -266.0255126953125
-959.2184448242188 -264.048828125
-957.5104370117188 -263.5475769042969
-958.9579467773438 -261.6521911621094
-960.7297973632812 -259.6639709472656
-959.796875 -257.9044494628906
-961.2646484375 -259.316162109375
-962.5427856445312 -258.297607421875
-960.8045043945312 -256.81390380859375
-959.6304931640625 -254.908447265625
-961.1828002929688 -252.96424865722656
-959.3574829101562 -251.2531280517578
-959.904296875 -249.3158416748047
-961.5032958984375 -247.99716186523438
-960.194091796875 -246.38084411621094
-959.9874877929688 -245.85369873046875
-961.6854858398438 -245.0819091796875
-961.7997436523438 -245.2518768310547
-960.5767822265625 -244.27639770507812
-961.1380615234375 -245.60333251953125
-961.3609008789062 -244.6537628173828
-960.5220947265625 -243.48793029785156
-960.845947265625 -242.21395874023438
-960.4191284179688 -241.08990478515625
-959.4107666015625 -239.1053924560547
-958.5574340820312 -237.25814819335938
-960.2192993164062 -236.9007568359375
-958.9193725585938 -235.84146118164062
-958.4953002929688 -235.10870361328125
-958.0772705078125 -234.2964324951172
-959.5224609375 -232.55453491210938
-960.493896484375 -231.5273895263672
-961.7958374023438 -229.95193481445312
-963.4341430664062 -228.94223022460938
-963.038330078125 -226.95089721679688
-964.6546020507812 -224.97654724121094
-966.6155395507812 -222.98402404785156
-968.5855712890625 -220.98597717285156
-970.5779418945312 -218.98834228515625
-972.4436645507812 -216.98941040039062
-974.4242553710938 -215.0087890625
-976.1271362304688 -216.95529174804688
-978.1043090820312 -214.95877075195312
-979.9951782226562 -216.89466857910156
-981.8735961914062 -218.88746643066406
-983.8342895507812 -216.88792419433594
-985.6824951171875 -214.90463256835938
-987.4948120117188 -216.7285614013672
-989.4884643554688 -214.74195861816406
-991.1257934570312 -216.66412353515625
-993.1141967773438 -214.70248413085938
-995.0736083984375 -216.0173797607422
-997.0477294921875 -214.0938262939453
-998.7284545898438 -216.0311279296875
-1000.7109985351562 -214.04644775390625
-1000.971923828125 -215.8513641357422
-1002.9625244140625 -213.87921142578125
-1004.5225219726562 -215.778076171875
-1006.4656982421875 -213.79867553710938
-1008.3961791992188 -215.65869140625
-1010.39111328125 -213.84954833984375
-1012.3901977539062 -211.9388427734375
-1013.9025268554688 -213.89666748046875
-1015.8948364257812 -212.73690795898438
-1017.6199951171875 -214.7334747314453
-1019.343505859375 -212.74609375
-1021.3137817382812 -214.6517791748047
-1023.1991577148438 -216.5861358642578
-1025.17578125 -214.58740234375
-1027.1177978515625 -216.5716552734375
-1029.107177734375 -214.60435485839844
-1030.985107421875 -216.50074768066406
-1032.5450439453125 -214.5050811767578
-1034.3563232421875 -216.3594970703125
-1036.13330078125 -214.36260986328125
-1037.9073486328125 -216.1805419921875
-1039.8955078125 -214.27108764648438
-1041.277099609375 -216.2147216796875
-1042.3599853515625 -217.3827667236328
-1044.270751953125 -216.1165771484375
-1046.240234375 -217.59890747070312
-1048.2391357421875 -219.4198455810547
-1050.0958251953125 -220.90989685058594
-1048.7911376953125 -218.91500854492188
-1049.3944091796875 -219.44451904296875
-1050.1414794921875 -217.44471740722656
-1052.0931396484375 -219.3863983154297
-1053.7462158203125 -217.39183044433594
-1055.583984375 -215.3933563232422
-1057.4613037109375 -216.85906982421875
-1059.123779296875 -214.8698272705078
-1061.097900390625 -216.65602111816406
-1063.047607421875 -214.6611328125
-1065.0318603515625 -212.67018127441406
-1066.8013916015625 -214.32803344726562
-1068.5738525390625 -215.7099151611328
-1070.5599365234375 -213.7242889404297
-1071.3043212890625 -214.59132385253906
-1073.2921142578125 -216.29693603515625
-1075.244384765625 -217.7985382080078
-1077.187744140625 -216.98118591308594
-1078.9166259765625 -218.48365783691406
-1080.826416015625 -217.84616088867188
-1082.806884765625 -219.47735595703125
-1084.794677734375 -219.60743713378906
-1086.7796630859375 -219.42787170410156
-1088.755126953125 -218.34571838378906
-1090.745361328125 -219.17581176757812
-1092.7200927734375 -218.04888916015625
-1094.70458984375 -216.05335998535156
-1096.6685791015625 -216.24301147460938
-1098.5772705078125 -214.4355926513672
-1100.4290771484375 -212.75584411621094
-1101.7764892578125 -214.137451171875
-1103.6741943359375 -212.45851135253906
-1102.744384765625 -213.18255615234375
-1104.489013671875 -211.62142944335938
-1106.2198486328125 -212.78602600097656
-1107.8214111328125 -212.0487823486328
-1109.655517578125 -213.0514678955078
-1111.47021484375 -213.42933654785156
-1113.2503662109375 -211.51480102539062
-1114.9688720703125 -211.95599365234375
-1116.426513671875 -212.85443115234375
-1118.3348388671875 -214.16343688964844
-1120.29345703125 -212.42613220214844
-1121.845458984375 -213.52818298339844
-1123.77392578125 -211.8556671142578
-1125.678955078125 -212.30430603027344
-1127.0947265625 -213.0835418701172
-1127.6998291015625 -212.28179931640625
-1129.61572265625 -212.85340881347656
-1131.109619140625 -213.70065307617188
-1132.3763427734375 -215.10890197753906
-1134.3677978515625 -213.12237548828125
-1136.1468505859375 -214.68502807617188
-1138.082275390625 -212.8967742919922
-1139.961669921875 -211.7576904296875
-1141.7548828125 -210.13311767578125
-1143.7362060546875 -208.3258819580078
-1145.698486328125 -206.34446716308594
-1143.709228515625 -204.35743713378906
-1145.4443359375 -202.3858184814453
-1144.3505859375 -200.38597106933594
-1145.9940185546875 -198.41310119628906
-1144.0225830078125 -196.41452026367188
-1145.4393310546875 -194.6956329345703
-1143.491455078125 -192.6958770751953
-1144.8038330078125 -191.3790283203125
-1142.8350830078125 -189.3831329345703
-1143.6605224609375 -187.41598510742188
-1143.9586181640625 -188.09024047851562
-1144.325439453125 -187.60690307617188
-1145.3321533203125 -186.88592529296875
-1143.9365234375 -184.88613891601562
-1145.88330078125 -183.24655151367188
-1144.3670654296875 -181.4084930419922
-1144.8682861328125 -179.635498046875
