-952.73291015625 -293.36297607421875
-953.5355834960938 -291.3630065917969
-952.9913940429688 -289.3630065917969
-951.488037109375 -287.363037109375
-951.1578369140625 -285.3630676269531
-953.0676879882812 -283.3630676269531
-954.993408203125 -281.36309814453125
-955.0677490234375 -279.36309814453125
-955.8447875976562 -277.36309814453125
-957.0585327148438 -275.36309814453125
-956.3236694335938 -273.3631286621094
-956.1826782226562 -271.3631896972656
-956.5029907226562 -269.3634338378906
-956.8484497070312 -267.36346435546875
-958.1443481445312 -265.3634948730469
-957.9385375976562 -263.3634948730469
-959.153564453125 -261.36358642578125
-960.5347900390625 -259.36358642578125
-959.9814453125 -257.3636779785156
-959.014892578125 -255.36373901367188
-959.7656860351562 -253.3639373779297
-959.5277099609375 -251.36395263671875
-960.3720703125 -249.36480712890625
-959.9129028320312 -247.36569213867188
-960.461181640625 -245.3663787841797
-958.5283813476562 -243.36643981933594
-956.869140625 -241.3672332763672
-958.265869140625 -239.3672637939453
-957.9666137695312 -237.3673095703125
-959.2117309570312 -235.36741638183594
-957.6343994140625 -233.3676300048828
-959.5245971679688 -231.3677978515625
-960.9315795898438 -229.37118530273438
-962.1854858398438 -227.37184143066406
-963.9315795898438 -225.373046875
-965.868896484375 -223.373046875
-967.8688354492188 -221.373046875
-969.8683471679688 -219.373046875
-971.8683471679688 -217.373046875
-973.8682861328125 -215.373046875
-972.99755859375 -215.29412841796875
-973.3585205078125 -216.7220458984375
-975.358154296875 -214.7220458984375
-974.4146728515625 -215.9929962158203
-973.8381958007812 -216.53695678710938
-975.838134765625 -214.53697204589844
-977.4677124023438 -215.9232635498047
-976.1976318359375 -217.519775390625
-978.1976318359375 -215.519775390625
-980.0957641601562 -216.73529052734375
-982.0252685546875 -218.36753845214844
-984.0252685546875 -216.36753845214844
-985.869384765625 -217.9125518798828
-987.869384765625 -215.9125518798828
-989.8692016601562 -213.9125518798828
-991.7238159179688 -215.09921264648438
-992.7998046875 -217.0397491455078
-994.7996215820312 -215.0397491455078
-996.7068481445312 -216.95394897460938
-998.7068481445312 -214.95394897460938
-1000.6033935546875 -216.3721160888672
-1002.6033935546875 -214.3721160888672
-1004.4766235351562 -215.9368896484375
-1006.4765625 -213.9368896484375
-1007.786376953125 -215.69187927246094
-1009.7863159179688 -213.69187927246094
-1011.7850341796875 -215.22894287109375
-1013.7850341796875 -213.22894287109375
-1015.7848510742188 -211.22894287109375
-1014.5496826171875 -210.98287963867188
-1013.0481567382812 -209.012939453125
-1015.0479736328125 -207.01438903808594
-1014.3551025390625 -205.02920532226562
-1015.3629150390625 -203.03089904785156
-1014.267822265625 -201.1072235107422
-1015.61474609375 -199.15396118164062
-1014.10205078125 -197.18035888671875
-1012.468994140625 -195.4573516845703
-1014.4686279296875 -193.71533203125
-1014.3016967773438 -191.8877716064453
-1012.76806640625 -189.91412353515625
-1014.767822265625 -187.91416931152344
-1016.4842529296875 -185.91455078125
-1015.1969604492188 -183.915771484375
-1013.3121337890625 -182.3189697265625
-1013.1799926757812 -180.426025390625
-1011.7709350585938 -178.4274444580078
-1013.7709350585938 -176.42745971679688
-1015.65087890625 -174.4283905029297
-1016.4996948242188 -172.4779052734375
-1015.0830688476562 -170.51507568359375
-1013.08544921875 -168.54994201660156
-1014.65283203125 -167.76028442382812
-1012.8094482421875 -165.79991149902344
-1011.2880249023438 -163.81008911132812
-1013.2874145507812 -161.81015014648438
-1012.773193359375 -159.81065368652344
-1014.7731323242188 -157.81076049804688
-1016.77294921875 -155.81076049804688
-1018.7727661132812 -153.81076049804688
-1020.4271240234375 -155.71914672851562
-1022.4268798828125 -153.71914672851562
-1024.37548828125 -155.71237182617188
-1026.3740234375 -153.71237182617188
-1028.3719482421875 -155.63877868652344
-1030.3717041015625 -153.63877868652344
-1032.3349609375 -155.63229370117188
-1034.3348388671875 -153.63229370117188
-1036.3251953125 -155.61680603027344
-1038.3243408203125 -153.6168212890625
-1040.32421875 -155.61404418945312
-1042.32421875 -153.61404418945312
-1044.1551513671875 -155.6055145263672
-1046.1551513671875 -153.6055145263672
-1048.135009765625 -155.5491485595703
-1050.1348876953125 -153.5491485595703
-1052.1346435546875 -151.5491485595703
-1054.13134765625 -153.5366668701172
-1056.1312255859375 -151.5366668701172
-1058.1265869140625 -153.50125122070312
-1060.1265869140625 -151.50125122070312
-1062.124267578125 -153.4651641845703
-1064.1241455078125 -151.46517944335938
-1066.1224365234375 -153.32180786132812
-1068.1124267578125 -155.31951904296875
-1070.1123046875 -153.3195343017578
-1072.1123046875 -151.3195343017578
-1074.1123046875 -153.29856872558594
-1076.11083984375 -151.29856872558594
-1078.0975341796875 -153.1942138671875
-1080.0975341796875 -151.19422912597656
-1082.0914306640625 -153.18289184570312
-1084.0914306640625 -151.18289184570312
-1086.082275390625 -153.06277465820312
-1088.080322265625 -155.05694580078125
-1090.078369140625 -153.0569610595703
-1091.9283447265625 -155.0012664794922
-1093.9278564453125 -153.0012664794922
-1095.9066162109375 -154.40077209472656
-1097.8902587890625 -156.38223266601562
-1099.887451171875 -154.38223266601562
-1101.8873291015625 -156.36614990234375
-1103.8773193359375 -154.36614990234375
-1105.8717041015625 -156.3552703857422
-1107.8707275390625 -154.3552703857422
-1109.8695068359375 -156.29002380371094
-1111.86865234375 -154.2901611328125
-1113.8665771484375 -156.21543884277344
-1115.8665771484375 -154.21546936035156
-1117.86572265625 -156.21453857421875
-1119.865478515625 -154.2146453857422
-1121.864501953125 -156.19497680664062
-1123.864501953125 -154.1950225830078
-1125.86083984375 -156.18875122070312
-1127.8607177734375 -154.1888427734375
-1129.7996826171875 -156.18832397460938
-1131.7958984375 -158.1851806640625
