-954.0382080078125 -293.3631591796875
-955.4733276367188 -291.3631591796875
-956.8192138671875 -289.3634338378906
-956.717041015625 -287.3639221191406
-956.4195556640625 -285.364013671875
-955.939453125 -283.3644714355469
-954.2971801757812 -281.3651428222656
-955.1593627929688 -279.36517333984375
-955.8323364257812 -277.3656921386719
-957.3611450195312 -275.36712646484375
-956.5849609375 -273.36859130859375
-957.3567504882812 -271.3687438964844
-959.182861328125 -269.3699645996094
-957.5881958007812 -267.37005615234375
-958.4190673828125 -265.3724060058594
-960.0083618164062 -263.37261962890625
-961.046630859375 -261.3739013671875
-961.0700073242188 -259.3739929199219
-961.2646484375 -257.4141540527344
-959.3624267578125 -255.49478149414062
-960.2861938476562 -253.51913452148438
-959.6201782226562 -251.51942443847656
-959.7352905273438 -249.52183532714844
-958.6941528320312 -247.52230834960938
-956.9794921875 -245.53146362304688
-958.237060546875 -243.53440856933594
-956.6856079101562 -241.5417938232422
-957.923828125 -239.5431365966797
-956.532958984375 -237.5586700439453
-957.2603149414062 -235.56712341308594
-957.77490234375 -233.57687377929688
-957.4402465820312 -231.58065795898438
-958.9368896484375 -229.77456665039062
-958.7850952148438 -227.77566528320312
-957.5630493164062 -225.83070373535156
-959.5421142578125 -223.8312530517578
-960.8155517578125 -221.83424377441406
-962.741455078125 -219.84893798828125
-964.7385864257812 -217.8494110107422
-966.738037109375 -215.8502655029297
-968.7298583984375 -213.8556365966797
-966.985107421875 -215.3416290283203
-968.9848022460938 -213.341796875
-967.7100830078125 -213.12109375
-966.0420532226562 -214.8754119873047
-964.5718383789062 -216.10096740722656
-966.5632934570312 -214.10150146484375
-964.8967895507812 -215.7201385498047
-966.8961181640625 -213.7209930419922
-966.59033203125 -213.41360473632812
-966.0661010742188 -215.32916259765625
-968.0646362304688 -213.3292999267578
-967.243896484375 -214.98300170898438
-967.39892578125 -216.74639892578125
-969.3975219726562 -214.74668884277344
-968.340576171875 -215.40560913085938
-967.4338989257812 -215.79177856445312
-969.4324340820312 -213.7919158935547
-967.9745483398438 -215.1461944580078
-967.890869140625 -216.76638793945312
-969.8897705078125 -214.7686767578125
-970.62890625 -215.65675354003906
-970.70654296875 -217.64808654785156
-972.6996459960938 -215.64825439453125
-971.0308227539062 -217.27210998535156
-973.0112915039062 -215.27320861816406
-971.9645385742188 -217.02151489257812
-973.9536743164062 -215.02627563476562
-975.1153564453125 -216.4991912841797
-977.1152954101562 -214.49960327148438
-977.5529174804688 -216.43724060058594
-979.3436279296875 -218.38084411621094
-981.341064453125 -216.39834594726562
-983.02783203125 -217.34910583496094
-985.0269775390625 -215.349609375
-985.9473266601562 -216.91929626464844
-987.9468383789062 -214.95492553710938
-989.8325805664062 -216.81591796875
-991.8262329101562 -214.82168579101562
-993.7947998046875 -216.4910430908203
-995.7935180664062 -214.50064086914062
-997.33935546875 -216.43008422851562
-999.338134765625 -214.4827117919922
-1001.3326416015625 -216.4483642578125
-1003.332275390625 -214.4491729736328
-1004.6021118164062 -216.33700561523438
-1006.60205078125 -214.41177368164062
-1006.7947387695312 -215.28501892089844
-1008.7911987304688 -213.2861328125
-1010.6237182617188 -214.331298828125
-1012.6232299804688 -212.372802734375
-1014.6177978515625 -212.43148803710938
-1014.171630859375 -214.4017791748047
-1016.171630859375 -212.40213012695312
-1014.4883422851562 -214.24830627441406
-1016.4874877929688 -212.27174377441406
-1014.604248046875 -214.23544311523438
-1016.604248046875 -212.73599243164062
-1015.7778930664062 -214.45480346679688
-1017.77783203125 -212.50425720214844
-1018.110107421875 -214.49632263183594
-1020.1099853515625 -212.67031860351562
-1021.5044555664062 -214.52157592773438
-1021.3400268554688 -216.40550231933594
-1023.3394775390625 -214.40802001953125
-1022.0493774414062 -216.3522186279297
-1024.047119140625 -214.37869262695312
-1025.9473876953125 -215.0908203125
-1026.755615234375 -216.96505737304688
-1028.6427001953125 -214.9868621826172
-1030.45849609375 -215.57623291015625
-1032.458251953125 -214.07650756835938
-1034.3751220703125 -215.86585998535156
-1036.3719482421875 -213.89208984375
-1038.3671875 -215.6338653564453
-1038.93798828125 -217.3114013671875
-1040.9375 -215.45077514648438
-1042.80029296875 -217.27491760253906
-1044.7991943359375 -215.3711395263672
-1044.7994384765625 -216.09837341308594
-1045.9654541015625 -218.0392608642578
-1045.5509033203125 -218.8982391357422
-1047.55078125 -217.00892639160156
-1048.5203857421875 -218.87347412109375
-1050.497314453125 -220.5087432861328
-1048.78564453125 -218.51113891601562
-1050.532958984375 -219.0055694580078
-1052.398681640625 -217.01043701171875
-1054.3858642578125 -215.01437377929688
-1056.294677734375 -216.24632263183594
-1058.274658203125 -214.26026916503906
-1059.9727783203125 -216.098388671875
-1061.9571533203125 -214.47738647460938
-1063.918701171875 -212.49461364746094
-1062.3779296875 -213.11041259765625
-1064.2911376953125 -213.98678588867188
-1062.7161865234375 -215.7669677734375
-1064.7149658203125 -214.2344207763672
-1062.8358154296875 -215.82879638671875
-1064.82861328125 -213.86236572265625
-1063.3973388671875 -212.15310668945312
-1062.224853515625 -212.2799835205078
-1064.2247314453125 -213.3537139892578
-1062.251220703125 -215.01136779785156
-1064.21435546875 -213.04330444335938
-1065.991943359375 -214.76788330078125
-1065.8592529296875 -216.2965545654297
-1067.8096923828125 -214.3519287109375
-1069.1221923828125 -215.9469757080078
-1071.1202392578125 -213.95590209960938
-1073.0653076171875 -215.26197814941406
-1074.5584716796875 -217.14553833007812
-1076.5577392578125 -215.6422576904297
-1078.549560546875 -217.2596435546875
-1080.5269775390625 -217.27877807617188
-1082.427490234375 -217.70811462402344
-1084.4022216796875 -218.14463806152344
-1086.37255859375 -217.1898651123047
-1088.3271484375 -217.97796630859375
-1089.6546630859375 -219.01004028320312
-1091.620849609375 -217.07659912109375
-1093.585205078125 -215.88526916503906
-1095.455810546875 -214.2235107421875
-1097.3629150390625 -215.51104736328125
-1099.1170654296875 -215.20530700683594
-1101.0855712890625 -216.44512939453125
-1102.9984130859375 -214.65003967285156
-1104.9693603515625 -215.65748596191406
-1106.92822265625 -216.11338806152344
-1108.91552734375 -214.14285278320312
-1110.748291015625 -214.33323669433594
-1112.3975830078125 -215.28370666503906
-1114.38525390625 -217.205322265625
-1116.30908203125 -215.34048461914062
-1118.2850341796875 -215.11590576171875
-1120.14306640625 -213.55752563476562
-1121.8787841796875 -212.84426879882812
-1123.2469482421875 -211.19912719726562
-1121.4058837890625 -210.50282287597656
-1122.6768798828125 -211.1577911376953
-1124.262451171875 -212.79302978515625
-1125.084716796875 -214.24269104003906
-1126.32470703125 -212.4512481689453
-1128.0469970703125 -212.7367401123047
-1129.505126953125 -213.95828247070312
-1131.3624267578125 -213.34132385253906
-1133.171142578125 -213.00669860839844
-1133.130126953125 -214.49346923828125
-1132.90185546875 -213.31678771972656
-1131.3111572265625 -213.1231689453125
-1131.3653564453125 -212.8267822265625
-1132.356201171875 -211.25755310058594
-1131.8111572265625 -210.84771728515625
-1131.489990234375 -209.9304656982422
-1132.2236328125 -211.06442260742188
-1134.143798828125 -211.51084899902344
-1134.0045166015625 -211.08026123046875
-1135.729248046875 -211.75160217285156
-1137.6319580078125 -210.91195678710938
-1139.52001953125 -212.1985626220703
-1141.45361328125 -211.9981689453125
-1143.453369140625 -210.099609375
-1145.453369140625 -208.1421356201172
-1147.4530029296875 -206.1480712890625
-1145.455810546875 -204.88516235351562
-1143.552978515625 -203.1623992919922
-1145.547119140625 -201.21702575683594
-1143.5562744140625 -199.58152770996094
-1145.55615234375 -197.6532745361328
-1143.556396484375 -196.20709228515625
-1145.555908203125 -194.41934204101562
-1143.5885009765625 -192.6754608154297
-1145.587646484375 -190.78500366210938
-1143.5882568359375 -189.4296112060547
-1145.584716796875 -187.5222625732422
-1143.5888671875 -185.53750610351562
-1145.58740234375 -184.7335662841797
-1146.2158203125 -182.7389678955078
-1144.21875 -184.0292205810547
-1146.2139892578125 -182.4144744873047
-1144.215087890625 -183.69395446777344
-1146.213134765625 -181.74278259277344
-1144.2197265625 -183.51588439941406
-1146.217529296875 -181.68629455566406
-1144.2353515625 -183.57313537597656
-1146.2344970703125 -184.07798767089844
-1146.936767578125 -182.08526611328125
-1144.936767578125 -183.0478973388672
-1146.9366455078125 -181.3108367919922
-1144.93896484375 -180.33876037597656
-1146.9281005859375 -178.41921997070312
