-952.1729125976562 -293.36334228515625
-950.5650634765625 -291.36480712890625
-949.2315673828125 -289.3667297363281
-949.3988037109375 -287.3674621582031
-947.8224487304688 -285.39349365234375
-949.0418701171875 -283.3946838378906
-949.7440185546875 -281.4420166015625
-949.5598754882812 -279.46649169921875
-951.2976684570312 -277.4828186035156
-952.1228637695312 -275.48284912109375
-951.0672607421875 -273.4849548339844
-951.7200927734375 -271.4864196777344
-950.9248657226562 -269.5163269042969
-951.196044921875 -267.5179748535156
-953.0046997070312 -265.5279235839844
-951.1510009765625 -263.5284118652344
-952.5851440429688 -261.5296325683594
-953.4176635742188 -259.5299377441406
-952.1109008789062 -257.67913818359375
-950.927978515625 -255.75323486328125
-952.4271850585938 -253.76119995117188
-953.7386474609375 -251.77456665039062
-954.6738891601562 -249.78182983398438
-953.3927001953125 -247.86447143554688
-952.8197021484375 -246.51043701171875
-954.4268188476562 -246.40943908691406
-955.9797973632812 -244.585205078125
-954.5365600585938 -242.79701232910156
-955.7609252929688 -240.79949951171875
-957.3052978515625 -238.8299102783203
-957.9371948242188 -236.90037536621094
-957.4230346679688 -234.97860717773438
-958.9112548828125 -232.98374938964844
-957.4398803710938 -232.10549926757812
-956.8343505859375 -230.1708526611328
-956.6972045898438 -228.25535583496094
-957.1973876953125 -226.25599670410156
-958.0675048828125 -224.25872802734375
-959.3768920898438 -222.25880432128906
-961.371337890625 -220.2588348388672
-963.356201171875 -218.2593536376953
-965.353759765625 -216.25938415527344
-967.31884765625 -214.25946044921875
-967.4518432617188 -216.23619079589844
-969.4503173828125 -214.2362060546875
-971.3801879882812 -215.74624633789062
-973.3657836914062 -216.8940887451172
-975.3570556640625 -214.8941192626953
-977.3562622070312 -216.88136291503906
-979.3226928710938 -214.8816375732422
-981.3146362304688 -213.34800720214844
-983.3124389648438 -212.90423583984375
-985.2738647460938 -214.8505096435547
-987.2733764648438 -216.7552032470703
-989.2684326171875 -214.7552032470703
-991.2496948242188 -216.46458435058594
-993.2407836914062 -214.4646453857422
-995.2367553710938 -215.89739990234375
-997.2147216796875 -213.89743041992188
-999.2076416015625 -215.321533203125
-1001.2034301757812 -214.93222045898438
-1003.1932983398438 -216.30218505859375
-1005.1763305664062 -214.30221557617188
-1007.1580200195312 -215.2411346435547
-1009.1489868164062 -213.2413330078125
-1010.916259765625 -213.6510467529297
-1012.8447265625 -211.6517791748047
-1014.7949829101562 -210.13742065429688
-1016.5794067382812 -210.8700408935547
-1018.3135986328125 -212.52874755859375
-1020.2074584960938 -213.53067016601562
-1021.67236328125 -213.29550170898438
-1023.6563110351562 -214.6876678466797
-1025.1864013671875 -216.4930419921875
-1027.1715087890625 -214.49305725097656
-1029.1090087890625 -216.1891326904297
-1031.0887451171875 -214.18927001953125
-1033.0643310546875 -215.23687744140625
-1034.9154052734375 -216.8096160888672
-1036.874267578125 -214.8096466064453
-1038.8414306640625 -216.0258331298828
-1040.8204345703125 -216.1731719970703
-1042.806884765625 -217.78363037109375
-1044.755126953125 -215.78370666503906
-1046.7216796875 -215.09829711914062
-1048.6917724609375 -216.95204162597656
-1050.672607421875 -218.6136016845703
-1048.9566650390625 -216.6136016845703
-1050.9344482421875 -216.85313415527344
-1052.9154052734375 -217.7791748046875
-1054.865966796875 -215.77920532226562
-1056.452880859375 -216.73788452148438
-1058.389404296875 -214.73805236816406
-1060.349609375 -213.80807495117188
-1062.3323974609375 -213.62387084960938
-1064.273193359375 -215.3450927734375
-1066.2659912109375 -213.3461151123047
-1068.238525390625 -215.31137084960938
-1070.214599609375 -216.40142822265625
-1071.8045654296875 -214.40184020996094
-1073.5657958984375 -215.931640625
-1075.532958984375 -217.64947509765625
-1077.4852294921875 -215.6813507080078
-1079.404052734375 -214.1662139892578
-1081.37109375 -215.0514373779297
-1083.2725830078125 -213.92884826660156
-1085.2633056640625 -215.54493713378906
-1087.15576171875 -216.06515502929688
-1088.8843994140625 -217.3460235595703
-1090.6663818359375 -218.70388793945312
-1092.6617431640625 -216.76109313964844
-1094.6131591796875 -216.50245666503906
-1096.5888671875 -214.8310089111328
-1098.515869140625 -215.89271545410156
-1100.4832763671875 -214.04295349121094
-1102.40185546875 -213.37181091308594
-1104.0771484375 -215.19680786132812
-1106.0345458984375 -214.57611083984375
-1108.017578125 -213.03118896484375
-1109.8533935546875 -213.85739135742188
-1111.8450927734375 -212.79356384277344
-1113.827392578125 -212.4337921142578
-1115.791015625 -213.8385009765625
-1117.7481689453125 -214.1649932861328
-1119.7169189453125 -212.36502075195312
-1121.442138671875 -211.77052307128906
-1122.0635986328125 -213.3313446044922
-1123.951904296875 -214.51089477539062
-1125.880615234375 -212.7220001220703
-1127.8294677734375 -211.4228973388672
-1129.7020263671875 -210.34136962890625
-1131.3299560546875 -212.10133361816406
-1133.096923828125 -213.3633575439453
-1134.916259765625 -213.34597778320312
-1136.849365234375 -214.4221649169922
-1138.830322265625 -213.7489776611328
-1140.82177734375 -212.50242614746094
-1142.818115234375 -210.55296325683594
-1144.7786865234375 -208.65640258789062
-1146.7330322265625 -206.66091918945312
-1144.796875 -204.66476440429688
-1146.7900390625 -202.68675231933594
-1145.014404296875 -200.6870574951172
-1147.0130615234375 -198.70753479003906
-1145.031982421875 -197.06272888183594
-1143.110595703125 -195.06399536132812
-1145.110107421875 -193.07183837890625
-1143.13525390625 -191.07603454589844
-1145.0762939453125 -189.11537170410156
-1143.2025146484375 -187.13343811035156
-1145.16943359375 -185.47885131835938
-1145.4578857421875 -183.47950744628906
-1147.4517822265625 -181.5257568359375
-1147.1561279296875 -181.8700408935547
-1148.03955078125 -182.6852264404297
-1148.9532470703125 -184.40968322753906
-1148.281982421875 -182.41009521484375
-1149.2122802734375 -183.9165802001953
-1150.745361328125 -181.91864013671875
