-1093.2552490234375 -51.58930969238281
-1095.1136474609375 -52.612735748291016
-1097.0858154296875 -54.52955627441406
-1095.47265625 -56.10972595214844
-1097.47265625 -58.039241790771484
-1095.4798583984375 -59.810977935791016
-1097.47900390625 -61.10531234741211
-1095.5062255859375 -62.3788948059082
-1097.5009765625 -63.995086669921875
-1095.5323486328125 -65.311767578125
-1097.5177001953125 -66.68345642089844
-1095.656494140625 -68.61203002929688
-1097.6549072265625 -70.54961395263672
-1095.7880859375 -72.39661407470703
-1097.3538818359375 -73.53362274169922
-1099.3387451171875 -75.24708557128906
-1097.43017578125 -77.15921020507812
-1099.423583984375 -76.65587615966797
-1097.43115234375 -78.3255386352539
-1099.4259033203125 -79.73365783691406
-1097.4892578125 -80.32508087158203
-1099.476318359375 -79.73648071289062
-1097.5439453125 -81.57421875
-1099.5433349609375 -82.8089599609375
-1097.544189453125 -84.71870422363281
-1099.54248046875 -86.56047821044922
-1097.5704345703125 -87.43929290771484
-1099.5216064453125 -89.27857971191406
-1097.531982421875 -90.98126983642578
-1099.5020751953125 -92.55168914794922
-1097.51416015625 -94.0988540649414
-1099.38525390625 -96.08659362792969
-1097.5279541015625 -98.0270767211914
-1099.5272216796875 -99.37747192382812
-1097.6502685546875 -100.9943618774414
-1099.64794921875 -102.78595733642578
-1097.7200927734375 -104.70863342285156
-1099.70751953125 -106.53028869628906
-1099.0904541015625 -108.25555419921875
-1098.093994140625 -108.41718292236328
-1099.2181396484375 -108.51240539550781
-1097.4560546875 -110.49687194824219
-1095.501220703125 -111.5638198852539
-1093.5697021484375 -112.92758178710938
-1092.359375 -113.69244384765625
-1090.6842041015625 -112.71471405029297
-1089.063232421875 -112.83855438232422
-1087.1962890625 -112.03367614746094
-1085.4842529296875 -112.03498077392578
-1083.8687744140625 -113.54764556884766
-1082.066650390625 -115.27269744873047
-1080.302978515625 -114.1202392578125
-1079.115966796875 -112.82097625732422
-1077.64013671875 -113.51156616210938
-1075.6619873046875 -113.82746887207031
-1073.76953125 -115.68006134033203
-1075.6285400390625 -117.36197662353516
-1073.6849365234375 -119.11822509765625
-1075.65283203125 -120.29415130615234
-1074.314697265625 -121.94190979003906
-1076.308349609375 -123.83238220214844
-1074.3087158203125 -125.80632781982422
-1076.3040771484375 -127.37771606445312
-1074.32568359375 -129.29037475585938
-1076.3248291015625 -131.0413818359375
-1074.328857421875 -133.0076446533203
-1076.09423828125 -133.96682739257812
-1074.1016845703125 -134.59912109375
-1076.100341796875 -136.46688842773438
-1074.1097412109375 -138.09588623046875
-1076.1077880859375 -139.82752990722656
-1074.1082763671875 -141.72537231445312
-1076.0718994140625 -143.5026397705078
-1074.076416015625 -145.28329467773438
-1072.080078125 -146.52964782714844
-1073.5572509765625 -148.36293029785156
-1071.5606689453125 -149.5001678466797
-1073.4793701171875 -150.9057159423828
-1075.41845703125 -152.48782348632812
-1073.557373046875 -153.66062927246094
-1072.7689208984375 -154.96124267578125
-1072.5943603515625 -156.2335968017578
-1072.4918212890625 -154.57762145996094
-1070.684814453125 -155.59152221679688
-1068.688720703125 -155.35665893554688
-1066.8291015625 -157.0919189453125
-1064.8629150390625 -156.01698303222656
-1066.5091552734375 -157.78089904785156
-1064.516357421875 -157.68316650390625
-1066.499267578125 -159.6573944091797
-1064.5068359375 -158.60682678222656
-1066.505126953125 -160.01266479492188
-1064.5235595703125 -159.5668487548828
-1066.51708984375 -161.47071838378906
-1064.54541015625 -159.9951629638672
-1066.5089111328125 -161.8590087890625
-1064.519775390625 -162.9427490234375
-1066.5135498046875 -164.4732666015625
-1064.5166015625 -162.90359497070312
-1066.4888916015625 -164.84918212890625
-1064.4896240234375 -163.63734436035156
-1062.4901123046875 -163.56576538085938
-1064.4888916015625 -165.30557250976562
-1062.49072265625 -166.84449768066406
-1064.4884033203125 -168.6957244873047
-1062.4947509765625 -169.72515869140625
-1064.489990234375 -170.86585998535156
-1062.4912109375 -172.80162048339844
-1064.4906005859375 -173.13619995117188
-1062.5155029296875 -175.07095336914062
-1064.513427734375 -176.4916229248047
-1062.514404296875 -178.3369140625
-1064.51123046875 -179.59217834472656
-1062.511474609375 -181.57919311523438
-1064.509033203125 -182.85585021972656
-1062.5096435546875 -184.7705841064453
-1064.4573974609375 -186.46617126464844
-1066.45068359375 -187.95823669433594
-1064.5013427734375 -186.78424072265625
-1066.4755859375 -188.6874237060547
-1064.48876953125 -188.93682861328125
-1062.4993896484375 -188.6704864501953
-1064.498779296875 -189.31248474121094
-1062.518310546875 -190.58763122558594
-1064.484130859375 -192.48919677734375
-1062.485107421875 -194.351806640625
-1064.48486328125 -196.26637268066406
-1062.4853515625 -198.12257385253906
-1064.459716796875 -198.7633514404297
-1062.462646484375 -198.0453643798828
-1063.8450927734375 -198.70677185058594
-1061.8458251953125 -200.41372680664062
-1063.842529296875 -201.6829071044922
-1061.854736328125 -203.3948516845703
-1063.8543701171875 -204.5596160888672
-1061.8553466796875 -205.92288208007812
-1063.7984619140625 -207.12277221679688
-1061.79931640625 -208.74745178222656
-1063.7896728515625 -210.33753967285156
-1061.791015625 -212.2631072998047
-1062.8885498046875 -214.26100158691406
-1061.463134765625 -214.3983154296875
-1061.135498046875 -216.38780212402344
-1059.2197265625 -215.1921844482422
-1058.123291015625 -214.78135681152344
-1056.8616943359375 -216.74014282226562
-1054.9237060546875 -215.63592529296875
-1053.66162109375 -217.62982177734375
-1051.79052734375 -216.9272003173828
-1053.0723876953125 -218.917724609375
-1051.0736083984375 -217.60975646972656
-1049.7410888671875 -219.6002960205078
-1047.957275390625 -220.873046875
-1049.937255859375 -222.8413543701172
-1047.9759521484375 -224.62545776367188
-1049.97314453125 -226.47872924804688
-1047.9788818359375 -228.34376525878906
-1049.9786376953125 -230.24081420898438
-1048.00146484375 -231.88954162597656
-1050.000244140625 -233.86911010742188
-1048.044189453125 -234.26795959472656
-1049.8994140625 -236.116943359375
-1047.916748046875 -238.05226135253906
-1049.90966796875 -239.94659423828125
-1048.0352783203125 -241.70089721679688
-1048.082275390625 -243.18641662597656
-1049.681640625 -244.57565307617188
-1048.189697265625 -246.26979064941406
-1049.89111328125 -248.23277282714844
-1048.1165771484375 -249.95187377929688
-1049.794677734375 -251.4969482421875
-1047.82373046875 -250.3002166748047
-1049.7938232421875 -252.27877807617188
-1048.097900390625 -251.4036865234375
-1050.08447265625 -253.3364715576172
-1048.1239013671875 -253.5957489013672
