-1093.2860107421875 -50.937538146972656
-1095.2586669921875 -52.446319580078125
-1097.2581787109375 -52.8485221862793
-1095.2584228515625 -54.18191146850586
-1097.196533203125 -53.45094299316406
-1095.281005859375 -53.877197265625
-1097.2576904296875 -55.7153434753418
-1095.261962890625 -57.56376647949219
-1097.25341796875 -59.51628494262695
-1095.256591796875 -60.877384185791016
-1097.2386474609375 -62.12954330444336
-1095.875244140625 -62.88133239746094
-1094.331298828125 -63.58885955810547
-1096.3304443359375 -65.21894073486328
-1094.3714599609375 -67.11663818359375
-1096.36669921875 -69.06983947753906
-1094.3743896484375 -71.01942443847656
-1096.3046875 -71.68399810791016
-1098.2655029296875 -73.54266357421875
-1096.2703857421875 -75.3936996459961
-1098.265625 -76.74211120605469
-1100.264892578125 -76.56997680664062
-1098.2747802734375 -76.73088836669922
-1100.27392578125 -78.32938385009766
-1098.2857666015625 -79.87626647949219
-1096.2899169921875 -81.6429214477539
-1098.2894287109375 -82.30427551269531
-1096.2919921875 -83.7414321899414
-1098.1893310546875 -85.21859741210938
-1096.1915283203125 -87.0966567993164
-1098.147216796875 -88.96759033203125
-1096.1573486328125 -90.63768005371094
-1098.129638671875 -91.1775131225586
-1096.1319580078125 -92.75865173339844
-1098.1300048828125 -94.5840072631836
-1096.1531982421875 -95.0173110961914
-1098.151123046875 -95.52606201171875
-1096.1580810546875 -97.38804626464844
-1098.15625 -98.96379089355469
-1096.1728515625 -100.89104461669922
-1098.1630859375 -102.72386169433594
-1100.1536865234375 -104.48013305664062
-1098.154541015625 -106.34902954101562
-1097.9735107421875 -107.55883026123047
-1096.228759765625 -106.86177062988281
-1095.2322998046875 -108.7178955078125
-1093.5499267578125 -110.5098876953125
-1091.5633544921875 -109.61504364013672
-1090.211181640625 -110.11064910888672
-1092.105224609375 -111.7177734375
-1090.42431640625 -111.55726623535156
-1090.4140625 -112.23589324951172
-1090.1337890625 -110.66687774658203
-1089.9013671875 -109.33061218261719
-1088.1534423828125 -111.28031921386719
-1086.73583984375 -110.76766204833984
-1086.173583984375 -112.32791900634766
-1085.16357421875 -111.11985778808594
-1084.332763671875 -110.24226379394531
-1084.8306884765625 -109.28256225585938
-1083.1240234375 -111.24230194091797
-1081.3287353515625 -112.36345672607422
-1079.36865234375 -113.183837890625
-1077.3746337890625 -112.62030792236328
-1075.3912353515625 -114.34771728515625
-1073.3939208984375 -116.26432037353516
-1075.3753662109375 -118.02796936035156
-1073.378173828125 -119.47403717041016
-1075.3656005859375 -121.31745910644531
-1074.9134521484375 -123.19091796875
-1072.940673828125 -125.06631469726562
-1074.873779296875 -126.68470764160156
-1072.8746337890625 -128.44625854492188
-1074.8739013671875 -130.36932373046875
-1072.8885498046875 -132.30722045898438
-1074.8883056640625 -134.2534942626953
-1072.8895263671875 -135.9982452392578
-1074.8883056640625 -137.9670867919922
-1072.890869140625 -139.89390563964844
-1074.8817138671875 -141.11138916015625
-1072.8900146484375 -142.8258819580078
-1074.883056640625 -144.80715942382812
-1072.8961181640625 -146.7813720703125
-1074.739501953125 -148.767333984375
-1073.4320068359375 -150.7630157470703
-1075.418212890625 -152.76202392578125
-1073.8240966796875 -153.3831787109375
-1075.7166748046875 -154.3713836669922
-1074.5462646484375 -154.301513671875
-1074.9781494140625 -155.9540557861328
-1073.90283203125 -157.3234100341797
-1072.949462890625 -157.87400817871094
-1074.810546875 -158.5543670654297
-1073.0877685546875 -157.9705047607422
-1072.23291015625 -158.58709716796875
-1072.6141357421875 -157.603271484375
-1071.228515625 -157.24386596679688
-1070.1448974609375 -156.00221252441406
-1068.38623046875 -156.8810272216797
-1067.193359375 -158.60867309570312
-1065.2508544921875 -159.9553985595703
-1063.2510986328125 -161.711181640625
-1065.25048828125 -163.6988067626953
-1063.2509765625 -165.6949005126953
-1065.2503662109375 -167.6864776611328
-1063.2503662109375 -169.6761016845703
-1065.2496337890625 -171.67462158203125
-1063.250244140625 -173.6730499267578
-1065.2501220703125 -175.6724090576172
-1063.254150390625 -177.66957092285156
-1065.243896484375 -179.66827392578125
-1063.24462890625 -181.62249755859375
-1065.24462890625 -183.61720275878906
-1063.2459716796875 -185.61402893066406
-1065.236328125 -187.61325073242188
-1063.2613525390625 -189.57489013671875
-1065.259765625 -191.57455444335938
-1063.2598876953125 -193.57028198242188
-1065.2589111328125 -195.56869506835938
-1063.259765625 -197.5625
-1065.2587890625 -199.5611572265625
-1063.2589111328125 -201.54745483398438
-1065.240966796875 -203.54653930664062
-1063.2412109375 -205.5334930419922
-1065.2344970703125 -207.53024291992188
-1063.2357177734375 -209.52413940429688
-1065.2315673828125 -211.520263671875
-1063.23828125 -213.5200653076172
-1061.2471923828125 -215.5200653076172
-1059.7041015625 -215.33236694335938
-1057.993896484375 -216.41043090820312
-1056.6978759765625 -218.16278076171875
-1054.7188720703125 -219.0504913330078
-1052.7203369140625 -220.61720275878906
-1050.746337890625 -222.610107421875
-1048.746826171875 -224.60769653320312
-1050.7410888671875 -226.5796356201172
-1048.7481689453125 -228.57691955566406
-1050.744140625 -230.57379150390625
-1048.7464599609375 -232.56256103515625
-1050.7254638671875 -234.5608673095703
-1048.725830078125 -236.55982971191406
-1050.6776123046875 -238.55804443359375
-1048.6790771484375 -240.55030822753906
-1046.6795654296875 -242.5466766357422
-1048.6336669921875 -244.36183166503906
-1046.6561279296875 -246.3440399169922
-1048.6522216796875 -248.27313232421875
-1050.6414794921875 -250.05276489257812
-1048.645751953125 -251.989990234375
-1050.6075439453125 -253.97036743164062
-1048.6131591796875 -255.94078063964844
