-1093.2470703125 -51.4767951965332
-1094.5703125 -52.31026840209961
-1096.2283935546875 -50.636192321777344
-1094.2376708984375 -51.470882415771484
-1093.143310546875 -52.731571197509766
-1094.46044921875 -51.874473571777344
-1096.099365234375 -53.0262336730957
-1094.102294921875 -54.96363067626953
-1096.0936279296875 -56.663551330566406
-1094.0982666015625 -58.36264419555664
-1095.9410400390625 -58.860774993896484
-1097.930908203125 -60.44834518432617
-1095.9569091796875 -61.843868255615234
-1094.04150390625 -62.22843551635742
-1095.998291015625 -63.7957763671875
-1094.134521484375 -65.75174713134766
-1096.0867919921875 -67.08580780029297
-1094.0872802734375 -68.85830688476562
-1096.0780029296875 -70.02808380126953
-1095.5029296875 -71.99626159667969
-1095.658447265625 -70.54983520507812
-1097.6429443359375 -71.73019409179688
-1095.69091796875 -73.5655746459961
-1097.575439453125 -72.40983581542969
-1095.5802001953125 -74.31556701660156
-1097.44873046875 -75.77629089355469
-1099.4378662109375 -77.22115325927734
-1097.4571533203125 -77.15664672851562
-1099.437744140625 -78.33832550048828
-1097.4407958984375 -78.559326171875
-1099.42724609375 -79.45828247070312
-1097.459228515625 -81.06499481201172
-1099.4591064453125 -82.44916534423828
-1097.5604248046875 -84.1395492553711
-1099.55029296875 -85.55824279785156
-1097.5657958984375 -86.805419921875
-1099.5595703125 -88.13848876953125
-1097.5615234375 -89.95474243164062
-1099.4476318359375 -91.50194549560547
-1097.4986572265625 -93.35155487060547
-1099.426513671875 -95.32433319091797
-1097.6016845703125 -97.29851531982422
-1099.5946044921875 -98.7063980102539
-1097.599609375 -100.62030792236328
-1099.5926513671875 -101.976318359375
-1097.9300537109375 -103.84487915039062
-1099.927734375 -105.82698822021484
-1097.928955078125 -107.65670776367188
-1095.93017578125 -108.78102111816406
-1093.9403076171875 -107.4754867553711
-1093.18310546875 -109.36431884765625
-1091.346923828125 -110.67940521240234
-1089.57958984375 -109.07110595703125
-1087.5982666015625 -111.06011199951172
-1085.615478515625 -112.42166137695312
-1083.64697265625 -112.58164978027344
-1082.760009765625 -112.64065551757812
-1080.806884765625 -112.56733703613281
-1078.82568359375 -112.46124267578125
-1076.8414306640625 -112.47720336914062
-1074.8702392578125 -113.65789794921875
-1072.879638671875 -115.15383911132812
-1074.8306884765625 -115.41683959960938
-1072.834716796875 -117.35359954833984
-1074.8331298828125 -119.05755615234375
-1072.8660888671875 -120.8287353515625
-1074.8660888671875 -121.3312759399414
-1072.9722900390625 -123.25028228759766
-1074.9716796875 -125.2130355834961
-1073.13525390625 -126.65039825439453
-1075.1343994140625 -128.62448120117188
-1073.136962890625 -130.60494995117188
-1075.1356201171875 -132.44358825683594
-1073.138916015625 -134.34405517578125
-1075.133056640625 -136.32080078125
-1073.134033203125 -138.2640838623047
-1075.1331787109375 -140.2016143798828
-1073.13330078125 -142.15145874023438
-1075.13037109375 -144.13743591308594
-1073.13037109375 -145.8657684326172
-1074.77197265625 -147.84805297851562
-1072.7734375 -149.73562622070312
-1074.759033203125 -151.73532104492188
-1073.1053466796875 -153.60008239746094
-1071.8455810546875 -155.0848388671875
-1072.4246826171875 -156.8606414794922
-1071.246826171875 -155.21035766601562
-1069.4503173828125 -155.36331176757812
-1067.660888671875 -153.6695098876953
-1065.6746826171875 -152.42112731933594
-1063.69287109375 -154.41212463378906
-1064.4818115234375 -154.37831115722656
-1064.3099365234375 -154.31663513183594
-1066.1070556640625 -156.20945739746094
-1064.1409912109375 -157.8788299560547
-1065.86865234375 -159.5067138671875
-1063.8712158203125 -160.209716796875
-1065.87060546875 -161.52857971191406
-1063.87060546875 -163.05397033691406
-1065.8619384765625 -165.032470703125
-1063.8619384765625 -166.6992950439453
-1065.8582763671875 -168.66372680664062
-1063.88427734375 -170.30569458007812
-1061.884521484375 -172.07177734375
-1063.8837890625 -174.06857299804688
-1061.88525390625 -175.27342224121094
-1063.875244140625 -176.7533721923828
-1061.8756103515625 -178.6741485595703
-1063.8695068359375 -179.81300354003906
-1065.862060546875 -181.70249938964844
-1063.8621826171875 -183.58334350585938
-1065.8587646484375 -185.5655975341797
-1063.85888671875 -187.54803466796875
-1065.8525390625 -189.50656127929688
-1063.8543701171875 -189.83154296875
-1065.814697265625 -191.83135986328125
-1063.815673828125 -193.7571258544922
-1065.814208984375 -195.67044067382812
-1063.8157958984375 -195.13052368164062
-1065.8046875 -197.1292266845703
-1063.8863525390625 -196.5755615234375
-1061.887939453125 -198.5267791748047
-1063.8763427734375 -200.48739624023438
-1061.8763427734375 -202.46766662597656
-1063.8758544921875 -204.37387084960938
-1061.8759765625 -206.28631591796875
-1063.8414306640625 -208.27020263671875
-1061.844482421875 -208.58059692382812
-1063.7972412109375 -210.5480194091797
-1061.7979736328125 -212.51638793945312
-1059.9378662109375 -214.50198364257812
-1057.9488525390625 -216.5008087158203
-1058.6219482421875 -217.5904083251953
-1056.65478515625 -216.11126708984375
-1055.1917724609375 -215.00656127929688
-1053.2506103515625 -216.90269470214844
-1051.343505859375 -218.17303466796875
-1049.35009765625 -220.14842224121094
-1047.375 -222.1462860107422
-1047.0916748046875 -224.14547729492188
-1048.41552734375 -226.14547729492188
-1048.97119140625 -228.14501953125
-1049.330078125 -230.14488220214844
-1048.2373046875 -232.14462280273438
-1049.752685546875 -234.14413452148438
-1047.752685546875 -236.14183044433594
-1046.962890625 -238.1416015625
-1047.3424072265625 -240.14048767089844
-1048.529541015625 -242.14048767089844
-1046.5296630859375 -244.13922119140625
-1046.7999267578125 -246.1367645263672
-1047.2706298828125 -248.13644409179688
-1046.9798583984375 -250.13560485839844
-1048.7889404296875 -252.13478088378906
-1047.590576171875 -254.134765625
