-1093.2591552734375 -51.614200592041016
-1095.2196044921875 -52.829368591308594
-1097.2152099609375 -54.749141693115234
-1095.2164306640625 -56.7349739074707
-1097.2152099609375 -58.30786895751953
-1095.2188720703125 -60.3040657043457
-1097.212646484375 -62.2637939453125
-1095.2127685546875 -64.24172973632812
-1097.20703125 -65.69164276123047
-1095.20703125 -67.67839813232422
-1097.14453125 -69.43032836914062
-1095.144775390625 -71.38229370117188
-1096.94921875 -73.24076080322266
-1098.6329345703125 -75.21510314941406
-1096.6329345703125 -77.21070098876953
-1098.5362548828125 -79.19603729248047
-1096.536376953125 -81.16830444335938
-1097.203369140625 -82.53815460205078
-1099.167236328125 -84.51791381835938
-1097.16796875 -86.4613265991211
-1098.950927734375 -87.96441650390625
-1096.9619140625 -89.84927368164062
-1098.842529296875 -91.5643310546875
-1096.8431396484375 -93.29653930664062
-1098.822265625 -95.27118682861328
-1096.82470703125 -96.77783203125
-1098.4578857421875 -98.69371795654297
-1096.466552734375 -100.54985809326172
-1098.446533203125 -102.27428436279297
-1096.506591796875 -104.26062774658203
-1096.761474609375 -106.10350036621094
-1096.8367919921875 -107.7750244140625
-1094.8392333984375 -107.99118041992188
-1092.84228515625 -106.63267517089844
-1090.849853515625 -108.61750793457031
-1088.8873291015625 -110.5425033569336
-1086.8935546875 -111.2400894165039
-1084.91943359375 -110.51123046875
-1082.9234619140625 -112.10423278808594
-1081.01611328125 -111.22650909423828
-1079.0804443359375 -113.18720245361328
-1077.0828857421875 -115.13465881347656
-1075.1053466796875 -117.0055923461914
-1073.111083984375 -119.00148010253906
-1075.0870361328125 -120.97206115722656
-1073.0948486328125 -122.82465362548828
-1075.0677490234375 -124.67338562011719
-1073.078125 -126.6582260131836
-1075.03466796875 -128.375244140625
-1073.0623779296875 -130.3013916015625
-1075.05712890625 -131.9608917236328
-1073.06201171875 -133.78619384765625
-1075.0242919921875 -135.5775146484375
-1073.033447265625 -137.49412536621094
-1074.8856201171875 -139.36483764648438
-1072.8861083984375 -140.97898864746094
-1074.538818359375 -142.9381561279297
-1072.542236328125 -144.54527282714844
-1072.7615966796875 -146.54200744628906
-1071.78271484375 -148.53138732910156
-1073.71484375 -150.48643493652344
-1071.718505859375 -152.48463439941406
-1070.025146484375 -152.35427856445312
-1070.9376220703125 -154.3454132080078
-1068.9560546875 -152.97708129882812
-1066.9608154296875 -154.9468536376953
-1064.9619140625 -154.0059051513672
-1066.6817626953125 -155.41921997070312
-1064.69091796875 -154.60121154785156
-1066.177734375 -155.11911010742188
-1064.1947021484375 -156.50845336914062
-1065.9180908203125 -157.41514587402344
-1063.924560546875 -155.86961364746094
-1065.8458251953125 -156.07862854003906
-1063.8504638671875 -154.33888244628906
-1065.798095703125 -153.13531494140625
-1064.0596923828125 -155.05494689941406
-1066.022705078125 -154.20620727539062
-1064.0311279296875 -155.97315979003906
-1064.59033203125 -157.84022521972656
-1066.58837890625 -159.34336853027344
-1064.6573486328125 -159.2628936767578
-1066.6556396484375 -160.92417907714844
-1064.6561279296875 -162.9080810546875
-1066.6134033203125 -164.47523498535156
-1064.6168212890625 -165.72943115234375
-1062.70703125 -167.20193481445312
-1064.513671875 -168.84080505371094
-1062.548583984375 -170.70664978027344
-1064.5313720703125 -171.7003936767578
-1062.533935546875 -171.9258575439453
-1064.5146484375 -172.9034423828125
-1062.517333984375 -174.73626708984375
-1064.3150634765625 -176.58763122558594
-1062.3441162109375 -178.39492797851562
-1064.3006591796875 -180.3777618408203
-1062.4273681640625 -181.9451904296875
-1064.2926025390625 -183.43426513671875
-1066.2860107421875 -185.3892364501953
-1064.41650390625 -186.8786163330078
-1066.2978515625 -188.197021484375
-1064.3050537109375 -187.81922912597656
-1066.1356201171875 -189.67544555664062
-1064.1368408203125 -189.6033935546875
-1062.1651611328125 -191.4342041015625
-1063.9713134765625 -193.2044677734375
-1061.973876953125 -195.0348358154297
-1063.96240234375 -196.85032653808594
-1061.962890625 -198.76907348632812
-1063.8909912109375 -200.6069793701172
-1061.892578125 -201.37554931640625
-1063.597412109375 -202.62892150878906
-1061.5975341796875 -204.61306762695312
-1062.9862060546875 -206.4551239013672
-1064.90087890625 -207.70098876953125
-1062.9027099609375 -208.9350128173828
-1064.8948974609375 -210.44821166992188
-1063.2857666015625 -212.44424438476562
-1061.3492431640625 -214.4436798095703
-1060.2890625 -216.42123413085938
-1059.380126953125 -214.473388671875
-1057.8184814453125 -216.46340942382812
-1055.8348388671875 -215.27081298828125
-1053.8558349609375 -217.2696533203125
-1051.915771484375 -216.72523498535156
-1052.860107421875 -218.68869018554688
-1051.020263671875 -217.00582885742188
-1049.0260009765625 -218.9970703125
-1049.15087890625 -220.9965057373047
-1047.17333984375 -222.8913116455078
-1049.132080078125 -224.8397979736328
-1047.132568359375 -226.58636474609375
-1049.125244140625 -227.9420623779297
-1050.5242919921875 -229.71456909179688
-1048.599609375 -231.6864471435547
-1050.598388671875 -233.67665100097656
-1048.610107421875 -235.5173797607422
-1050.1319580078125 -237.47512817382812
-1048.1324462890625 -238.40138244628906
-1050.036376953125 -239.43247985839844
-1048.12744140625 -240.197509765625
-1050.0845947265625 -242.0981903076172
-1048.0860595703125 -243.69898986816406
-1049.075927734375 -241.98233032226562
-1047.0841064453125 -240.18789672851562
-1049.0211181640625 -242.18113708496094
-1047.025390625 -243.68972778320312
-1048.9876708984375 -244.37399291992188
-1047.09375 -245.8712615966797
-1048.950927734375 -247.4748992919922
-1047.965087890625 -248.83497619628906
-1049.9481201171875 -248.3059844970703
-1048.0419921875 -250.0805206298828
-1048.7054443359375 -251.0635986328125
-1050.5521240234375 -252.6681365966797
-1048.55712890625 -253.77719116210938
