-1093.24853515625 -51.294097900390625
-1095.211669921875 -52.296146392822266
-1097.1976318359375 -52.99066925048828
-1095.2015380859375 -51.29249572753906
-1097.152587890625 -53.27946472167969
-1095.154541015625 -52.61324691772461
-1097.14697265625 -54.46567153930664
-1095.2056884765625 -52.74274826049805
-1097.1787109375 -54.54829406738281
-1095.1807861328125 -53.477813720703125
-1097.177734375 -54.66587829589844
-1095.17822265625 -53.67860794067383
-1097.0704345703125 -55.666221618652344
-1095.0706787109375 -55.12495040893555
-1096.8035888671875 -57.10418701171875
-1094.888916015625 -58.76809310913086
-1096.8880615234375 -60.6778678894043
-1094.88818359375 -61.80817413330078
-1096.8702392578125 -63.484554290771484
-1094.8707275390625 -63.61529541015625
-1096.391845703125 -65.60507202148438
-1094.40673828125 -64.93601989746094
-1096.3917236328125 -66.48883056640625
-1094.39697265625 -68.00462341308594
-1096.39599609375 -69.90072631835938
-1094.4366455078125 -71.40276336669922
-1096.2288818359375 -73.01538848876953
-1098.1976318359375 -74.7447280883789
-1096.197998046875 -74.8547134399414
-1098.0701904296875 -76.83135986328125
-1100.0611572265625 -78.82408142089844
-1098.1392822265625 -77.40644073486328
-1098.6944580078125 -78.90078735351562
-1096.69775390625 -79.60320281982422
-1098.695556640625 -81.52658081054688
-1096.7161865234375 -82.9588623046875
-1098.6768798828125 -84.75770568847656
-1096.6785888671875 -85.72309875488281
-1098.6273193359375 -87.57552337646484
-1096.6275634765625 -86.83897399902344
-1098.6217041015625 -88.80870819091797
-1096.6297607421875 -87.48067474365234
-1098.614990234375 -89.3968734741211
-1096.6153564453125 -87.79051971435547
-1098.6099853515625 -89.78665161132812
-1096.6160888671875 -89.05703735351562
-1098.6005859375 -90.73980712890625
-1096.60546875 -91.04069519042969
-1098.53564453125 -92.823974609375
-1096.5374755859375 -94.508056640625
-1098.5357666015625 -96.50424194335938
-1096.535888671875 -98.35929107666016
-1098.535888671875 -99.60258483886719
-1096.5369873046875 -101.18385314941406
-1098.536376953125 -103.07037353515625
-1096.6749267578125 -104.39918518066406
-1098.6488037109375 -106.25460052490234
-1097.7841796875 -106.35704040527344
-1096.0518798828125 -105.95694732666016
-1097.0802001953125 -107.94124603271484
-1095.7412109375 -106.03704833984375
-1097.529541015625 -107.77577209472656
-1097.1771240234375 -109.34001922607422
-1095.5980224609375 -107.402587890625
-1097.2530517578125 -109.39679718017578
-1096.8194580078125 -107.43109893798828
-1098.75634765625 -106.15450286865234
-1097.2698974609375 -106.16129302978516
-1099.2012939453125 -108.07518768310547
-1098.5086669921875 -107.04607391357422
-1100.3958740234375 -105.63790130615234
-1098.397705078125 -107.5383529663086
-1098.0714111328125 -105.66777801513672
-1100.03759765625 -107.66429138183594
-1098.207275390625 -106.29377746582031
-1097.2957763671875 -107.63160705566406
-1095.773681640625 -106.86811828613281
-1094.4881591796875 -108.86174011230469
-1092.598876953125 -106.97286224365234
-1090.69921875 -108.94477844238281
-1091.3681640625 -110.94316864013672
-1090.00390625 -109.4830551147461
-1089.1689453125 -111.4822998046875
-1088.132568359375 -109.58627319335938
-1086.5189208984375 -111.58224487304688
-1086.296142578125 -109.87609100341797
-1087.3065185546875 -108.4027099609375
-1085.59814453125 -110.34664916992188
-1086.1185302734375 -109.36437225341797
-1084.5589599609375 -111.34227752685547
-1082.9737548828125 -109.82264709472656
-1082.2803955078125 -111.41412353515625
-1081.6473388671875 -109.5123519897461
-1081.4239501953125 -111.49588012695312
-1081.24169921875 -110.04623413085938
-1081.1689453125 -108.35323333740234
-1079.17919921875 -110.33760070800781
-1077.22412109375 -109.24054718017578
-1075.22509765625 -111.20616149902344
-1073.24609375 -110.35066223144531
-1073.0283203125 -112.30875396728516
-1074.6094970703125 -112.81472778320312
-1072.6370849609375 -112.62815856933594
-1074.3773193359375 -114.50265502929688
-1072.3843994140625 -115.26051330566406
-1074.3836669921875 -117.20836639404297
-1072.3837890625 -118.22736358642578
-1074.3836669921875 -120.21131134033203
-1076.3822021484375 -122.20660400390625
-1074.3836669921875 -123.69051361083984
-1076.3814697265625 -125.68955993652344
-1074.3817138671875 -126.22631072998047
-1076.3626708984375 -128.21878051757812
-1074.364501953125 -129.0718994140625
-1076.362060546875 -131.07122802734375
-1074.3623046875 -130.91537475585938
-1076.352294921875 -132.9114532470703
-1074.3668212890625 -133.67527770996094
-1076.363037109375 -135.6609649658203
-1074.3653564453125 -136.94564819335938
-1076.3597412109375 -138.93704223632812
-1074.3677978515625 -139.2904815673828
-1076.3670654296875 -141.28697204589844
-1074.3671875 -142.59002685546875
-1076.3668212890625 -144.58937072753906
-1074.3720703125 -146.43692016601562
-1072.3721923828125 -148.4338836669922
-1074.3536376953125 -150.43382263183594
-1072.3546142578125 -152.43235778808594
-1074.2547607421875 -153.04278564453125
-1074.1776123046875 -155.0081329345703
-1073.004638671875 -154.0962371826172
-1072.793212890625 -153.92291259765625
-1072.7822265625 -155.42491149902344
-1071.277587890625 -156.01817321777344
-1069.8790283203125 -157.59506225585938
-1069.43701171875 -155.902587890625
-1067.5694580078125 -157.3909149169922
-1065.573974609375 -156.01744079589844
-1067.548828125 -158.01248168945312
-1065.5657958984375 -157.9386444091797
-1063.5760498046875 -157.97219848632812
-1065.5660400390625 -159.943603515625
-1063.5684814453125 -160.00489807128906
-1065.5677490234375 -161.94537353515625
-1063.570556640625 -163.83773803710938
-1065.55517578125 -165.83163452148438
-1063.56201171875 -167.72348022460938
-1065.5614013671875 -169.7165985107422
-1063.5626220703125 -171.5892333984375
-1061.5653076171875 -173.1060028076172
-1063.5645751953125 -175.0918731689453
-1061.5645751953125 -177.0623321533203
-1063.514404296875 -178.96527099609375
-1065.5142822265625 -180.96200561523438
-1063.514404296875 -182.8977813720703
-1065.513671875 -184.89064025878906
-1063.5220947265625 -186.89056396484375
-1065.5181884765625 -188.88998413085938
-1063.51953125 -187.64752197265625
-1065.499755859375 -189.6441192626953
-1063.4998779296875 -188.09149169921875
-1065.4635009765625 -190.08236694335938
-1063.4639892578125 -190.97296142578125
-1065.461181640625 -192.96322631835938
-1063.46142578125 -194.2616729736328
-1065.427978515625 -196.26100158691406
-1063.429443359375 -197.07081604003906
-1065.236083984375 -199.05934143066406
-1063.240478515625 -198.2184295654297
-1065.2069091796875 -200.1917724609375
-1063.20703125 -202.0976104736328
-1065.199951171875 -204.09567260742188
-1063.199951171875 -203.44517517089844
-1065.1585693359375 -205.43472290039062
-1063.1585693359375 -206.79466247558594
-1064.7762451171875 -208.79176330566406
-1062.7763671875 -210.7480010986328
-1062.4365234375 -212.7479705810547
-1061.68896484375 -214.74794006347656
-1059.744384765625 -216.09957885742188
-1057.75537109375 -217.1414337158203
-1058.740234375 -215.78765869140625
-1056.9635009765625 -217.532958984375
-1055.0198974609375 -216.5906982421875
-1053.022216796875 -216.31089782714844
-1051.0924072265625 -218.3108367919922
-1049.1053466796875 -220.20382690429688
-1047.105712890625 -221.9326629638672
-1048.7933349609375 -223.92913818359375
-1050.0997314453125 -225.927001953125
-1048.100830078125 -227.8527374267578
-1049.7138671875 -229.84100341796875
-1047.7139892578125 -231.56509399414062
-1049.276611328125 -233.56488037109375
-1047.6234130859375 -235.56358337402344
-1049.611572265625 -237.56300354003906
-1047.6253662109375 -239.44570922851562
-1049.021728515625 -241.4202423095703
-1047.0263671875 -242.54513549804688
-1046.0941162109375 -244.48858642578125
-1047.3011474609375 -246.28872680664062
-1048.858642578125 -248.2479705810547
-1049.7435302734375 -249.2988739013672
-1047.74755859375 -250.6715850830078
-1049.7037353515625 -252.5814666748047
-1047.7547607421875 -252.583251953125
