-897.107421875 -229.29701232910156
-899.0975341796875 -229.99937438964844
-900.5809936523438 -228.50828552246094
-902.467041015625 -228.74539184570312
-904.3800659179688 -229.15042114257812
-906.3322143554688 -227.560791015625
-908.30224609375 -228.1700439453125
-910.2870483398438 -229.7688446044922
-912.2651977539062 -230.04859924316406
-914.11328125 -231.5334014892578
-916.0762939453125 -232.30538940429688
-918.0213012695312 -232.8681640625
-920.001708984375 -234.37802124023438
-921.9741821289062 -236.2823486328125
-923.9736938476562 -237.7899627685547
-925.9735107421875 -239.25840759277344
-927.9735107421875 -240.84527587890625
-929.9735107421875 -242.0732421875
-931.9735107421875 -243.98460388183594
-933.9735107421875 -245.97512817382812
-935.9734497070312 -247.92652893066406
-937.9734497070312 -249.91268920898438
-939.9734497070312 -251.90687561035156
-941.9734497070312 -253.70339965820312
-943.9734497070312 -255.70025634765625
-945.9734497070312 -257.6976013183594
-947.9734497070312 -259.6880798339844
-949.9202880859375 -261.65509033203125
-948.6083984375 -263.64801025390625
-950.2650756835938 -265.6067810058594
-948.8326416015625 -267.4694519042969
-947.3233642578125 -269.3332214355469
-949.1217651367188 -271.303466796875
-951.0270385742188 -273.2747497558594
-951.9479370117188 -275.228759765625
-950.9959106445312 -277.1007995605469
-951.3305053710938 -278.9726867675781
-953.0406494140625 -280.8138427734375
-954.667236328125 -282.7782897949219
-954.84375 -284.760009765625
-956.4185180664062 -286.65667724609375
-956.0125732421875 -288.615478515625
-956.4495239257812 -290.5986022949219
-955.552001953125 -291.3892822265625
-956.3772583007812 -292.7279357910156
-957.7031860351562 -294.66680908203125
-958.43212890625 -296.6556396484375
-960.1727905273438 -298.6379089355469
-961.6162109375 -300.51458740234375
-959.7117919921875 -302.4924011230469
-959.5457153320312 -304.4237365722656
-960.1548461914062 -306.2859191894531
-961.064208984375 -308.2156982421875
-962.5025024414062 -309.08697509765625
-963.613037109375 -310.656982421875
-965.34228515625 -312.6092834472656
-966.7218017578125 -314.59832763671875
-965.9093627929688 -315.93438720703125
-964.3031005859375 -317.7843322753906
-962.4578857421875 -319.5653991699219
-961.2529907226562 -320.6404724121094
-959.5452270507812 -322.4743347167969
-960.9161987304688 -324.37646484375
-959.6592407226562 -326.0080261230469
-961.251708984375 -327.9140625
-961.753173828125 -329.880615234375
-960.1062622070312 -331.5802917480469
-959.3590698242188 -333.4978332519531
-960.8507080078125 -335.3576354980469
-962.5926513671875 -337.3414001464844
-963.2323608398438 -338.88140869140625
-962.651123046875 -340.79815673828125
-960.8187866210938 -342.4001770019531
-961.3868408203125 -344.1952819824219
-962.1929931640625 -345.86553955078125
-963.6298828125 -347.7073059082031
-963.0427856445312 -349.6750793457031
-962.01611328125 -351.49920654296875
-960.7940673828125 -353.2798767089844
-962.1419677734375 -355.1918029785156
-963.2117919921875 -357.1566467285156
-963.7758178710938 -359.10687255859375
-962.167236328125 -360.201416015625
-962.732421875 -362.06036376953125
-962.1359252929688 -362.4921875
-963.5347900390625 -364.42193603515625
-962.130615234375 -366.3296203613281
-963.5602416992188 -368.2889404296875
-964.5524291992188 -370.2263488769531
-965.7271728515625 -372.1519470214844
-965.291259765625 -374.109130859375
-965.038330078125 -376.05560302734375
-963.0963134765625 -376.78424072265625
-964.8640747070312 -378.6280212402344
-966.6642456054688 -380.2471008300781
-965.0736083984375 -381.31756591796875
-964.9085083007812 -383.2152099609375
-964.4341430664062 -384.46331787109375
-965.099853515625 -386.4386291503906
-966.8311157226562 -388.10345458984375
-966.7463989257812 -389.85400390625
-968.5509643554688 -391.7846984863281
-969.9090576171875 -393.4105224609375
-971.8487548828125 -394.8636169433594
-973.845458984375 -396.51690673828125
-975.7997436523438 -396.3147888183594
-975.61572265625 -396.6237487792969
-977.5433349609375 -395.68768310546875
-979.501220703125 -397.5375671386719
-981.1841430664062 -397.2270202636719
-983.0196533203125 -395.72698974609375
-985.0128784179688 -397.6587829589844
-986.432373046875 -397.2239074707031
-986.1073608398438 -396.4131774902344
-988.0321044921875 -394.89056396484375
-990.01318359375 -396.8521423339844
-992.0073852539062 -394.9167785644531
-993.9989624023438 -396.80413818359375
-995.796142578125 -395.6307678222656
-995.5369262695312 -397.1195983886719
-997.3980712890625 -395.6331481933594
-999.2552490234375 -396.9084167480469
-1000.6765747070312 -398.1791687011719
-1000.25341796875 -396.8401184082031
-999.6605224609375 -396.4205017089844
-1001.2505493164062 -396.7339782714844
-1001.598876953125 -395.83233642578125
-1002.6693115234375 -397.1623840332031
-1003.0220336914062 -397.2254638671875
-1002.2825317382812 -397.21630859375
-1002.9241333007812 -395.83489990234375
-1004.2083129882812 -394.6304016113281
-1006.001708984375 -393.7060852050781
-1007.9713745117188 -395.4969177246094
-1009.4988403320312 -397.0448913574219
-1008.947265625 -396.2477111816406
-1010.7115478515625 -397.45416259765625
-1012.226806640625 -396.5447998046875
-1013.5122680664062 -397.2984924316406
-1015.3759155273438 -396.1422424316406
-1017.1978149414062 -396.2785949707031
-1019.1694946289062 -396.05694580078125
-1021.156494140625 -397.2940979003906
-1019.3994140625 -399.1153259277344
-1021.3985595703125 -399.96710205078125
-1019.5925903320312 -401.777099609375
-1021.5924682617188 -403.71551513671875
-1020.31201171875 -402.73419189453125
-1022.3118896484375 -404.663330078125
-1020.3150634765625 -406.49615478515625
-1022.3150024414062 -408.3424987792969
-1020.9093627929688 -410.2844543457031
-1018.9185791015625 -412.1338195800781
-1020.9185180664062 -413.8944396972656
-1019.097412109375 -415.85601806640625
-1021.0964965820312 -417.62451171875
-1019.1619262695312 -419.4757995605469
-1021.1597290039062 -420.28045654296875
-1020.1555786132812 -422.0335388183594
-1022.1554565429688 -423.6927185058594
-1020.6121215820312 -424.3388671875
-1022.6119384765625 -426.315673828125
-1021.5342407226562 -427.1052551269531
-1020.7713012695312 -427.9185791015625
-1022.7699584960938 -429.85675048828125
-1020.8519897460938 -429.5251770019531
-1020.179443359375 -429.3038635253906
-1022.1793823242188 -431.0683898925781
-1021.5849609375 -431.8801574707031
-1020.3214111328125 -433.3423156738281
