-898.549560546875 -227.66542053222656
-900.5157470703125 -226.15231323242188
-902.12353515625 -228.1522674560547
-904.1233520507812 -226.2740020751953
-905.1997680664062 -228.27395629882812
-907.19921875 -226.5030975341797
-909.1943969726562 -228.50299072265625
-911.1917114257812 -226.9029998779297
-912.5941772460938 -228.90261840820312
-914.593017578125 -227.1662139892578
-915.0619506835938 -229.16604614257812
-916.9778442382812 -228.69033813476562
-918.977294921875 -226.82958984375
-920.3526000976562 -228.82955932617188
-922.3519897460938 -226.99998474121094
-924.3316040039062 -228.9999237060547
-926.3312377929688 -227.06019592285156
-928.2240600585938 -229.06005859375
-930.2240600585938 -229.2200469970703
-932.2239990234375 -230.60049438476562
-934.2239990234375 -229.59487915039062
-936.2239379882812 -231.5229949951172
-938.223876953125 -233.31712341308594
-940.2236938476562 -235.29171752929688
-942.2235717773438 -237.28347778320312
-944.2230834960938 -239.2827606201172
-946.1170654296875 -241.28221130371094
-948.1163940429688 -243.28009033203125
-946.7169799804688 -245.27867126464844
-948.7167358398438 -247.27671813964844
-947.4259643554688 -249.27296447753906
-949.3577270507812 -251.2726287841797
-951.1138916015625 -253.27120971679688
-952.2779541015625 -255.2709503173828
-953.0816040039062 -257.27081298828125
-952.0038452148438 -259.2704162597656
-953.7753295898438 -261.2672424316406
-952.478271484375 -263.2599792480469
-953.0098266601562 -265.2569274902344
-952.5044555664062 -267.2514343261719
-954.2827758789062 -269.2510681152344
-956.0397338867188 -271.2452087402344
-956.418701171875 -273.24493408203125
-958.0389404296875 -275.23797607421875
-957.8302001953125 -277.23504638671875
-957.4592895507812 -279.2314453125
-959.418212890625 -281.2314453125
-959.2277221679688 -283.2303161621094
-959.6744995117188 -285.2301025390625
-960.8682250976562 -287.22662353515625
-959.84228515625 -289.2243347167969
-960.3392333984375 -291.2211608886719
-958.8143310546875 -293.2091369628906
-959.0153198242188 -295.2090148925781
-958.7706909179688 -297.2013854980469
-960.2752685546875 -299.1994323730469
-958.8917846679688 -301.19915771484375
-956.9517211914062 -303.1968688964844
-955.0111083984375 -305.1955871582031
-956.4816284179688 -307.19537353515625
-955.24462890625 -309.193359375
-955.3417358398438 -311.19024658203125
-953.7315063476562 -313.1811218261719
-953.3148803710938 -315.1798095703125
-955.2415771484375 -317.16748046875
-957.0510864257812 -319.1182861328125
-956.4117431640625 -321.1099853515625
-954.4987182617188 -323.0633850097656
-955.81591796875 -324.99798583984375
-954.8714599609375 -326.9931640625
-955.5474243164062 -328.9827880859375
-956.1173706054688 -330.9818115234375
-957.5440063476562 -332.9696044921875
-956.12841796875 -334.9677429199219
-954.336181640625 -336.9649353027344
-953.2542724609375 -338.9638977050781
-953.93359375 -340.9432678222656
-955.6658325195312 -342.92254638671875
-955.6038818359375 -344.9205322265625
-954.8358154296875 -346.9198303222656
-954.3141479492188 -348.8788757324219
-953.6072387695312 -350.86285400390625
-955.5383911132812 -352.7480773925781
-955.2432861328125 -354.7369384765625
-953.810791015625 -356.72412109375
-953.6341552734375 -358.7201232910156
-953.8319091796875 -360.66131591796875
-954.301513671875 -362.5978698730469
-955.1394653320312 -364.5782470703125
-953.798095703125 -366.52581787109375
-955.230712890625 -368.501708984375
-956.9353637695312 -370.38592529296875
-958.7222900390625 -372.3076477050781
-956.8588256835938 -374.29998779296875
-956.9925537109375 -376.296630859375
-958.1777954101562 -378.0640563964844
-957.794921875 -379.8646240234375
-959.3439331054688 -381.72515869140625
-960.8958740234375 -383.58294677734375
-959.0032958984375 -385.55322265625
-960.8392333984375 -387.5450744628906
-962.3504638671875 -389.50689697265625
-964.1233520507812 -391.486083984375
-965.8292236328125 -393.2403259277344
-967.1604614257812 -395.2384338378906
-968.4324340820312 -397.2345275878906
-970.4104614257812 -395.2490539550781
-972.0978393554688 -397.24835205078125
-973.9918212890625 -395.2506103515625
-975.9481201171875 -397.24749755859375
-977.7306518554688 -395.2665710449219
-979.7250366210938 -397.2650451660156
-981.7156982421875 -395.2803955078125
-983.6895751953125 -397.2078552246094
-985.3351440429688 -395.27252197265625
-987.3001708984375 -397.26513671875
-989.2728271484375 -395.5343322753906
-991.25244140625 -397.5338439941406
-992.997314453125 -395.6159973144531
-994.7112426757812 -393.8999328613281
-996.326416015625 -395.8962707519531
-997.9631958007812 -393.9467468261719
-999.2357177734375 -395.94647216796875
-1000.6891479492188 -394.241455078125
-1002.4827880859375 -396.23968505859375
-1000.9661865234375 -395.8366394042969
-1002.4585571289062 -396.30853271484375
-1004.2848510742188 -394.75384521484375
-1004.1539306640625 -393.4149169921875
-1005.9562377929688 -395.4076843261719
-1006.2395629882812 -395.5462341308594
-1007.5033569335938 -396.477294921875
-1008.3259887695312 -395.4068908691406
-1008.988525390625 -395.7094421386719
-1010.9761352539062 -396.80413818359375
-1012.7037963867188 -395.44195556640625
-1014.6190185546875 -395.0576171875
-1015.463134765625 -394.15155029296875
-1017.089599609375 -396.1512451171875
-1019.0555419921875 -397.5059509277344
-1020.81494140625 -399.1568603515625
-1021.2816772460938 -400.81683349609375
-1019.7523803710938 -402.75152587890625
-1021.7515258789062 -404.65972900390625
-1020.8217163085938 -406.6567687988281
-1019.8195190429688 -408.6541442871094
-1021.817626953125 -410.6493835449219
-1020.490478515625 -412.503173828125
-1022.489990234375 -414.4814453125
-1023.2743530273438 -416.2066955566406
-1022.6743774414062 -418.1964416503906
-1022.3099975585938 -420.18878173828125
-1021.9708862304688 -422.1748962402344
-1022.7371826171875 -423.865966796875
-1021.67724609375 -425.7611999511719
-1022.9324951171875 -427.7118835449219
-1023.388916015625 -428.18817138671875
-1021.7846069335938 -427.8884582519531
-1022.269775390625 -428.17608642578125
-1021.7703857421875 -429.3121643066406
-1020.0478515625 -431.0165710449219
-1022.0474243164062 -432.0732421875
