-894.6097412109375 -227.79437255859375
-895.7548828125 -226.1197967529297
-897.4033203125 -228.1149444580078
-897.6211547851562 -227.69947814941406
-899.0540771484375 -226.71240234375
-900.2646484375 -228.71205139160156
-899.8380126953125 -227.4404296875
-901.4573974609375 -225.45616149902344
-902.531494140625 -227.4418182373047
-904.35400390625 -225.62222290039062
-906.2810668945312 -227.61558532714844
-908.2654418945312 -226.38551330566406
-909.4686889648438 -228.38491821289062
-911.3156127929688 -226.8140869140625
-913.2468872070312 -228.812744140625
-911.5364379882812 -226.98023986816406
-913.466796875 -228.97891235351562
-913.1293334960938 -227.09671020507812
-914.4925537109375 -229.07177734375
-915.8697509765625 -227.47079467773438
-916.1691284179688 -225.6379852294922
-916.313720703125 -227.6371307373047
-917.2493896484375 -226.00889587402344
-916.2269897460938 -227.98562622070312
-917.471923828125 -226.07225036621094
-916.2474975585938 -228.02133178710938
-917.8973999023438 -226.3928680419922
-916.32373046875 -228.39144897460938
-915.1151123046875 -226.7846221923828
-916.7055053710938 -228.761962890625
-915.1516723632812 -226.85411071777344
-916.1787109375 -228.85389709472656
-914.919921875 -227.36085510253906
-916.9075927734375 -226.04510498046875
-918.3323364257812 -228.04335021972656
-919.6708374023438 -226.12387084960938
-920.4322509765625 -228.12124633789062
-921.8472290039062 -226.1494903564453
-923.7167358398438 -228.12596130371094
-925.70703125 -226.1517333984375
-927.6378173828125 -228.151123046875
-929.6369018554688 -226.95187377929688
-931.63232421875 -228.94471740722656
-933.63232421875 -228.19029235839844
-935.63232421875 -227.7384796142578
-937.62744140625 -229.72332763671875
-939.62744140625 -230.8889617919922
-941.62744140625 -231.7493896484375
-943.62744140625 -233.6976318359375
-945.62744140625 -235.11073303222656
-947.62744140625 -236.87014770507812
-946.0300903320312 -238.86929321289062
-948.0300903320312 -240.85125732421875
-946.2303466796875 -242.49208068847656
-948.2303466796875 -244.4478302001953
-946.5275268554688 -246.44642639160156
-948.5275268554688 -248.09571838378906
-947.5573120117188 -250.09347534179688
-949.1570434570312 -252.089599609375
-947.5926513671875 -254.0774383544922
-946.9347534179688 -256.0613708496094
-948.9347534179688 -257.8617858886719
-950.3936767578125 -259.8547058105469
-948.7800903320312 -261.85455322265625
-946.8770141601562 -263.8523254394531
-948.8770141601562 -265.70184326171875
-947.4578857421875 -267.6705017089844
-949.0022583007812 -269.66351318359375
-947.1102294921875 -271.6627197265625
-945.1449584960938 -273.6607360839844
-947.1449584960938 -275.2585754394531
-945.6825561523438 -277.2504577636719
-947.6825561523438 -279.2253112792969
-947.476806640625 -281.2222900390625
-949.0477294921875 -283.1278076171875
-950.0338745117188 -285.1253662109375
-951.0104370117188 -287.11968994140625
-949.424560546875 -289.0431213378906
-947.9407958984375 -291.03900146484375
-948.6500244140625 -293.0275573730469
-949.1148681640625 -295.0255126953125
-950.509765625 -297.01275634765625
-951.8250122070312 -298.9508972167969
-950.3672485351562 -300.9237976074219
-949.2120971679688 -302.9219055175781
-950.7093505859375 -304.9195861816406
-951.4498901367188 -306.9159240722656
-953.2855834960938 -308.9153747558594
-955.2720336914062 -310.912353515625
-956.67919921875 -312.90887451171875
-958.5305786132812 -314.9004821777344
-956.552978515625 -316.87310791015625
-954.9124755859375 -318.8065490722656
-953.0009765625 -320.7914123535156
-954.0225219726562 -322.7724304199219
-954.095947265625 -324.75579833984375
-955.4472045898438 -326.7237548828125
-954.458251953125 -328.7024841308594
-953.2481689453125 -330.5875244140625
-954.7327270507812 -332.3888244628906
-956.6028442382812 -334.24481201171875
-954.6553344726562 -336.2188415527344
-953.8567504882812 -338.2049255371094
-955.5380859375 -340.1955261230469
-956.6763916015625 -342.1938171386719
-955.6266479492188 -344.1185302734375
-955.830322265625 -346.0506896972656
-956.0497436523438 -348.04449462890625
-957.7455444335938 -350.0422058105469
-957.1231079101562 -352.03070068359375
-956.433349609375 -353.8527526855469
-957.7906494140625 -355.84783935546875
-957.6265869140625 -357.8099060058594
-958.7698974609375 -359.1262512207031
-960.5244140625 -361.0755615234375
-959.0537109375 -362.6072998046875
-957.1766357421875 -364.6007995605469
-956.9126586914062 -366.2947998046875
-956.6923217773438 -368.26776123046875
-957.9456787109375 -370.2637939453125
-959.9374389648438 -372.1536865234375
-961.2098999023438 -374.13836669921875
-960.0653686523438 -375.780517578125
-959.0349731445312 -377.6970520019531
-960.589599609375 -379.68597412109375
-962.38916015625 -381.5032653808594
-960.6216430664062 -383.1938781738281
-961.65771484375 -385.1708984375
-963.4727783203125 -386.6662902832031
-965.1873779296875 -388.6174621582031
-964.6851806640625 -390.4230651855469
-964.5321044921875 -392.3811340332031
-966.5274047851562 -393.93267822265625
-968.5185546875 -395.1205139160156
-970.5173950195312 -397.0956115722656
-972.423095703125 -395.6995849609375
-974.4229736328125 -397.34002685546875
-976.4207763671875 -395.4893493652344
-978.4207153320312 -397.44012451171875
-980.398193359375 -395.611328125
-982.398193359375 -397.5199890136719
-984.3762817382812 -397.4119567871094
-986.3741455078125 -395.7184753417969
-988.3740844726562 -397.631103515625
-990.288818359375 -395.8638610839844
-992.2737426757812 -394.320068359375
-994.2737426757812 -396.307373046875
-996.2677001953125 -394.8530578613281
-998.2676391601562 -396.75634765625
-1000.197998046875 -394.8982238769531
-1002.0882568359375 -393.8056335449219
-1004.087890625 -395.7868347167969
-1006.0551147460938 -394.83544921875
-1008.0270385742188 -394.3281555175781
-1010.0256958007812 -396.3272399902344
-1011.960693359375 -396.2388916015625
-1013.6605834960938 -394.76568603515625
-1015.5956420898438 -396.58172607421875
-1017.58935546875 -397.324951171875
-1019.5870971679688 -395.72406005859375
-1021.5869140625 -397.7230224609375
-1019.783935546875 -399.3079833984375
-1021.783935546875 -400.4890441894531
-1019.9378662109375 -402.1935729980469
-1021.9378662109375 -401.8869934082031
-1020.42529296875 -403.6682434082031
-1022.42529296875 -405.2331848144531
-1020.4620971679688 -406.93829345703125
-1022.4620971679688 -407.3513488769531
-1020.5414428710938 -408.0494689941406
-1019.5272827148438 -410.01806640625
-1021.5272216796875 -409.7358703613281
-1019.5625 -410.9019470214844
-1021.5625 -411.1365051269531
-1019.9638671875 -413.0303955078125
-1021.9638671875 -414.1838684082031
-1020.5645751953125 -416.1702575683594
-1018.776123046875 -417.777099609375
-1020.776123046875 -418.4928894042969
-1019.92138671875 -420.35162353515625
-1021.9212036132812 -418.8415222167969
-1019.971923828125 -420.37811279296875
-1021.971923828125 -419.02386474609375
-1020.0847778320312 -420.5234069824219
-1022.0847778320312 -420.4872741699219
-1020.1430053710938 -421.9683837890625
-1022.1430053710938 -423.0032958984375
-1022.2252197265625 -424.73126220703125
-1022.3446655273438 -426.265869140625
-1021.4862060546875 -428.23638916015625
-1019.9393310546875 -427.6507873535156
-1021.9393310546875 -428.02813720703125
-1020.112060546875 -429.9825439453125
-1022.112060546875 -431.3805847167969
-1020.2371215820312 -431.5532531738281
-1022.2371215820312 -432.9796142578125
