-898.5778198242188 -227.454833984375
-900.5769653320312 -225.454833984375
-902.553955078125 -227.4497528076172
-904.513671875 -225.44979858398438
-906.4649658203125 -227.42295837402344
-908.364990234375 -225.42303466796875
-909.3135375976562 -227.42153930664062
-911.2295532226562 -225.4217071533203
-909.92041015625 -227.32305908203125
-911.9166870117188 -225.32330322265625
-913.0838012695312 -227.28294372558594
-914.6569213867188 -229.2705078125
-916.6536254882812 -227.27061462402344
-918.60693359375 -229.26010131835938
-920.5997924804688 -227.26010131835938
-922.5867919921875 -225.26046752929688
-924.559814453125 -227.14308166503906
-926.286865234375 -228.7765655517578
-928.2866821289062 -226.7775421142578
-929.8422241210938 -228.75381469726562
-931.8385620117188 -226.87086486816406
-933.8363647460938 -228.8175506591797
-935.8358154296875 -230.76116943359375
-937.8325805664062 -232.7541961669922
-939.8323974609375 -234.7512664794922
-941.795166015625 -236.26654052734375
-943.7947998046875 -238.2515106201172
-945.793701171875 -240.24716186523438
-947.7931518554688 -242.2468719482422
-945.7951049804688 -244.17874145507812
-947.79296875 -246.1768035888672
-945.931640625 -247.04469299316406
-947.9315795898438 -249.03680419921875
-946.165771484375 -250.99078369140625
-948.165771484375 -252.98956298828125
-946.2020874023438 -254.6573944091797
-948.20166015625 -256.6522521972656
-946.2720947265625 -258.3378601074219
-948.2714233398438 -260.3259582519531
-946.2791137695312 -262.2093811035156
-948.277587890625 -264.20904541015625
-946.6190795898438 -264.816162109375
-948.61865234375 -266.8160095214844
-946.6587524414062 -268.5919189453125
-948.65869140625 -270.5793762207031
-946.6728515625 -272.4271240234375
-948.6727294921875 -274.42474365234375
-947.442138671875 -274.1670837402344
-947.0625 -275.391845703125
-949.0614624023438 -277.39178466796875
-947.2925415039062 -279.1572570800781
-945.5237426757812 -281.0718994140625
-947.521240234375 -283.0694274902344
-946.1586303710938 -284.92022705078125
-948.1583251953125 -286.9199523925781
-946.2194213867188 -288.73504638671875
-948.2184448242188 -290.7345275878906
-946.223388671875 -292.16314697265625
-948.221923828125 -294.1601867675781
-946.7543334960938 -295.7906188964844
-948.7388916015625 -297.7893371582031
-946.7650756835938 -299.0850830078125
-948.7630004882812 -301.0849914550781
-946.78466796875 -303.00537109375
-948.781494140625 -305.0047607421875
-948.0697631835938 -306.65478515625
-946.123779296875 -308.2257385253906
-948.1235961914062 -310.22564697265625
-946.2867431640625 -312.06732177734375
-948.28662109375 -314.0672912597656
-950.2864379882812 -316.0671081542969
-949.6419067382812 -317.80279541015625
-950.77978515625 -319.5389709472656
-948.8875122070312 -320.85882568359375
-949.7910766601562 -322.777587890625
-948.623779296875 -323.9458923339844
-946.9363403320312 -325.7645263671875
-948.93115234375 -327.7633361816406
-948.1708374023438 -329.6185302734375
-950.1652221679688 -331.6177673339844
-949.172119140625 -333.55322265625
-947.2243041992188 -334.9895935058594
-949.2237548828125 -336.989013671875
-947.6587524414062 -338.58209228515625
-949.628662109375 -340.5809326171875
-948.9344482421875 -342.48095703125
-949.595703125 -343.8138122558594
-949.8909301757812 -345.6760559082031
-951.7940673828125 -347.0662841796875
-951.2921142578125 -348.3149108886719
-951.0411376953125 -349.3723449707031
-952.4207153320312 -350.9777526855469
-952.8670654296875 -352.8732604980469
-954.4271850585938 -354.79302978515625
-954.2025756835938 -356.76849365234375
-956.0464477539062 -358.6015625
-957.9073486328125 -358.86358642578125
-959.7691650390625 -360.8001403808594
-958.99609375 -362.7647705078125
-958.1793212890625 -364.5194396972656
-957.5277709960938 -366.3547668457031
-959.0603637695312 -368.3517761230469
-959.7176513671875 -370.306396484375
-957.9498901367188 -372.0580749511719
-958.9835815429688 -373.8175048828125
-960.549072265625 -372.9232177734375
-961.8446655273438 -371.4524841308594
-960.0487060546875 -373.4377136230469
-960.94580078125 -375.1363830566406
-962.2113647460938 -376.5356140136719
-960.525146484375 -377.4637145996094
-960.6475830078125 -379.2667236328125
-958.9395751953125 -378.6124267578125
-959.4562377929688 -380.20831298828125
-961.229248046875 -381.1933898925781
-959.663330078125 -381.1613464355469
-960.3751220703125 -383.0951232910156
-958.5363159179688 -384.8028564453125
-959.8341674804688 -386.5938720703125
-961.591064453125 -388.1114196777344
-961.8295288085938 -388.7006530761719
-963.6534423828125 -390.3777160644531
-964.1341552734375 -392.3367004394531
-965.4894409179688 -394.33441162109375
-967.4784545898438 -396.3343200683594
-969.3291625976562 -394.3379211425781
-971.292236328125 -396.3378601074219
-973.2689208984375 -394.362548828125
-975.2678833007812 -396.362548828125
-977.2677612304688 -394.3681945800781
-979.2532348632812 -396.3681945800781
-981.2509765625 -394.51812744140625
-983.249755859375 -396.51812744140625
-984.8818969726562 -394.56201171875
-986.8799438476562 -396.56201171875
-988.852783203125 -394.6106262207031
-990.8489990234375 -396.6106262207031
-992.7117919921875 -397.95263671875
-994.2738037109375 -395.9837646484375
-996.201171875 -394.4726867675781
-998.200439453125 -396.4726867675781
-999.6045532226562 -395.24090576171875
-1001.5655517578125 -394.7392578125
-1003.439453125 -394.16815185546875
-1005.4190673828125 -396.1681213378906
-1006.2561645507812 -395.775634765625
-1008.2044067382812 -394.0957336425781
-1010.1983642578125 -396.095703125
-1010.878662109375 -395.756591796875
-1011.3085327148438 -394.3360900878906
-1012.6521606445312 -396.3360900878906
-1012.27001953125 -394.9024658203125
-1011.5634765625 -395.1567687988281
-1012.7847900390625 -394.6170654296875
-1014.029541015625 -394.62615966796875
-1015.6873779296875 -396.6261291503906
-1017.004638671875 -398.2674865722656
-1018.9957275390625 -398.9313049316406
-1020.9951171875 -400.8580322265625
-1019.0016479492188 -400.4305725097656
-1021.0015869140625 -402.41259765625
-1019.0796508789062 -403.72369384765625
-1021.0791015625 -405.7236022949219
-1019.3015747070312 -406.9545593261719
-1021.301513671875 -408.9544372558594
-1019.3176879882812 -410.3717956542969
-1021.3175659179688 -412.3707275390625
-1019.5033569335938 -414.1453552246094
-1021.5023803710938 -416.1451721191406
-1019.6848754882812 -417.73248291015625
-1021.6690063476562 -419.73126220703125
-1019.6770629882812 -421.3126525878906
-1021.6752319335938 -423.2808837890625
-1020.0974731445312 -424.38934326171875
-1022.097412109375 -426.3889465332031
-1020.7485961914062 -428.3559265136719
-1022.748046875 -430.355712890625
-1020.7627563476562 -430.5859680175781
-1018.8098754882812 -431.41387939453125
-1020.7804565429688 -433.40130615234375
