-898.5719604492188 -227.4548797607422
-900.5521240234375 -225.45892333984375
-902.5449829101562 -227.4584503173828
-904.5414428710938 -225.4617462158203
-906.5396728515625 -227.46168518066406
-908.5283203125 -225.4985809326172
-910.4988403320312 -227.49856567382812
-912.4833374023438 -225.51344299316406
-913.8738403320312 -227.5112762451172
-915.848388671875 -225.5553741455078
-917.8372192382812 -227.5550537109375
-917.9768676757812 -225.5596923828125
-919.8050537109375 -227.5564727783203
-921.7603149414062 -225.58566284179688
-922.8838500976562 -227.57638549804688
-924.8773193359375 -226.58511352539062
-926.4711303710938 -228.5836944580078
-928.4710083007812 -229.5459442138672
-930.470947265625 -231.53733825683594
-932.470703125 -233.53175354003906
-934.470703125 -235.53146362304688
-936.470458984375 -237.53076171875
-938.470458984375 -239.53042602539062
-940.470458984375 -241.5303192138672
-942.470458984375 -243.5302734375
-944.4703979492188 -245.52975463867188
-946.4703979492188 -247.52957153320312
-948.4702758789062 -249.5291748046875
-946.5397338867188 -251.46334838867188
-948.5396728515625 -253.46328735351562
-946.92626953125 -254.60934448242188
-948.922607421875 -256.6090087890625
-946.9271240234375 -258.2591247558594
-948.925048828125 -260.2590637207031
-946.9506225585938 -262.10565185546875
-948.9403076171875 -264.10540771484375
-947.0006103515625 -266.08251953125
-948.9976806640625 -268.0823059082031
-947.1387939453125 -270.04034423828125
-945.1396484375 -272.00335693359375
-947.1394653320312 -274.00323486328125
-945.1581420898438 -275.98248291015625
-947.1581420898438 -277.9824523925781
-945.1593627929688 -279.9336853027344
-947.1593627929688 -281.9336853027344
-945.7293090820312 -283.46160888671875
-947.7293090820312 -285.4615783691406
-945.8438110351562 -286.97991943359375
-947.84375 -288.9798889160156
-946.2222900390625 -290.63287353515625
-948.2221069335938 -292.6326599121094
-946.2344360351562 -293.43548583984375
-948.2343139648438 -295.4354553222656
-946.2404174804688 -297.29034423828125
-948.2402954101562 -299.29034423828125
-946.2628173828125 -301.2774963378906
-948.260498046875 -303.2774658203125
-946.5235595703125 -305.12530517578125
-948.5235595703125 -307.1252746582031
-946.6092529296875 -309.0791931152344
-948.6092529296875 -311.0791931152344
-946.610595703125 -313.0683288574219
-948.6087036132812 -315.0676574707031
-947.1525268554688 -316.1571350097656
-949.1445922851562 -318.156494140625
-947.2190551757812 -320.0343017578125
-949.21875 -322.0342712402344
-947.3056030273438 -323.5143127441406
-949.3055419921875 -325.5142517089844
-947.4392700195312 -327.24365234375
-949.4392700195312 -329.2436218261719
-947.5027465820312 -331.1872253417969
-949.5025634765625 -333.18719482421875
-947.5469970703125 -334.6705017089844
-949.5469360351562 -336.6705017089844
-947.6826782226562 -338.66241455078125
-949.6806640625 -340.6623229980469
-947.9417114257812 -342.6281433105469
-949.9384765625 -344.62811279296875
-948.902099609375 -346.6069030761719
-947.0418090820312 -348.57196044921875
-949.041015625 -350.5694580078125
-947.9596557617188 -352.4281005859375
-949.9506225585938 -354.42578125
-948.2454833984375 -356.3625793457031
-950.180908203125 -358.3616943359375
-948.3296508789062 -359.72955322265625
-946.8070068359375 -361.57586669921875
-948.8065795898438 -363.57342529296875
-950.47314453125 -365.0968933105469
-951.0323486328125 -366.2770080566406
-951.9776611328125 -368.2576599121094
-953.5155029296875 -370.12542724609375
-953.496337890625 -372.04144287109375
-954.5826416015625 -373.6252746582031
-954.82470703125 -375.2004699707031
-955.1976318359375 -377.1643981933594
-956.5111694335938 -378.9875183105469
-958.0903930664062 -379.329833984375
-957.0405883789062 -381.3081970214844
-958.2017211914062 -382.09698486328125
-959.4072875976562 -384.0884704589844
-959.1057739257812 -385.8972473144531
-960.3544311523438 -387.8186950683594
-961.1836547851562 -389.6655578613281
-960.52587890625 -391.6565246582031
-961.4578247070312 -393.6436462402344
-959.9749755859375 -395.64154052734375
-961.971923828125 -393.7074890136719
-963.8701171875 -395.7073059082031
-965.8674926757812 -393.8055725097656
-967.7005615234375 -395.8055725097656
-969.6978149414062 -393.8322448730469
-971.6958618164062 -395.8322448730469
-973.6935424804688 -397.8322448730469
-975.6927490234375 -397.7368469238281
-977.69140625 -395.83721923828125
-979.6913452148438 -397.83721923828125
-981.6818237304688 -396.1104431152344
-983.680908203125 -394.53948974609375
-985.677978515625 -396.53948974609375
-987.635498046875 -394.81121826171875
-989.6353149414062 -396.8111877441406
-991.6339721679688 -394.96929931640625
-993.6336059570312 -396.96929931640625
-995.5928344726562 -395.4820861816406
-997.578857421875 -393.5257873535156
-999.5765380859375 -395.5257873535156
-1001.5695190429688 -396.3432922363281
-1003.4419555664062 -396.8020324707031
-1005.4049682617188 -396.7583923339844
-1007.3614501953125 -396.22430419921875
-1009.3567504882812 -396.70684814453125
-1011.291748046875 -394.8224182128906
-1013.286376953125 -396.18798828125
-1014.7496948242188 -396.155517578125
-1016.5347900390625 -397.0533447265625
-1018.4890747070312 -395.8680114746094
-1020.48095703125 -397.8260192871094
-1022.4804077148438 -399.8256530761719
-1020.6531372070312 -399.22064208984375
-1019.3739624023438 -397.9071960449219
-1021.3739013671875 -399.8876953125
-1021.0064697265625 -401.1815490722656
-1019.2633056640625 -402.22222900390625
-1021.2631225585938 -404.2221374511719
-1019.2813720703125 -406.1340026855469
-1021.2813110351562 -408.13397216796875
-1019.3457641601562 -409.9777526855469
-1021.345703125 -411.9776916503906
-1019.4354858398438 -413.87335205078125
-1021.4354248046875 -415.8731689453125
-1022.3740234375 -417.5416564941406
-1020.5826416015625 -418.3533935546875
-1018.6305541992188 -418.6198425292969
-1020.6305541992188 -420.6194763183594
-1022.6300659179688 -422.6154479980469
-1020.8871459960938 -423.04730224609375
-1022.8863525390625 -425.03680419921875
-1021.1459350585938 -426.557861328125
-1022.4537353515625 -428.4773254394531
-1022.5573120117188 -426.4989013671875
-1021.6168823242188 -428.3135681152344
-1019.8001098632812 -427.0488586425781
-1021.8001098632812 -429.0485534667969
-1020.4085693359375 -430.5912170410156
-1022.4012451171875 -432.5554504394531
