-1188.346435546875 -214.2891387939453
-1190.32177734375 -214.95082092285156
-1192.321044921875 -216.76611328125
-1190.3212890625 -214.76715087890625
-1192.3046875 -216.3385467529297
-1190.3072509765625 -214.340087890625
-1192.2811279296875 -216.28517150878906
-1190.2880859375 -214.28665161132812
-1192.2821044921875 -216.12217712402344
-1190.2845458984375 -214.12417602539062
-1192.2593994140625 -215.47064208984375
-1194.1678466796875 -217.4475860595703
-1192.169677734375 -215.46859741210938
-1194.140625 -217.06524658203125
-1192.1490478515625 -215.0662384033203
-1194.1365966796875 -215.2500762939453
-1196.0928955078125 -217.2464141845703
-1194.1513671875 -215.2481689453125
-1196.1324462890625 -216.81362915039062
-1194.2088623046875 -214.84263610839844
-1196.178955078125 -216.8008575439453
-1194.2352294921875 -214.83078002929688
-1196.2017822265625 -216.7835235595703
-1194.3514404296875 -214.78982543945312
-1196.3441162109375 -216.460205078125
-1194.4151611328125 -214.4625701904297
-1196.39599609375 -215.96554565429688
-1198.3895263671875 -217.4650421142578
-1196.5142822265625 -215.49497985839844
-1198.513916015625 -217.31727600097656
-1198.291015625 -215.32777404785156
-1200.285400390625 -215.6610565185547
-1202.272216796875 -216.77713012695312
-1204.27099609375 -218.5592498779297
-1205.99609375 -218.43797302246094
-1207.976318359375 -220.275634765625
-1209.8812255859375 -221.63002014160156
-1211.8310546875 -220.95333862304688
-1212.143798828125 -222.251220703125
-1213.989501953125 -224.0081024169922
-1215.895751953125 -225.9748077392578
-1217.6715087890625 -227.69247436523438
-1218.9798583984375 -229.6603240966797
-1220.9749755859375 -230.24365234375
-1222.87841796875 -230.44068908691406
-1224.848388671875 -231.67738342285156
-1226.280029296875 -233.61203002929688
-1227.85595703125 -235.42799377441406
-1229.76171875 -236.1197967529297
-1231.75732421875 -238.11375427246094
-1233.6826171875 -240.06504821777344
-1235.338623046875 -242.04214477539062
-1237.143798828125 -243.92367553710938
-1239.0489501953125 -245.8887176513672
-1240.621337890625 -247.8846435546875
-1241.7608642578125 -249.86447143554688
-1243.5584716796875 -251.860595703125
-1245.113525390625 -253.8522186279297
-1245.23046875 -255.83522033691406
-1247.177978515625 -257.8331604003906
-1249.11572265625 -259.7959289550781
-1247.20556640625 -261.7954406738281
-1249.0194091796875 -263.6990051269531
-1249.3341064453125 -265.6989440917969
-1250.138916015625 -267.6954040527344
-1248.216552734375 -269.69342041015625
-1249.9154052734375 -271.6914367675781
-1248.8067626953125 -273.6908874511719
-1250.2047119140625 -275.6898498535156
-1248.31982421875 -277.6881103515625
-1249.868408203125 -279.6695251464844
-1248.2415771484375 -281.669189453125
-1247.8685302734375 -283.6563720703125
-1249.7725830078125 -285.6546936035156
-1248.886474609375 -287.6539001464844
-1249.1610107421875 -289.65313720703125
-1249.6099853515625 -291.65301513671875
-1247.8883056640625 -293.65289306640625
-1247.4400634765625 -295.6504821777344
-1248.8619384765625 -297.6416931152344
-1247.7103271484375 -299.63604736328125
-1249.41650390625 -301.6046447753906
-1249.7197265625 -303.603515625
-1248.4324951171875 -305.6032409667969
-1248.9803466796875 -307.60302734375
-1247.7681884765625 -309.6020202636719
-1249.2247314453125 -311.5940246582031
-1248.1512451171875 -313.5921325683594
-1246.3922119140625 -315.5877990722656
-1246.491943359375 -317.41796875
-1247.61376953125 -319.41748046875
-1248.7135009765625 -321.38348388671875
-1247.4892578125 -323.3833923339844
-1245.576171875 -325.375732421875
-1245.6982421875 -327.32373046875
-1247.451171875 -329.2617492675781
-1247.1104736328125 -331.2601318359375
-1245.7376708984375 -333.25384521484375
-1244.9127197265625 -335.2106628417969
-1244.594970703125 -337.2101745605469
-1244.5057373046875 -339.05029296875
-1245.9034423828125 -341.0362548828125
-1244.89990234375 -343.03399658203125
-1244.7156982421875 -345.00689697265625
-1245.4254150390625 -346.9990539550781
-1244.26806640625 -348.6193542480469
-1244.46923828125 -350.6123352050781
-1243.8448486328125 -352.4452209472656
-1243.84814453125 -354.4404296875
-1243.8292236328125 -356.43243408203125
-1244.13134765625 -358.4279479980469
-1244.2564697265625 -360.4264831542969
-1244.82666015625 -362.4253234863281
-1243.56103515625 -364.3096923828125
-1243.829833984375 -366.2383117675781
-1243.0579833984375 -368.23748779296875
-1243.81494140625 -370.23565673828125
-1241.9771728515625 -372.2306213378906
-1242.922607421875 -374.2032470703125
-1241.1011962890625 -375.8863220214844
-1240.1612548828125 -377.8127136230469
-1238.19384765625 -379.70855712890625
-1237.274169921875 -381.5995178222656
-1235.9384765625 -383.51214599609375
-1234.8671875 -384.7625427246094
-1233.3631591796875 -386.5823974609375
-1233.3123779296875 -387.7824401855469
-1231.6983642578125 -388.94195556640625
-1231.4949951171875 -390.4775695800781
-1229.653564453125 -392.03021240234375
-1227.697021484375 -393.27130126953125
-1227.2596435546875 -394.9111328125
-1228.5126953125 -396.37017822265625
-1226.6964111328125 -398.3106689453125
-1226.587158203125 -399.5809020996094
-1225.358154296875 -401.4484558105469
-1223.708251953125 -402.6155090332031
-1225.638671875 -404.22760009765625
-1224.6082763671875 -405.7044982910156
-1222.9227294921875 -407.0509033203125
-1222.57373046875 -408.9717712402344
-1221.3385009765625 -410.5912780761719
-1221.0421142578125 -412.4064025878906
-1220.63330078125 -413.9043884277344
-1220.42626953125 -415.86370849609375
-1218.5224609375 -417.7566833496094
-1217.861572265625 -419.63531494140625
-1218.92626953125 -419.9602355957031
-1217.4610595703125 -420.5467834472656
-1215.7620849609375 -421.2720947265625
-1213.8787841796875 -423.2348937988281
-1212.00341796875 -425.2239990234375
-1210.476318359375 -425.3619384765625
-1211.0980224609375 -427.24749755859375
-1210.675537109375 -429.1672668457031
-1209.0628662109375 -430.9119873046875
-1208.7340087890625 -432.5208740234375
-1210.1563720703125 -434.47076416015625
-1211.7781982421875 -436.4400634765625
-1212.01806640625 -438.42108154296875
-1210.0914306640625 -440.4073181152344
-1209.919677734375 -442.4021301269531
-1207.9241943359375 -440.4754333496094
-1205.964599609375 -442.474853515625
-1203.9981689453125 -440.7928466796875
-1202.0379638671875 -442.7919006347656
-1200.038330078125 -440.81353759765625
-1198.0400390625 -442.8114929199219
-1196.0445556640625 -441.311279296875
-1194.185546875 -443.310791015625
-1192.2276611328125 -441.331787109375
-1190.6536865234375 -443.06640625
-1188.7889404296875 -444.99615478515625
