-1192.3353271484375 -218.1543426513672
-1194.335205078125 -220.14962768554688
-1196.3350830078125 -222.14816284179688
-1198.333740234375 -224.14556884765625
-1200.3330078125 -226.14508056640625
-1202.33203125 -228.14356994628906
-1204.331787109375 -230.14334106445312
-1206.3258056640625 -232.14329528808594
-1208.3114013671875 -234.14141845703125
-1210.234375 -236.1412811279297
-1212.226318359375 -238.14071655273438
-1214.2149658203125 -240.14044189453125
-1215.6036376953125 -242.14031982421875
-1217.5928955078125 -244.1398468017578
-1219.53857421875 -246.13978576660156
-1221.50634765625 -248.13963317871094
-1221.72998046875 -250.13954162597656
-1223.7020263671875 -252.1392364501953
-1225.48291015625 -254.1387481689453
-1227.3797607421875 -256.138671875
-1228.2608642578125 -258.1379699707031
-1229.007568359375 -260.1379089355469
-1230.7869873046875 -262.13787841796875
-1229.2777099609375 -264.13763427734375
-1229.223876953125 -266.1374206542969
-1230.5858154296875 -268.13726806640625
-1232.1629638671875 -270.13714599609375
-1231.1402587890625 -272.1370849609375
-1230.4461669921875 -274.1370849609375
-1229.214111328125 -276.1370544433594
-1228.7298583984375 -278.13702392578125
-1227.6820068359375 -280.1368408203125
-1227.94970703125 -282.1368103027344
-1226.8897705078125 -284.1367492675781
-1224.980712890625 -286.1366271972656
-1223.835693359375 -288.1361389160156
-1224.120849609375 -290.1361083984375
-1224.8673095703125 -292.1360778808594
-1223.575439453125 -294.1360168457031
-1225.5467529296875 -296.1360168457031
-1227.22021484375 -298.135986328125
-1225.8939208984375 -300.135986328125
-1224.30078125 -302.135986328125
-1222.667724609375 -304.1359558105469
-1220.82080078125 -306.1359558105469
-1220.151611328125 -308.1358947753906
-1221.603515625 -310.1358337402344
-1220.114501953125 -312.13580322265625
-1218.552978515625 -314.13580322265625
-1216.5966796875 -316.1353759765625
-1216.714111328125 -318.1352844238281
-1215.01220703125 -320.1352844238281
-1216.7935791015625 -322.1351318359375
-1214.9244384765625 -324.1351318359375
-1216.3524169921875 -326.1349792480469
-1216.498291015625 -328.1348571777344
-1217.259765625 -330.1348571777344
-1218.3516845703125 -332.13482666015625
-1216.742431640625 -334.1347961425781
-1216.98828125 -336.134521484375
-1216.559326171875 -338.1344909667969
-1218.1156005859375 -340.13446044921875
-1217.0582275390625 -342.1342468261719
-1215.865966796875 -344.13421630859375
-1217.6953125 -346.1341247558594
-1215.737060546875 -348.1341247558594
-1213.84716796875 -350.1340637207031
-1211.93359375 -352.134033203125
-1210.0213623046875 -354.13397216796875
-1211.5355224609375 -356.13385009765625
-1210.9820556640625 -358.13385009765625
-1209.0177001953125 -360.13385009765625
-1208.240234375 -362.13385009765625
-1209.5146484375 -364.1338195800781
-1210.9615478515625 -366.1337585449219
-1210.6513671875 -368.1337585449219
-1208.8001708984375 -370.13372802734375
-1208.48291015625 -372.13372802734375
-1206.53076171875 -374.1336364746094
-1205.0772705078125 -376.13360595703125
-1204.888916015625 -378.1335754394531
-1205.1005859375 -380.13323974609375
-1205.387451171875 -382.1332092285156
-1203.5662841796875 -384.1332092285156
-1201.8873291015625 -386.1332092285156
-1203.4156494140625 -388.1332092285156
-1203.56005859375 -390.13250732421875
-1202.818359375 -392.1322937011719
-1203.168701171875 -394.1322326660156
-1201.4063720703125 -396.1321716308594
-1200.401611328125 -398.1321105957031
-1201.68408203125 -400.1307067871094
-1200.811279296875 -402.1305236816406
-1202.3841552734375 -404.1305236816406
-1203.947021484375 -406.1304931640625
-1202.1514892578125 -408.1304931640625
-1204.1317138671875 -410.13018798828125
-1202.2674560546875 -412.1299133300781
-1203.634765625 -414.1298828125
-1203.9095458984375 -416.1298828125
-1203.8814697265625 -418.1298828125
-1203.7041015625 -420.1297607421875
-1204.570068359375 -422.12969970703125
-1202.900146484375 -424.12957763671875
-1202.900146484375 -426.1295471191406
-1204.3984375 -428.1291198730469
-1203.307373046875 -430.12908935546875
-1201.337890625 -432.1290588378906
-1199.6456298828125 -434.1290283203125
-1198.118896484375 -436.1290283203125
-1196.1243896484375 -438.1290283203125
-1194.17919921875 -440.1289978027344
-1192.185302734375 -442.1289978027344
-1190.2005615234375 -444.1289978027344
