-1191.9251708984375 -218.02195739746094
-1190.24658203125 -218.0220184326172
-1192.0318603515625 -218.706298828125
-1190.2098388671875 -220.34786987304688
-1191.0855712890625 -220.64169311523438
-1192.9932861328125 -220.19912719726562
-1191.8128662109375 -219.54551696777344
-1191.2451171875 -221.20054626464844
-1190.368896484375 -219.98497009277344
-1189.83056640625 -218.38458251953125
-1190.001220703125 -218.19171142578125
-1191.8607177734375 -219.8643341064453
-1192.1397705078125 -220.2998504638672
-1191.987060546875 -221.17868041992188
-1192.838623046875 -221.10057067871094
-1191.6595458984375 -222.6897735595703
-1193.6090087890625 -222.42825317382812
-1195.4571533203125 -221.2794647216797
-1197.40576171875 -221.93821716308594
-1199.35302734375 -223.12022399902344
-1201.3228759765625 -223.848388671875
-1203.322509765625 -225.7086639404297
-1205.3167724609375 -227.6326904296875
-1207.3150634765625 -229.58937072753906
-1209.2999267578125 -231.568115234375
-1211.1827392578125 -232.19876098632812
-1213.123779296875 -234.13436889648438
-1214.940185546875 -236.12399291992188
-1216.869873046875 -238.0299530029297
-1218.5511474609375 -239.97467041015625
-1218.5987548828125 -241.94195556640625
-1220.5072021484375 -243.9002227783203
-1221.541259765625 -245.82171630859375
-1223.4534912109375 -247.81326293945312
-1223.8624267578125 -249.16758728027344
-1222.661376953125 -251.1392822265625
-1224.1065673828125 -253.05494689941406
-1225.394287109375 -255.02276611328125
-1226.77978515625 -257.00103759765625
-1227.407470703125 -258.9661865234375
-1227.0771484375 -260.9236755371094
-1225.376220703125 -262.8337097167969
-1226.6380615234375 -264.78582763671875
-1225.406005859375 -266.7590026855469
-1223.590576171875 -268.622314453125
-1222.019775390625 -270.5376281738281
-1222.7908935546875 -272.5184326171875
-1222.3790283203125 -274.5113525390625
-1224.1539306640625 -276.4542541503906
-1222.6605224609375 -278.4407043457031
-1223.0697021484375 -280.4381408691406
-1222.4285888671875 -282.4295959472656
-1220.8511962890625 -284.423828125
-1222.130615234375 -286.39642333984375
-1223.490966796875 -288.31494140625
-1222.708740234375 -290.30572509765625
-1223.8984375 -292.3040466308594
-1222.2386474609375 -294.3038024902344
-1222.5479736328125 -296.29742431640625
-1220.75 -298.2890930175781
-1218.8765869140625 -300.27496337890625
-1219.0819091796875 -302.2127990722656
-1219.7607421875 -304.21087646484375
-1220.1572265625 -306.1916809082031
-1219.1256103515625 -308.17340087890625
-1217.397705078125 -310.1726379394531
-1218.61279296875 -312.15667724609375
-1217.1314697265625 -314.02728271484375
-1215.87158203125 -316.0210266113281
-1214.6309814453125 -317.99774169921875
-1215.251953125 -319.9968566894531
-1215.2032470703125 -321.86822509765625
-1215.613037109375 -323.82366943359375
-1214.364013671875 -325.816162109375
-1216.2952880859375 -327.71990966796875
-1217.9466552734375 -329.70880126953125
-1216.8023681640625 -331.7054443359375
-1215.038330078125 -333.6665344238281
-1216.0908203125 -335.5976867675781
-1216.12841796875 -337.59619140625
-1214.348388671875 -339.5679626464844
-1214.4205322265625 -341.55987548828125
-1213.755615234375 -343.5533447265625
-1215.724609375 -345.5314025878906
-1214.455078125 -347.516357421875
-1215.4603271484375 -349.5091247558594
-1213.9544677734375 -351.49810791015625
-1215.765869140625 -353.49395751953125
-1214.253173828125 -355.4898681640625
-1212.8526611328125 -357.4873046875
-1213.022216796875 -359.45574951171875
-1213.6822509765625 -361.45556640625
-1214.0428466796875 -363.4524841308594
-1212.9852294921875 -365.4407043457031
-1211.2044677734375 -367.4290466308594
-1209.921630859375 -369.4270935058594
-1207.9539794921875 -371.42437744140625
-1208.9539794921875 -373.35662841796875
-1207.2840576171875 -375.349365234375
-1208.46435546875 -377.3482971191406
-1209.48046875 -379.34503173828125
-1208.1346435546875 -381.2998352050781
-1206.681640625 -383.2973327636719
-1206.291015625 -385.28564453125
-1208.074951171875 -387.2315368652344
-1207.0469970703125 -388.78155517578125
-1205.9683837890625 -390.7614440917969
-1206.9908447265625 -392.74285888671875
-1205.4183349609375 -394.7425537109375
-1206.9085693359375 -396.7329406738281
-1207.63671875 -398.72503662109375
-1208.33349609375 -400.6976013183594
-1207.5888671875 -402.696044921875
-1207.6854248046875 -404.6646728515625
-1207.7186279296875 -406.6626281738281
-1206.438720703125 -408.662353515625
-1206.0633544921875 -410.66180419921875
-1204.3311767578125 -412.65936279296875
-1205.8046875 -414.599853515625
-1206.99365234375 -416.5519104003906
-1206.0311279296875 -418.54925537109375
-1204.14599609375 -420.54388427734375
-1205.655517578125 -422.5315246582031
-1204.119140625 -424.5299072265625
-1204.7666015625 -426.522705078125
-1202.9637451171875 -428.521484375
-1201.6629638671875 -430.5097961425781
-1203.1937255859375 -432.5070495605469
-1203.4090576171875 -434.5047607421875
-1201.6104736328125 -436.5019836425781
-1199.67041015625 -438.5011291503906
-1197.7342529296875 -440.5010070800781
-1195.9029541015625 -442.49993896484375
-1193.958984375 -444.49322509765625
-1191.9610595703125 -446.2803039550781
-1189.997802734375 -447.8737487792969
