-1048.1253662109375 -50.6789436340332
-1046.1363525390625 -52.47684860229492
-1044.183837890625 -54.37485122680664
-1042.184814453125 -56.37211227416992
-1040.1875 -58.37068176269531
-1038.187744140625 -60.36954116821289
-1036.189453125 -62.369476318359375
-1034.1915283203125 -64.3677749633789
-1036.184814453125 -66.36592864990234
-1034.197998046875 -66.1963882446289
-1036.127197265625 -68.19615173339844
-1034.1790771484375 -69.55543518066406
-1036.071044921875 -71.55536651611328
-1034.084716796875 -72.43743896484375
-1036.081787109375 -74.43724822998047
-1034.0833740234375 -76.43240356445312
-1033.88427734375 -77.1290283203125
-1034.0164794921875 -78.65706634521484
-1034.71240234375 -80.60714721679688
-1036.0286865234375 -82.6067123413086
-1037.99560546875 -84.60630798339844
-1035.999755859375 -86.16819763183594
-1037.958740234375 -88.16819763183594
-1035.95947265625 -88.97586059570312
-1033.9769287109375 -88.29035186767578
-1035.4324951171875 -90.29035186767578
-1033.5672607421875 -92.22954559326172
-1035.4925537109375 -94.22946166992188
-1033.5042724609375 -95.9739761352539
-1035.5001220703125 -97.97396850585938
-1033.512451171875 -99.64949798583984
-1035.4400634765625 -101.64909362792969
-1033.440185546875 -103.63109588623047
-1035.2733154296875 -105.63109588623047
-1033.447998046875 -104.75366973876953
-1035.24169921875 -106.753662109375
-1033.422607421875 -105.17404174804688
-1034.7333984375 -107.17404174804688
-1032.902099609375 -105.32899475097656
-1034.800537109375 -107.32899475097656
-1033.1890869140625 -105.38896179199219
-1033.4813232421875 -107.38896179199219
-1032.307373046875 -107.03746795654297
-1033.5404052734375 -109.03746032714844
-1031.7022705078125 -107.1029281616211
-1030.3714599609375 -109.1029281616211
-1031.704833984375 -107.5838623046875
-1029.835205078125 -105.80204010009766
-1027.934326171875 -107.80204010009766
-1026.005126953125 -109.80203247070312
-1024.0877685546875 -108.29515075683594
-1022.11669921875 -110.2951431274414
-1020.200927734375 -108.30603790283203
-1018.2077026367188 -110.30594635009766
-1016.21044921875 -112.30587768554688
-1014.2218627929688 -111.45539093017578
-1016.1763305664062 -113.45467376708984
-1014.2105102539062 -113.18275451660156
-1016.1475830078125 -115.1825942993164
-1014.1672973632812 -116.84001922607422
-1012.16943359375 -116.75039672851562
-1014.1687622070312 -118.75038146972656
-1012.360107421875 -120.56472778320312
-1014.35986328125 -122.5644302368164
-1012.4179077148438 -124.55996704101562
-1014.3759155273438 -126.55945587158203
-1012.3958740234375 -128.4766387939453
-1013.9412231445312 -130.4596710205078
-1015.9360961914062 -132.4596405029297
-1013.9771728515625 -134.4380340576172
-1015.9320068359375 -136.4378204345703
-1013.934326171875 -138.04095458984375
-1015.9249877929688 -140.04095458984375
-1013.9661865234375 -141.8009033203125
-1011.9722290039062 -143.7828826904297
-1013.9461059570312 -145.78280639648438
-1015.281982421875 -147.78277587890625
-1013.2860717773438 -149.78245544433594
-1015.1151123046875 -151.7822265625
-1017.0895385742188 -153.78221130371094
-1015.0896606445312 -155.78216552734375
-1013.1484375 -154.15045166015625
-1015.133056640625 -156.1504364013672
-1013.1670532226562 -154.23068237304688
-1014.7716674804688 -156.22811889648438
-1013.0169067382812 -154.28761291503906
-1015.0036010742188 -156.28616333007812
-1013.0205688476562 -155.55203247070312
-1015.0121459960938 -157.55145263671875
-1013.0250244140625 -155.6081085205078
-1015.010986328125 -157.60755920410156
-1013.1990356445312 -156.01034545898438
-1014.8836059570312 -158.00912475585938
-1012.8844604492188 -156.77442932128906
-1014.881591796875 -158.77418518066406
-1012.8836669921875 -157.033203125
-1014.879150390625 -159.03317260742188
-1012.9735107421875 -157.634521484375
-1014.708251953125 -159.63412475585938
-1012.7386474609375 -158.089599609375
-1014.6464233398438 -160.0894317626953
-1012.661865234375 -160.19204711914062
-1013.5111694335938 -162.19200134277344
-1011.5131225585938 -163.87657165527344
-1013.0936889648438 -165.8765411376953
-1011.1029663085938 -167.842529296875
-1013.0947265625 -169.8346710205078
-1011.0962524414062 -171.8226318359375
-1012.9224853515625 -173.82260131835938
-1010.9462890625 -175.75149536132812
-1012.709716796875 -177.73138427734375
-1014.6235961914062 -179.73062133789062
-1012.6329956054688 -181.70384216308594
-1014.623779296875 -183.70376586914062
-1012.6644897460938 -185.70005798339844
-1014.65283203125 -187.68006896972656
-1012.659912109375 -189.67669677734375
-1014.0889892578125 -191.67665100097656
-1012.1099243164062 -193.67091369628906
-1014.0576782226562 -195.67091369628906
-1012.0595092773438 -197.6569366455078
-1013.788330078125 -199.6569366455078
-1011.7929077148438 -201.40956115722656
-1013.7349853515625 -203.40843200683594
-1011.7386474609375 -205.40635681152344
-1013.2507934570312 -207.40480041503906
-1011.2510375976562 -209.40367126464844
-1011.0482788085938 -211.40365600585938
-1009.1951293945312 -213.40365600585938
-1007.3024291992188 -215.40365600585938
-1005.5563354492188 -213.5997772216797
-1003.5611572265625 -215.5997772216797
-1001.571044921875 -214.48936462402344
-999.572021484375 -216.48936462402344
-997.81494140625 -217.2711944580078
-995.8216552734375 -216.42849731445312
-993.832763671875 -217.53616333007812
-991.9338989257812 -216.37384033203125
-989.990966796875 -215.71212768554688
-988.2408447265625 -216.78746032714844
-986.298095703125 -215.1647186279297
-984.2988891601562 -217.1647186279297
-982.5787353515625 -216.80685424804688
-980.5798950195312 -218.3970489501953
-978.9852294921875 -217.23609924316406
-977.0393676757812 -218.83265686035156
-975.8391723632812 -218.69021606445312
-977.1394653320312 -218.1191864013672
-975.2586059570312 -219.67782592773438
-973.3125 -219.3728485107422
-971.415771484375 -217.9958038330078
-969.4224853515625 -217.30471801757812
-967.4569702148438 -215.79611206054688
-965.7918701171875 -217.5426483154297
-964.5765991210938 -217.81312561035156
-962.5791625976562 -218.2526397705078
-961.2559814453125 -218.5028076171875
-959.3662719726562 -219.20274353027344
-958.9625854492188 -217.99490356445312
-958.2313232421875 -216.8543243408203
-956.2721557617188 -218.35202026367188
-954.43310546875 -218.6593017578125
-952.4443359375 -219.65472412109375
-951.6073608398438 -221.33970642089844
-949.6671752929688 -219.4355926513672
-947.706787109375 -219.72146606445312
-945.7099609375 -221.71871948242188
-943.7171630859375 -223.70547485351562
-941.7215576171875 -225.6871795654297
-939.73095703125 -227.68692016601562
-937.7345581054688 -229.64634704589844
-935.7393798828125 -231.64231872558594
-933.739990234375 -233.63729858398438
