-1048.0546875 -50.65389633178711
-1046.08251953125 -48.791770935058594
-1044.0836181640625 -48.670230865478516
-1042.0849609375 -46.97332763671875
-1040.08544921875 -48.6039924621582
-1038.08837890625 -46.84833526611328
-1036.0909423828125 -47.77771759033203
-1037.990966796875 -49.7625617980957
-1035.9913330078125 -49.415016174316406
-1037.086181640625 -51.41123962402344
-1035.0865478515625 -50.59611511230469
-1035.09716796875 -52.54618835449219
-1034.7979736328125 -54.48966979980469
-1036.439208984375 -56.46406555175781
-1034.43994140625 -56.35749816894531
-1033.588134765625 -58.347991943359375
-1034.8660888671875 -60.33647155761719
-1032.87060546875 -59.991554260253906
-1031.437255859375 -61.97629165649414
-1029.707763671875 -63.968101501464844
-1028.35009765625 -65.60226440429688
-1026.5196533203125 -66.66056823730469
-1025.788330078125 -66.06640625
-1023.99072265625 -64.90692138671875
-1021.9912109375 -64.18355560302734
-1020.0952758789062 -64.44989013671875
-1018.195068359375 -62.78097152709961
-1016.39208984375 -61.76030731201172
-1014.3926391601562 -60.24702835083008
-1012.3968505859375 -60.375823974609375
-1010.39990234375 -59.61638259887695
-1008.6680297851562 -61.60966873168945
-1006.6735229492188 -61.33590316772461
-1004.7618408203125 -62.255157470703125
-1002.7799072265625 -61.912540435791016
-1000.80419921875 -62.654544830322266
-998.8793334960938 -61.81654739379883
-997.0039672851562 -62.73771286010742
-995.3606567382812 -62.46888732910156
-993.3822021484375 -63.69840621948242
-991.390869140625 -62.79704666137695
-989.5713500976562 -62.40576171875
-987.6691284179688 -63.76034927368164
-985.7864990234375 -62.10014724731445
-983.7972412109375 -62.41864013671875
-982.4874877929688 -60.92638397216797
-980.5009155273438 -62.36145782470703
-978.5891723632812 -61.16167449951172
-976.6221923828125 -61.69640350341797
-974.6317749023438 -60.413291931152344
-972.739990234375 -60.61839294433594
-970.7433471679688 -61.30086898803711
-968.7737426757812 -62.842899322509766
-966.781982421875 -63.963165283203125
-964.7929077148438 -65.31019592285156
-962.793701171875 -65.47042083740234
-960.8004760742188 -67.27565002441406
-958.80908203125 -68.72759246826172
-956.8170776367188 -70.72090148925781
-954.8208618164062 -72.4296646118164
-952.8312377929688 -74.39823913574219
-950.84521484375 -76.38156127929688
-948.8460083007812 -78.30425262451172
-946.8623046875 -80.30018615722656
-944.8630981445312 -82.2754135131836
-943.5564575195312 -84.27535247802734
-944.7089233398438 -86.27529907226562
-942.9356079101562 -88.27527618408203
-941.2178344726562 -90.27523803710938
-942.8865966796875 -92.27521514892578
-943.89697265625 -94.27510070800781
-942.3554077148438 -96.27415466308594
-941.348876953125 -98.27408599853516
-941.3418579101562 -100.27407836914062
-942.3229370117188 -102.2740478515625
-941.6336669921875 -104.27404022216797
-942.8607788085938 -106.2740249633789
-942.0505981445312 -108.27386474609375
-940.11328125 -110.27384948730469
-939.1394653320312 -112.27333068847656
-939.1290893554688 -114.2733154296875
-938.90283203125 -116.27322387695312
-938.913330078125 -118.27320861816406
-938.1799926757812 -120.2729721069336
-936.4268798828125 -122.2728271484375
-937.5546264648438 -124.27278137207031
-936.3768920898438 -126.27201843261719
-936.4579467773438 -128.27191162109375
-935.408447265625 -130.2714385986328
-936.511962890625 -132.2714385986328
-936.2537841796875 -134.2714080810547
-937.2359619140625 -136.2713623046875
-937.4685668945312 -138.2713623046875
-938.4901733398438 -140.27110290527344
-936.6038818359375 -142.2710723876953
-937.8652954101562 -144.27101135253906
-937.5142822265625 -146.27101135253906
-937.9473266601562 -148.27059936523438
-938.4659423828125 -150.27052307128906
-939.0519409179688 -152.27052307128906
-938.7908935546875 -154.2705078125
-936.9071655273438 -156.2705078125
-935.9898071289062 -158.27040100097656
-934.4200439453125 -160.27040100097656
-933.89599609375 -162.2703094482422
-934.2006225585938 -164.2700653076172
-933.8575439453125 -166.27005004882812
-932.3701782226562 -168.27001953125
-932.79931640625 -170.2696990966797
-932.2108154296875 -172.26953125
-934.0784912109375 -174.2694854736328
-935.7877807617188 -176.26947021484375
-933.9595947265625 -178.26947021484375
-934.276611328125 -180.2694549560547
-935.0904541015625 -182.2694091796875
-933.520751953125 -184.2692108154297
-932.3226928710938 -186.26918029785156
-930.9863891601562 -188.26876831054688
-932.5897216796875 -190.26364135742188
-934.2872314453125 -192.26321411132812
-934.9276123046875 -194.2631378173828
-933.5890502929688 -196.26307678222656
-933.3414916992188 -198.262939453125
-934.4098510742188 -200.2624969482422
-936.2310180664062 -202.26084899902344
-936.40869140625 -204.2608184814453
-934.6380615234375 -206.2607421875
-935.3033447265625 -208.26068115234375
-935.6790161132812 -210.2605438232422
-934.713623046875 -212.260498046875
-933.2572631835938 -214.26048278808594
-931.9537353515625 -216.2604522705078
-932.0208740234375 -218.26040649414062
-930.5584716796875 -220.26039123535156
-932.372314453125 -222.2600860595703
-931.4482421875 -224.26004028320312
-932.966064453125 -226.26002502441406
-934.4191284179688 -228.25997924804688
-935.7345581054688 -230.25997924804688
-936.7083129882812 -232.25997924804688
-935.0366821289062 -234.25997924804688
-933.1214599609375 -236.25997924804688
