-1048.0595703125 -49.13804244995117
-1046.0699462890625 -50.26339340209961
-1044.072265625 -50.08658981323242
-1042.0726318359375 -49.980804443359375
-1040.075439453125 -49.366886138916016
-1038.075927734375 -48.5406608581543
-1036.0760498046875 -48.608802795410156
-1035.397216796875 -50.44442367553711
-1036.593505859375 -51.94666290283203
-1034.593505859375 -53.424739837646484
-1034.25390625 -55.0515251159668
-1034.3382568359375 -56.91006851196289
-1032.469970703125 -58.798545837402344
-1030.4981689453125 -60.78083801269531
-1028.5264892578125 -61.13059997558594
-1026.549072265625 -62.93156814575195
-1024.562744140625 -61.56619644165039
-1022.5804443359375 -62.0390510559082
-1020.6168212890625 -60.144588470458984
-1018.6329345703125 -59.54219055175781
-1016.6357421875 -59.15409851074219
-1014.63671875 -59.18509292602539
-1012.6398315429688 -57.73191833496094
-1010.7491455078125 -59.415611267089844
-1008.7595825195312 -61.32046127319336
-1006.7632446289062 -61.79158020019531
-1004.7639770507812 -60.09502410888672
-1002.7745361328125 -60.78783416748047
-1000.7866821289062 -61.52182388305664
-998.7977905273438 -60.03450393676758
-996.8159790039062 -62.000308990478516
-994.8162231445312 -60.903892517089844
-992.8726196289062 -60.40044403076172
-990.8735961914062 -61.37972640991211
-988.87939453125 -62.33663558959961
-986.89794921875 -60.73768615722656
-984.950439453125 -59.48677062988281
-982.9571533203125 -58.710105895996094
-980.9776611328125 -59.56566619873047
-979.1229248046875 -60.0971794128418
-977.2219848632812 -58.91743469238281
-975.2498779296875 -58.34279251098633
-973.25537109375 -59.53697204589844
-971.2591552734375 -59.28549575805664
-969.263671875 -61.08626937866211
-967.39208984375 -61.776466369628906
-965.4117431640625 -60.419761657714844
-963.4122924804688 -60.418914794921875
-961.7192993164062 -61.79938888549805
-959.7492065429688 -63.729881286621094
-957.889404296875 -65.71249389648438
-956.44775390625 -67.66960144042969
-954.4535522460938 -69.60733795166016
-952.4545288085938 -71.57174682617188
-950.4549560546875 -73.51197052001953
-948.4551391601562 -75.4689712524414
-946.4552001953125 -77.44891357421875
-946.76171875 -79.44879913330078
-944.76171875 -81.39282989501953
-944.6045532226562 -83.39070129394531
-945.6451416015625 -85.39012908935547
-947.1253051757812 -87.388427734375
-945.1253051757812 -89.37762451171875
-946.0223999023438 -91.37747192382812
-944.11279296875 -93.37718963623047
-942.5558471679688 -95.37709045410156
-943.08251953125 -97.3765869140625
-943.994140625 -99.37552642822266
-945.4915771484375 -101.37433624267578
-946.2374877929688 -103.37432098388672
-944.2374877929688 -105.27848052978516
-944.6494750976562 -107.27787017822266
-942.7852783203125 -109.27726745605469
-943.110107421875 -111.27027893066406
-944.5213623046875 -113.26838684082031
-943.6387329101562 -115.26824951171875
-942.6515502929688 -117.2672348022461
-942.8408813476562 -119.2669448852539
-944.3894653320312 -121.26687622070312
-944.482666015625 -123.26654815673828
-942.6820678710938 -125.26646423339844
-941.7412109375 -127.26382446289062
-940.5098876953125 -129.25831604003906
-941.042236328125 -131.25802612304688
-939.5394897460938 -133.25802612304688
-937.8511962890625 -135.2576904296875
-938.6947631835938 -137.25576782226562
-937.0941162109375 -139.25433349609375
-935.7501831054688 -141.2542724609375
-936.0095825195312 -143.2540283203125
-936.2379150390625 -145.25279235839844
-934.4882202148438 -147.25021362304688
-932.7828979492188 -149.25006103515625
-933.4107055664062 -151.24957275390625
-935.2760620117188 -153.24693298339844
-935.15576171875 -155.2467498779297
-934.6475830078125 -157.2464599609375
-933.41845703125 -159.24630737304688
-933.6624145507812 -161.24627685546875
-932.5230712890625 -163.24462890625
-930.9269409179688 -165.243896484375
-930.251708984375 -167.24197387695312
-931.702392578125 -169.2408905029297
-932.5501708984375 -171.24073791503906
-931.376953125 -173.2404327392578
-932.8659057617188 -175.2390899658203
-931.34326171875 -177.23887634277344
-932.7952270507812 -179.2388458251953
-931.2645263671875 -181.23883056640625
-931.6526489257812 -183.23838806152344
-930.098388671875 -185.23826599121094
-931.31884765625 -187.23817443847656
-931.4537353515625 -189.23728942871094
-932.8759155273438 -191.2372589111328
-931.0112915039062 -193.23724365234375
-929.7135620117188 -195.2355194091797
-927.7607421875 -197.2288818359375
-927.6807250976562 -199.22450256347656
-929.596435546875 -201.21803283691406
-930.8510131835938 -203.21566772460938
-932.5397338867188 -205.21493530273438
-932.7014770507812 -207.21449279785156
-931.64208984375 -209.21420288085938
-931.3430786132812 -211.2141876220703
-929.4202880859375 -213.2141876220703
-931.0368041992188 -215.2078399658203
-929.0673828125 -217.2078094482422
-928.1786499023438 -219.20700073242188
-929.0430908203125 -221.20693969726562
-930.92724609375 -223.20693969726562
-932.0057983398438 -225.20689392089844
-931.7381591796875 -227.20689392089844
-931.9856567382812 -229.20687866210938
