-961.6620483398438 -214.5070037841797
-963.6620483398438 -216.50682067871094
-965.505126953125 -214.5070037841797
-967.5050659179688 -216.5070037841797
-969.4987182617188 -214.5070037841797
-971.4976806640625 -216.50694274902344
-973.4916381835938 -214.50717163085938
-975.4915771484375 -216.50674438476562
-977.4911499023438 -214.61105346679688
-979.4911499023438 -216.6110382080078
-981.4906005859375 -218.6109619140625
-983.4892578125 -216.6184844970703
-985.4633178710938 -214.61892700195312
-987.4631958007812 -216.61585998535156
-989.4559326171875 -214.6186065673828
-991.4559326171875 -216.61717224121094
-993.4290161132812 -214.64321899414062
-995.4288330078125 -216.64280700683594
-997.39892578125 -215.51976013183594
-999.39892578125 -217.51751708984375
-1001.3972778320312 -215.52670288085938
-1003.397216796875 -217.52659606933594
-1005.2551879882812 -215.5279998779297
-1007.2532958984375 -214.13961791992188
-1009.2531127929688 -216.1396026611328
-1011.2492065429688 -214.14170837402344
-1013.1053466796875 -212.7404022216797
-1015.1011352539062 -210.770751953125
-1017.0973510742188 -212.7699432373047
-1019.0958862304688 -214.76963806152344
-1021.0951538085938 -212.77792358398438
-1023.068603515625 -214.7775421142578
-1025.0684814453125 -216.77737426757812
-1027.0484619140625 -214.79164123535156
-1029.0460205078125 -216.7915496826172
-1031.0423583984375 -214.80984497070312
-1033.0380859375 -216.80905151367188
-1035.0250244140625 -215.01197814941406
-1037.0233154296875 -216.99610900878906
-1038.9951171875 -215.1494140625
-1040.9852294921875 -217.1492919921875
-1042.6046142578125 -215.3519287109375
-1044.5997314453125 -217.3516845703125
-1046.599609375 -219.35052490234375
-1048.59521484375 -218.1741180419922
-1050.594482421875 -220.17274475097656
-1048.718994140625 -222.15541076660156
-1050.7161865234375 -222.8364715576172
-1048.812255859375 -224.83425903320312
-1050.7965087890625 -224.371337890625
-1048.9033203125 -226.3629913330078
-1050.8948974609375 -227.02999877929688
-1049.0050048828125 -229.01573181152344
-1051.001220703125 -230.98487854003906
-1049.303466796875 -232.97454833984375
-1051.285888671875 -234.48558044433594
-1049.3017578125 -236.48410034179688
-1047.4022216796875 -238.47227478027344
-1049.3890380859375 -240.0657958984375
-1047.541259765625 -242.05870056152344
-1049.467041015625 -244.0372772216797
-1047.7666015625 -246.03570556640625
-1049.7528076171875 -244.35630798339844
-1048.0616455078125 -246.34390258789062
-1050.0220947265625 -246.1625518798828
-1048.143310546875 -248.15797424316406
-1050.142822265625 -247.745361328125
-1048.162109375 -249.7244873046875
-1050.140625 -248.3190155029297
-1048.2197265625 -250.30804443359375
-1050.1993408203125 -248.82293701171875
-1049.2025146484375 -250.72117614746094
-1051.134033203125 -252.54701232910156
-1050.180908203125 -251.35498046875
-1051.312255859375 -253.02096557617188
-1049.65478515625 -253.7102813720703
-1047.778564453125 -255.625
-1049.7550048828125 -257.06768798828125
-1049.095458984375 -259.0597229003906
-1047.478271484375 -261.0316467285156
-1048.99072265625 -262.33380126953125
-1048.21435546875 -264.0483093261719
-1050.194580078125 -265.85430908203125
-1048.6295166015625 -267.1418762207031
-1050.5955810546875 -265.198974609375
-1048.7547607421875 -266.7402648925781
-1050.7506103515625 -264.84063720703125
-1048.916748046875 -266.8027038574219
-1047.00341796875 -268.7728576660156
-1048.89013671875 -268.1828308105469
-1050.0008544921875 -267.2458801269531
-1048.1778564453125 -269.2288513183594
-1050.15185546875 -269.4776306152344
-1048.25 -271.19732666015625
-1050.24169921875 -272.4903259277344
-1048.6058349609375 -274.4275817871094
-1050.435302734375 -275.9508972167969
-1052.059326171875 -277.842529296875
-1050.75146484375 -279.83935546875
-1049.037109375 -281.68310546875
-1051.019775390625 -283.56787109375
-1049.9771728515625 -285.23394775390625
-1048.65087890625 -287.224853515625
-1046.909912109375 -288.8953552246094
-1048.9072265625 -290.88385009765625
-1050.906494140625 -292.8642883300781
-1052.90576171875 -294.8639221191406
-1052.9046630859375 -296.6736145019531
-1050.994140625 -298.3176574707031
-1050.4293212890625 -298.864990234375
-1049.8238525390625 -299.16259765625
-1051.3994140625 -299.32366943359375
-1050.2850341796875 -300.7370300292969
-1050.9942626953125 -302.5838928222656
-1052.21142578125 -304.0409851074219
-1050.8695068359375 -305.0201721191406
-1052.5145263671875 -306.97186279296875
-1054.5125732421875 -308.9683532714844
-1056.501953125 -310.9679260253906
-1058.484130859375 -308.9695739746094
-1060.4825439453125 -310.9687194824219
-1062.4815673828125 -312.9657897949219
-1064.4693603515625 -310.9661560058594
-1066.468017578125 -312.9438171386719
-1068.451171875 -310.9439697265625
-1070.4461669921875 -312.9437561035156
-1072.392822265625 -310.9440002441406
-1074.39208984375 -312.93939208984375
-1076.305419921875 -310.9396667480469
-1078.3037109375 -312.9150390625
-1080.2960205078125 -310.91522216796875
-1082.2947998046875 -312.91094970703125
-1084.2928466796875 -310.9111328125
-1086.2928466796875 -308.91131591796875
-1088.28955078125 -310.8417053222656
-1090.2813720703125 -308.841796875
-1092.2779541015625 -310.82855224609375
-1094.2650146484375 -308.8293762207031
-1096.264404296875 -310.82647705078125
-1098.2398681640625 -308.82904052734375
-1100.0540771484375 -310.8169250488281
-1102.05126953125 -308.8169250488281
-1104.0511474609375 -310.8164978027344
-1105.8197021484375 -308.8168029785156
-1107.818603515625 -310.8115539550781
-1109.8153076171875 -312.7934875488281
-1111.796875 -310.8045654296875
-1113.6312255859375 -312.8027038574219
-1115.626953125 -314.8022766113281
-1117.5546875 -312.80230712890625
-1119.5504150390625 -314.8009033203125
-1121.5340576171875 -312.8009948730469
-1123.529296875 -310.801025390625
-1125.498046875 -312.799560546875
-1127.4913330078125 -310.79986572265625
-1129.292724609375 -312.7976989746094
-1131.2923583984375 -310.7977600097656
-1133.02734375 -312.7823791503906
-1135.0262451171875 -310.7829284667969
-1136.8736572265625 -312.7825927734375
-1138.8699951171875 -310.7826843261719
-1138.0662841796875 -312.7249755859375
-1140.0606689453125 -310.7252502441406
-1142.0260009765625 -311.6580505371094
-1144.0211181640625 -309.6583557128906
-1145.9935302734375 -309.10186767578125
-1147.9927978515625 -307.10211181640625
-1149.991943359375 -305.10211181640625
-1151.94287109375 -307.1020812988281
-1153.92724609375 -309.0962829589844
-1155.926513671875 -307.0964660644531
-1157.9234619140625 -309.0639343261719
-1159.913330078125 -307.0639953613281
-1161.7984619140625 -309.0633239746094
-1163.794677734375 -307.0633544921875
-1162.6639404296875 -309.054931640625
-1164.65771484375 -307.0549621582031
-1166.0513916015625 -309.0539855957031
-1166.75244140625 -311.0536193847656
-1168.720947265625 -309.0539855957031
-1170.2481689453125 -311.05389404296875
