-961.6563720703125 -214.50625610351562
-963.6554565429688 -216.5062255859375
-965.4937744140625 -214.5546875
-967.4927978515625 -216.5401153564453
-969.1931762695312 -214.6210479736328
-971.0643920898438 -216.61941528320312
-973.0223388671875 -214.7651824951172
-974.954345703125 -216.7650604248047
-976.8546752929688 -214.88304138183594
-978.8477172851562 -216.87982177734375
-980.7398681640625 -215.40762329101562
-982.6454467773438 -217.40435791015625
-982.4945678710938 -215.41079711914062
-984.4921875 -217.41053771972656
-984.8533935546875 -215.51171875
-986.8375244140625 -217.4434051513672
-986.628662109375 -215.46087646484375
-988.6264038085938 -217.45889282226562
-989.645751953125 -215.52560424804688
-991.6454467773438 -217.52410888671875
-992.8233642578125 -215.56639099121094
-994.703125 -213.58575439453125
-996.7000732421875 -215.58558654785156
-998.684326171875 -217.5379180908203
-1000.6318359375 -216.1374969482422
-1002.4896850585938 -214.17222595214844
-1004.4769287109375 -216.15908813476562
-1005.1676635742188 -214.35357666015625
-1007.1649780273438 -216.3520965576172
-1008.3905639648438 -214.41209411621094
-1010.3270263671875 -212.4420623779297
-1012.2864379882812 -214.4415740966797
-1014.22265625 -212.58059692382812
-1016.2191162109375 -214.57574462890625
-1017.9028930664062 -213.56854248046875
-1019.8716430664062 -215.5651092529297
-1021.0593872070312 -213.80223083496094
-1023.0025634765625 -215.80145263671875
-1024.3968505859375 -213.99774169921875
-1026.392578125 -215.99618530273438
-1028.2763671875 -214.06472778320312
-1030.2760009765625 -216.05133056640625
-1031.6964111328125 -216.10984802246094
-1033.653564453125 -214.53652954101562
-1035.6448974609375 -216.5358428955078
-1037.014892578125 -215.6397705078125
-1036.9029541015625 -213.80006408691406
-1038.8983154296875 -215.7971649169922
-1040.8907470703125 -217.78909301757812
-1042.8380126953125 -215.96908569335938
-1044.8236083984375 -217.78323364257812
-1046.8211669921875 -219.7794952392578
-1048.6856689453125 -221.42568969726562
-1049.7335205078125 -223.04347229003906
-1050.37744140625 -225.0148162841797
-1048.383056640625 -226.98458862304688
-1050.30126953125 -228.8760986328125
-1048.8828125 -230.86276245117188
-1050.881591796875 -232.82876586914062
-1051.1588134765625 -234.8182373046875
-1049.6427001953125 -236.77496337890625
-1050.60595703125 -238.20802307128906
-1048.658447265625 -239.5771026611328
-1048.031494140625 -241.53802490234375
-1050.0157470703125 -243.08282470703125
-1050.128173828125 -244.95103454589844
-1048.3194580078125 -246.7984161376953
-1050.3056640625 -246.11087036132812
-1049.3580322265625 -248.07127380371094
-1051.3489990234375 -249.58779907226562
-1049.4393310546875 -251.54454040527344
-1051.3096923828125 -252.0511932373047
-1051.69287109375 -250.12713623046875
-1050.36767578125 -252.10684204101562
-1048.495361328125 -251.04075622558594
-1050.490478515625 -252.70570373535156
-1049.6361083984375 -252.19639587402344
-1047.8114013671875 -250.2749481201172
-1049.8094482421875 -252.19346618652344
-1049.5699462890625 -252.0357666015625
-1049.501220703125 -250.8536376953125
-1051.4576416015625 -252.5337677001953
-1050.1278076171875 -250.90945434570312
-1051.2606201171875 -252.78790283203125
-1051.6175537109375 -251.90960693359375
-1050.259033203125 -250.04409790039062
-1048.51513671875 -251.5150604248047
-1050.0733642578125 -252.04293823242188
-1051.984130859375 -251.6858367919922
-1051.0821533203125 -249.86752319335938
-1049.1591796875 -251.78025817871094
-1051.0013427734375 -251.38121032714844
-1050.278564453125 -249.9453582763672
-1048.3917236328125 -251.937744140625
-1049.8665771484375 -253.71371459960938
-1047.9920654296875 -253.66925048828125
-1049.5084228515625 -255.62184143066406
-1048.1446533203125 -257.5914306640625
-1049.5469970703125 -256.7532043457031
-1048.3436279296875 -258.7347412109375
-1050.2760009765625 -260.6580810546875
-1049.722900390625 -261.915283203125
-1048.8564453125 -263.9103088378906
-1046.9598388671875 -265.57781982421875
-1048.19580078125 -263.9291076660156
-1050.1895751953125 -265.9232177734375
-1048.403076171875 -267.8567199707031
-1050.3018798828125 -269.6683349609375
-1048.522216796875 -271.52679443359375
-1050.515380859375 -270.52105712890625
-1049.015869140625 -271.71978759765625
-1050.854248046875 -272.0871887207031
-1049.4658203125 -273.474365234375
-1048.375244140625 -273.83941650390625
-1050.2081298828125 -275.5718994140625
-1048.63330078125 -274.6356201171875
-1050.626708984375 -274.4896240234375
-1051.1094970703125 -276.3631896972656
-1049.4678955078125 -278.2915344238281
-1049.72265625 -279.7621765136719
-1048.160888671875 -281.49578857421875
-1050.1588134765625 -283.4350891113281
-1048.5386962890625 -285.4063720703125
-1048.6746826171875 -287.3587341308594
-1049.5308837890625 -288.8662109375
-1050.227783203125 -290.68084716796875
-1051.8795166015625 -292.5851745605469
-1053.8782958984375 -294.5835266113281
-1052.24951171875 -295.1051940917969
-1053.463623046875 -294.55035400390625
-1052.815673828125 -296.16754150390625
-1053.131591796875 -297.8166198730469
-1051.22265625 -298.6019287109375
-1049.583740234375 -299.308837890625
-1050.1011962890625 -299.68670654296875
-1048.3031005859375 -299.46588134765625
-1047.07470703125 -300.8534851074219
-1048.2188720703125 -302.42767333984375
-1046.838623046875 -303.8222961425781
-1048.594970703125 -305.8155822753906
-1049.4739990234375 -306.5006103515625
-1051.226806640625 -308.45404052734375
-1052.77587890625 -306.4549560546875
-1054.2763671875 -308.3704833984375
-1056.1102294921875 -310.37042236328125
-1058.110107421875 -312.3633117675781
-1058.455078125 -310.6807861328125
-1060.3280029296875 -312.6278076171875
-1061.6817626953125 -310.6424255371094
-1063.471923828125 -312.6193542480469
-1065.1060791015625 -310.6713562011719
-1067.1041259765625 -312.6636962890625
-1068.6439208984375 -310.69915771484375
-1070.6337890625 -312.6374206542969
-1069.7071533203125 -310.65283203125
-1071.702392578125 -312.6431579589844
-1072.86328125 -310.6451110839844
-1074.78564453125 -312.6221923828125
-1075.6572265625 -310.6775817871094
-1077.6524658203125 -312.6476745605469
-1079.5648193359375 -310.7522888183594
-1081.564208984375 -312.7231750488281
-1083.4241943359375 -310.7379150390625
-1085.108642578125 -308.74639892578125
-1087.1021728515625 -310.2475891113281
-1087.5687255859375 -308.24969482421875
-1089.5662841796875 -309.7149353027344
-1090.80078125 -307.75665283203125
-1092.756591796875 -309.75421142578125
-1094.7501220703125 -311.7527770996094
-1093.8961181640625 -309.76318359375
-1095.890869140625 -311.7592468261719
-1097.140869140625 -309.9343566894531
-1099.1285400390625 -311.8498229980469
-1101.0396728515625 -309.8785400390625
-1103.0133056640625 -311.85498046875
-1103.8028564453125 -309.85809326171875
-1105.802001953125 -311.8534851074219
-1107.2642822265625 -309.97979736328125
-1109.2620849609375 -308.9698181152344
-1111.2537841796875 -310.8023681640625
-1113.2225341796875 -312.75323486328125
-1115.1912841796875 -314.73138427734375
-1113.4154052734375 -312.9150085449219
-1115.4119873046875 -314.6667785644531
-1113.4588623046875 -313.1374816894531
-1115.449951171875 -315.1299743652344
-1117.0828857421875 -313.1712341308594
-1119.0474853515625 -315.09625244140625
-1120.3060302734375 -313.2923583984375
-1120.1697998046875 -311.30865478515625
-1122.15185546875 -313.2082824707031
-1121.0394287109375 -311.30255126953125
-1122.962890625 -313.29888916015625
-1123.143798828125 -311.3293762207031
-1125.1414794921875 -313.0366516113281
-1126.302001953125 -311.4239501953125
-1128.3013916015625 -313.3944091796875
-1129.6109619140625 -311.40350341796875
-1131.3521728515625 -313.36114501953125
-1129.797607421875 -311.4322814941406
-1130.1134033203125 -313.4208068847656
-1129.2650146484375 -312.42919921875
-1128.689453125 -310.63427734375
-1130.622802734375 -312.61358642578125
-1132.5313720703125 -310.62725830078125
-1134.5235595703125 -312.50091552734375
-1136.0137939453125 -314.47674560546875
-1137.59228515625 -312.64837646484375
-1136.792236328125 -310.8719787597656
-1137.2196044921875 -312.7818908691406
-1138.7677001953125 -310.7970275878906
-1140.7611083984375 -312.7592468261719
-1142.73193359375 -311.8105773925781
-1141.135009765625 -309.818359375
-1143.1129150390625 -311.8089294433594
-1142.5205078125 -309.8221435546875
-1144.485107421875 -311.8052673339844
-1143.0692138671875 -309.8091735839844
-1145.0404052734375 -311.1357727050781
-1145.1326904296875 -309.1816101074219
-1147.129638671875 -311.16265869140625
-1146.7191162109375 -309.16864013671875
-1145.3558349609375 -307.1689758300781
-1147.3526611328125 -309.03564453125
-1148.3770751953125 -307.0411376953125
-1150.0968017578125 -305.06829833984375
-1152.078125 -307.06781005859375
-1154.0673828125 -309.06170654296875
-1153.4832763671875 -307.066650390625
-1155.47509765625 -309.06512451171875
-1156.9661865234375 -307.0751953125
-1158.962890625 -309.07366943359375
-1159.635009765625 -307.6398010253906
-1161.624755859375 -309.6364440917969
-1162.0697021484375 -307.6404113769531
-1163.244140625 -309.63861083984375
-1164.130126953125 -307.6468811035156
-1166.030029296875 -309.63555908203125
-1168.0233154296875 -311.6235046386719
-1167.2647705078125 -309.69635009765625
-1169.1986083984375 -311.6956787109375
