-961.6121215820312 -214.50709533691406
-963.12939453125 -216.507080078125
-965.1251220703125 -215.11181640625
-967.1113891601562 -213.4027099609375
-966.4124145507812 -215.4027099609375
-968.4094848632812 -213.48179626464844
-969.9179077148438 -215.48170471191406
-969.614501953125 -217.481689453125
-971.6138916015625 -216.46762084960938
-973.606689453125 -214.49266052246094
-974.7501220703125 -216.49264526367188
-976.744384765625 -214.49703979492188
-978.5308837890625 -216.49578857421875
-980.1583862304688 -218.4957733154297
-982.1574096679688 -216.79156494140625
-984.048583984375 -218.7915496826172
-986.0343017578125 -218.80482482910156
-988.0335083007812 -217.19741821289062
-990.0164184570312 -215.43035888671875
-991.464599609375 -217.42845153808594
-993.4129028320312 -215.84432983398438
-993.7432250976562 -213.86383056640625
-995.69091796875 -215.8636932373047
-997.661376953125 -213.88092041015625
-999.3539428710938 -215.87832641601562
-1001.352783203125 -213.89971923828125
-1003.2098388671875 -215.89794921875
-1004.9596557617188 -213.97891235351562
-1006.9590454101562 -215.94236755371094
-1008.9190673828125 -214.6610870361328
-1010.8993530273438 -212.69671630859375
-1012.8855590820312 -214.69410705566406
-1014.8818359375 -212.85182189941406
-1016.5392456054688 -214.85116577148438
-1018.5383911132812 -213.20936584472656
-1019.5065307617188 -215.2093505859375
-1021.3732299804688 -213.21372985839844
-1023.2977905273438 -215.213134765625
-1025.29638671875 -217.2128448486328
-1027.2940673828125 -215.2389373779297
-1027.9478759765625 -217.23875427246094
-1029.8192138671875 -215.23912048339844
-1030.72412109375 -217.2390899658203
-1032.720458984375 -215.65765380859375
-1034.7171630859375 -214.2834930419922
-1036.6190185546875 -216.2819061279297
-1038.5521240234375 -214.3024444580078
-1038.66162109375 -216.3024139404297
-1040.1644287109375 -214.3480682373047
-1040.2510986328125 -216.3468475341797
-1042.037109375 -214.36697387695312
-1043.9281005859375 -216.3641357421875
-1044.1358642578125 -218.36111450195312
-1044.779052734375 -216.48672485351562
-1046.735595703125 -218.479736328125
-1048.43994140625 -220.47787475585938
-1050.419921875 -218.56019592285156
-1049.9761962890625 -219.2121124267578
-1048.84716796875 -220.16412353515625
-1047.19873046875 -222.161865234375
-1049.1715087890625 -223.32974243164062
-1048.0068359375 -225.1566162109375
-1050.002685546875 -223.31613159179688
-1048.5941162109375 -225.30062866210938
-1050.5833740234375 -223.54029846191406
-1049.0799560546875 -225.53659057617188
-1051.079833984375 -223.53713989257812
-1049.16357421875 -225.503662109375
-1051.13037109375 -223.521484375
-1049.29296875 -225.4556427001953
-1048.426025390625 -227.45481872558594
-1050.3935546875 -226.75767517089844
-1048.44775390625 -228.3773651123047
-1050.43896484375 -226.56385803222656
-1048.5655517578125 -228.56021118164062
-1050.56396484375 -228.00338745117188
-1050.4837646484375 -229.96539306640625
-1051.8876953125 -231.95233154296875
-1051.7120361328125 -233.9479522705078
-1049.7135009765625 -235.8621826171875
-1050.282470703125 -237.8591766357422
-1048.91064453125 -239.85557556152344
-1049.311767578125 -241.8474578857422
-1047.443603515625 -243.8345489501953
-1049.44287109375 -241.83709716796875
-1047.53173828125 -242.53382873535156
-1049.5225830078125 -240.66238403320312
-1048.1688232421875 -242.653076171875
-1049.1790771484375 -244.56358337402344
-1050.721923828125 -246.56170654296875
-1048.746337890625 -248.3939208984375
-1050.744140625 -246.84005737304688
-1048.7789306640625 -248.8332977294922
-1050.671630859375 -246.8494873046875
-1050.6990966796875 -248.83709716796875
-1049.080322265625 -250.62411499023438
-1051.0672607421875 -251.0462646484375
-1049.4964599609375 -253.03627014160156
-1047.55615234375 -254.81982421875
-1048.7919921875 -255.11366271972656
-1050.7835693359375 -253.3765411376953
-1049.1221923828125 -254.99281311035156
-1048.065673828125 -256.9546813964844
-1049.9755859375 -256.1255187988281
-1048.221435546875 -258.02801513671875
-1050.2139892578125 -256.06597900390625
-1050.1007080078125 -258.06573486328125
-1048.6552734375 -260.045654296875
-1050.6522216796875 -258.29461669921875
-1048.696533203125 -260.2890319824219
-1050.661376953125 -258.5625915527344
-1050.3819580078125 -260.2945556640625
-1048.6263427734375 -261.563232421875
-1049.988525390625 -259.71392822265625
-1051.453125 -261.7094421386719
-1049.6004638671875 -262.8388977050781
-1047.784912109375 -264.3084411621094
-1049.7659912109375 -266.2446594238281
-1047.841796875 -267.8279724121094
-1049.26806640625 -265.8590087890625
-1049.0386962890625 -267.8509216308594
-1051.0009765625 -266.0
-1049.854736328125 -267.9950866699219
-1047.9461669921875 -268.74114990234375
-1049.9283447265625 -266.75372314453125
-1049.916259765625 -268.6375427246094
-1048.6324462890625 -270.5827941894531
-1050.59716796875 -268.96929931640625
-1050.103271484375 -270.7478332519531
-1048.9078369140625 -272.6986999511719
-1050.7578125 -270.7176513671875
-1048.8465576171875 -272.6871643066406
-1050.760986328125 -272.54803466796875
-1049.4259033203125 -274.3328552246094
-1048.945556640625 -276.33203125
-1050.92041015625 -274.9487609863281
-1051.1895751953125 -276.89129638671875
-1051.2515869140625 -278.67034912109375
-1049.5716552734375 -280.6141357421875
-1047.808837890625 -282.5928039550781
-1049.7835693359375 -281.35369873046875
-1047.84912109375 -282.840576171875
-1049.8348388671875 -281.0766296386719
-1051.4788818359375 -282.9593200683594
-1049.512451171875 -284.94915771484375
-1051.2686767578125 -286.9191589355469
-1053.2059326171875 -288.88507080078125
-1053.185546875 -290.8785095214844
-1054.957275390625 -292.874267578125
-1053.1546630859375 -294.3847961425781
-1053.0184326171875 -296.22637939453125
-1051.7000732421875 -295.1810607910156
-1052.1910400390625 -296.3748779296875
-1050.279541015625 -294.7721862792969
-1049.1629638671875 -296.0781555175781
-1047.384765625 -297.5936279296875
-1049.3836669921875 -295.59613037109375
-1048.8604736328125 -293.7414855957031
-1050.831787109375 -295.734130859375
-1049.235107421875 -295.2048645019531
-1050.9571533203125 -293.97467041015625
-1052.510498046875 -294.7875671386719
-1050.70947265625 -296.3099060058594
-1050.1171875 -297.7353210449219
-1048.3673095703125 -296.7508544921875
-1050.3455810546875 -298.6045837402344
-1048.49462890625 -298.1089782714844
-1050.4361572265625 -299.9506530761719
-1051.5595703125 -300.2077331542969
-1052.460693359375 -298.7613830566406
-1050.516357421875 -298.60870361328125
-1052.46533203125 -298.6386413574219
-1054.0380859375 -300.1379089355469
-1054.7548828125 -302.1078796386719
-1052.9832763671875 -304.0802307128906
-1052.2392578125 -306.07489013671875
-1054.1688232421875 -308.0714111328125
-1056.09033203125 -310.07135009765625
-1058.06591796875 -312.06951904296875
-1059.7138671875 -310.06951904296875
-1061.7060546875 -312.0687561035156
-1063.697265625 -310.06915283203125
-1065.3798828125 -312.0691223144531
-1067.3505859375 -310.08367919921875
-1069.3504638671875 -312.073486328125
-1071.350341796875 -314.0732116699219
-1071.591796875 -312.0799560546875
-1073.5821533203125 -310.09619140625
-1075.5728759765625 -312.08514404296875
-1077.528564453125 -310.090576171875
-1079.4876708984375 -312.015625
-1081.477294921875 -310.02899169921875
-1083.4769287109375 -312.02392578125
-1085.3695068359375 -310.0326843261719
-1087.3677978515625 -308.03411865234375
-1089.3677978515625 -309.32147216796875
-1091.3677978515625 -311.3187255859375
-1093.366455078125 -309.321533203125
-1095.26953125 -311.299560546875
-1097.25634765625 -309.31805419921875
-1099.255859375 -311.03668212890625
-1101.252685546875 -309.05389404296875
-1103.2523193359375 -311.0180969238281
-1105.2486572265625 -309.02685546875
-1107.2469482421875 -311.025390625
-1109.2374267578125 -309.02618408203125
-1111.23095703125 -310.9769592285156
-1113.2042236328125 -312.9767761230469
-1115.19482421875 -314.9751892089844
-1117.13037109375 -313.0059509277344
-1119.13037109375 -315.0036926269531
-1121.1170654296875 -313.10809326171875
-1123.054443359375 -311.74725341796875
-1125.054443359375 -313.58258056640625
-1126.9765625 -311.6636047363281
-1128.9765625 -313.6526184082031
-1130.97412109375 -312.4562683105469
-1132.94775390625 -310.4779052734375
-1134.9422607421875 -312.46624755859375
-1136.9422607421875 -314.30133056640625
-1138.942138671875 -312.7415466308594
-1140.9378662109375 -310.7427978515625
-1142.9378662109375 -309.1492614746094
-1144.9376220703125 -307.5080871582031
-1146.9376220703125 -305.74127197265625
-1148.936767578125 -303.74188232421875
-1150.9349365234375 -305.6605224609375
-1152.9298095703125 -307.6454162597656
-1154.9102783203125 -305.65740966796875
-1156.91015625 -307.593994140625
-1157.968017578125 -305.6070861816406
-1159.968017578125 -307.5971374511719
-1161.968017578125 -309.5598449707031
-1163.9075927734375 -307.57806396484375
-1165.9075927734375 -309.3846130371094
-1167.9073486328125 -311.155517578125
-1169.827392578125 -309.43634033203125
-1171.827392578125 -311.39471435546875
