-961.6619873046875 -214.50709533691406
-963.6619873046875 -216.50709533691406
-965.6549072265625 -216.7680206298828
-967.6536865234375 -215.2254638671875
-969.6536865234375 -217.2254638671875
-971.6511840820312 -215.29725646972656
-973.64892578125 -217.29725646972656
-975.6484375 -215.82518005371094
-977.6481323242188 -217.82518005371094
-979.6481323242188 -216.34390258789062
-981.6475830078125 -218.34390258789062
-983.6467895507812 -216.39207458496094
-985.6442260742188 -218.39207458496094
-987.6329956054688 -218.8123016357422
-989.630126953125 -218.94964599609375
-991.6268920898438 -216.98927307128906
-993.6254272460938 -215.05450439453125
-995.6234741210938 -217.05450439453125
-997.6216430664062 -215.1741943359375
-999.62158203125 -217.1741943359375
-1001.6213989257812 -215.7880859375
-1003.6168823242188 -214.4438018798828
-1005.5897827148438 -216.4438018798828
-1007.5875854492188 -214.52320861816406
-1009.5865478515625 -216.52320861816406
-1011.5855102539062 -214.59536743164062
-1013.58544921875 -212.63674926757812
-1015.5851440429688 -214.63674926757812
-1017.5782470703125 -212.71495056152344
-1019.490234375 -214.71495056152344
-1021.47998046875 -212.7842254638672
-1023.069580078125 -214.7842254638672
-1025.0645751953125 -216.7842254638672
-1027.061767578125 -214.84373474121094
-1029.0601806640625 -216.84373474121094
-1031.0250244140625 -215.09715270996094
-1033.022216796875 -217.09715270996094
-1035.0067138671875 -216.09426879882812
-1037.0064697265625 -214.69093322753906
-1039.00634765625 -216.69093322753906
-1041.00390625 -214.70713806152344
-1042.9979248046875 -216.70713806152344
-1044.988037109375 -218.70713806152344
-1046.9610595703125 -220.46884155273438
-1048.955078125 -222.4620819091797
-1046.981689453125 -224.4432830810547
-1048.819580078125 -226.44322204589844
-1050.7982177734375 -228.43504333496094
-1048.821533203125 -230.43479919433594
-1050.799560546875 -232.4346466064453
-1050.6673583984375 -234.4330596923828
-1051.6121826171875 -236.43263244628906
-1049.6849365234375 -238.11941528320312
-1048.10302734375 -240.11715698242188
-1050.1004638671875 -242.11715698242188
-1048.1405029296875 -244.11529541015625
-1050.1402587890625 -245.5152587890625
-1048.323974609375 -247.51124572753906
-1050.3223876953125 -249.34115600585938
-1049.977783203125 -251.31405639648438
-1051.6888427734375 -249.8777313232422
-1051.371826171875 -251.87770080566406
-1049.4739990234375 -253.7816619873047
-1049.3876953125 -254.4535369873047
-1047.4615478515625 -256.37615966796875
-1049.438232421875 -258.3760986328125
-1047.58056640625 -260.3758544921875
-1049.57421875 -262.37548828125
-1047.599365234375 -264.3687744140625
-1049.599365234375 -266.3687744140625
-1047.818359375 -268.3621826171875
-1049.8148193359375 -270.3424072265625
-1048.1414794921875 -272.3379821777344
-1050.136962890625 -274.3346862792969
-1050.3111572265625 -276.3267822265625
-1050.226318359375 -278.326171875
-1048.5218505859375 -280.2967224121094
-1050.4954833984375 -282.2959289550781
-1048.521240234375 -284.0220031738281
-1050.5211181640625 -286.02197265625
-1048.8426513671875 -287.984130859375
-1046.9014892578125 -289.9836120605469
-1048.9000244140625 -291.9836120605469
-1050.8856201171875 -293.9836120605469
-1048.910400390625 -295.477783203125
-1047.245361328125 -297.4353332519531
-1049.24462890625 -299.3763122558594
-1047.3399658203125 -300.4490661621094
-1049.30615234375 -302.448974609375
-1047.3565673828125 -304.334228515625
-1049.3564453125 -306.33416748046875
-1051.3052978515625 -308.3341369628906
-1053.30419921875 -306.3342590332031
-1055.2891845703125 -308.3342590332031
-1057.2552490234375 -310.3342590332031
-1059.2548828125 -312.3342590332031
-1061.254150390625 -310.9505920410156
-1063.2530517578125 -312.9505920410156
-1065.2530517578125 -310.96142578125
-1067.2528076171875 -312.96136474609375
-1069.2528076171875 -310.9713134765625
-1071.2528076171875 -312.9713134765625
-1073.2432861328125 -310.9743957519531
-1075.22119140625 -312.974365234375
-1077.2196044921875 -310.97454833984375
-1079.2188720703125 -312.974365234375
-1081.2186279296875 -310.97479248046875
-1083.218505859375 -308.97491455078125
-1085.21826171875 -310.97491455078125
-1087.2181396484375 -308.9749450683594
-1089.2161865234375 -310.9748229980469
-1091.2161865234375 -308.9750061035156
-1093.2099609375 -310.9750061035156
-1095.208740234375 -308.97528076171875
-1097.207275390625 -310.97528076171875
-1099.207275390625 -308.975341796875
-1101.2054443359375 -310.975341796875
-1103.2054443359375 -308.9770202636719
-1105.2054443359375 -310.9770202636719
-1107.2054443359375 -308.9776611328125
-1109.20458984375 -310.9776306152344
-1111.2044677734375 -312.97393798828125
-1113.2044677734375 -310.9759216308594
-1115.143310546875 -312.9756774902344
-1117.142822265625 -314.9755859375
-1119.1396484375 -312.9893798828125
-1121.1395263671875 -314.9892578125
-1123.1383056640625 -312.9897766113281
-1125.137939453125 -310.99261474609375
-1127.1375732421875 -312.99261474609375
-1129.137451171875 -310.99273681640625
-1131.1373291015625 -312.9927062988281
-1133.1373291015625 -310.99530029296875
-1134.9857177734375 -312.9951477050781
-1136.9857177734375 -311.00506591796875
-1138.9853515625 -313.00469970703125
-1140.9853515625 -311.0063781738281
-1142.9847412109375 -313.0048828125
-1144.984619140625 -311.00567626953125
-1146.984619140625 -309.0062561035156
-1148.984619140625 -307.0063171386719
-1150.984619140625 -305.0063171386719
-1152.98193359375 -307.0060729980469
-1154.981689453125 -309.0049743652344
-1156.981689453125 -307.0058288574219
-1158.981689453125 -309.00543212890625
-1160.981689453125 -307.01959228515625
-1162.9815673828125 -309.01953125
-1164.9815673828125 -307.01959228515625
-1166.9512939453125 -309.0156555175781
-1168.9510498046875 -311.01446533203125
-1170.9510498046875 -309.0154724121094
-1172.9398193359375 -311.0152893066406
