-961.6622314453125 -214.507080078125
-963.6617431640625 -216.50704956054688
-965.6536254882812 -214.5216064453125
-967.649169921875 -216.5216064453125
-969.2327880859375 -214.59030151367188
-971.232666015625 -216.5902862548828
-973.207275390625 -214.59524536132812
-975.20361328125 -216.5950927734375
-976.7229614257812 -214.66763305664062
-978.7224731445312 -216.66673278808594
-980.722412109375 -218.66671752929688
-982.6793212890625 -216.75477600097656
-984.6792602539062 -218.75474548339844
-986.2576293945312 -216.79217529296875
-987.2232055664062 -214.9846954345703
-989.2225952148438 -216.9844970703125
-991.2164306640625 -214.9969482421875
-993.2152709960938 -216.99664306640625
-995.1705322265625 -215.46417236328125
-997.17041015625 -217.4639892578125
-999.166015625 -216.8562469482422
-1000.9541015625 -215.5108642578125
-1002.9540405273438 -217.51077270507812
-1004.701904296875 -215.85594177246094
-1006.2984619140625 -213.91712951660156
-1008.2975463867188 -215.91673278808594
-1009.8359985351562 -214.00906372070312
-1011.817138671875 -213.16078186035156
-1013.816650390625 -215.15023803710938
-1015.8070068359375 -213.90460205078125
-1017.801025390625 -212.12728881835938
-1019.7988891601562 -214.12669372558594
-1021.7922973632812 -216.1265869140625
-1023.7410278320312 -214.603515625
-1025.7354736328125 -216.5978240966797
-1027.718017578125 -216.5914306640625
-1029.708740234375 -214.5984649658203
-1031.70458984375 -216.5983123779297
-1031.509033203125 -214.9386749267578
-1033.509033203125 -216.9367218017578
-1034.6563720703125 -215.24862670898438
-1036.6492919921875 -217.24847412109375
-1038.59716796875 -215.56820678710938
-1040.582275390625 -217.56788635253906
-1042.4781494140625 -216.60009765625
-1044.477783203125 -218.599609375
-1046.464111328125 -220.52218627929688
-1048.4521484375 -219.62997436523438
-1050.450439453125 -221.6277313232422
-1048.720458984375 -220.58815002441406
-1050.7159423828125 -221.81277465820312
-1051.8353271484375 -223.76695251464844
-1049.9322509765625 -223.1346435546875
-1050.2490234375 -224.8663787841797
-1051.9349365234375 -225.35519409179688
-1052.4876708984375 -227.2555694580078
-1051.3016357421875 -228.63247680664062
-1052.4168701171875 -230.62193298339844
-1050.661376953125 -232.50161743164062
-1052.2322998046875 -234.48683166503906
-1050.4256591796875 -236.2678680419922
-1048.646240234375 -238.01133728027344
-1050.5625 -239.9265594482422
-1052.1170654296875 -240.85804748535156
-1050.813720703125 -242.7384490966797
-1050.4385986328125 -244.72750854492188
-1048.8154296875 -246.6324462890625
-1050.814697265625 -248.0848846435547
-1049.6859130859375 -249.71282958984375
-1049.2989501953125 -251.5740203857422
-1051.2921142578125 -252.32949829101562
-1049.5379638671875 -252.7078399658203
-1050.3275146484375 -253.9464874267578
-1049.099365234375 -255.43267822265625
-1047.19873046875 -257.2209777832031
-1048.8460693359375 -258.7322692871094
-1050.8447265625 -260.6018371582031
-1049.0277099609375 -262.4601745605469
-1048.34033203125 -264.41790771484375
-1050.329345703125 -266.4017639160156
-1048.4105224609375 -268.20751953125
-1050.3782958984375 -268.02490234375
-1050.3553466796875 -269.8993225097656
-1049.177734375 -271.8109130859375
-1051.1767578125 -273.1745910644531
-1049.556640625 -275.08197021484375
-1048.497802734375 -276.7914733886719
-1050.4971923828125 -278.4474792480469
-1048.8939208984375 -280.1189270019531
-1050.8902587890625 -278.91448974609375
-1049.004638671875 -280.8950500488281
-1051.004638671875 -282.8397216796875
-1052.800537109375 -282.1502990722656
-1051.25927734375 -281.48919677734375
-1049.3009033203125 -283.2499694824219
-1047.40673828125 -284.3127746582031
-1049.40625 -286.27386474609375
-1047.4215087890625 -287.74578857421875
-1049.4139404296875 -289.74560546875
-1050.0986328125 -291.74481201171875
-1052.085693359375 -293.7441711425781
-1051.044677734375 -295.44744873046875
-1050.702392578125 -296.75164794921875
-1049.2127685546875 -296.9235534667969
-1047.9937744140625 -297.9705505371094
-1049.9864501953125 -299.0404052734375
-1047.996826171875 -299.5252990722656
-1049.9967041015625 -299.07305908203125
-1048.673828125 -298.0005798339844
-1047.271240234375 -299.98553466796875
-1049.2637939453125 -300.30047607421875
-1047.8199462890625 -302.1065979003906
-1049.8193359375 -304.08294677734375
-1049.303466796875 -305.7945861816406
-1049.1878662109375 -307.7911682128906
-1051.1710205078125 -305.7969055175781
-1052.747802734375 -307.796142578125
-1053.98828125 -309.7889404296875
-1055.9659423828125 -307.8514099121094
-1057.9605712890625 -309.8511047363281
-1059.9581298828125 -311.84942626953125
-1061.9354248046875 -309.8747253417969
-1063.89453125 -311.8743896484375
-1063.5963134765625 -309.88262939453125
-1065.5885009765625 -311.880615234375
-1067.5859375 -313.8797607421875
-1069.5648193359375 -311.90350341796875
-1071.558837890625 -313.9032897949219
-1070.927001953125 -311.9741516113281
-1070.1910400390625 -310.0344543457031
-1072.18212890625 -312.033447265625
-1073.8248291015625 -310.1117858886719
-1075.8096923828125 -312.1117248535156
-1077.7470703125 -310.1188049316406
-1079.7445068359375 -312.11871337890625
-1078.8662109375 -310.1339416503906
-1080.2230224609375 -312.1338195800781
-1081.6884765625 -310.25836181640625
-1083.6644287109375 -312.2581481933594
-1085.61083984375 -310.50103759765625
-1087.5697021484375 -308.6854248046875
-1089.569580078125 -310.65234375
-1088.9205322265625 -308.71923828125
-1090.913330078125 -310.7068786621094
-1092.639404296875 -308.7106628417969
-1094.6273193359375 -310.7076416015625
-1093.5460205078125 -308.7090759277344
-1095.537841796875 -310.7068176269531
-1097.3482666015625 -308.8083190917969
-1099.2957763671875 -310.8055419921875
-1099.943603515625 -309.3980712890625
-1101.9432373046875 -311.39776611328125
-1103.552001953125 -311.3193054199219
-1105.3795166015625 -309.3747253417969
-1107.3095703125 -311.3746337890625
-1109.262939453125 -309.79437255859375
-1111.23681640625 -311.79193115234375
-1113.2275390625 -313.7915344238281
-1115.22705078125 -315.7898864746094
-1113.8616943359375 -314.02978515625
-1112.8529052734375 -312.4200744628906
-1114.8504638671875 -314.4198913574219
-1112.8519287109375 -312.9867248535156
-1114.760009765625 -314.9860534667969
-1113.3232421875 -313.9470520019531
-1115.318359375 -315.9468994140625
-1113.3681640625 -314.0260009765625
-1115.357177734375 -316.02587890625
-1113.4456787109375 -314.1603698730469
-1111.4515380859375 -312.7435607910156
-1113.406005859375 -314.7434387207031
-1111.419189453125 -312.8367614746094
-1112.8316650390625 -314.8363037109375
-1110.9193115234375 -312.8413391113281
-1112.9158935546875 -311.1679992675781
-1114.9033203125 -313.16357421875
-1116.884033203125 -315.1627197265625
-1116.1278076171875 -313.2442321777344
-1117.9085693359375 -315.2441711425781
-1116.3021240234375 -313.650146484375
-1115.6632080078125 -311.9299011230469
-1117.618408203125 -313.9289855957031
-1115.656982421875 -311.9498291015625
-1116.827880859375 -313.9492492675781
-1118.6297607421875 -312.4222717285156
-1117.9237060546875 -314.4220275878906
-1116.4234619140625 -312.5517578125
-1117.5628662109375 -314.5509033203125
-1117.99755859375 -312.69195556640625
-1119.93798828125 -314.6895446777344
-1120.62109375 -312.70220947265625
-1122.6173095703125 -314.7015380859375
-1121.129638671875 -312.871337890625
-1123.0806884765625 -310.87579345703125
-1123.82861328125 -312.8757629394531
-1124.47900390625 -311.1148376464844
-1126.3251953125 -313.1146545410156
-1126.833984375 -311.15814208984375
-1128.8106689453125 -313.14556884765625
-1127.8194580078125 -311.2357482910156
-1129.560302734375 -313.2356262207031
-1129.7701416015625 -311.2801208496094
-1131.7266845703125 -313.28009033203125
-1133.6448974609375 -311.39697265625
-1134.2989501953125 -313.3901672363281
-1136.0430908203125 -311.41900634765625
-1137.7679443359375 -313.4051818847656
-1139.564697265625 -311.46514892578125
-1141.485595703125 -313.4132080078125
-1139.9541015625 -313.30450439453125
-1141.88916015625 -311.3562927246094
-1143.8365478515625 -313.35589599609375
-1142.1231689453125 -311.57952880859375
-1143.7327880859375 -310.209716796875
-1145.54052734375 -312.19903564453125
-1146.0946044921875 -310.3209533691406
-1146.32177734375 -308.47833251953125
-1148.3214111328125 -310.4528503417969
-1149.9857177734375 -310.29718017578125
-1151.952880859375 -308.37713623046875
-1153.9317626953125 -306.39727783203125
-1155.4974365234375 -308.39727783203125
-1156.876220703125 -306.8611755371094
-1158.8648681640625 -308.86029052734375
-1160.8170166015625 -309.4024963378906
-1159.71875 -307.46868896484375
-1161.69140625 -309.4686584472656
-1161.830078125 -307.6102294921875
-1163.398681640625 -309.6077880859375
-1162.2867431640625 -307.6458740234375
-1160.812255859375 -309.6458740234375
-1162.218994140625 -307.66888427734375
-1163.402587890625 -309.66888427734375
-1164.9932861328125 -307.9024353027344
-1165.0068359375 -309.90234375
-1164.66015625 -307.9530944824219
-1166.174560546875 -309.9521789550781
-1167.2978515625 -308.42413330078125
-1169.1612548828125 -310.4222412109375
-1170.5755615234375 -312.4217834472656
