-961.5697021484375 -214.4827423095703
-962.2864379882812 -216.47854614257812
-964.163330078125 -214.48129272460938
-966.1481323242188 -216.37229919433594
-965.4429931640625 -214.37677001953125
-967.4140625 -216.37423706054688
-968.8675537109375 -214.3754425048828
-970.604736328125 -215.78619384765625
-969.1978759765625 -213.79588317871094
-971.1426391601562 -215.7639923095703
-972.866943359375 -217.76271057128906
-973.7523803710938 -215.76358032226562
-975.5748291015625 -217.76220703125
-976.0663452148438 -215.7727508544922
-978.0466918945312 -217.76998901367188
-979.5653076171875 -216.0235137939453
-981.3897094726562 -218.01937866210938
-980.7958374023438 -216.0392303466797
-982.7946166992188 -218.03616333007812
-982.6183471679688 -216.0603790283203
-984.0517578125 -218.05938720703125
-982.758056640625 -216.11553955078125
-984.6407470703125 -218.1103057861328
-983.8748779296875 -216.11488342285156
-985.782470703125 -218.11268615722656
-986.7212524414062 -216.11549377441406
-985.5989990234375 -214.17221069335938
-987.5601806640625 -216.15643310546875
-989.329833984375 -214.16006469726562
-991.3274536132812 -215.8123779296875
-992.0363159179688 -213.81825256347656
-992.242431640625 -215.81520080566406
-992.8746337890625 -213.8203887939453
-994.7464599609375 -215.8130645751953
-994.2367553710938 -213.9855499267578
-996.2361450195312 -215.94317626953125
-997.9380493164062 -213.94503784179688
-999.9226684570312 -215.9449462890625
-1001.5811157226562 -214.04893493652344
-1003.5064697265625 -216.04046630859375
-1002.8510131835938 -214.08335876464844
-1004.8411254882812 -216.08177185058594
-1006.06103515625 -214.0945587158203
-1007.9466552734375 -216.09130859375
-1009.5283203125 -214.09701538085938
-1011.503662109375 -212.24119567871094
-1013.453857421875 -214.24061584472656
-1014.8853759765625 -212.2501678466797
-1014.5499877929688 -214.2493438720703
-1015.96826171875 -212.2561492919922
-1016.6194458007812 -214.25515747070312
-1018.53173828125 -212.43118286132812
-1020.0425415039062 -214.4286651611328
-1021.2988891601562 -216.31851196289062
-1023.1288452148438 -214.5570831298828
-1024.776611328125 -216.55479431152344
-1026.32958984375 -214.56251525878906
-1028.224853515625 -216.56094360351562
-1029.71875 -214.5621795654297
-1031.7027587890625 -216.55320739746094
-1033.2630615234375 -214.70852661132812
-1035.15185546875 -216.67910766601562
-1037.077392578125 -214.68667602539062
-1038.825927734375 -216.68653869628906
-1039.720947265625 -214.75958251953125
-1040.2947998046875 -216.75918579101562
-1042.2916259765625 -214.78050231933594
-1044.2001953125 -216.77969360351562
-1046.105224609375 -218.7795867919922
-1048.103515625 -217.4965362548828
-1050.087646484375 -219.49549865722656
-1048.2110595703125 -221.2681121826172
-1050.2098388671875 -222.75538635253906
-1048.6285400390625 -224.6356964111328
-1050.6280517578125 -226.57994079589844
-1048.9473876953125 -228.57763671875
-1050.9471435546875 -228.93287658691406
-1050.0517578125 -230.92774963378906
-1048.2186279296875 -232.7603302001953
-1050.217041015625 -234.74623107910156
-1048.6258544921875 -236.5392303466797
-1050.6207275390625 -238.51768493652344
-1048.9901123046875 -240.48825073242188
-1047.0972900390625 -242.48101806640625
-1049.0965576171875 -241.1652374267578
-1047.6201171875 -243.0854949951172
-1049.6171875 -242.02734375
-1047.8138427734375 -243.94021606445312
-1049.7823486328125 -242.15721130371094
-1047.958984375 -244.1410369873047
-1049.9522705078125 -242.1575469970703
-1048.296142578125 -244.13693237304688
-1050.2958984375 -243.68470764160156
-1048.3203125 -245.61105346679688
-1050.3197021484375 -247.3079071044922
-1048.3446044921875 -249.197021484375
-1050.2923583984375 -251.106201171875
-1048.3582763671875 -252.80787658691406
-1050.330078125 -254.72218322753906
-1048.3590087890625 -254.8778076171875
-1050.3572998046875 -256.87005615234375
-1048.4361572265625 -258.7389831542969
-1050.4322509765625 -260.6866455078125
-1048.935546875 -262.5914306640625
-1047.01220703125 -264.53350830078125
-1049.0091552734375 -266.52655029296875
-1047.2445068359375 -268.3280334472656
-1049.228515625 -269.5909423828125
-1047.2578125 -271.0985412597656
-1047.5753173828125 -272.33099365234375
-1049.5296630859375 -274.26104736328125
-1048.022705078125 -276.1202392578125
-1050.0081787109375 -278.07867431640625
-1048.0709228515625 -279.9663391113281
-1050.0120849609375 -281.67181396484375
-1048.111572265625 -283.0606994628906
-1050.1094970703125 -285.0479736328125
-1050.1024169921875 -284.8870849609375
-1048.1455078125 -286.7032775878906
-1046.2447509765625 -287.9394836425781
-1048.2445068359375 -289.938232421875
-1047.5008544921875 -291.9213562011719
-1048.8326416015625 -293.8601379394531
-1050.568115234375 -295.8600769042969
-1048.737548828125 -297.34210205078125
-1049.4111328125 -298.00433349609375
-1047.9896240234375 -299.8267822265625
-1049.9892578125 -300.9530029296875
-1048.4410400390625 -300.813232421875
-1048.8131103515625 -301.2120056152344
-1046.8668212890625 -299.3312683105469
-1048.86669921875 -299.99871826171875
-1047.8671875 -300.06610107421875
-1049.8671875 -301.0917663574219
-1049.6148681640625 -302.0716552734375
-1049.4508056640625 -303.38330078125
-1048.2274169921875 -304.3658142089844
-1046.3865966796875 -304.80401611328125
-1048.385009765625 -306.3515319824219
-1050.204833984375 -308.1437683105469
-1052.2047119140625 -306.1441650390625
-1053.9715576171875 -308.10418701171875
-1055.9705810546875 -310.10400390625
-1057.544189453125 -312.0975646972656
-1059.539794921875 -310.103271484375
-1061.4925537109375 -312.0866394042969
-1063.486572265625 -310.0889587402344
-1065.4796142578125 -312.0823669433594
-1067.4781494140625 -310.0826416015625
-1069.4774169921875 -312.0813293457031
-1071.3341064453125 -314.07843017578125
-1072.728759765625 -312.08575439453125
-1074.7232666015625 -310.0865173339844
-1076.72265625 -312.0837097167969
-1078.7176513671875 -310.0844421386719
-1080.4810791015625 -312.08258056640625
-1082.48095703125 -310.0826110839844
-1084.4593505859375 -312.0608825683594
-1086.458740234375 -310.06298828125
-1088.45849609375 -308.06573486328125
-1090.4139404296875 -310.0647888183594
-1092.413818359375 -308.0648498535156
-1094.4051513671875 -310.0533752441406
-1096.40380859375 -312.0497131347656
-1098.3958740234375 -310.05078125
-1100.3956298828125 -312.05035400390625
-1102.3935546875 -310.05194091796875
-1104.3934326171875 -312.05145263671875
-1106.3934326171875 -310.05169677734375
-1108.3934326171875 -312.0489807128906
-1110.393310546875 -310.0492858886719
-1112.393310546875 -312.0370178222656
-1114.3829345703125 -314.03643798828125
-1116.3829345703125 -312.036865234375
-1118.3807373046875 -314.0322570800781
-1120.3807373046875 -312.05511474609375
-1122.38037109375 -314.0431213378906
-1124.38037109375 -312.0525207519531
-1126.3802490234375 -314.0424499511719
-1128.3802490234375 -312.0439147949219
-1130.380126953125 -314.0436706542969
-1132.380126953125 -312.05059814453125
-1134.3800048828125 -314.0480041503906
-1136.3800048828125 -312.0485534667969
-1138.3800048828125 -314.0404052734375
-1140.3800048828125 -312.0408630371094
-1142.3800048828125 -314.00616455078125
-1144.3800048828125 -312.02288818359375
-1146.3800048828125 -310.0230407714844
-1148.3800048828125 -308.0260314941406
-1150.3800048828125 -306.0375671386719
-1152.374267578125 -308.03515625
-1154.374267578125 -306.0364685058594
-1156.374267578125 -308.0357666015625
-1158.374267578125 -306.0361328125
-1160.374267578125 -308.03558349609375
-1162.374267578125 -306.0384216308594
-1164.365966796875 -308.0362243652344
-1166.3634033203125 -310.0341491699219
-1168.3634033203125 -308.0438537597656
-1170.3616943359375 -310.0427551269531
-1172.361328125 -312.04034423828125
