-800.4249267578125 -431.77081298828125
-798.4249267578125 -429.7723083496094
-796.4259033203125 -427.773193359375
-794.426025390625 -425.79205322265625
-792.4269409179688 -423.7939147949219
-790.4276123046875 -421.79412841796875
-788.4410400390625 -419.7953186035156
-786.4412841796875 -417.7955627441406
-784.4415283203125 -417.5325927734375
-782.4634399414062 -416.1651916503906
-780.5245971679688 -414.7425842285156
-778.5484008789062 -415.9326477050781
-776.5811767578125 -415.1831970214844
-774.5940551757812 -414.0267639160156
-772.5945434570312 -412.3883972167969
-770.6101684570312 -410.6133117675781
-768.6122436523438 -408.66693115234375
-766.615234375 -408.50921630859375
-764.6193237304688 -407.7887268066406
-762.6219482421875 -406.3113098144531
-760.6332397460938 -404.3559875488281
-758.64208984375 -404.58148193359375
-756.644775390625 -402.8246154785156
-754.6610717773438 -402.2958984375
-752.724853515625 -400.3348083496094
-750.7315063476562 -398.5821228027344
-748.7482299804688 -396.92279052734375
-746.8461303710938 -395.0091857910156
-744.8792114257812 -393.0271911621094
-742.8797607421875 -391.1282958984375
-740.88134765625 -389.2027587890625
-738.882568359375 -387.7794189453125
-736.8826293945312 -385.8044738769531
-734.884033203125 -383.8357238769531
-732.8861694335938 -381.922607421875
-730.8865356445312 -379.9587097167969
-728.8865966796875 -377.96319580078125
-726.904052734375 -375.9990539550781
-724.9048461914062 -373.99969482421875
-722.907958984375 -372.0093994140625
-720.9085083007812 -370.0148010253906
-718.9398803710938 -368.01556396484375
-717.1829223632812 -366.0271911621094
-715.2254028320312 -364.0274353027344
-713.2518310546875 -362.0319519042969
-711.7542114257812 -360.0346984863281
-709.8861694335938 -358.0628662109375
-708.0706176757812 -356.06317138671875
-706.1614990234375 -354.0716857910156
-704.5929565429688 -352.0873107910156
-702.617431640625 -350.1022033691406
-700.849853515625 -348.1061096191406
-700.2373657226562 -346.1119384765625
-698.2767333984375 -344.2785949707031
-697.30126953125 -342.30859375
-695.3869018554688 -340.3487243652344
-696.6613159179688 -338.3680114746094
-695.0491333007812 -336.3962097167969
-694.6270751953125 -334.46429443359375
-692.94287109375 -332.4659118652344
-691.326904296875 -330.4827880859375
-689.5423583984375 -328.49041748046875
-687.7986450195312 -326.52972412109375
-685.8446044921875 -324.5312194824219
-685.7078857421875 -322.5320129394531
-684.671875 -320.537353515625
-683.1760864257812 -318.5375061035156
-682.3306884765625 -316.5376892089844
-680.8191528320312 -314.5378112792969
-679.552978515625 -312.5380554199219
-679.7354736328125 -310.5831298828125
-677.77197265625 -308.6086730957031
-678.180908203125 -306.60992431640625
-676.5205078125 -304.6114807128906
-675.7514038085938 -302.6122131347656
-674.7686767578125 -300.61376953125
-675.2584228515625 -298.6148376464844
-674.989013671875 -296.6265563964844
-674.345947265625 -294.65283203125
-673.3987426757812 -292.65362548828125
-672.6227416992188 -290.6620178222656
-674.6220703125 -288.93212890625
-673.1475219726562 -286.9337158203125
-671.5015258789062 -284.9348449707031
-673.5010375976562 -285.24151611328125
-674.6453247070312 -283.2480163574219
-673.4415283203125 -281.2530212402344
-671.72509765625 -279.25592041015625
-673.705810546875 -279.2951354980469
-675.286865234375 -277.2967224121094
-676.2709350585938 -275.2974548339844
-678.0603637695312 -273.29998779296875
-679.7135009765625 -271.3168640136719
-680.7012939453125 -269.3202819824219
-681.8024291992188 -267.3208923339844
-683.5564575195312 -265.3232421875
-682.5789184570312 -263.3269958496094
-682.5619506835938 -261.337158203125
-681.0400390625 -259.34222412109375
-682.982666015625 -257.3529357910156
-684.8749389648438 -255.355224609375
-686.1832275390625 -253.3603515625
-686.046630859375 -251.36740112304688
-687.9911499023438 -249.44949340820312
-688.7152709960938 -247.4508819580078
-689.62255859375 -245.45770263671875
-691.1142578125 -243.46640014648438
-690.0711059570312 -241.5040283203125
-689.876708984375 -239.51556396484375
-691.7890014648438 -237.52285766601562
-692.9571533203125 -235.52369689941406
-691.996337890625 -233.5311279296875
-693.9349365234375 -231.53213500976562
-695.8204345703125 -229.5326385498047
-695.4985961914062 -227.53390502929688
-693.6868896484375 -225.66156005859375
-694.7423095703125 -223.70022583007812
-695.933837890625 -222.08677673339844
-696.4796142578125 -220.63943481445312
-697.72705078125 -218.74484252929688
-697.2185668945312 -216.79647827148438
-695.7111206054688 -216.8372344970703
-697.3136596679688 -215.38967895507812
-698.8024291992188 -214.79786682128906
-700.7752075195312 -213.0601043701172
-701.64990234375 -211.20465087890625
-703.1109619140625 -209.52980041503906
-701.3832397460938 -208.2360382080078
-703.22119140625 -206.8222198486328
-704.7035522460938 -205.53515625
-704.58984375 -203.6201629638672
-704.8872680664062 -201.871337890625
-704.7115478515625 -200.26068115234375
-704.438720703125 -198.73126220703125
-705.8450317382812 -196.75439453125
-707.6908569335938 -194.88414001464844
-708.84228515625 -192.89202880859375
-710.4066772460938 -190.91099548339844
-711.6517333984375 -188.91204833984375
-713.5204467773438 -186.91824340820312
-712.9681396484375 -184.91847229003906
-714.5917358398438 -182.9192657470703
-716.3162841796875 -180.91943359375
-718.2955322265625 -178.91944885253906
-716.8926391601562 -180.24349975585938
-717.4517211914062 -181.6691436767578
-719.3912353515625 -179.66937255859375
-718.0348510742188 -181.4596710205078
-719.4476318359375 -179.4598388671875
-721.0744018554688 -181.43362426757812
-722.89453125 -179.48077392578125
-724.4915161132812 -181.09567260742188
-726.2283325195312 -179.0958709716797
-726.5905151367188 -180.98739624023438
-725.559814453125 -182.0978240966797
-727.1920166015625 -180.0987091064453
-728.65087890625 -181.30812072753906
-730.4153442382812 -179.3083953857422
-730.7342529296875 -180.59336853027344
-732.3718872070312 -182.2603302001953
