-800.4283447265625 -431.78680419921875
-798.4496459960938 -429.8050842285156
-796.5327758789062 -427.8070373535156
-794.54052734375 -425.84368896484375
-792.541748046875 -423.8561706542969
-790.5692749023438 -421.85931396484375
-788.5960693359375 -419.86053466796875
-786.5966186523438 -417.8607482910156
-784.6207885742188 -419.4443054199219
-782.6744384765625 -420.9803161621094
-783.326416015625 -421.38055419921875
-782.2015380859375 -422.1408386230469
-781.3551635742188 -422.10797119140625
-779.8374633789062 -422.65374755859375
-777.9749755859375 -423.993896484375
-775.9783935546875 -425.2730712890625
-776.2950439453125 -425.6018981933594
-774.39599609375 -425.0566101074219
-772.4186401367188 -424.9359130859375
-770.4840698242188 -425.8348693847656
-768.5181884765625 -426.5755920410156
-766.7454833984375 -425.7532958984375
-768.112548828125 -425.9610290527344
-766.1629028320312 -426.2995300292969
-764.5103149414062 -427.8542175292969
-762.5755615234375 -427.08984375
-762.1638793945312 -428.9986877441406
-760.9785766601562 -427.8879699707031
-758.9962158203125 -428.7625732421875
-757.218505859375 -428.0191650390625
-755.23291015625 -429.6298522949219
-753.243896484375 -428.17486572265625
-751.3370971679688 -429.84893798828125
-751.5675048828125 -428.8031311035156
-749.7843017578125 -430.4988098144531
-747.8606567382812 -431.8028564453125
-749.5546875 -429.8035888671875
-747.6795043945312 -430.20654296875
-746.3631591796875 -428.83673095703125
-745.356201171875 -428.193115234375
-744.2724609375 -427.9326477050781
-743.0517578125 -427.4497985839844
-741.21337890625 -428.3979187011719
-739.27197265625 -428.8916931152344
-737.5013427734375 -429.5892639160156
-739.49169921875 -427.5894470214844
-738.1401977539062 -426.9294128417969
-736.708984375 -426.47833251953125
-734.8789672851562 -427.406982421875
-732.91650390625 -428.45697021484375
-734.91259765625 -426.45703125
-733.1155395507812 -428.10357666015625
-731.2344360351562 -429.72503662109375
-733.0842895507812 -427.7250671386719
-731.3214721679688 -429.4306335449219
-733.2830810546875 -427.4306945800781
-731.4421997070312 -429.06561279296875
-733.377197265625 -427.06585693359375
-731.711669921875 -428.1965637207031
-733.6746215820312 -426.19854736328125
-731.7548217773438 -427.49853515625
-729.7774047851562 -428.48980712890625
-731.741943359375 -426.4898681640625
-729.7505493164062 -425.68115234375
-727.760498046875 -427.4662780761719
-729.741943359375 -425.4672546386719
-728.3804931640625 -425.43475341796875
-726.474609375 -424.4996643066406
-724.8876953125 -424.3844299316406
-723.0326538085938 -422.91156005859375
-721.038818359375 -421.3901672363281
-719.04296875 -422.3672180175781
-717.0459594726562 -421.5351257324219
-715.0482788085938 -419.8399353027344
-713.0615234375 -417.8793640136719
-711.0848388671875 -415.94232177734375
-709.1492309570312 -414.0045166015625
-707.1549682617188 -412.02642822265625
-705.1577758789062 -410.0673522949219
-703.1588134765625 -408.06890869140625
-701.2584228515625 -406.06927490234375
-699.2762451171875 -404.07061767578125
-697.2778930664062 -402.0706787109375
-695.2779541015625 -400.0706787109375
-693.2781982421875 -398.0707092285156
-691.2791137695312 -396.0707092285156
-689.2791748046875 -394.0707092285156
-687.2796630859375 -392.07073974609375
-685.2817993164062 -390.07073974609375
-683.281982421875 -388.07073974609375
-681.2821044921875 -386.0707702636719
-679.2821044921875 -384.0707702636719
-677.2822265625 -382.0707702636719
-675.2823486328125 -380.0707702636719
-673.2825317382812 -378.0707702636719
-671.2825927734375 -376.0707702636719
-673.2825927734375 -374.0707702636719
-671.2826538085938 -372.0707702636719
-673.2819213867188 -370.0707702636719
-671.2819213867188 -368.0707702636719
-673.2819213867188 -366.0707702636719
-675.2818603515625 -364.0707702636719
-673.2826538085938 -362.0707702636719
-675.28125 -360.07080078125
-673.2813720703125 -358.07080078125
-675.2810668945312 -356.07086181640625
-673.2821655273438 -354.07086181640625
-675.281982421875 -352.0709228515625
-673.2868041992188 -350.0709228515625
-671.2872924804688 -348.0709228515625
-673.2866821289062 -346.07098388671875
-671.2869262695312 -344.07098388671875
-673.2857055664062 -342.0710754394531
-671.3435668945312 -340.0710754394531
-673.3096923828125 -338.0712890625
-671.311767578125 -336.0712890625
-673.27001953125 -334.0732116699219
-671.2723999023438 -332.0732116699219
-673.2696533203125 -330.07373046875
-671.3262329101562 -328.07373046875
-673.3237915039062 -326.07598876953125
-671.325439453125 -324.07598876953125
-673.2066650390625 -322.07623291015625
-671.3263549804688 -320.07623291015625
-673.3208618164062 -318.0765686035156
-671.3478393554688 -316.0765686035156
-673.2927856445312 -314.07769775390625
-671.2933959960938 -312.07769775390625
-673.2694702148438 -310.080078125
-671.3245849609375 -308.080078125
-673.1201782226562 -306.0919189453125
-671.1218872070312 -304.0919189453125
-673.1209106445312 -302.0933532714844
-671.1304321289062 -300.0933532714844
-673.1298828125 -298.10614013671875
-671.6702880859375 -296.10614013671875
-673.6553955078125 -294.10968017578125
-671.7313232421875 -292.10968017578125
-673.7230834960938 -290.11810302734375
-671.8291625976562 -288.11810302734375
-673.7568969726562 -286.13690185546875
-672.8807373046875 -284.13690185546875
-671.3890380859375 -282.13690185546875
-673.3748168945312 -280.3798522949219
-672.6351928710938 -278.3798522949219
-673.4951171875 -276.4686279296875
-671.7376708984375 -274.4686279296875
-673.7169799804688 -272.63592529296875
-673.3162841796875 -270.63592529296875
-673.8378295898438 -268.6359558105469
-672.4963989257812 -266.6359558105469
-674.0953979492188 -265.6466369628906
-672.3016357421875 -263.6466369628906
-674.25 -261.6690368652344
-673.1201171875 -259.6690368652344
-673.2991333007812 -257.6690368652344
-673.0259399414062 -255.66905212402344
-674.9782104492188 -254.13417053222656
-674.740234375 -252.13417053222656
-672.8494873046875 -250.13421630859375
-672.9593505859375 -249.48619079589844
-674.0277099609375 -248.481201171875
-672.7023315429688 -246.48123168945312
-674.5156860351562 -245.98019409179688
-675.177001953125 -243.98020935058594
-676.9392700195312 -241.98020935058594
-678.3668823242188 -239.98025512695312
-679.2891235351562 -237.9802703857422
-679.2504272460938 -235.98028564453125
-678.0748901367188 -233.98033142089844
-676.218017578125 -231.9804229736328
-675.0865478515625 -229.98046875
-676.6394653320312 -227.980712890625
-676.7115478515625 -225.98106384277344
-677.5938720703125 -223.9815673828125
-676.1976928710938 -221.98214721679688
-677.7425537109375 -219.98365783691406
-679.5209350585938 -217.98806762695312
-680.5533447265625 -215.98883056640625
-680.8232421875 -213.9901123046875
-682.5146484375 -211.9910888671875
-684.2400512695312 -209.99127197265625
-685.0814208984375 -207.99166870117188
-686.9789428710938 -205.9918212890625
-687.5321655273438 -203.99447631835938
-689.04052734375 -201.99720764160156
-690.7079467773438 -199.99957275390625
-692.046630859375 -198.0009307861328
-691.2197875976562 -196.0030975341797
-692.9312744140625 -194.00315856933594
-693.792724609375 -192.00326538085938
-694.2664184570312 -190.00880432128906
-695.4251098632812 -188.01235961914062
-695.730712890625 -186.0130157470703
-697.0094604492188 -184.015380859375
-698.296875 -182.03005981445312
-700.2200927734375 -180.03375244140625
-702.19921875 -178.2108612060547
-704.1751708984375 -176.4295196533203
-706.130859375 -174.80294799804688
-708.1270141601562 -173.97023010253906
-710.120361328125 -173.88890075683594
-711.9454345703125 -173.798828125
-713.7940673828125 -172.15438842773438
-715.7257690429688 -170.38433837890625
-717.6729125976562 -168.61248779296875
-719.6541748046875 -167.61962890625
-721.6513671875 -165.67713928222656
-723.6417846679688 -164.33905029296875
-725.6364135742188 -163.66204833984375
-727.3596801757812 -162.2330780029297
-729.3207397460938 -160.98013305664062
-728.9179077148438 -162.23403930664062
-730.7988891601562 -161.7910614013672
-732.316162109375 -160.0222625732422
-734.2144775390625 -158.97210693359375
-732.4193115234375 -159.1589813232422
-733.528564453125 -158.96990966796875
-733.844482421875 -160.65048217773438
-735.50341796875 -159.66305541992188
-734.846923828125 -161.0067138671875
-735.8931274414062 -162.1772918701172
-734.7446899414062 -164.16534423828125
-736.0733642578125 -164.77713012695312
-734.2560424804688 -166.70802307128906
-735.6378784179688 -168.56439208984375
