-800.4249267578125 -431.76922607421875
-798.4251098632812 -429.769287109375
-796.4268188476562 -427.7706604003906
-794.4268188476562 -425.7711181640625
-792.4268188476562 -423.7718505859375
-790.4268188476562 -421.77197265625
-788.4268798828125 -419.7721252441406
-786.4281005859375 -417.7729187011719
-784.5535888671875 -415.9837646484375
-782.91796875 -414.19793701171875
-780.94873046875 -412.2306213378906
-779.5357666015625 -410.6130676269531
-777.60009765625 -408.6863708496094
-775.6100463867188 -406.9210510253906
-773.6104736328125 -405.0052185058594
-771.6126708984375 -403.0498352050781
-769.6133422851562 -401.086181640625
-768.5067138671875 -400.0733337402344
-766.9989013671875 -399.8075256347656
-765.2283325195312 -397.9478759765625
-763.5396118164062 -399.4521789550781
-761.5828247070312 -398.9739074707031
-759.5974731445312 -397.50909423828125
-757.63427734375 -396.97552490234375
-755.6383056640625 -395.6354675292969
-753.6392822265625 -395.0540466308594
-751.6412963867188 -396.45294189453125
-749.6511840820312 -395.73944091796875
-747.657958984375 -397.3698425292969
-746.1287841796875 -398.6811828613281
-744.1800537109375 -398.13458251953125
-742.190673828125 -397.041259765625
-740.1908569335938 -395.7099304199219
-738.1915283203125 -393.8046569824219
-736.1915283203125 -391.8060607910156
-734.1915283203125 -389.8133850097656
-732.1915283203125 -387.81585693359375
-730.1917114257812 -385.8179626464844
-728.1917724609375 -383.8189392089844
-726.1917724609375 -381.81976318359375
-724.1917724609375 -379.8224792480469
-722.1926879882812 -377.8250427246094
-720.193115234375 -375.8282165527344
-718.198974609375 -373.828857421875
-716.2011108398438 -371.8293762207031
-714.222900390625 -369.8318786621094
-712.22509765625 -367.8343505859375
-710.2362060546875 -365.8507995605469
-708.2452392578125 -363.850830078125
-706.3045043945312 -361.85089111328125
-704.3126831054688 -359.85089111328125
-702.8113403320312 -357.8509216308594
-701.03759765625 -355.8509216308594
-699.5370483398438 -353.85101318359375
-699.3780517578125 -351.8510437011719
-697.5762329101562 -349.8510437011719
-696.3812866210938 -347.8510437011719
-696.9527587890625 -345.8510437011719
-696.9647216796875 -343.8510437011719
-695.252685546875 -341.85107421875
-695.2512817382812 -339.8511047363281
-696.4276733398438 -337.8511047363281
-697.3765869140625 -335.85125732421875
-695.7503662109375 -333.85125732421875
-696.17724609375 -331.851318359375
-696.3878173828125 -329.8513488769531
-696.9515991210938 -327.8513488769531
-697.1193237304688 -325.8513488769531
-696.6133422851562 -323.8515319824219
-697.2366943359375 -321.8515319824219
-698.9370727539062 -319.85162353515625
-698.1079711914062 -317.85162353515625
-699.3696899414062 -315.8516540527344
-700.5719604492188 -313.8516540527344
-700.7682495117188 -311.8516845703125
-700.8095092773438 -309.8518371582031
-700.8428344726562 -307.85186767578125
-700.5332641601562 -305.8519287109375
-699.7866821289062 -303.8519592285156
-699.1578369140625 -301.85198974609375
-699.5822143554688 -299.8520202636719
-698.8856201171875 -297.8520202636719
-698.3987426757812 -295.8521728515625
-698.4949951171875 -293.8522033691406
-700.1367797851562 -291.8523254394531
-701.2762451171875 -289.85260009765625
-700.4804077148438 -287.8526306152344
-701.3250732421875 -285.852783203125
-702.9378662109375 -283.85302734375
-704.8206176757812 -281.85321044921875
-706.4164428710938 -279.85333251953125
-704.977783203125 -277.8535461425781
-706.5166015625 -275.85638427734375
-707.6388549804688 -273.8567199707031
-707.7736206054688 -271.8567810058594
-706.4678955078125 -269.857177734375
-707.5307006835938 -267.85809326171875
-707.721923828125 -265.858642578125
-707.4935302734375 -263.8589782714844
-708.7249755859375 -261.85919189453125
-708.5621337890625 -259.86370849609375
-709.0584716796875 -257.8641052246094
-710.6137084960938 -255.8648681640625
-712.5042114257812 -253.86544799804688
-714.2817993164062 -251.86717224121094
-712.9276123046875 -249.8679656982422
-711.516357421875 -247.86944580078125
-712.5043334960938 -245.8697509765625
-713.8433837890625 -243.87379455566406
-714.9595336914062 -241.8748321533203
-715.5253295898438 -239.8834686279297
-717.0330200195312 -237.89047241210938
-717.0111694335938 -235.89187622070312
-718.4456787109375 -233.8982696533203
-718.6904296875 -231.90933227539062
-717.5896606445312 -229.9390869140625
-719.3142700195312 -227.96046447753906
-721.30908203125 -225.9710235595703
-723.0923461914062 -224.05950927734375
-724.0853271484375 -222.06991577148438
-724.915283203125 -220.0888671875
-726.2549438476562 -218.09408569335938
-726.6566162109375 -216.20042419433594
-726.33251953125 -214.5467987060547
-728.0700073242188 -212.55552673339844
-727.7945556640625 -210.68783569335938
-729.1129150390625 -209.57383728027344
-729.9599609375 -207.73492431640625
-728.4329833984375 -206.5724334716797
-728.4840087890625 -204.640625
-729.8611450195312 -203.2391815185547
-729.6051025390625 -201.8457794189453
-730.6505126953125 -201.5749969482422
-731.0086059570312 -200.45327758789062
-732.3073120117188 -201.43553161621094
-730.6011352539062 -200.8693389892578
-731.2683715820312 -200.6738739013672
-729.83056640625 -199.51666259765625
-728.4610595703125 -198.21055603027344
-729.8168334960938 -197.67807006835938
-729.6712036132812 -196.24110412597656
-730.8795166015625 -195.25877380371094
-729.79541015625 -193.4946746826172
-730.7489013671875 -192.83543395996094
-730.1786499023438 -191.49154663085938
-731.2984619140625 -191.0187225341797
-730.0758666992188 -189.70892333984375
-728.7451171875 -187.85018920898438
-729.3176879882812 -186.21751403808594
-730.3811645507812 -184.907958984375
-732.1312866210938 -184.81686401367188
