-800.4540405273438 -431.7945251464844
-798.6171264648438 -429.7971496582031
-797.0786743164062 -427.8336486816406
-798.0628662109375 -425.83599853515625
-796.5743408203125 -423.83758544921875
-794.6026000976562 -421.8616943359375
-792.6797485351562 -419.9018859863281
-792.7090454101562 -417.9023132324219
-791.11328125 -415.9066162109375
-790.6099243164062 -413.90850830078125
-792.0599365234375 -413.31964111328125
-791.0555419921875 -411.9593811035156
-792.3952026367188 -411.1112060546875
-793.3880004882812 -410.05322265625
-792.9119873046875 -408.2611999511719
-791.3135986328125 -406.53912353515625
-789.6376342773438 -404.8591003417969
-787.9970703125 -402.9571838378906
-786.3154907226562 -402.9869384765625
-784.6315307617188 -403.2760314941406
-782.80517578125 -404.3907775878906
-780.9755859375 -403.69696044921875
-779.7548828125 -404.1923522949219
-777.9129638671875 -404.1522521972656
-779.2359008789062 -404.47698974609375
-779.286865234375 -403.1069641113281
-780.1082763671875 -402.50213623046875
-778.5692749023438 -402.27783203125
-778.3567504882812 -401.376953125
-776.654052734375 -400.9974060058594
-774.989501953125 -401.37890625
-773.0133056640625 -401.02203369140625
-771.6487426757812 -400.2291259765625
-769.7025756835938 -400.2678527832031
-771.5089111328125 -399.3245849609375
-769.7625122070312 -399.2548828125
-771.3477172851562 -398.7548522949219
-769.51416015625 -397.5824279785156
-769.4759521484375 -399.31182861328125
-767.6476440429688 -398.28167724609375
-766.1728515625 -400.1868896484375
-765.2918090820312 -399.17681884765625
-765.83740234375 -399.8231201171875
-764.009033203125 -400.8680419921875
-763.253173828125 -401.6955261230469
-761.6676635742188 -400.68231201171875
-759.82861328125 -399.7127380371094
-759.07470703125 -400.83740234375
-758.002197265625 -401.5056457519531
-756.451904296875 -403.2724914550781
-757.3489990234375 -402.0133361816406
-757.9978637695312 -402.4889831542969
-756.046142578125 -402.85174560546875
-754.077392578125 -403.906982421875
-755.7390747070312 -403.81256103515625
-754.7227783203125 -404.7444763183594
-755.1575927734375 -403.0388488769531
-755.9960327148438 -402.0529479980469
-754.437744140625 -401.9597473144531
-752.8099365234375 -400.8840026855469
-751.7720336914062 -401.98992919921875
-750.1533203125 -401.8326110839844
-748.9684448242188 -403.6448974609375
-749.7459106445312 -405.21331787109375
-750.1276245117188 -406.3798828125
-750.3265380859375 -404.46258544921875
-751.3455810546875 -405.84332275390625
-749.4752807617188 -405.5858154296875
-751.2274169921875 -405.53070068359375
-751.263427734375 -404.9973449707031
-752.4266357421875 -403.7789001464844
-754.1942138671875 -403.979736328125
-754.9754638671875 -402.19305419921875
-754.3587036132812 -400.7530517578125
-753.6336669921875 -401.7279357910156
-751.8827514648438 -400.07958984375
-750.673828125 -400.81072998046875
-748.8598022460938 -400.87371826171875
-747.367431640625 -400.3955383300781
-745.6072387695312 -401.1640930175781
-744.1404418945312 -400.85650634765625
-742.695068359375 -400.198486328125
-741.4620361328125 -399.9946594238281
-739.5337524414062 -401.6595153808594
-737.7160034179688 -401.88873291015625
-736.6045532226562 -403.35345458984375
-736.360107421875 -401.5038146972656
-734.583740234375 -400.002197265625
-735.5213623046875 -398.11810302734375
-733.6972045898438 -396.3257141113281
-732.5156860351562 -394.3824157714844
-730.5350341796875 -392.4087219238281
-728.5394287109375 -390.5419006347656
-726.53955078125 -388.7173156738281
-724.5671997070312 -387.27777099609375
-722.6077270507812 -385.2785339355469
-720.70361328125 -383.2785949707031
-718.802490234375 -381.28009033203125
-717.0778198242188 -379.2810974121094
-716.55517578125 -377.3004150390625
-715.6834716796875 -375.301025390625
-717.4789428710938 -373.3016662597656
-717.268310546875 -371.3189697265625
-718.8827514648438 -369.3274841308594
-719.50927734375 -367.328125
-718.567138671875 -365.3297424316406
-716.91015625 -364.1233825683594
-718.4270629882812 -362.1310729980469
-718.0037841796875 -360.13262939453125
-718.8768310546875 -358.13433837890625
-719.1953125 -356.13671875
-719.996337890625 -354.14373779296875
-719.5065307617188 -352.1536560058594
-718.09521484375 -350.1554260253906
-717.373046875 -348.1560363769531
-716.9207153320312 -346.15802001953125
-715.9910278320312 -344.1597595214844
-714.6199951171875 -342.1600036621094
-713.0927124023438 -340.1995849609375
-711.7192993164062 -338.21307373046875
-712.035888671875 -336.2413635253906
-710.0628662109375 -334.2496337890625
-709.2579345703125 -332.2497863769531
-711.1082763671875 -330.2500915527344
-711.9683227539062 -328.2516784667969
-713.7364501953125 -326.25616455078125
-712.2256469726562 -324.2588195800781
-714.1312866210938 -322.2604064941406
-715.8963012695312 -320.2711181640625
-717.7161254882812 -318.2774963378906
-717.3907470703125 -316.2779541015625
-719.322998046875 -314.2781982421875
-720.9359741210938 -312.27923583984375
-719.2203369140625 -310.28643798828125
-717.5053100585938 -308.28961181640625
-718.679443359375 -306.2919616699219
-717.1303100585938 -304.3322448730469
-717.9981689453125 -302.39202880859375
-716.4645385742188 -300.42291259765625
-718.30517578125 -298.4565124511719
-719.0584716796875 -296.4655456542969
-719.4564208984375 -294.5462646484375
-717.72509765625 -292.5510559082031
-717.8433837890625 -290.6023864746094
-718.2106323242188 -288.60272216796875
-719.1084594726562 -286.61944580078125
-719.5894165039062 -284.6567687988281
-718.8384399414062 -282.6609191894531
-717.356689453125 -280.7088623046875
-715.4189453125 -278.7218933105469
-716.201171875 -276.7275390625
-717.8739624023438 -274.7295837402344
-716.7002563476562 -272.73944091796875
-718.117919921875 -270.7530212402344
-720.0130004882812 -268.7567138671875
-720.4393920898438 -266.7646179199219
-722.399169921875 -264.77081298828125
-721.2711181640625 -262.8355712890625
-722.2808227539062 -260.84881591796875
-723.9179077148438 -258.8677673339844
-725.5531616210938 -256.8712463378906
-727.5233764648438 -254.89181518554688
-727.6705322265625 -252.90948486328125
-726.960693359375 -252.354736328125
-727.7820434570312 -250.3568572998047
-726.938232421875 -248.38082885742188
-728.6248779296875 -246.3978271484375
-727.9686889648438 -244.41468811035156
-728.008544921875 -242.45584106445312
-726.8818359375 -240.66812133789062
-728.7403564453125 -238.68458557128906
-730.6378784179688 -236.86346435546875
-732.4564819335938 -234.8903045654297
-734.2910766601562 -232.94219970703125
-736.2894897460938 -230.96490478515625
-738.2694091796875 -229.0565643310547
-736.2809448242188 -227.6170654296875
-735.489501953125 -226.5215301513672
-733.6608276367188 -225.25738525390625
-733.3514404296875 -223.3397216796875
-734.8374633789062 -221.68414306640625
-735.1639404296875 -220.356201171875
-734.0348510742188 -221.7089080810547
-732.9498291015625 -220.16683959960938
-731.024658203125 -218.55001831054688
-729.2901611328125 -216.68838500976562
-730.5662841796875 -214.97398376464844
-729.6402587890625 -214.16468811035156
-727.8516235351562 -212.28990173339844
-727.2493896484375 -211.75875854492188
-725.9132080078125 -211.25437927246094
-725.0324096679688 -212.22271728515625
-724.4389038085938 -210.47080993652344
-722.955810546875 -212.19537353515625
-721.2318725585938 -211.03857421875
-722.3661499023438 -210.05393981933594
-720.4443359375 -209.0754852294922
-718.7320556640625 -210.30934143066406
-717.967041015625 -210.29251098632812
-716.296875 -209.95880126953125
-714.46484375 -208.2105255126953
-713.126953125 -206.4689483642578
-714.238037109375 -205.9515380859375
-714.5103149414062 -204.67901611328125
-715.73974609375 -202.82110595703125
-714.7265625 -201.37290954589844
-714.1671752929688 -199.7542724609375
-715.5358276367188 -198.27833557128906
-715.3558959960938 -197.8711700439453
-713.82080078125 -195.9816131591797
-715.2130737304688 -195.69393920898438
-716.392333984375 -194.1726531982422
-718.3864135742188 -193.5046844482422
-720.3081665039062 -191.67091369628906
-722.1759643554688 -190.423583984375
-723.9945678710938 -188.4353790283203
-725.8756713867188 -186.4633331298828
-727.8407592773438 -184.5172576904297
-729.8351440429688 -182.667236328125
-731.8347778320312 -180.79640197753906
