-800.43505859375 -431.76922607421875
-798.4381103515625 -429.76922607421875
-796.438720703125 -427.76922607421875
-794.4432983398438 -425.7702941894531
-792.5404052734375 -423.7703552246094
-790.5543212890625 -421.7703857421875
-788.5602416992188 -419.7703857421875
-786.5623779296875 -417.7704162597656
-787.0689086914062 -415.83050537109375
-787.7575073242188 -416.6639099121094
-787.4957275390625 -415.1316833496094
-786.136962890625 -413.9603271484375
-787.20361328125 -412.5584716796875
-786.4180297851562 -412.99420166015625
-785.3858642578125 -413.29229736328125
-785.8221435546875 -413.61138916015625
-786.77685546875 -412.5992126464844
-788.7282104492188 -412.52667236328125
-788.549072265625 -413.7704772949219
-787.4213256835938 -414.243896484375
-788.438232421875 -413.77978515625
-789.991455078125 -415.4404602050781
-788.4558715820312 -413.4906311035156
-789.2938842773438 -412.6448974609375
-789.046875 -412.22412109375
-788.3785400390625 -410.2589111328125
-789.2434692382812 -409.3314208984375
-789.6400146484375 -410.8880920410156
-789.6891479492188 -411.42529296875
-791.178466796875 -412.892578125
-789.4486694335938 -414.00103759765625
-787.8919677734375 -414.77484130859375
-789.408447265625 -415.0632629394531
-787.93310546875 -414.0687255859375
-786.992919921875 -412.130126953125
-788.4074096679688 -411.9045104980469
-787.3291625976562 -411.6726989746094
-785.8570556640625 -412.0794677734375
-787.0463256835938 -410.4456481933594
-787.7527465820312 -408.7289123535156
-786.8822021484375 -409.425048828125
-787.4351196289062 -408.7540588378906
-785.948974609375 -407.6129455566406
-784.1922607421875 -406.0422668457031
-783.2730102539062 -405.0257568359375
-781.3591918945312 -404.1470031738281
-779.77392578125 -402.3406982421875
-778.196044921875 -401.9975280761719
-777.01220703125 -400.3377380371094
-775.1494140625 -398.7120056152344
-773.1552734375 -398.64068603515625
-771.1795654296875 -396.6422119140625
-772.5504760742188 -397.1987609863281
-770.5518798828125 -395.29327392578125
-769.9890747070312 -393.384521484375
-770.5645751953125 -392.08331298828125
-770.9447631835938 -390.3619384765625
-772.6936645507812 -388.38671875
-770.6936645507812 -386.3870544433594
-770.6798095703125 -384.3941650390625
-772.3118286132812 -382.3950500488281
-770.3119506835938 -380.39508056640625
-771.71484375 -378.4017639160156
-769.7149658203125 -376.40179443359375
-771.48193359375 -374.4070129394531
-769.48193359375 -372.4070739746094
-771.2811279296875 -370.4075927734375
-773.0512084960938 -368.40850830078125
-771.0514526367188 -366.40850830078125
-773.0115356445312 -364.40948486328125
-771.0115356445312 -362.4096984863281
-772.5155639648438 -360.414306640625
-770.5167846679688 -358.414306640625
-768.5181274414062 -358.75311279296875
-768.2392578125 -356.76348876953125
-769.2021484375 -354.7716064453125
-767.2024536132812 -352.7729187011719
-767.4054565429688 -350.80621337890625
-768.4168701171875 -348.8094787597656
-769.997802734375 -346.8608703613281
-767.9979858398438 -344.86090087890625
-769.3004150390625 -343.18341064453125
-767.3031005859375 -341.18353271484375
-769.2893676757812 -339.3557434082031
-767.2916259765625 -337.3557434082031
-765.53662109375 -339.3384094238281
-763.5557861328125 -337.3384094238281
-761.56396484375 -339.14544677734375
-759.6072998046875 -337.14544677734375
-757.614013671875 -339.0603942871094
-755.6494140625 -337.0603942871094
-753.6826782226562 -337.92034912109375
-751.6851806640625 -335.92034912109375
-749.9063720703125 -335.9694519042969
-747.9085083007812 -337.7892761230469
-745.9134521484375 -339.74798583984375
-743.9166259765625 -337.7480163574219
-741.936767578125 -339.7237243652344
-739.945556640625 -337.7237243652344
-737.9464721679688 -337.6816101074219
-735.946533203125 -335.6839294433594
-733.94677734375 -333.68408203125
-731.94775390625 -331.6841125488281
-729.9522705078125 -329.6841125488281
-728.0361328125 -327.6841125488281
-726.337890625 -325.6841125488281
-724.4342651367188 -323.6841125488281
-722.583740234375 -321.6841125488281
-720.6653442382812 -319.6841125488281
-718.8347778320312 -317.6841125488281
-717.2673950195312 -315.6841125488281
-715.70703125 -313.6841125488281
-715.4634399414062 -311.68463134765625
-716.1567993164062 -309.6847229003906
-714.8156127929688 -307.6847839355469
-714.1710815429688 -305.6848449707031
-716.1358032226562 -303.6849060058594
-714.5651245117188 -301.6849365234375
-715.5546264648438 -299.6851501464844
-713.9519653320312 -297.6851806640625
-713.7916259765625 -295.6853942871094
-714.35693359375 -293.68548583984375
-714.6134033203125 -291.6858825683594
-714.6826171875 -289.6859130859375
-714.9628295898438 -287.6860656738281
-716.2574462890625 -285.6860656738281
-715.4791259765625 -283.68609619140625
-714.017333984375 -281.68621826171875
-714.813232421875 -279.6869201660156
-714.8313598632812 -277.687255859375
-716.220458984375 -275.68731689453125
-716.6470336914062 -273.68756103515625
-718.5908203125 -271.687744140625
-717.82373046875 -269.6878356933594
-715.9552612304688 -267.6891784667969
-716.8953247070312 -265.689208984375
-717.7679443359375 -263.689453125
-719.1246948242188 -261.68963623046875
-720.4302978515625 -259.6900634765625
-722.4009399414062 -257.69049072265625
-724.1007690429688 -255.6905059814453
-724.2259521484375 -253.6925506591797
-723.0592041015625 -251.69337463378906
-725.0230102539062 -249.7227783203125
-725.864501953125 -247.72314453125
-725.3460693359375 -245.72320556640625
-724.036865234375 -243.7290496826172
-724.8855590820312 -241.72999572753906
-726.4652709960938 -239.73109436035156
-726.1467895507812 -237.73114013671875
-727.82861328125 -235.73143005371094
-726.8837280273438 -233.73147583007812
-727.7825317382812 -231.7316131591797
-727.78564453125 -229.73171997070312
-729.0457153320312 -227.7317352294922
-728.8764038085938 -225.77928161621094
-730.0387573242188 -224.06475830078125
-728.3517456054688 -222.0653839111328
-730.1339111328125 -220.0677490234375
-729.3894653320312 -218.2256317138672
-729.9610595703125 -216.22825622558594
-731.3610229492188 -214.23800659179688
-733.2525634765625 -212.24008178710938
-733.2174072265625 -210.24058532714844
-734.9225463867188 -208.28140258789062
-733.1917724609375 -206.36581420898438
-732.8743286132812 -204.36709594726562
-734.5234375 -202.37875366210938
-733.9823608398438 -200.40025329589844
-734.9125366210938 -198.4189910888672
-736.0978393554688 -196.42538452148438
