-801.6522216796875 -431.7724609375
-800.393310546875 -429.77294921875
-798.4470825195312 -427.7729797363281
-796.5225830078125 -425.7781066894531
-795.296630859375 -423.7864990234375
-793.9249877929688 -421.81719970703125
-791.9659423828125 -419.8198547363281
-790.1784057617188 -417.8204650878906
-788.9779052734375 -415.8206481933594
-787.1276245117188 -416.62847900390625
-785.18359375 -416.3147277832031
-783.2364501953125 -417.75482177734375
-781.5114135742188 -418.8218078613281
-782.906494140625 -417.48602294921875
-781.02197265625 -415.6779479980469
-779.5746459960938 -414.68890380859375
-777.8267822265625 -415.00604248046875
-776.9337768554688 -413.5015563964844
-774.9983520507812 -412.0187072753906
-773.048583984375 -410.0694580078125
-771.0491943359375 -408.6812438964844
-769.3299560546875 -407.2840270996094
-770.70068359375 -407.80267333984375
-768.72412109375 -405.89013671875
-766.9515991210938 -405.4345397949219
-765.2901000976562 -405.7676086425781
-764.2522583007812 -404.4438781738281
-762.3463134765625 -403.51153564453125
-760.389404296875 -402.3199462890625
-758.4188232421875 -401.6989440917969
-756.4755249023438 -399.77191162109375
-754.5033569335938 -398.1072998046875
-752.962646484375 -396.1221618652344
-750.9671020507812 -395.0950012207031
-749.0070190429688 -394.8609313964844
-747.6047973632812 -395.19879150390625
-745.631591796875 -395.5622863769531
-743.9019775390625 -397.2373352050781
-741.9332885742188 -395.3456115722656
-739.9419555664062 -393.4284973144531
-737.9649658203125 -391.8311767578125
-736.1771850585938 -389.8451232910156
-734.1788940429688 -387.854736328125
-732.2167358398438 -385.8775939941406
-730.4196166992188 -383.88726806640625
-728.7130737304688 -381.8985595703125
-726.8582153320312 -379.901611328125
-725.353759765625 -377.9066162109375
-724.3851928710938 -375.91021728515625
-725.4984741210938 -373.91302490234375
-723.8172607421875 -371.9147644042969
-725.319091796875 -369.9154052734375
-723.4241943359375 -369.5876770019531
-721.5496215820312 -367.60125732421875
-720.4795532226562 -365.62469482421875
-720.1409912109375 -363.6291809082031
-719.9996337890625 -361.843994140625
-718.5037231445312 -359.90118408203125
-716.7390747070312 -357.9042663574219
-716.6759033203125 -355.9090270996094
-715.1090087890625 -353.9136657714844
-714.4601440429688 -351.92120361328125
-716.2883911132812 -349.9266052246094
-715.1353759765625 -347.9753112792969
-713.3901977539062 -346.3922119140625
-711.622802734375 -344.4879455566406
-710.28125 -342.5464782714844
-708.5875244140625 -340.56207275390625
-709.0361938476562 -338.5670166015625
-709.038818359375 -336.5780334472656
-707.0743408203125 -334.5785217285156
-705.67919921875 -332.5796203613281
-705.5731201171875 -330.5809326171875
-707.0321044921875 -328.6878662109375
-708.1209716796875 -326.697021484375
-707.5597534179688 -324.6977844238281
-707.31103515625 -322.70037841796875
-705.769287109375 -320.70135498046875
-707.484130859375 -318.7032165527344
-708.669921875 -316.7054138183594
-710.29443359375 -314.70562744140625
-710.5413208007812 -312.70751953125
-709.3910522460938 -310.7131042480469
-708.9505004882812 -308.7568054199219
-709.9784545898438 -306.760986328125
-708.3594970703125 -305.24114990234375
-707.6873779296875 -303.2829895019531
-706.8280029296875 -301.2909240722656
-705.4186401367188 -299.3758850097656
-706.1614990234375 -297.3811340332031
-705.14892578125 -295.87530517578125
-704.626708984375 -293.8822937011719
-705.4762573242188 -291.91668701171875
-707.1399536132812 -290.1669921875
-706.0239868164062 -288.21173095703125
-705.4867553710938 -286.2157287597656
-706.437255859375 -284.2351989746094
-707.0488891601562 -282.3072814941406
-708.96337890625 -280.35186767578125
-710.3992919921875 -278.5031433105469
-710.5426025390625 -277.5396423339844
-711.635009765625 -275.54718017578125
-710.7620239257812 -273.6007080078125
-712.5880737304688 -271.6552734375
-712.855224609375 -270.3241882324219
-713.2922973632812 -268.3717041015625
-713.8135986328125 -266.3798522949219
-714.29248046875 -264.3876037597656
-715.4142456054688 -262.4294128417969
-716.0338134765625 -260.6244201660156
-716.7369995117188 -258.6434020996094
-716.5829467773438 -256.6614990234375
-718.2003173828125 -254.67784118652344
-719.452392578125 -253.5194854736328
-721.2417602539062 -252.98724365234375
-722.57373046875 -251.07313537597656
-720.7122192382812 -249.95492553710938
-720.23388671875 -248.0148468017578
-721.0648193359375 -246.2833251953125
-723.0045166015625 -244.79257202148438
-721.5617065429688 -242.8339385986328
-723.1838989257812 -240.98605346679688
-724.4151611328125 -239.7550811767578
-724.0484619140625 -237.83253479003906
-725.3587036132812 -235.9670867919922
-727.2267456054688 -233.97174072265625
-729.221435546875 -231.97433471679688
-731.2105712890625 -229.9752197265625
-733.2086791992188 -227.97528076171875
-732.1380615234375 -228.25767517089844
-730.1674194335938 -227.60780334472656
-728.2443237304688 -228.6320343017578
-728.6665649414062 -227.35049438476562
-727.7883911132812 -226.7908935546875
-728.7269287109375 -225.2160186767578
-727.9450073242188 -226.14959716796875
-728.2332763671875 -224.62905883789062
-727.7061767578125 -225.95530700683594
-726.169677734375 -224.18699645996094
-727.9425659179688 -222.37600708007812
-728.9984741210938 -220.75660705566406
-727.1754150390625 -219.0272674560547
-729.1443481445312 -217.07452392578125
-728.0233764648438 -215.14427185058594
-729.5914306640625 -213.81573486328125
-728.8489379882812 -211.85789489746094
-728.3742065429688 -210.7258758544922
-729.567138671875 -209.33570861816406
-730.6787719726562 -207.37132263183594
-728.9857788085938 -205.56948852539062
-729.0428466796875 -203.99159240722656
-730.9236450195312 -202.8931884765625
-732.53662109375 -200.9147491455078
-734.0505981445312 -199.1989288330078
-735.7042236328125 -197.2022705078125
