-800.4517822265625 -431.7698669433594
-799.0643310546875 -429.7708740234375
-797.1983032226562 -427.77093505859375
-795.2577514648438 -425.77105712890625
-793.2716674804688 -423.7714538574219
-791.7205810546875 -421.77203369140625
-790.765625 -419.7726745605469
-790.99755859375 -417.7734069824219
-791.179931640625 -415.7734375
-789.4710693359375 -413.77655029296875
-788.3772583007812 -413.8297119140625
-788.929443359375 -414.20928955078125
-787.208740234375 -413.9078063964844
-787.0732421875 -411.9854431152344
-785.6348876953125 -410.52044677734375
-783.7724609375 -409.9095153808594
-782.5791015625 -408.40673828125
-780.7112426757812 -407.0037536621094
-779.0436401367188 -405.3067932128906
-777.5952758789062 -404.1098327636719
-775.7384643554688 -402.31005859375
-773.7445068359375 -400.40020751953125
-771.7459716796875 -398.8258972167969
-769.74658203125 -396.90625
-771.59716796875 -396.88677978515625
-769.6041259765625 -394.9522399902344
-771.4492797851562 -394.0086364746094
-769.451416015625 -392.0619812011719
-770.5526123046875 -392.8612060546875
-772.5184326171875 -391.5088806152344
-770.5191040039062 -389.82177734375
-772.4365234375 -387.8791809082031
-770.4386596679688 -385.8907470703125
-772.436279296875 -383.8917541503906
-770.4384155273438 -381.8922424316406
-772.43798828125 -379.9651794433594
-770.4381713867188 -377.9671630859375
-772.4345703125 -375.98651123046875
-770.4346313476562 -373.9932861328125
-772.4226684570312 -371.9964904785156
-770.4229125976562 -370.0022277832031
-772.4172973632812 -368.0702819824219
-770.4172973632812 -366.0706787109375
-772.3934326171875 -364.20416259765625
-770.39404296875 -362.205322265625
-772.3847045898438 -360.2196960449219
-770.3909912109375 -361.8174743652344
-772.384521484375 -359.9634704589844
-770.4009399414062 -361.7190856933594
-772.3787231445312 -359.80670166015625
-770.461669921875 -361.0647888183594
-772.4614868164062 -359.0673522949219
-770.9149780273438 -360.7500305175781
-772.8765869140625 -358.782470703125
-771.4119873046875 -359.8743591308594
-769.54638671875 -360.1457824707031
-771.5389404296875 -358.1683654785156
-769.5443725585938 -359.2585144042969
-771.3914794921875 -357.2638854980469
-769.4791259765625 -359.050048828125
-771.4728393554688 -357.05291748046875
-769.4830932617188 -359.0180358886719
-771.3762817382812 -357.02691650390625
-769.5176391601562 -358.7898254394531
-771.51123046875 -356.8161315917969
-769.7503662109375 -358.8096008300781
-771.7420043945312 -356.8133544921875
-769.7596435546875 -357.5590515136719
-767.7611083984375 -357.3842468261719
-769.7587890625 -355.45281982421875
-767.7595825195312 -355.2483825683594
-769.7586059570312 -353.3517761230469
-767.7625732421875 -351.52752685546875
-769.7557373046875 -349.67706298828125
-767.7610473632812 -347.6919250488281
-769.7275390625 -345.71624755859375
-767.72900390625 -343.7613525390625
-769.7088012695312 -341.7880554199219
-767.7108764648438 -339.7958068847656
-769.7054443359375 -337.8874206542969
-767.7449951171875 -339.8631896972656
-769.71923828125 -337.8651428222656
-767.9446411132812 -339.8395080566406
-769.9268798828125 -337.8777160644531
-768.0225830078125 -339.6636657714844
-770.0060424804688 -337.6655578613281
-768.047607421875 -339.60321044921875
-769.9783325195312 -337.6072082519531
-767.9878540039062 -339.59375
-769.9585571289062 -337.5945739746094
-768.0071411132812 -339.57958984375
-769.9923095703125 -337.63421630859375
-768.39599609375 -339.624755859375
-770.3052978515625 -337.62506103515625
-768.528564453125 -339.62384033203125
-770.5068359375 -337.63262939453125
-768.5252685546875 -339.61651611328125
-770.1626586914062 -337.649658203125
-768.225341796875 -339.6367492675781
-770.1160278320312 -337.6448669433594
-768.47412109375 -339.6373291015625
-770.4607543945312 -337.6870422363281
-768.462646484375 -339.673095703125
-770.3988037109375 -337.6793212890625
-768.4913940429688 -339.53253173828125
-770.25537109375 -337.5338134765625
-768.4938354492188 -339.5267639160156
-770.2528686523438 -337.5311584472656
-768.4064331054688 -339.3958740234375
-770.405029296875 -337.3965759277344
-768.440673828125 -339.38848876953125
-770.4318237304688 -337.3927917480469
-768.764404296875 -339.3201904296875
-766.767333984375 -337.3202209472656
-764.7933959960938 -339.2298583984375
-762.8736572265625 -337.23114013671875
-761.0944213867188 -339.2138977050781
-759.2583618164062 -337.2185363769531
-757.3562622070312 -339.13616943359375
-755.42626953125 -337.1400146484375
-753.6202392578125 -339.1231689453125
-752.9239501953125 -337.1234436035156
-751.0606079101562 -339.11956787109375
-751.6884765625 -337.1201477050781
-749.7788696289062 -338.4816589355469
-748.076416015625 -336.4819030761719
-746.1580810546875 -338.19708251953125
-744.2108764648438 -336.1971435546875
-742.6442260742188 -338.19122314453125
-740.6500854492188 -339.0118408203125
-738.6513671875 -337.0976257324219
-736.6517944335938 -335.1106262207031
-734.654052734375 -333.11090087890625
-732.6543579101562 -331.1109313964844
-730.6574096679688 -329.1109313964844
-728.915771484375 -327.1109619140625
-727.361328125 -325.1111755371094
-728.1657104492188 -323.1112365722656
-729.8575439453125 -321.11126708984375
-729.949462890625 -319.11126708984375
-731.6298217773438 -317.1112976074219
-733.5462646484375 -315.111328125
-731.7478637695312 -313.1129150390625
-730.013916015625 -311.113037109375
-728.13037109375 -309.1131896972656
-726.9461669921875 -307.1132507324219
-728.8491821289062 -305.11328125
-727.0770874023438 -303.11328125
-728.9946899414062 -301.1133117675781
-728.1902465820312 -299.1134338378906
-729.6467895507812 -297.1134948730469
-728.4352416992188 -295.1134948730469
-730.4119873046875 -293.1134948730469
-729.1351928710938 -291.1135559082031
-730.7553100585938 -289.11358642578125
-728.90576171875 -287.1136474609375
-729.259521484375 -285.11370849609375
-730.9478149414062 -283.1137390136719
-730.9378662109375 -281.11376953125
-729.1038208007812 -279.11376953125
-729.347900390625 -277.1138000488281
-731.0447387695312 -275.1138000488281
-730.1317138671875 -273.1138000488281
-729.5767822265625 -271.1139221191406
-731.5037841796875 -269.1139221191406
-732.5181274414062 -267.1139221191406
-733.568115234375 -265.1142272949219
-731.6802978515625 -263.1142578125
-733.6574096679688 -261.1144104003906
-732.4734497070312 -259.11444091796875
-733.2554321289062 -257.1144714355469
-733.221923828125 -255.11448669433594
-731.5833129882812 -253.1145477294922
-732.7088012695312 -251.11460876464844
-732.5189819335938 -249.1146697998047
-733.5540771484375 -247.11468505859375
-735.0733032226562 -245.1147003173828
-733.1249389648438 -243.11517333984375
-734.5176391601562 -241.1151885986328
-735.9698486328125 -239.11520385742188
-734.3631591796875 -237.11520385742188
-734.9764404296875 -235.11521911621094
-736.175048828125 -233.11524963378906
-738.1498413085938 -231.11541748046875
-740.0509033203125 -229.11558532714844
-738.3309326171875 -227.26068115234375
-736.55517578125 -225.43670654296875
-735.1351928710938 -223.43898010253906
-736.3141479492188 -221.43948364257812
-734.5524291992188 -219.4449462890625
-733.7249145507812 -217.44581604003906
-734.8723754882812 -215.44671630859375
-734.8201904296875 -213.4500732421875
-734.6482543945312 -211.45033264160156
-733.8172607421875 -209.487548828125
-732.5515747070312 -207.4908447265625
-732.5792846679688 -205.49090576171875
-731.1346435546875 -203.49102783203125
-732.943359375 -201.51187133789062
-734.8453369140625 -199.5182647705078
-735.7035522460938 -197.5186004638672
