-984.0789184570312 -315.95159912109375
-983.37353515625 -317.2846984863281
-981.693603515625 -315.4400634765625
-979.8302612304688 -314.8045654296875
-977.9494018554688 -313.88623046875
-978.8578491210938 -315.87347412109375
-979.1102905273438 -314.7273254394531
-977.2748413085938 -315.1998291015625
-975.3093872070312 -314.4537353515625
-973.4210815429688 -312.4900207519531
-973.928955078125 -314.466796875
-972.5123901367188 -313.90362548828125
-970.746826171875 -315.5713806152344
-968.8697509765625 -315.5121154785156
-967.1362915039062 -315.9114990234375
-965.1763916015625 -314.07720947265625
-967.12109375 -316.03131103515625
-965.1748657226562 -314.1669921875
-963.3170776367188 -313.2535095214844
-964.0186767578125 -315.23687744140625
-962.04638671875 -316.0072326660156
-960.2448120117188 -317.3116760253906
-958.4011840820312 -318.462646484375
-956.45458984375 -318.1195373535156
-954.4791870117188 -319.0465393066406
-952.486572265625 -319.4671325683594
-950.49658203125 -319.8517150878906
-948.506103515625 -320.04534912109375
-946.5103759765625 -320.956787109375
-948.5069580078125 -322.9039611816406
-946.51904296875 -323.54840087890625
-948.3589477539062 -325.52569580078125
-950.32763671875 -327.2740783691406
-948.3863525390625 -329.1788635253906
-950.3385620117188 -330.7825927734375
-949.3857421875 -331.7662048339844
-947.391845703125 -333.69708251953125
-949.3792724609375 -335.69024658203125
-947.4273681640625 -337.4001770019531
-947.4119262695312 -339.1904296875
-949.40576171875 -340.99835205078125
-947.435302734375 -342.552001953125
-949.3656005859375 -344.49737548828125
-947.3768310546875 -346.31060791015625
-949.2614135742188 -348.1665954589844
-947.2626342773438 -349.9822692871094
-949.2504272460938 -351.9064025878906
-947.6912841796875 -353.2248840332031
-949.46630859375 -355.1061706542969
-947.4923706054688 -357.0548095703125
-949.4777221679688 -358.3956604003906
-947.536376953125 -357.6792297363281
-949.1983032226562 -359.5301208496094
-947.1998901367188 -360.3304443359375
-949.0407104492188 -362.3031921386719
-947.08984375 -364.2101135253906
-948.8812255859375 -366.2044982910156
-946.9091186523438 -368.0914611816406
-948.5291748046875 -370.013671875
-946.5408935546875 -371.5203857421875
-948.53759765625 -373.388427734375
-946.5623779296875 -375.07928466796875
-947.2284545898438 -376.428466796875
-949.0559692382812 -378.1143798828125
-947.0604858398438 -379.77374267578125
-948.7086181640625 -381.4629211425781
-946.7103881835938 -383.2825012207031
-948.6732788085938 -385.1054382324219
-946.6768798828125 -386.8538818359375
-947.6143798828125 -388.63580322265625
-947.849365234375 -390.61822509765625
-949.764892578125 -392.52056884765625
-947.8167724609375 -394.3439025878906
-949.7858276367188 -396.3128356933594
-947.8243408203125 -396.2643127441406
-945.8363647460938 -395.62249755859375
-946.3380126953125 -397.5348205566406
-948.3125610351562 -399.4861145019531
-946.31591796875 -399.4047546386719
-947.81396484375 -399.9565734863281
-946.9086303710938 -400.9169616699219
-948.0628662109375 -402.67132568359375
-946.0852661132812 -404.6165771484375
-944.6463012695312 -403.234130859375
-946.6165771484375 -405.1026611328125
-945.1231689453125 -405.81854248046875
-943.7780151367188 -407.63238525390625
-943.8541259765625 -408.82659912109375
-945.36181640625 -409.9712219238281
-944.232666015625 -411.072021484375
-942.3991088867188 -412.7807312011719
-943.2061767578125 -414.5111389160156
-945.078125 -416.13287353515625
-946.9547729492188 -417.2937927246094
-946.5101928710938 -419.269775390625
-947.126953125 -420.8848876953125
-945.858642578125 -422.7089538574219
-945.766357421875 -424.6524963378906
-947.1244506835938 -426.6369323730469
-948.8117065429688 -428.5736389160156
-949.3593139648438 -430.5605163574219
-951.1205444335938 -432.5574035644531
-949.295654296875 -434.46990966796875
-947.2970581054688 -435.6759338378906
-949.2904052734375 -437.66754150390625
-947.296142578125 -439.3616638183594
-945.4940795898438 -441.27703857421875
-945.1301879882812 -443.24835205078125
-945.0006713867188 -445.04595947265625
-946.6201171875 -446.95654296875
-944.7014770507812 -448.55682373046875
-943.9357299804688 -450.5218505859375
-943.6686401367188 -452.4385986328125
-941.6793212890625 -454.0478820800781
-942.943359375 -454.8490905761719
-942.2136840820312 -456.77056884765625
-941.2423706054688 -458.72747802734375
-939.3895263671875 -460.6302490234375
-937.6903686523438 -462.30609130859375
-935.93310546875 -463.74700927734375
-935.0756225585938 -464.4361877441406
-934.2845458984375 -466.02728271484375
-932.2930297851562 -467.8911437988281
-931.73095703125 -469.8343505859375
-929.8158569335938 -471.2182922363281
-927.8558959960938 -472.1434326171875
-925.948486328125 -474.1012878417969
-926.5316772460938 -476.09124755859375
-925.8223876953125 -478.0671081542969
-925.0428466796875 -479.8455810546875
-923.9178466796875 -481.83282470703125
