-983.3893432617188 -316.1934814453125
-984.5040283203125 -314.2348937988281
-982.7329711914062 -312.2807312011719
-981.15087890625 -314.2799987792969
-980.1728515625 -316.27996826171875
-980.1266479492188 -314.6294250488281
-979.536376953125 -312.6405944824219
-979.783447265625 -314.6405944824219
-978.2813720703125 -312.70855712890625
-976.4981079101562 -314.70855712890625
-977.052978515625 -313.0586242675781
-978.4017333984375 -315.05853271484375
-977.2634887695312 -314.3653869628906
-977.6907958984375 -316.3651123046875
-979.4616088867188 -314.710693359375
-980.8434448242188 -313.0511779785156
-981.0304565429688 -315.05084228515625
-981.7368774414062 -313.1736755371094
-979.7908935546875 -315.17364501953125
-978.9448852539062 -313.40875244140625
-978.9588012695312 -315.4087219238281
-977.6947021484375 -313.67291259765625
-979.252197265625 -315.6728820800781
-977.6997680664062 -313.6884460449219
-975.9896850585938 -315.6883544921875
-975.203125 -313.9351806640625
-975.0974731445312 -315.9350891113281
-975.43603515625 -314.0210266113281
-976.3478393554688 -316.02093505859375
-976.4949340820312 -314.1602783203125
-975.0552978515625 -316.1602783203125
-973.4893188476562 -314.1971435546875
-971.6682739257812 -316.1968078613281
-970.1441040039062 -314.2768859863281
-971.4431762695312 -312.2891845703125
-970.677490234375 -314.2891540527344
-969.2350463867188 -312.3654479980469
-967.354736328125 -314.36541748046875
-966.8583374023438 -312.3719482421875
-968.2417602539062 -314.3719177246094
-966.9009399414062 -312.41241455078125
-968.4144287109375 -314.412353515625
-967.5261840820312 -312.4295349121094
-967.3598022460938 -314.4291076660156
-966.7862548828125 -312.57977294921875
-965.0589599609375 -314.5795593261719
-963.4502563476562 -312.62890625
-961.478271484375 -314.6282653808594
-959.4950561523438 -312.7152404785156
-957.6875 -314.7152404785156
-955.7013549804688 -313.0419616699219
-953.7150268554688 -315.0419006347656
-951.8433227539062 -313.7245788574219
-950.1209716796875 -315.7245788574219
-948.1682739257812 -314.95172119140625
-950.1649169921875 -316.9485778808594
-949.4698486328125 -315.46063232421875
-947.5325317382812 -314.634765625
-949.42822265625 -316.6334228515625
-947.7725830078125 -316.8211669921875
-949.7160034179688 -318.8199768066406
-947.884033203125 -320.0374755859375
-949.8672485351562 -322.0357666015625
-948.0389404296875 -323.91839599609375
-949.63818359375 -325.9175109863281
-948.2778930664062 -327.89837646484375
-950.0645141601562 -329.8946838378906
-948.0841064453125 -331.8800048828125
-949.6278076171875 -333.8799743652344
-947.8307495117188 -335.8743591308594
-947.5443725585938 -337.8743591308594
-947.895263671875 -339.87432861328125
-947.0901489257812 -341.8742370605469
-947.9746704101562 -343.8740539550781
-948.6547241210938 -345.873779296875
-946.671630859375 -347.86859130859375
-948.6071166992188 -349.86785888671875
-946.6371459960938 -351.8128967285156
-947.8535766601562 -353.81280517578125
-949.6029052734375 -355.8121032714844
-947.6068725585938 -357.8110046386719
-949.4180908203125 -359.8106689453125
-947.4608764648438 -361.80389404296875
-949.110107421875 -363.8038635253906
-947.3771362304688 -365.8028869628906
-947.68994140625 -367.8028564453125
-948.3889770507812 -369.8027038574219
-946.66015625 -371.7999267578125
-945.8970947265625 -373.7999267578125
-947.0843505859375 -375.7999267578125
-949.0614013671875 -377.7955017089844
-947.1653442382812 -379.7893981933594
-949.0223388671875 -381.7878723144531
-947.0582275390625 -383.7568664550781
-947.3811645507812 -385.7568359375
-949.339599609375 -387.7568054199219
-947.4398803710938 -389.7489013671875
-949.3303833007812 -391.7488098144531
-947.3557739257812 -393.74835205078125
-948.822998046875 -395.7483215332031
-946.8311157226562 -396.32562255859375
-947.6574096679688 -398.3255920410156
-945.6616821289062 -399.8094177246094
-946.9111938476562 -401.8087158203125
-947.1196899414062 -403.8086853027344
-948.9857788085938 -405.69927978515625
-947.0169067382812 -407.6943054199219
-947.744140625 -409.69232177734375
-949.6634521484375 -411.6828918457031
-947.7266235351562 -413.68280029296875
-949.4981689453125 -415.6772155761719
-951.44873046875 -417.677001953125
-949.4640502929688 -419.6697692871094
-948.8741455078125 -421.6697082519531
-950.0841674804688 -423.66961669921875
-948.317138671875 -425.66748046875
-949.994140625 -427.66748046875
-948.2792358398438 -429.6600646972656
-949.8488159179688 -431.6600036621094
-947.9786987304688 -433.648193359375
-949.73388671875 -435.648193359375
-947.7802734375 -437.6404724121094
-948.4110107421875 -439.6404724121094
-946.4761962890625 -441.6398010253906
-944.9609375 -443.6398010253906
-944.1235961914062 -445.6398010253906
-943.5478515625 -447.6398010253906
-943.0274658203125 -449.6395568847656
-944.4986572265625 -451.6395568847656
-943.3026733398438 -453.6395568847656
-943.77294921875 -455.6384582519531
-945.1614379882812 -457.6383972167969
-947.0426025390625 -459.6383972167969
-945.8554077148438 -461.6383972167969
-944.1954345703125 -463.63836669921875
-942.7918701171875 -465.6382751464844
-942.3214721679688 -467.6382751464844
-941.6740112304688 -469.6382751464844
-941.4061889648438 -471.6382141113281
-939.9163208007812 -473.6382141113281
-939.4038696289062 -475.6382141113281
-937.453857421875 -477.6382141113281
-935.8707275390625 -479.6382141113281
-934.7974853515625 -481.6382141113281
-935.9039916992188 -483.6382141113281
-933.9180297851562 -485.6382141113281
-931.9342041015625 -487.6382141113281
