-980.758056640625 -316.1927795410156
-978.9453125 -314.3836975097656
-977.6270141601562 -316.3804016113281
-978.6246948242188 -314.4967346191406
-976.9215087890625 -316.4942932128906
-978.364013671875 -314.5066833496094
-979.455810546875 -312.5635070800781
-977.8883056640625 -314.5213623046875
-978.2977294921875 -312.538818359375
-976.5173950195312 -314.5091857910156
-978.0170288085938 -312.53173828125
-976.1149291992188 -314.50543212890625
-977.0267333984375 -312.5533752441406
-977.6275024414062 -314.53070068359375
-977.1213989257812 -312.54217529296875
-975.5631713867188 -314.53759765625
-976.525390625 -312.5678405761719
-974.5487670898438 -314.5670166015625
-976.0183715820312 -312.57220458984375
-974.1351318359375 -314.5665283203125
-974.5663452148438 -312.5833740234375
-974.0851440429688 -314.4775085449219
-974.2416381835938 -312.5127258300781
-972.4020385742188 -314.4388732910156
-971.6192626953125 -312.468505859375
-972.3344116210938 -314.44921875
-973.79248046875 -312.45343017578125
-971.9091186523438 -314.4483642578125
-971.136962890625 -312.4569091796875
-969.3035888671875 -314.44952392578125
-967.959716796875 -312.4550476074219
-966.0441284179688 -314.34326171875
-964.1033325195312 -312.3593444824219
-963.1043701171875 -314.350341796875
-963.2136840820312 -312.35302734375
-961.3466796875 -314.3412780761719
-960.24365234375 -312.3468322753906
-958.268310546875 -314.3195495605469
-956.6082763671875 -312.5522766113281
-955.1762084960938 -314.5399169921875
-953.7213134765625 -313.7561340332031
-952.6122436523438 -315.66796875
-952.3339233398438 -314.2205505371094
-952.592041015625 -316.1025695800781
-950.7825317382812 -316.31317138671875
-948.8963012695312 -314.55084228515625
-950.20068359375 -315.6932678222656
-948.8155517578125 -314.4405822753906
-947.01513671875 -316.03814697265625
-949.0147094726562 -317.892333984375
-947.6893310546875 -318.3866882324219
-949.6893310546875 -320.3396301269531
-947.9884033203125 -321.7894287109375
-949.9883422851562 -323.7191467285156
-949.9135131835938 -325.5824890136719
-947.9854736328125 -327.1364440917969
-949.9835815429688 -329.12030029296875
-948.3992309570312 -330.20709228515625
-950.399169921875 -332.0587158203125
-948.523193359375 -333.0805358886719
-946.6171875 -334.25823974609375
-948.6166381835938 -336.21978759765625
-946.9946899414062 -338.1219177246094
-948.9933471679688 -340.11053466796875
-949.3325805664062 -341.0139465332031
-948.6312255859375 -342.9267883300781
-947.1146240234375 -344.3407287597656
-949.114013671875 -346.3138122558594
-947.9259033203125 -348.0811462402344
-949.9256591796875 -350.0062561035156
-948.770751953125 -351.7699279785156
-946.7803344726562 -353.5157775878906
-948.77099609375 -355.49462890625
-946.8133544921875 -357.1551208496094
-948.8125610351562 -358.8043518066406
-946.8739624023438 -359.97344970703125
-948.864990234375 -361.1495056152344
-947.4765014648438 -362.8596496582031
-949.4708862304688 -364.8511657714844
-947.5724487304688 -366.80328369140625
-949.5722045898438 -368.7580261230469
-947.8285522460938 -370.5206604003906
-949.8232421875 -372.4778137207031
-947.9518432617188 -374.07257080078125
-945.9671020507812 -373.5350341796875
-947.8751831054688 -375.4463806152344
-945.900390625 -376.73291015625
-947.8944702148438 -378.71044921875
-945.8980712890625 -380.6195983886719
-947.8936157226562 -382.6027526855469
-945.89404296875 -384.3703918457031
-947.8917236328125 -386.1958923339844
-945.89697265625 -387.8704528808594
-947.8939819335938 -389.6763000488281
-945.9038696289062 -391.6304931640625
-947.8990478515625 -393.48114013671875
-949.8129272460938 -395.4626159667969
-948.755126953125 -395.4287414550781
-946.808349609375 -397.2186584472656
-948.6296997070312 -399.1964416503906
-946.6387329101562 -399.9898376464844
-948.629638671875 -401.29656982421875
-946.7886962890625 -403.29022216796875
-948.7871704101562 -402.2513427734375
-946.8001708984375 -404.1040954589844
-948.7908325195312 -402.36712646484375
-946.798828125 -404.00018310546875
-948.7894897460938 -405.1614990234375
-946.7903442382812 -407.11761474609375
-948.7888793945312 -408.128662109375
-946.7904052734375 -410.0615234375
-948.7880249023438 -411.0611877441406
-950.7841796875 -412.96142578125
-948.7845458984375 -414.9123840332031
-949.4705810546875 -416.858642578125
-951.455322265625 -418.85296630859375
-949.4612426757812 -420.7878112792969
-949.4736328125 -422.3976135253906
-948.6192626953125 -424.3047790527344
-950.5338134765625 -426.2953796386719
-948.5418701171875 -428.1453552246094
-948.7141723632812 -430.1171569824219
-950.4219360351562 -432.0826416015625
-948.4229125976562 -433.5772705078125
-948.292236328125 -435.5734558105469
-946.88671875 -437.5710754394531
-945.5526123046875 -439.5517272949219
-944.3674926757812 -441.53717041015625
-942.55029296875 -443.5077819824219
-940.5776977539062 -445.49267578125
-940.5419921875 -447.4838562011719
-938.9921875 -449.37335205078125
-938.45947265625 -450.0877380371094
-936.5611572265625 -452.078857421875
-934.6170043945312 -454.05780029296875
-933.4244995117188 -455.4036865234375
-931.7774047851562 -456.2892150878906
-931.3280639648438 -458.0973205566406
-931.5481567382812 -459.7674255371094
-930.0374145507812 -460.29254150390625
-928.5015869140625 -461.9682922363281
-928.7387084960938 -463.2201843261719
-929.1729736328125 -465.0655822753906
-927.7589721679688 -466.9892272949219
-928.9677124023438 -468.66107177734375
-927.685546875 -470.1998596191406
-926.12451171875 -472.1712646484375
-924.8128662109375 -474.06787109375
-922.8527221679688 -476.0672302246094
-920.87548828125 -478.0636901855469
-918.877197265625 -480.05963134765625
