-981.0056762695312 -316.1934509277344
-981.0263061523438 -315.7489013671875
-982.9962158203125 -316.85693359375
-981.9872436523438 -315.0216979980469
-981.2099609375 -313.15643310546875
-982.1969604492188 -315.1564025878906
-980.5699462890625 -313.4019470214844
-979.61083984375 -315.40191650390625
-981.1314086914062 -313.5556640625
-979.9518432617188 -315.5555725097656
-980.6968383789062 -316.7364196777344
-982.3449096679688 -315.3408508300781
-984.2774658203125 -313.9401550292969
-982.4035034179688 -315.9400939941406
-984.0613403320312 -314.21881103515625
-984.4807739257812 -312.51904296875
-983.064208984375 -314.5189514160156
-984.3936157226562 -314.46636962890625
-986.29150390625 -313.9552917480469
-984.6448364257812 -315.0971984863281
-986.3439331054688 -313.4484558105469
-984.4236450195312 -315.44842529296875
-983.8820190429688 -313.5821533203125
-983.3423461914062 -315.5812683105469
-984.9902954101562 -314.55438232421875
-984.0474853515625 -313.740478515625
-982.1358642578125 -315.7403869628906
-982.1575927734375 -313.8693542480469
-980.8819580078125 -315.8693542480469
-981.9343872070312 -314.0330810546875
-982.410400390625 -316.0323791503906
-984.1273803710938 -314.5038146972656
-985.7677612304688 -312.59979248046875
-985.5421752929688 -314.59844970703125
-985.3964233398438 -313.2723388671875
-984.3297119140625 -315.2723083496094
-982.5338134765625 -313.9992980957031
-980.6882934570312 -315.99920654296875
-980.2382202148438 -314.4022521972656
-978.58935546875 -316.4021301269531
-979.2271728515625 -315.2396240234375
-981.0139770507812 -313.72137451171875
-980.5387573242188 -315.7213439941406
-981.7418823242188 -314.3917541503906
-981.8155517578125 -316.3917541503906
-982.3419799804688 -315.5727844238281
-980.7411499023438 -314.443603515625
-981.5798950195312 -316.4434814453125
-983.4525146484375 -315.8212585449219
-985.4351196289062 -314.0169677734375
-985.1956176757812 -313.5381774902344
-983.211181640625 -315.5381774902344
-983.66796875 -314.0870666503906
-982.1522827148438 -316.0870056152344
-982.9609375 -316.1855163574219
-982.2166748046875 -315.7582092285156
-983.8088989257812 -314.070068359375
-983.1900634765625 -316.0699768066406
-984.7825317382812 -315.6597595214844
-985.7666625976562 -314.0503234863281
-984.624755859375 -312.6766052246094
-984.396240234375 -314.67620849609375
-982.6197509765625 -314.0678405761719
-981.8987426757812 -316.0678405761719
-983.070556640625 -314.3350524902344
-981.974853515625 -312.631591796875
-979.9895629882812 -314.6315002441406
-981.100341796875 -312.6986999511719
-979.6159057617188 -314.6986083984375
-980.9271240234375 -313.21539306640625
-980.1423950195312 -315.2153625488281
-982.029541015625 -314.2701416015625
-980.1306762695312 -316.2701416015625
-981.90869140625 -314.6965026855469
-980.1201171875 -313.8286437988281
-978.4035034179688 -315.8284912109375
-979.1582641601562 -315.75164794921875
-980.599609375 -314.45599365234375
-978.6728515625 -316.4559631347656
-979.6155395507812 -315.146484375
-979.42138671875 -316.1236572265625
-980.369873046875 -315.4336853027344
-982.3475952148438 -313.72808837890625
-981.4628295898438 -315.7280578613281
-981.2838134765625 -314.0733337402344
-979.6632690429688 -316.07330322265625
-978.1306762695312 -314.7784118652344
-980.0999145507812 -316.2410888671875
-978.6266479492188 -315.7389831542969
-980.2341918945312 -314.070556640625
-981.28173828125 -316.0705261230469
-979.6676025390625 -315.2061767578125
-977.7511596679688 -313.56134033203125
-975.8748779296875 -315.56109619140625
-974.5435180664062 -313.7224426269531
-972.7342529296875 -315.7223205566406
-971.7855834960938 -313.92388916015625
-970.3641967773438 -315.9237976074219
-969.2059936523438 -314.7373046875
-967.240478515625 -313.77996826171875
-965.3121337890625 -315.7798156738281
-964.2261962890625 -314.7368469238281
-963.125 -312.7535705566406
-961.2472534179688 -314.7535400390625
-959.344970703125 -313.17584228515625
-957.3659057617188 -315.17572021484375
-955.3856811523438 -316.52276611328125
-953.5411376953125 -315.71466064453125
-951.7015380859375 -316.265625
-950.4324951171875 -318.0055847167969
-948.4703979492188 -319.91900634765625
-950.3960571289062 -321.9170227050781
-949.036865234375 -323.9031982421875
-947.076171875 -325.8696594238281
-949.0247192382812 -327.8683166503906
-947.3907470703125 -329.86090087890625
-949.1651000976562 -331.859375
-947.1757202148438 -333.8403625488281
-946.5167846679688 -335.84027099609375
-946.3169555664062 -337.8402404785156
-948.2086181640625 -339.83984375
-950.1986694335938 -341.8395690917969
-948.7296142578125 -343.7312316894531
-946.755859375 -345.6670837402344
-945.7412719726562 -347.66656494140625
-947.6173095703125 -349.6654968261719
-949.4749145507812 -351.6653747558594
-947.9385986328125 -353.64837646484375
-949.137451171875 -355.6479187011719
-947.36865234375 -357.64697265625
-948.9425659179688 -359.64654541015625
-946.9752197265625 -361.2803955078125
-948.849609375 -363.2798767089844
-946.906982421875 -365.2508239746094
-948.1762084960938 -367.24786376953125
-946.2896728515625 -369.243896484375
-947.8416748046875 -371.24383544921875
-946.0228271484375 -373.23199462890625
-947.7274780273438 -375.2319641113281
-945.798583984375 -377.2314758300781
-945.775390625 -379.23126220703125
-946.8798217773438 -381.2311096191406
-945.9070434570312 -383.229736328125
-946.4529418945312 -385.2293395996094
-948.2769165039062 -387.22930908203125
-946.612548828125 -389.2226867675781
-945.2718505859375 -391.2222900390625
-946.1396484375 -393.22222900390625
-946.9710693359375 -395.2221984863281
-945.8449096679688 -397.22216796875
-947.57080078125 -399.22216796875
-945.6071166992188 -401.1484069824219
-946.6724853515625 -403.1475524902344
-947.7166137695312 -404.90753173828125
-949.66259765625 -406.78948974609375
-947.6649169921875 -408.7868957519531
-948.590087890625 -410.77783203125
-950.5059814453125 -412.7592468261719
-948.54736328125 -414.7562255859375
-947.726318359375 -416.5636901855469
-949.2572021484375 -418.5625305175781
-949.206298828125 -420.5578918457031
-949.42138671875 -422.5574035644531
-950.87841796875 -424.5568542480469
-948.8858642578125 -426.5523376464844
-949.1409912109375 -428.55230712890625
-949.9371948242188 -430.5522766113281
-948.0310668945312 -432.5489807128906
-948.8988037109375 -434.5489807128906
-947.0604858398438 -436.5406188964844
-946.7520141601562 -438.5406188964844
-947.5882568359375 -440.5406188964844
-945.7267456054688 -442.53997802734375
-946.571533203125 -444.53997802734375
-945.1477661132812 -446.53997802734375
-945.179931640625 -448.5398864746094
-944.9544067382812 -450.53961181640625
-944.6246337890625 -452.53961181640625
-946.2655639648438 -454.5387878417969
-947.2320556640625 -456.5386962890625
-945.2623291015625 -458.538330078125
-943.8663330078125 -460.538330078125
-942.3338623046875 -462.5382995605469
-940.65283203125 -464.5382385253906
-938.7693481445312 -466.5381164550781
-937.6386108398438 -468.5377502441406
-938.9660034179688 -470.5374450683594
-939.215087890625 -472.53668212890625
-940.2289428710938 -474.5366516113281
-938.906005859375 -476.5366516113281
-936.9451904296875 -478.5366516113281
-935.1746826171875 -480.5366516113281
-936.6111450195312 -482.5366516113281
-934.7826538085938 -484.53662109375
-933.4948120117188 -486.53662109375
-931.5180053710938 -488.53662109375
