-981.0903930664062 -316.19183349609375
-979.1856079101562 -316.28399658203125
-977.3323974609375 -316.4259033203125
-975.33447265625 -315.8505554199219
-973.3745727539062 -314.7673034667969
-971.3993530273438 -313.2294616699219
-969.4055786132812 -315.21484375
-967.4096069335938 -317.0950012207031
-965.4105224609375 -318.87066650390625
-963.4132690429688 -320.81781005859375
-961.4133911132812 -322.8050537109375
-959.4148559570312 -324.73822021484375
-957.6226196289062 -326.73712158203125
-955.6526489257812 -328.73687744140625
-953.83837890625 -330.73565673828125
-952.0653076171875 -332.73406982421875
-950.17578125 -334.7340087890625
-948.2667236328125 -336.7333984375
-946.6978149414062 -338.7330627441406
-948.51708984375 -340.7303771972656
-946.6369018554688 -342.7288818359375
-947.4366455078125 -344.72869873046875
-949.3668823242188 -346.72833251953125
-947.3736572265625 -348.7279968261719
-949.0844116210938 -350.7279357910156
-947.1364135742188 -352.7252502441406
-948.82958984375 -354.7238464355469
-948.32861328125 -356.7202453613281
-948.6336059570312 -358.7194519042969
-946.6602172851562 -360.718505859375
-948.64990234375 -362.7176208496094
-946.6617431640625 -364.71630859375
-948.556884765625 -366.7162780761719
-947.2630615234375 -368.7133483886719
-947.8141479492188 -370.71307373046875
-946.9664916992188 -372.7074279785156
-947.4132080078125 -374.7070617675781
-945.9619140625 -376.7069091796875
-945.3995361328125 -378.7067565917969
-946.4937744140625 -380.7064514160156
-948.0161743164062 -382.7062683105469
-946.04736328125 -384.7059631347656
-945.779541015625 -386.6984558105469
-944.2732543945312 -388.69830322265625
-945.9164428710938 -390.6979064941406
-944.9663696289062 -392.6967468261719
-943.4339599609375 -394.6966857910156
-943.3043823242188 -396.6947326660156
-941.7158203125 -398.69464111328125
-940.4140625 -400.69427490234375
-941.212890625 -402.69415283203125
-939.4074096679688 -404.6926574707031
-940.5587158203125 -406.6925048828125
-941.8323974609375 -408.688232421875
-941.3016967773438 -410.6872863769531
-942.330322265625 -412.6841735839844
-943.6166381835938 -414.6831359863281
-944.4189453125 -416.6827392578125
-943.0887451171875 -418.6819152832031
-944.7911987304688 -420.68182373046875
-943.26806640625 -422.6806640625
-942.1672973632812 -424.675537109375
-942.185791015625 -426.67529296875
-940.9199829101562 -428.675048828125
-939.0405883789062 -430.6745300292969
-939.7518920898438 -432.6744689941406
-941.4506225585938 -434.67425537109375
-941.046630859375 -436.6741943359375
-940.0386352539062 -438.67413330078125
-938.2222900390625 -440.6741027832031
-936.5093383789062 -442.67388916015625
-938.2527465820312 -444.6736755371094
-938.9622802734375 -446.6736145019531
-937.309814453125 -448.6736145019531
-935.5953979492188 -450.6736145019531
-933.5984497070312 -452.673583984375
-935.151611328125 -454.6728820800781
-933.66357421875 -456.6728210449219
-935.2323608398438 -458.6726989746094
-933.326171875 -460.67266845703125
-933.6751098632812 -462.672607421875
-932.3618774414062 -464.672607421875
-932.7307739257812 -466.67236328125
-930.920654296875 -468.6723327636719
-929.71142578125 -470.67205810546875
-930.372802734375 -472.6720275878906
-931.4741821289062 -474.6719970703125
-931.6935424804688 -476.6719970703125
-932.795166015625 -478.67193603515625
-932.1110229492188 -480.67193603515625
-930.165771484375 -482.6719055175781
-928.2452392578125 -484.6719055175781
