-980.2675170898438 -316.174072265625
-978.3451538085938 -316.2959289550781
-976.9199829101562 -318.008056640625
-975.8677978515625 -319.7004089355469
-974.0983276367188 -318.77569580078125
-973.2056884765625 -319.6786804199219
-971.2446899414062 -320.8890380859375
-969.2498779296875 -322.3988342285156
-967.2531127929688 -324.06072998046875
-965.2535400390625 -325.4390869140625
-963.2535400390625 -327.4149169921875
-961.2550659179688 -328.4252014160156
-959.2552490234375 -330.42431640625
-957.2553100585938 -332.42218017578125
-955.2553100585938 -334.4067687988281
-953.2554931640625 -336.40582275390625
-951.2555541992188 -338.40557861328125
-949.2555541992188 -340.4053649902344
-947.2557373046875 -342.4047546386719
-947.4682006835938 -344.40472412109375
-945.7490844726562 -346.4045715332031
-945.9197387695312 -348.404541015625
-947.6334838867188 -350.404541015625
-946.9138793945312 -352.4045104980469
-947.2177124023438 -354.4045104980469
-949.1659545898438 -356.4045104980469
-947.1659545898438 -358.4036865234375
-948.2062377929688 -360.4036865234375
-946.2062377929688 -362.40185546875
-944.89208984375 -364.4018249511719
-945.5966796875 -366.4018249511719
-947.0350952148438 -368.4017639160156
-948.350830078125 -370.4017333984375
-946.350830078125 -372.4015197753906
-947.8668212890625 -374.4014892578125
-945.8668212890625 -376.4013671875
-947.1987915039062 -378.40130615234375
-945.4490966796875 -380.40130615234375
-944.5557250976562 -382.40130615234375
-942.8223266601562 -384.40130615234375
-941.4583740234375 -386.4011535644531
-942.3687133789062 -388.4009094238281
-944.1129760742188 -390.4009094238281
-943.9680786132812 -392.40087890625
-942.16455078125 -394.40087890625
-943.6395874023438 -396.3997497558594
-944.41748046875 -398.3997497558594
-943.0669555664062 -400.39971923828125
-943.0399169921875 -402.39971923828125
-941.1136474609375 -404.3996887207031
-939.8173217773438 -406.399658203125
-940.0864868164062 -408.3919677734375
-940.5968017578125 -410.39178466796875
-942.5501708984375 -412.39166259765625
-943.6030883789062 -414.39166259765625
-945.1213989257812 -416.39105224609375
-946.6326293945312 -418.39093017578125
-944.6694946289062 -420.3908386230469
-945.4397583007812 -422.3908386230469
-943.7039184570312 -424.39080810546875
-944.34814453125 -426.3907775878906
-943.4275512695312 -428.3907775878906
-943.0361938476562 -430.39068603515625
-943.6552734375 -432.3902282714844
-944.0559692382812 -434.39019775390625
-945.334716796875 -436.39013671875
-947.0750122070312 -438.39013671875
-946.8275756835938 -440.3901062011719
-944.8472900390625 -442.3901062011719
-942.95947265625 -444.3900451660156
-941.6904296875 -446.3900451660156
-940.4279174804688 -448.3900146484375
-938.5498657226562 -450.3900146484375
-939.0151977539062 -452.38995361328125
-938.7804565429688 -454.38995361328125
-936.844482421875 -456.38995361328125
-935.0880126953125 -458.38995361328125
-936.23681640625 -460.3899230957031
-934.6821899414062 -462.389892578125
-936.2506713867188 -464.3898620605469
-936.0911865234375 -466.3898620605469
-934.1378784179688 -468.3898620605469
-935.7769775390625 -470.3898620605469
-934.3677368164062 -472.3898620605469
-933.475830078125 -474.3897705078125
-932.3836669921875 -476.3897399902344
-934.28369140625 -478.3897399902344
-934.239990234375 -480.3897399902344
-934.3932495117188 -482.3897399902344
-933.4408569335938 -484.3897399902344
-931.6165771484375 -486.3897399902344
