-980.4055786132812 -315.5899658203125
-978.408203125 -313.63482666015625
-976.6029663085938 -313.19000244140625
-974.6209106445312 -313.6767272949219
-972.6240234375 -315.49493408203125
-970.6253051757812 -313.5699768066406
-968.6721801757812 -314.92987060546875
-966.6729736328125 -313.0538024902344
-964.7022705078125 -315.01739501953125
-962.7037353515625 -313.1322326660156
-961.0618286132812 -315.1151428222656
-959.1296997070312 -313.9236145019531
-957.4066162109375 -315.79681396484375
-955.4086303710938 -313.85693359375
-953.4698486328125 -315.20037841796875
-951.4730834960938 -317.0551452636719
-949.7633666992188 -318.7803039550781
-947.7735595703125 -320.76226806640625
-949.7716674804688 -322.4634094238281
-947.7841796875 -324.43621826171875
-949.7741088867188 -326.43609619140625
-948.3709716796875 -327.9681091308594
-950.3665771484375 -329.96722412109375
-948.4017944335938 -331.9596252441406
-950.3993530273438 -333.9502258300781
-948.4183959960938 -335.72412109375
-946.4198608398438 -337.7207336425781
-948.3939208984375 -339.6985778808594
-946.39453125 -341.6653137207031
-948.3726806640625 -343.22650146484375
-946.377197265625 -342.1396484375
-948.3762817382812 -343.979248046875
-946.3768920898438 -344.3418884277344
-948.3694458007812 -345.3124694824219
-946.3712768554688 -346.2561340332031
-948.2083129882812 -348.2552795410156
-950.1734619140625 -350.1004638671875
-948.26220703125 -351.7356872558594
-946.275634765625 -353.7287902832031
-948.2747192382812 -355.7044372558594
-950.2737426757812 -356.83154296875
-948.274658203125 -358.8045959472656
-946.2755737304688 -360.20196533203125
-948.2530517578125 -359.912353515625
-946.2537841796875 -358.878662109375
-948.2064819335938 -360.6284484863281
-946.2088012695312 -362.6124572753906
-948.2080078125 -364.5960998535156
-946.2109985351562 -366.3293151855469
-948.203125 -368.2940673828125
-946.204345703125 -370.059814453125
-948.1796875 -371.98590087890625
-946.19091796875 -373.8348083496094
-948.1907348632812 -375.79693603515625
-946.2003784179688 -375.342529296875
-948.1845703125 -377.2833557128906
-946.18994140625 -378.7069396972656
-948.189697265625 -378.8147888183594
-946.190673828125 -380.7304992675781
-948.0950317382812 -382.7207946777344
-946.0986328125 -381.2749938964844
-948.0169067382812 -383.1173400878906
-946.0513305664062 -384.4944152832031
-947.6178588867188 -386.32598876953125
-949.6004638671875 -388.3148498535156
-947.6019287109375 -386.7538146972656
-949.5755004882812 -388.7406311035156
-947.5772705078125 -390.44183349609375
-949.5763549804688 -392.3843994140625
-947.6084594726562 -394.3705749511719
-949.4155883789062 -396.3569030761719
-947.4380493164062 -398.2246398925781
-945.4386596679688 -399.5785217285156
-947.4188232421875 -401.5644836425781
-945.4205932617188 -401.1482849121094
-947.1245727539062 -403.13873291015625
-947.2442016601562 -405.0213317871094
-949.0050048828125 -407.01226806640625
-947.0095825195312 -408.8638000488281
-948.9666137695312 -410.8629150390625
-950.8976440429688 -412.5030212402344
-948.9000244140625 -411.27984619140625
-950.890869140625 -413.2716064453125
-948.8917846679688 -414.6598815917969
-949.7616577148438 -416.6278991699219
-950.0484008789062 -418.60784912109375
-948.048583984375 -420.05224609375
-949.9351196289062 -422.0502624511719
-951.7022705078125 -424.0489196777344
-949.70361328125 -425.96185302734375
-951.5966796875 -427.8810729980469
-949.597412109375 -428.62176513671875
-951.5015869140625 -430.62164306640625
-949.502685546875 -432.5885925292969
-947.5070190429688 -434.4922790527344
-949.496337890625 -436.4917907714844
-947.4970703125 -437.1815185546875
-949.4754638671875 -439.1744384765625
-947.4754638671875 -438.6705322265625
-949.3898315429688 -440.62274169921875
-947.389892578125 -441.7746887207031
-945.3899536132812 -440.055419921875
-947.2827758789062 -441.9294128417969
-945.8331298828125 -443.9283142089844
-946.34912109375 -445.9270324707031
-948.2584228515625 -447.9266052246094
-946.2584228515625 -446.1547546386719
-948.0933227539062 -448.1543884277344
-946.0936279296875 -447.9021301269531
-945.3992919921875 -449.865478515625
-947.21533203125 -451.80865478515625
-945.2153930664062 -450.7867736816406
-945.9683227539062 -452.7805480957031
-946.852783203125 -454.7604675292969
-944.8529052734375 -452.8679504394531
-945.0164184570312 -454.8627624511719
-945.884521484375 -456.8587341308594
-944.8727416992188 -458.81427001953125
-946.085693359375 -460.8062744140625
-944.403564453125 -462.66741943359375
-946.1868896484375 -464.4879150390625
-944.6083374023438 -466.47869873046875
-943.78515625 -468.0148010253906
-942.9110717773438 -468.8744812011719
-941.9682006835938 -470.86663818359375
-942.9043579101562 -470.9247131347656
-941.3683471679688 -472.89886474609375
-942.1864013671875 -474.8987121582031
-942.2242431640625 -476.8977355957031
-942.7471313476562 -478.8926696777344
-941.04443359375 -480.86688232421875
-940.986328125 -482.8635559082031
-941.0694580078125 -484.85333251953125
-941.9533081054688 -486.62457275390625
-943.645263671875 -488.6221923828125
-941.8024291992188 -490.61993408203125
-940.7814331054688 -492.5687255859375
-939.8007202148438 -493.67352294921875
-938.4934692382812 -495.4184265136719
