-981.8407592773438 -315.6493225097656
-981.5012817382812 -315.44683837890625
-983.3472290039062 -314.4720764160156
-983.5425415039062 -315.2763366699219
-983.4219970703125 -314.755126953125
-981.9989013671875 -313.46087646484375
-982.8961181640625 -315.2360534667969
-982.5384521484375 -313.9794921875
-983.0502319335938 -315.92755126953125
-982.9772338867188 -314.6108703613281
-981.0933837890625 -313.4917907714844
-981.0023803710938 -314.8734436035156
-979.7713623046875 -314.4130554199219
-979.1529541015625 -315.46856689453125
-979.8583984375 -313.9073791503906
-980.494873046875 -315.84979248046875
-979.254150390625 -316.5046081542969
-979.1007690429688 -315.59698486328125
-977.6318969726562 -314.4046630859375
-976.66064453125 -316.1922607421875
-976.0054931640625 -316.53753662109375
-976.2036743164062 -314.74359130859375
-975.3046264648438 -313.9701843261719
-973.5977783203125 -313.7940979003906
-972.8833618164062 -315.53179931640625
-972.5806274414062 -314.2614440917969
-973.531494140625 -313.7759094238281
-972.5993041992188 -314.5305480957031
-971.5386352539062 -313.9944763183594
-969.6782836914062 -315.5407409667969
-967.7346801757812 -316.235107421875
-966.48876953125 -315.2544860839844
-964.5147094726562 -313.4176940917969
-963.3157348632812 -314.4035339355469
-961.5738525390625 -314.7225646972656
-959.6533813476562 -316.6315612792969
-957.695556640625 -317.702392578125
-955.8197631835938 -319.3359375
-953.8836669921875 -321.3105773925781
-951.8881225585938 -323.1910705566406
-949.8884887695312 -325.16351318359375
-947.8969116210938 -327.156982421875
-949.8890991210938 -329.1517639160156
-947.8916015625 -331.13623046875
-949.8895263671875 -333.13531494140625
-947.9047241210938 -335.130859375
-949.8617553710938 -337.1305847167969
-947.8794555664062 -339.1153259277344
-949.8465576171875 -341.1129455566406
-947.8671875 -343.1087951660156
-949.7515869140625 -345.1024169921875
-947.765380859375 -347.07244873046875
-949.7308959960938 -349.07000732421875
-947.809814453125 -351.04803466796875
-949.710693359375 -353.04443359375
-947.7671508789062 -355.0435485839844
-949.3998413085938 -357.0430603027344
-947.4224243164062 -358.9969482421875
-947.8648071289062 -360.9967346191406
-949.502685546875 -362.99664306640625
-947.5180053710938 -364.9754943847656
-949.3667602539062 -366.97503662109375
-947.3692016601562 -368.9723205566406
-947.5423583984375 -370.96771240234375
-949.3317260742188 -372.8724670410156
-947.3980102539062 -374.86639404296875
-945.4126586914062 -376.8659362792969
-945.1141967773438 -378.8509521484375
-946.7314453125 -380.85064697265625
-948.0480346679688 -382.849609375
-946.0565795898438 -384.8433532714844
-946.1131591796875 -386.8429260253906
-944.79296875 -388.84234619140625
-944.8131713867188 -390.8365783691406
-944.6514282226562 -392.8363952636719
-944.6841430664062 -394.8329772949219
-944.1602172851562 -396.8323974609375
-943.8800659179688 -398.8321533203125
-944.3772583007812 -400.8201599121094
-945.4981689453125 -402.81884765625
-943.5643920898438 -404.8172912597656
-945.4378051757812 -406.7301940917969
-946.9029541015625 -408.6878967285156
-946.5985717773438 -410.6273498535156
-948.1818237304688 -412.5407409667969
-948.0872802734375 -414.5325927734375
-946.6263427734375 -416.5304260253906
-947.3236083984375 -418.5299987792969
-946.6100463867188 -420.52642822265625
-945.5963745117188 -422.52606201171875
-945.58984375 -424.5208435058594
-944.4874267578125 -426.5199890136719
-944.3873901367188 -428.5191345214844
-943.0174560546875 -430.51873779296875
-942.4607543945312 -432.5120544433594
-942.9297485351562 -434.5064697265625
-944.4595336914062 -436.5032043457031
-942.6409301757812 -438.5031433105469
-940.6851806640625 -440.49853515625
-938.8219604492188 -442.4967956542969
-936.954833984375 -444.489013671875
-936.1522216796875 -446.4877014160156
-934.3541259765625 -448.483642578125
-932.564208984375 -450.4773254394531
-932.2146606445312 -452.4766540527344
-931.7464599609375 -454.4750061035156
-932.4280395507812 -456.4700012207031
-931.6368408203125 -458.45343017578125
-930.5924072265625 -460.4075622558594
-930.16259765625 -462.4059753417969
-929.14990234375 -464.4049377441406
-929.7236328125 -466.39117431640625
-929.99609375 -468.3663024902344
-928.8453369140625 -470.3641662597656
-928.1287231445312 -472.3630676269531
-929.3463134765625 -474.358154296875
-930.294677734375 -476.3573913574219
-929.131103515625 -478.357177734375
-929.1807250976562 -480.35711669921875
-927.6241455078125 -482.3569030761719
