-882.5523681640625 -393.16632080078125
-884.5518798828125 -395.047607421875
-886.2882690429688 -393.05133056640625
-888.2881469726562 -392.32470703125
-890.2871704101562 -394.2837829589844
-892.2742919921875 -396.2330322265625
-894.204345703125 -394.2347412109375
-896.1881713867188 -396.23175048828125
-898.1522827148438 -394.2320251464844
-900.1487426757812 -396.1644287109375
-902.1466064453125 -398.1017761230469
-903.9591064453125 -396.10205078125
-905.9586791992188 -398.0626525878906
-907.079345703125 -396.0632629394531
-909.0721435546875 -397.9728698730469
-911.0313110351562 -395.9729309082031
-913.0308227539062 -397.4543151855469
-915.0054321289062 -395.4556884765625
-916.9163818359375 -397.4530334472656
-918.9153442382812 -395.45416259765625
-920.9149780273438 -397.4212646484375
-922.813232421875 -395.4223937988281
-924.78466796875 -397.1597900390625
-926.78369140625 -395.1606750488281
-928.7766723632812 -397.1511535644531
-930.7515869140625 -399.1127014160156
-932.751220703125 -397.11541748046875
-934.7499389648438 -399.0778503417969
-936.7498779296875 -397.0781555175781
-938.7444458007812 -397.37896728515625
-940.7442626953125 -399.3249206542969
-942.744140625 -397.32537841796875
-944.7417602539062 -398.8507385253906
-946.7415771484375 -396.85150146484375
-948.741455078125 -398.7509765625
-948.9581298828125 -396.7524719238281
-950.820068359375 -394.7627868652344
-952.24462890625 -396.0193176269531
-953.9111328125 -394.2605895996094
-955.7203369140625 -392.4451904296875
-957.1998291015625 -392.5848388671875
-959.18017578125 -394.1505126953125
-961.1754150390625 -395.4603271484375
-963.1600341796875 -397.4591979980469
-964.5396118164062 -395.4615478515625
-966.5376586914062 -396.926025390625
-966.98876953125 -394.9268798828125
-968.9400634765625 -395.9914245605469
-970.6934204101562 -393.9942932128906
-972.664306640625 -395.7730407714844
-974.6575317382812 -397.682373046875
-976.4774169921875 -395.6835021972656
-978.4755249023438 -397.6788330078125
-980.1836547851562 -395.7527770996094
-982.1498413085938 -397.5323791503906
-984.1460571289062 -395.53240966796875
-985.7149658203125 -397.4785461425781
-987.6802978515625 -395.48065185546875
-989.6796264648438 -397.4386291503906
-991.6597900390625 -395.4411926269531
-992.6962280273438 -393.44146728515625
-994.6775512695312 -395.4303894042969
-995.5159301757812 -393.4308166503906
-997.5013427734375 -395.0229797363281
-999.5010375976562 -397.0184631347656
-1001.3754272460938 -395.0196838378906
-1003.153564453125 -393.02239990234375
-1004.9656982421875 -394.8730163574219
-1006.7526245117188 -392.8936767578125
-1008.44970703125 -394.624267578125
-1009.96240234375 -392.63568115234375
-1011.9597778320312 -394.4718933105469
-1013.7599487304688 -396.4574890136719
-1015.7294921875 -394.4604187011719
-1017.6884155273438 -395.1546630859375
-1018.8385009765625 -395.7633361816406
-1020.8377075195312 -393.763671875
-1022.836669921875 -395.0090026855469
-1024.5384521484375 -393.0179748535156
-1026.469482421875 -394.603759765625
-1025.3585205078125 -392.6060791015625
-1026.5369873046875 -394.0677795410156
-1028.5228271484375 -392.0687561035156
-1030.4505615234375 -393.77764892578125
-1032.4281005859375 -395.40911865234375
-1034.3802490234375 -393.41070556640625
-1036.3792724609375 -395.282958984375
-1038.3515625 -393.2958068847656
-1040.3292236328125 -394.9653625488281
-1042.1739501953125 -393.0037841796875
-1044.1734619140625 -394.96026611328125
-1045.7347412109375 -392.96453857421875
-1047.734375 -394.40008544921875
-1049.7213134765625 -395.56085205078125
-1051.7076416015625 -393.5609130859375
-1053.6881103515625 -392.588623046875
-1055.487060546875 -393.7914733886719
-1057.4683837890625 -395.790283203125
-1059.467529296875 -393.97552490234375
-1061.273193359375 -395.87359619140625
-1062.5323486328125 -397.72625732421875
-1061.4744873046875 -396.9637756347656
-1063.47314453125 -395.4707336425781
-1065.0621337890625 -393.4715576171875
-1063.7423095703125 -391.4742431640625
-1065.560791015625 -393.20562744140625
-1065.12890625 -391.5499267578125
-1066.9849853515625 -393.4844970703125
-1068.9150390625 -391.4855651855469
-1070.7763671875 -389.494140625
-1068.8575439453125 -391.33221435546875
-1070.732666015625 -389.3607177734375
-1068.87841796875 -390.0150451660156
-1070.8780517578125 -391.87054443359375
-1072.5758056640625 -390.06256103515625
-1071.7998046875 -390.5672607421875
-1070.12841796875 -390.41558837890625
-1068.1453857421875 -389.2716979980469
-1070.113037109375 -391.11566162109375
-1072.111083984375 -389.1277770996094
-1070.2601318359375 -389.8880615234375
-1069.935791015625 -390.3570861816406
-1071.9189453125 -388.40325927734375
-1070.934326171875 -387.2178649902344
-1070.381103515625 -385.7926330566406
-1068.39892578125 -386.25390625
-1070.3988037109375 -385.88134765625
-1069.841064453125 -387.4602966308594
-1071.8365478515625 -388.4701843261719
-1069.9114990234375 -389.52490234375
-1069.0020751953125 -389.95684814453125
-1071.0008544921875 -391.94525146484375
-1072.9259033203125 -390.0873107910156
-1074.7197265625 -389.19110107421875
-1072.7491455078125 -390.19464111328125
-1071.9102783203125 -389.2149963378906
-1071.6668701171875 -391.18096923828125
-1072.0177001953125 -391.2485046386719
-1072.60009765625 -389.81219482421875
-1070.87255859375 -391.5943298339844
-1072.1002197265625 -389.6027526855469
-1071.4014892578125 -387.7533264160156
-1073.186767578125 -388.98101806640625
-1074.9310302734375 -390.83917236328125
-1074.91455078125 -390.63037109375
-1074.397216796875 -391.1041259765625
-1072.9583740234375 -389.39691162109375
-1071.146240234375 -388.8701171875
-1071.251953125 -389.1462097167969
-1070.31982421875 -390.658935546875
-1072.2373046875 -388.65966796875
-1070.663330078125 -388.6587219238281
-1069.2327880859375 -390.489013671875
-1071.157470703125 -388.5528869628906
-1069.83984375 -387.6820068359375
-1071.838134765625 -388.77734375
-1070.41845703125 -389.0102233886719
-1069.345703125 -388.8927917480469
-1071.345703125 -390.7806396484375
-1072.071044921875 -389.9482421875
-1073.2552490234375 -391.7794189453125
-1075.0660400390625 -393.6716003417969
-1077.0614013671875 -391.7021179199219
-1078.9556884765625 -393.6636047363281
-1080.9307861328125 -395.3982238769531
-1082.9305419921875 -393.5328369140625
-1084.8841552734375 -393.0616455078125
-1085.85498046875 -394.9359436035156
-1087.8302001953125 -392.9661865234375
-1089.8289794921875 -394.57269287109375
-1091.3043212890625 -396.0825500488281
-1093.292236328125 -394.7996826171875
-1095.08837890625 -395.8743896484375
-1097.0789794921875 -393.8764953613281
-1099.0072021484375 -395.4661560058594
-1101.0048828125 -396.7189636230469
-1103.0045166015625 -395.08642578125
-1104.8724365234375 -396.8572692871094
-1106.87060546875 -394.98797607421875
