-882.4924926757812 -393.19122314453125
-884.238037109375 -394.83062744140625
-886.1947631835938 -392.8400573730469
-888.1309204101562 -394.7940673828125
-890.1259155273438 -392.8316650390625
-891.3092041015625 -392.6019287109375
-893.2093505859375 -392.5989685058594
-895.0994873046875 -394.35980224609375
-896.997802734375 -396.08551025390625
-898.963134765625 -394.31195068359375
-900.9525756835938 -396.1640319824219
-902.2833862304688 -397.7803649902344
-904.2578125 -395.8235168457031
-906.246337890625 -397.5078125
-908.2275390625 -395.51141357421875
-910.0173950195312 -397.2197570800781
-911.2999877929688 -395.27001953125
-913.1342163085938 -396.8644104003906
-915.0109252929688 -398.515869140625
-916.9467163085938 -396.5814208984375
-918.9454956054688 -398.3345642089844
-920.9107666015625 -396.34197998046875
-922.4840087890625 -398.23516845703125
-924.4754638671875 -396.3990173339844
-926.4432983398438 -398.22027587890625
-928.1600341796875 -396.2275695800781
-929.941650390625 -397.94720458984375
-931.8782958984375 -396.1226501464844
-933.8646240234375 -397.49530029296875
-935.816162109375 -395.5036926269531
-937.7603759765625 -397.2313537597656
-939.703125 -398.2936706542969
-941.5697631835938 -396.3348388671875
-943.4949340820312 -396.08984375
-945.480712890625 -397.7618408203125
-947.47216796875 -398.8049011230469
-949.325927734375 -396.8472595214844
-950.9596557617188 -394.913818359375
-949.6997680664062 -396.68109130859375
-951.6983642578125 -394.6943054199219
-953.605224609375 -396.4666442871094
-954.4591064453125 -394.5923767089844
-953.7398681640625 -394.4693603515625
-955.5088500976562 -396.4265441894531
-957.433837890625 -394.4697265625
-959.3295288085938 -396.1798400878906
-961.0159301757812 -394.2023620605469
-962.910400390625 -396.1511535644531
-964.8981323242188 -394.2397155761719
-966.8677368164062 -396.06353759765625
-968.5406494140625 -394.32086181640625
-969.6085815429688 -396.2450256347656
-971.5203247070312 -394.25750732421875
-973.3717041015625 -396.0845642089844
-975.2667236328125 -394.0879821777344
-976.8294677734375 -394.7637023925781
-977.0639038085938 -396.4266052246094
-978.6307373046875 -394.44500732421875
-979.7801513671875 -395.87078857421875
-981.7550048828125 -397.7965393066406
-983.6947021484375 -395.81549072265625
-985.578125 -397.7432861328125
-987.3778686523438 -395.7481994628906
-989.3692626953125 -397.74267578125
-991.3609619140625 -395.7984924316406
-992.7664184570312 -393.8428649902344
-994.3449096679688 -395.6910705566406
-994.93212890625 -393.72674560546875
-996.90966796875 -395.6416320800781
-998.8966064453125 -393.76385498046875
-1000.7144165039062 -395.7235412597656
-1002.3275146484375 -393.7572937011719
-1004.196533203125 -395.7457580566406
-1006.020751953125 -393.77777099609375
-1007.3735961914062 -395.1661376953125
-1009.287353515625 -393.1935119628906
-1011.2553100585938 -395.02105712890625
-1013.22802734375 -393.02789306640625
-1014.9818725585938 -394.6214599609375
-1016.2407836914062 -396.2868347167969
-1018.1365966796875 -394.2908935546875
-1020.1256103515625 -396.2216796875
-1022.0856323242188 -394.23712158203125
-1023.6163330078125 -396.2159118652344
-1024.5062255859375 -394.350830078125
-1026.4605712890625 -392.4103698730469
-1027.8812255859375 -394.38006591796875
-1029.26611328125 -392.640625
-1031.229736328125 -394.5786437988281
-1031.82275390625 -396.4010314941406
-1033.1751708984375 -394.4263000488281
-1034.8609619140625 -395.8040771484375
-1035.675048828125 -393.9346008300781
-1037.620361328125 -395.8849792480469
-1038.5657958984375 -393.9891357421875
-1039.1138916015625 -395.9185791015625
-1040.778564453125 -393.92108154296875
-1042.77734375 -395.910888671875
-1044.65185546875 -393.92626953125
-1046.3123779296875 -395.7091369628906
-1048.2620849609375 -393.7474670410156
-1050.2392578125 -395.6333312988281
-1051.8822021484375 -393.64385986328125
-1053.534912109375 -395.3239440917969
-1055.4793701171875 -393.4090270996094
-1057.4637451171875 -395.1491394042969
-1058.85595703125 -393.1510009765625
-1060.8489990234375 -394.61865234375
-1060.25830078125 -396.36590576171875
-1061.7801513671875 -394.4625244140625
-1063.6212158203125 -396.3924865722656
-1064.8740234375 -395.2786865234375
-1065.4261474609375 -393.3304748535156
-1064.0755615234375 -391.4485168457031
-1065.700927734375 -393.4280700683594
-1064.969970703125 -391.4898986816406
-1066.3909912109375 -393.3417053222656
-1066.5294189453125 -391.7305908203125
-1067.83642578125 -393.50762939453125
-1069.357421875 -391.5574035644531
-1070.7908935546875 -389.5738830566406
-1069.029296875 -391.46392822265625
-1070.060302734375 -389.4892883300781
-1070.795166015625 -390.5717468261719
-1070.3204345703125 -392.5029296875
-1070.2008056640625 -390.8732604980469
-1071.8419189453125 -389.0350341796875
-1071.5257568359375 -391.0292663574219
-1073.0240478515625 -392.787109375
-1072.548828125 -390.9900207519531
-1073.9832763671875 -392.8607177734375
-1073.9549560546875 -390.9083251953125
-1075.3121337890625 -392.72589111328125
-1076.140625 -390.8539123535156
-1078.0599365234375 -392.08355712890625
-1079.916015625 -393.633056640625
-1081.8409423828125 -395.06298828125
-1079.8670654296875 -393.0676574707031
-1081.8616943359375 -395.0061340332031
-1080.9761962890625 -393.235595703125
-1082.7315673828125 -395.2065734863281
-1083.8646240234375 -393.23175048828125
-1085.64404296875 -395.1747741699219
-1086.2535400390625 -393.2146911621094
-1087.6082763671875 -394.7865295410156
-1088.761474609375 -393.2383117675781
-1090.7322998046875 -395.03009033203125
-1090.757568359375 -393.1706848144531
-1092.4754638671875 -394.7577819824219
-1092.778076171875 -396.7287902832031
-1093.35400390625 -394.7568359375
-1095.3499755859375 -396.7363586425781
-1095.75244140625 -394.77197265625
-1095.6295166015625 -396.66876220703125
-1096.372802734375 -394.7293701171875
-1098.26171875 -396.4865417480469
-1097.817138671875 -394.7144775390625
-1097.2579345703125 -396.5760192871094
-1097.990234375 -394.5909118652344
-1098.5399169921875 -396.5616760253906
-1098.0125732421875 -394.6260681152344
-1099.0704345703125 -396.57037353515625
-1098.7677001953125 -394.582275390625
-1099.2359619140625 -396.5168762207031
-1098.96875 -394.57049560546875
-1099.622314453125 -396.51251220703125
-1101.3704833984375 -394.63629150390625
-1101.5057373046875 -396.3334655761719
-1101.5103759765625 -394.3634033203125
-1101.0477294921875 -395.6962585449219
-1101.9378662109375 -397.6646728515625
-1102.4915771484375 -395.67730712890625
-1104.270263671875 -397.41668701171875
-1102.6083984375 -395.4261779785156
-1100.9102783203125 -397.4024963378906
-1101.3643798828125 -395.4702453613281
-1099.956787109375 -397.322265625
-1100.876953125 -395.45440673828125
-1102.840087890625 -396.9490661621094
-1101.4940185546875 -395.0526428222656
-1102.8516845703125 -397.0016784667969
-1101.24365234375 -395.05706787109375
-1100.3262939453125 -396.9261169433594
-1100.173583984375 -395.1011962890625
-1101.07958984375 -397.0606689453125
-1101.54736328125 -395.1072082519531
-1101.412109375 -396.77838134765625
-1102.2154541015625 -394.8379821777344
-1104.025634765625 -396.37335205078125
-1105.296630859375 -398.16827392578125
-1103.623291015625 -399.06005859375
-1104.9158935546875 -397.5171203613281
-1106.590087890625 -395.99627685546875
-1104.7965087890625 -397.6661376953125
-1104.5521240234375 -396.8733215332031
-1104.2677001953125 -395.3968200683594
-1105.6322021484375 -397.0460510253906
-1104.1279296875 -395.0950012207031
-1105.96630859375 -396.46405029296875
-1105.105712890625 -398.2977294921875
-1106.7322998046875 -396.7306823730469
-1107.3621826171875 -395.42327880859375
