-882.571533203125 -393.1697998046875
-884.5713500976562 -395.1619567871094
-886.5703735351562 -393.1675109863281
-888.506591796875 -395.0912170410156
-890.5042114257812 -393.0913391113281
-891.5857543945312 -395.0205078125
-893.5596923828125 -393.0284729003906
-895.5325927734375 -395.0216064453125
-897.1810302734375 -397.0197448730469
-899.1810302734375 -395.0200500488281
-900.7521362304688 -397.01812744140625
-902.7518920898438 -395.0193176269531
-904.7229614257812 -397.01885986328125
-906.7194213867188 -395.0227966308594
-908.56396484375 -396.9918212890625
-910.5636596679688 -394.9947814941406
-912.5490112304688 -396.9945983886719
-914.5468139648438 -395.0097351074219
-915.096435546875 -397.0093078613281
-916.8677978515625 -399.00897216796875
-918.8670654296875 -397.0091857910156
-920.8665161132812 -395.0122375488281
-922.6946411132812 -397.0084533691406
-924.6897583007812 -395.01629638671875
-926.5344848632812 -397.0128173828125
-928.5263061523438 -399.00872802734375
-930.5262451171875 -397.0095520019531
-932.5223999023438 -399.0085754394531
-934.5223999023438 -397.0089416503906
-936.5178833007812 -398.98516845703125
-938.5178833007812 -396.98687744140625
-940.517822265625 -398.96246337890625
-942.517822265625 -396.97039794921875
-944.5177612304688 -398.0057678222656
-946.5177001953125 -396.072509765625
-948.5177001953125 -397.65838623046875
-950.357177734375 -397.0699462890625
-952.3444213867188 -395.2583923339844
-954.2923583984375 -393.27886962890625
-955.2279663085938 -394.7388610839844
-957.1712646484375 -396.73388671875
-959.1172485351562 -394.8055114746094
-961.0324096679688 -396.8039245605469
-963.0123901367188 -394.8949279785156
-964.5134887695312 -396.8883972167969
-966.5101928710938 -394.9254150390625
-968.0785522460938 -396.9173889160156
-969.924072265625 -394.9500427246094
-971.9032592773438 -396.94970703125
-973.9027709960938 -394.95574951171875
-975.1873779296875 -396.9455871582031
-977.177978515625 -395.09503173828125
-979.1741333007812 -397.0532531738281
-981.1713256835938 -395.090576171875
-983.0833740234375 -397.0886535644531
-985.0821533203125 -395.0896911621094
-987.0598754882812 -397.0893249511719
-989.0465698242188 -395.09869384765625
-991.0313110351562 -397.0985107421875
-992.9747924804688 -395.2017517089844
-994.9658203125 -393.2060241699219
-996.9380493164062 -395.19146728515625
-998.9379272460938 -393.2174072265625
-1000.879150390625 -395.2115478515625
-1002.8546752929688 -393.2150573730469
-1004.7601928710938 -395.21209716796875
-1006.7595825195312 -393.22967529296875
-1008.393798828125 -395.21978759765625
-1010.393310546875 -393.2244567871094
-1012.3757934570312 -395.2243957519531
-1014.375 -393.2267761230469
-1016.2724609375 -395.2093200683594
-1018.2722778320312 -393.25897216796875
-1020.270751953125 -395.2355651855469
-1022.269287109375 -397.2280578613281
-1023.688232421875 -395.2541809082031
-1025.4801025390625 -393.42156982421875
-1027.22802734375 -395.4195861816406
-1029.1607666015625 -393.4267883300781
-1030.73876953125 -395.42242431640625
-1032.738525390625 -393.4409484863281
-1032.8685302734375 -395.3663330078125
-1034.8590087890625 -393.3699951171875
-1036.747802734375 -395.3595275878906
-1038.7470703125 -393.3675231933594
-1040.6177978515625 -395.33941650390625
-1042.617431640625 -393.35675048828125
-1044.4879150390625 -395.3460388183594
-1046.4854736328125 -393.3514709472656
-1048.4556884765625 -395.340087890625
-1050.453857421875 -393.371337890625
-1052.448974609375 -395.1856689453125
-1054.4478759765625 -393.1986389160156
-1056.406494140625 -395.10906982421875
-1058.40478515625 -393.40863037109375
-1060.3807373046875 -395.4083557128906
-1062.3736572265625 -397.0131530761719
-1063.6224365234375 -395.8337707519531
-1065.55615234375 -395.8778991699219
-1066.1568603515625 -393.9088439941406
-1068.006103515625 -392.22906494140625
-1069.994873046875 -390.2577209472656
-1068.6846923828125 -392.21160888671875
-1070.683349609375 -390.2122497558594
-1068.9705810546875 -391.42120361328125
-1070.9696044921875 -389.50335693359375
-1071.298583984375 -391.1636657714844
-1073.2977294921875 -389.2165832519531
-1073.0025634765625 -391.20367431640625
-1072.5416259765625 -393.197509765625
-1074.54150390625 -394.08294677734375
-1076.5316162109375 -393.4508361816406
-1078.531494140625 -393.7911376953125
-1080.531005859375 -392.209716796875
-1082.472900390625 -394.15264892578125
-1081.9317626953125 -396.1436767578125
-1083.931396484375 -394.4402160644531
-1085.9290771484375 -393.2315979003906
-1087.9171142578125 -395.0147705078125
-1089.916259765625 -393.1201477050781
-1091.898681640625 -395.1150817871094
-1093.81884765625 -397.10614013671875
-1095.818359375 -395.7244873046875
-1097.812255859375 -393.8173828125
-1099.7952880859375 -395.80731201171875
-1101.793212890625 -397.72186279296875
-1103.7930908203125 -396.30145263671875
-1105.7861328125 -398.28936767578125
-1107.7857666015625 -399.5943298339844
-1109.7857666015625 -398.0826721191406
-1111.7857666015625 -397.5965881347656
