-881.8859252929688 -393.8844909667969
-883.7281494140625 -395.7419128417969
-882.0972900390625 -393.7890319824219
-883.8944091796875 -395.7781677246094
-882.7062377929688 -393.8835754394531
-882.2696533203125 -392.57635498046875
-883.7776489257812 -394.467529296875
-885.140869140625 -392.6008605957031
-885.4368896484375 -394.1973876953125
-886.9127197265625 -392.3923034667969
-888.0948486328125 -393.8166809082031
-887.2714233398438 -395.5042419433594
-888.3658447265625 -393.56304931640625
-890.3157348632812 -395.4867858886719
-892.214111328125 -393.5180358886719
-893.2809448242188 -394.18634033203125
-894.7513427734375 -395.7509460449219
-894.8893432617188 -394.73077392578125
-896.7059936523438 -396.6885681152344
-897.8212890625 -394.7452697753906
-899.2984619140625 -396.7310791015625
-900.9617919921875 -394.7561950683594
-902.75439453125 -396.748046875
-903.7451782226562 -394.8050231933594
-904.9596557617188 -396.7000427246094
-904.2481689453125 -394.75030517578125
-905.4291381835938 -396.7296447753906
-907.3455810546875 -394.7320251464844
-908.2293701171875 -396.7178649902344
-908.98291015625 -394.73406982421875
-909.3704223632812 -396.479736328125
-911.00439453125 -397.2542724609375
-912.9244384765625 -395.291015625
-914.1278686523438 -397.2508544921875
-913.5744018554688 -395.3036804199219
-915.1497192382812 -396.0201721191406
-917.1183471679688 -397.979736328125
-916.1311645507812 -396.213623046875
-915.67529296875 -398.2079772949219
-917.3758544921875 -397.0670166015625
-919.230712890625 -395.07476806640625
-921.1558837890625 -396.9979553222656
-921.5693359375 -395.0413513183594
-922.9329223632812 -396.30670166015625
-924.3846435546875 -398.2125244140625
-923.165771484375 -396.2795715332031
-924.9895629882812 -398.21234130859375
-926.33154296875 -396.3381042480469
-927.7601318359375 -398.2378234863281
-928.8767700195312 -396.25103759765625
-930.8048095703125 -398.2109375
-932.0509643554688 -396.3424377441406
-932.8013305664062 -398.34002685546875
-933.1375122070312 -396.5723876953125
-935.1356811523438 -398.5634765625
-934.8897094726562 -400.3415832519531
-936.64208984375 -401.7857360839844
-938.0186767578125 -403.2364196777344
-938.2047729492188 -405.1468811035156
-939.01025390625 -406.3887939453125
-940.7013549804688 -404.53643798828125
-942.3552856445312 -406.5037536621094
-944.32861328125 -404.855712890625
-944.5906982421875 -403.1515197753906
-946.0328979492188 -403.1820068359375
-946.5617065429688 -402.7566833496094
-948.0635375976562 -404.7060241699219
-948.6553344726562 -405.6528625488281
-947.83251953125 -403.7450866699219
-949.6901245117188 -402.69720458984375
-949.7737426757812 -400.8427429199219
-951.67138671875 -398.9003601074219
-953.2252807617188 -397.0931396484375
-954.662353515625 -395.09417724609375
-955.2530517578125 -397.08245849609375
-956.983642578125 -395.083251953125
-955.3043823242188 -397.00311279296875
-957.2625122070312 -395.0039978027344
-957.8551025390625 -396.89080810546875
-959.7693481445312 -394.9029846191406
-961.6798706054688 -396.0469970703125
-962.974853515625 -394.0701904296875
-962.1078491210938 -395.7633056640625
-964.0845947265625 -393.7681884765625
-962.3419799804688 -395.5321960449219
-963.7838745117188 -397.5287170410156
-963.8939208984375 -395.5301208496094
-963.7147216796875 -397.5150146484375
-963.64306640625 -395.5232849121094
-965.2297973632812 -396.1183166503906
-967.1170043945312 -394.12103271484375
-968.0450439453125 -395.97259521484375
-967.775390625 -393.97467041015625
-968.7417602539062 -395.96685791015625
-970.7219848632812 -393.9939880371094
-972.6229858398438 -395.8993835449219
-974.3466796875 -397.89862060546875
-975.7011108398438 -395.91302490234375
-975.6026611328125 -397.8991394042969
-976.1046752929688 -395.90826416015625
-977.94091796875 -397.8987121582031
-979.850830078125 -395.89923095703125
-981.467041015625 -397.7874450683594
-981.841064453125 -395.9242248535156
-982.1168212890625 -397.9158630371094
-983.7828369140625 -395.9170227050781
-985.3803100585938 -397.9129638671875
-987.3121337890625 -395.9141540527344
-989.2462768554688 -397.8860778808594
-987.4721069335938 -395.9250183105469
-989.3841552734375 -397.8905029296875
-990.3765258789062 -395.90203857421875
-992.162109375 -393.9064025878906
-993.551513671875 -395.87457275390625
-994.9873046875 -393.9662170410156
-996.62890625 -395.9635009765625
-997.4722900390625 -393.97308349609375
-999.37744140625 -395.9695129394531
-1001.1764526367188 -393.9696350097656
-1003.04296875 -395.9609069824219
-1005.002685546875 -393.9654235839844
-1006.4979248046875 -395.92578125
-1005.412109375 -393.9371032714844
-1007.1288452148438 -395.9256896972656
-1009.0653076171875 -393.93975830078125
-1010.4989013671875 -395.9376220703125
-1012.4127807617188 -393.97283935546875
-1013.9442138671875 -395.969482421875
-1015.832763671875 -393.9828186035156
-1017.6888427734375 -395.96856689453125
-1019.5830078125 -393.9708251953125
-1021.53173828125 -395.96966552734375
-1023.4317626953125 -394.01580810546875
-1023.8680419921875 -395.9905700683594
-1025.8604736328125 -393.99365234375
-1027.8323974609375 -391.99481201171875
-1029.2652587890625 -393.9810791015625
-1028.6492919921875 -395.9806213378906
-1030.595458984375 -393.9873046875
-1031.6146240234375 -395.98321533203125
-1033.5989990234375 -394.190673828125
-1033.268310546875 -396.1866149902344
-1035.265869140625 -394.2480773925781
-1037.139892578125 -396.24652099609375
-1039.1356201171875 -394.3466491699219
-1040.70703125 -396.343505859375
-1042.6656494140625 -394.3592834472656
-1044.5439453125 -396.359130859375
-1046.4373779296875 -394.37188720703125
-1047.57958984375 -396.3697509765625
-1049.576416015625 -394.43994140625
-1051.2493896484375 -396.4333801269531
-1053.24609375 -394.4453430175781
-1055.1927490234375 -396.4432678222656
-1057.1910400390625 -394.44525146484375
-1059.0579833984375 -396.44464111328125
-1061.0574951171875 -394.5336608886719
-1063.0426025390625 -396.5332336425781
-1065.042236328125 -394.8957214355469
-1067.0419921875 -392.9999694824219
-1069.0411376953125 -391.0359802246094
-1071.02978515625 -389.2184753417969
-1073.0181884765625 -391.0599365234375
-1074.8065185546875 -393.0536804199219
-1076.8062744140625 -391.2997741699219
-1078.7879638671875 -393.29779052734375
-1080.683837890625 -395.2955322265625
-1082.68310546875 -393.7202453613281
-1084.6363525390625 -395.7161560058594
-1086.635986328125 -393.78729248046875
-1088.623046875 -395.77349853515625
-1090.6229248046875 -395.5771484375
-1092.62255859375 -393.6005554199219
-1094.5870361328125 -395.572021484375
-1096.5870361328125 -393.5898132324219
-1098.578125 -395.5826721191406
-1100.5745849609375 -397.58251953125
-1102.57421875 -395.7636413574219
-1104.5740966796875 -397.75787353515625
-1106.5738525390625 -395.916015625
-1108.5693359375 -397.9159240722656
-1110.569091796875 -398.0704345703125
