-866.5665893554688 -398.10736083984375
-868.56640625 -396.1884765625
-870.56640625 -398.0726013183594
-872.5658569335938 -396.0740051269531
-874.5650634765625 -397.5826416015625
-876.56494140625 -395.5874328613281
-878.56494140625 -397.3833923339844
-880.5617065429688 -395.3851318359375
-882.5606079101562 -393.4092712402344
-884.560546875 -394.7092590332031
-886.5604248046875 -392.7100830078125
-888.5498046875 -394.6947937011719
-890.5494995117188 -392.695556640625
-892.5476684570312 -394.6927185058594
-894.5466918945312 -396.6829528808594
-896.5466918945312 -394.7803649902344
-898.5465698242188 -396.7377014160156
-900.5465698242188 -394.7557067871094
-902.5433959960938 -396.74639892578125
-904.543212890625 -394.7482604980469
-906.5423583984375 -396.747802734375
-908.542236328125 -394.7585144042969
-910.5418701171875 -396.704833984375
-912.54150390625 -398.6741027832031
-914.5413208007812 -396.7147521972656
-916.5411376953125 -398.7130126953125
-918.5390625 -396.7367248535156
-920.5390014648438 -398.7038269042969
-922.5353393554688 -396.710693359375
-924.5353393554688 -394.8013916015625
-926.5342407226562 -396.6954650878906
-928.5328369140625 -398.6751708984375
-930.5328369140625 -396.6768493652344
-932.5328369140625 -398.6715393066406
-934.5328369140625 -396.6734924316406
-936.5328369140625 -397.6419677734375
-938.5328369140625 -395.94744873046875
-940.5327758789062 -394.0941467285156
-942.5327758789062 -395.94647216796875
-944.5327758789062 -397.69635009765625
-946.5327758789062 -396.3606872558594
-948.5327758789062 -396.7557678222656
-950.4403076171875 -394.8077697753906
-952.4351196289062 -396.69305419921875
-954.3456420898438 -394.7336730957031
-956.2770385742188 -396.5279541015625
-958.2005004882812 -394.65692138671875
-960.1802978515625 -396.6396789550781
-962.1629638671875 -394.6480712890625
-964.1603393554688 -396.544921875
-966.159423828125 -395.1790466308594
-968.1587524414062 -397.1758728027344
-970.1539916992188 -395.2095031738281
-972.1515502929688 -397.07012939453125
-974.1510009765625 -395.134765625
-976.1442260742188 -397.0958557128906
-978.143798828125 -395.09613037109375
-980.1421508789062 -397.0439758300781
-982.1412963867188 -395.0627136230469
-984.14111328125 -396.2213439941406
-986.1373291015625 -394.4007263183594
-988.1073608398438 -396.3045654296875
-990.1062622070312 -394.3088684082031
-992.1009521484375 -396.1059265136719
-994.1007690429688 -394.260009765625
-996.0780639648438 -396.25653076171875
-998.0772705078125 -394.258056640625
-1000.0481567382812 -396.25341796875
-1002.0324096679688 -394.257568359375
-1004.0172119140625 -396.1287841796875
-1005.977294921875 -394.162841796875
-1007.9445190429688 -396.0310974121094
-1009.9365844726562 -394.039306640625
-1011.9364624023438 -394.21600341796875
-1013.8391723632812 -395.8719482421875
-1015.8370971679688 -394.0323181152344
-1017.8107299804688 -393.43341064453125
-1019.8031005859375 -394.6102294921875
-1021.78759765625 -392.6712341308594
-1023.776611328125 -392.15106201171875
-1025.7742919921875 -393.9169616699219
-1027.7117919921875 -394.4110412597656
-1029.7100830078125 -392.4115905761719
-1031.6605224609375 -390.7676086425781
-1033.6314697265625 -392.0550231933594
-1034.9063720703125 -391.6354675292969
-1036.899658203125 -392.56890869140625
-1038.8905029296875 -393.6883850097656
-1040.411376953125 -392.6717834472656
-1041.8800048828125 -392.6348876953125
-1043.86328125 -394.5707092285156
-1045.8564453125 -393.011474609375
-1047.5406494140625 -391.744140625
-1049.2579345703125 -393.56451416015625
-1051.1807861328125 -393.9874267578125
-1053.120361328125 -392.4696960449219
-1055.0516357421875 -391.08319091796875
-1055.843017578125 -392.1987609863281
-1057.7913818359375 -390.32696533203125
-1059.6588134765625 -388.5853576660156
-1059.988037109375 -389.2724609375
-1061.9727783203125 -390.0829772949219
-1063.692626953125 -388.3155212402344
-1065.4095458984375 -387.00970458984375
