-866.56640625 -396.1528625488281
-868.5652465820312 -398.14910888671875
-870.5147094726562 -396.1646728515625
-872.5145874023438 -398.1319885253906
-874.115478515625 -396.13214111328125
-876.02490234375 -398.1200866699219
-877.59130859375 -396.1207580566406
-879.5863647460938 -394.12591552734375
-881.5853271484375 -396.1149597167969
-883.5465698242188 -394.1152648925781
-882.975341796875 -392.1158752441406
-884.9540405273438 -394.1081848144531
-886.9285278320312 -392.1084289550781
-888.9259033203125 -394.10174560546875
-890.925537109375 -396.07147216796875
-890.2125854492188 -394.0719909667969
-892.212158203125 -396.0543212890625
-894.1869506835938 -394.05517578125
-896.1848754882812 -395.76806640625
-898.1146240234375 -393.7690124511719
-900.114501953125 -395.7677001953125
-902.1068115234375 -397.7563171386719
-904.0469360351562 -395.75872802734375
-905.96630859375 -397.7578125
-907.2047119140625 -395.7583923339844
-909.1319580078125 -397.7174987792969
-911.0538330078125 -395.7175598144531
-913.0186157226562 -397.7071533203125
-911.6085815429688 -395.70904541015625
-913.6063232421875 -397.6999816894531
-915.2476806640625 -395.70159912109375
-917.24658203125 -397.5711364746094
-919.2125244140625 -395.5731506347656
-921.1876831054688 -397.5645446777344
-922.794921875 -395.5654602050781
-924.7944946289062 -397.2969055175781
-926.7293090820312 -395.2969970703125
-928.7140502929688 -397.2818908691406
-930.7122802734375 -395.2819519042969
-932.3934936523438 -396.8249816894531
-934.3848876953125 -398.74578857421875
-936.3825073242188 -396.7461242675781
-938.37841796875 -398.7389831542969
-940.2203979492188 -396.739013671875
-942.2180786132812 -397.1231689453125
-944.2101440429688 -398.82159423828125
-946.1773071289062 -396.8222351074219
-948.174560546875 -396.7643737792969
-947.3252563476562 -394.7644348144531
-949.324462890625 -394.4518737792969
-948.2050170898438 -395.96392822265625
-949.8873291015625 -393.96429443359375
-949.9095458984375 -394.7510986328125
-948.49560546875 -394.669189453125
-947.4537353515625 -396.51214599609375
-949.4376831054688 -397.81268310546875
-950.45703125 -395.8128356933594
-952.0397338867188 -393.8131408691406
-953.544677734375 -395.74658203125
-954.5913696289062 -393.74658203125
-953.0545043945312 -394.0381164550781
-951.8534545898438 -394.87396240234375
-953.3132934570312 -395.07049560546875
-955.1351318359375 -397.0202331542969
-953.6739501953125 -395.0357360839844
-953.3292846679688 -396.5416259765625
-955.1923217773438 -394.54193115234375
-956.339599609375 -396.1949157714844
-957.523681640625 -394.1954650878906
-957.3126831054688 -396.1182556152344
-958.1687622070312 -394.1190490722656
-956.3614501953125 -394.70465087890625
-958.3238525390625 -396.5008850097656
-959.203857421875 -394.5010070800781
-960.6321411132812 -396.4593811035156
-961.39111328125 -394.4595947265625
-963.2365112304688 -396.4411926269531
-962.2396850585938 -394.4412841796875
-963.9453735351562 -396.4356994628906
-964.9222412109375 -394.4437255859375
-966.733154296875 -396.4427490234375
-968.719482421875 -394.44305419921875
-970.482421875 -396.36712646484375
-968.5855102539062 -394.3713073730469
-967.3404541015625 -396.3682556152344
-969.1481323242188 -394.3682861328125
-970.1799926757812 -396.3668518066406
-970.8666381835938 -394.36688232421875
-972.3161010742188 -396.36431884765625
-974.1058959960938 -394.36468505859375
-976.0884399414062 -396.35491943359375
-977.3074340820312 -394.355224609375
-979.2386474609375 -396.3045959472656
-978.4812622070312 -394.3047790527344
-980.0269775390625 -396.279296875
-981.9481201171875 -394.2793273925781
-983.4697265625 -396.0533447265625
-984.0296020507812 -394.0535888671875
-986.0211181640625 -396.0137939453125
-987.900390625 -397.9931945800781
-989.8563842773438 -396.0070495605469
-991.6936645507812 -394.0072021484375
-993.4320678710938 -395.9813232421875
-994.8907470703125 -393.9815368652344
-993.5633544921875 -395.8909912109375
-995.4500732421875 -393.8912353515625
-996.4677124023438 -395.6199645996094
-994.8766479492188 -393.62109375
-996.8507080078125 -395.5950012207031
-998.7521362304688 -393.5950012207031
-1000.7109985351562 -395.4853210449219
-1002.66015625 -393.4853210449219
-1004.6442260742188 -395.44287109375
-1006.6235961914062 -393.4429016113281
-1007.5099487304688 -395.2781982421875
-1009.3875732421875 -393.2784118652344
-1011.3714599609375 -395.2242736816406
-1012.6015014648438 -393.2243957519531
-1014.5426025390625 -395.21197509765625
-1016.5399169921875 -393.2122802734375
-1018.0578002929688 -395.201416015625
-1019.65576171875 -397.2003173828125
-1021.623779296875 -395.2009582519531
-1022.9043579101562 -397.1019592285156
-1024.798828125 -395.10211181640625
-1026.336669921875 -393.10223388671875
-1028.23876953125 -395.0708923339844
-1029.6038818359375 -393.0710144042969
-1031.4161376953125 -395.0574951171875
-1032.4945068359375 -393.05755615234375
-1034.4609375 -394.14483642578125
-1032.8118896484375 -396.1187744140625
-1034.7489013671875 -394.1187744140625
-1036.4627685546875 -393.6564636230469
-1038.4527587890625 -395.4663391113281
-1039.23291015625 -393.4663391113281
-1041.203125 -394.4654541015625
-1042.8480224609375 -395.5934143066406
-1042.2572021484375 -393.5940856933594
-1041.883544921875 -393.77386474609375
-1043.7587890625 -395.67657470703125
-1045.5938720703125 -393.6766052246094
-1045.5963134765625 -394.8340148925781
-1045.4962158203125 -396.3804016113281
-1047.2618408203125 -394.3804016113281
-1045.8385009765625 -396.2516784667969
-1046.3499755859375 -394.251953125
-1047.606201171875 -396.1686706542969
-1049.591796875 -394.1686706542969
-1048.478271484375 -395.16796875
-1049.7554931640625 -393.1681213378906
-1051.5179443359375 -393.8949890136719
-1050.0029296875 -395.4295959472656
-1048.537841796875 -393.4295959472656
-1047.0462646484375 -393.9142761230469
-1048.8875732421875 -395.7853698730469
-1050.7664794921875 -393.7853698730469
-1050.3267822265625 -395.4356994628906
-1052.2734375 -393.435791015625
-1054.0980224609375 -394.07061767578125
-1054.1070556640625 -392.7932434082031
-1054.972412109375 -393.6835632324219
-1056.466064453125 -395.5116271972656
-1058.3902587890625 -393.5116271972656
-1058.219970703125 -394.9979553222656
-1057.09375 -396.61187744140625
-1057.8157958984375 -394.61187744140625
-1059.530029296875 -394.3883056640625
-1060.200927734375 -394.27777099609375
-1061.49169921875 -393.6470642089844
-1060.518798828125 -394.0596008300781
-1060.015625 -395.1512145996094
-1059.92822265625 -395.7007141113281
-1061.907470703125 -393.7007141113281
-1063.8245849609375 -394.0473937988281
-1062.322021484375 -394.3905334472656
-1063.4083251953125 -396.2815856933594
-1065.1827392578125 -394.2880554199219
-1066.995361328125 -392.2888488769531
