-866.54931640625 -398.1075439453125
-868.5492553710938 -396.1075744628906
-870.5136108398438 -398.1075744628906
-872.5136108398438 -396.1076354980469
-874.5130004882812 -398.1076354980469
-876.5130004882812 -396.1076354980469
-878.5128784179688 -394.10791015625
-880.5084838867188 -396.10791015625
-882.506591796875 -394.10791015625
-884.5065307617188 -392.10791015625
-886.4851684570312 -394.1078796386719
-888.485107421875 -392.10791015625
-890.40185546875 -394.1026916503906
-892.3265380859375 -396.1026611328125
-894.3265380859375 -394.1029052734375
-896.3248901367188 -396.1028137207031
-898.3248901367188 -394.1029357910156
-900.3233032226562 -396.1026306152344
-902.3231201171875 -398.1026306152344
-904.3230590820312 -396.1026306152344
-906.31689453125 -398.1026306152344
-908.3168334960938 -396.1032409667969
-910.3167114257812 -398.1032409667969
-912.3167114257812 -396.10333251953125
-914.3096923828125 -398.10333251953125
-916.3096923828125 -396.10382080078125
-918.3086547851562 -398.1037902832031
-920.3086547851562 -396.1038818359375
-922.3076171875 -398.1038513183594
-924.3076171875 -396.1039733886719
-926.3040771484375 -398.10394287109375
-928.3040771484375 -396.109375
-930.3040771484375 -398.109375
-932.3040771484375 -396.11920166015625
-934.3037719726562 -398.1188659667969
-936.3037109375 -396.1523132324219
-938.3037109375 -398.1480712890625
-940.3036499023438 -396.49432373046875
-942.3035888671875 -398.47467041015625
-944.3035888671875 -397.231201171875
-946.3035888671875 -399.2262878417969
-948.3035888671875 -400.0416564941406
-949.9635009765625 -398.0465393066406
-951.4692993164062 -396.0469970703125
-953.4367065429688 -394.0495300292969
-951.6395263671875 -395.90618896484375
-953.5708618164062 -393.9068908691406
-951.6502075195312 -395.4784851074219
-953.6357421875 -393.4809875488281
-951.6542358398438 -395.1385803222656
-949.9306030273438 -396.4711608886719
-951.91455078125 -394.472412109375
-951.56396484375 -395.4206848144531
-953.5526123046875 -393.4208068847656
-952.9395751953125 -392.5809631347656
-950.95263671875 -393.2484436035156
-948.9762573242188 -392.6959228515625
-947.0462646484375 -392.2094421386719
-949.0460205078125 -393.9946594238281
-947.0798950195312 -394.421630859375
-949.0797729492188 -396.3785705566406
-951.0044555664062 -394.3790588378906
-949.0186767578125 -395.2591552734375
-951.0183715820312 -393.2599182128906
-949.064697265625 -394.5577392578125
-947.228515625 -394.85467529296875
-949.2273559570312 -396.7635498046875
-951.2183837890625 -394.763916015625
-949.2403564453125 -395.8645935058594
-951.2367553710938 -393.86981201171875
-950.0436401367188 -394.06927490234375
-950.0322875976562 -395.87060546875
-952.0291137695312 -393.8706970214844
-950.060791015625 -395.64031982421875
-951.99072265625 -393.6422119140625
-950.015869140625 -394.6398620605469
-950.7769775390625 -395.6274719238281
-952.7691650390625 -393.627685546875
-953.767333984375 -394.74615478515625
-953.6611938476562 -396.7363586425781
-955.6605834960938 -394.7369384765625
-954.248779296875 -396.63800048828125
-956.2242431640625 -394.6385498046875
-954.4771118164062 -396.5674133300781
-956.46484375 -394.5775451660156
-954.7914428710938 -396.56341552734375
-956.7807006835938 -394.5703430175781
-957.4137573242188 -396.3963928222656
-959.4121704101562 -394.396484375
-957.8118896484375 -396.3767395019531
-959.8086547851562 -394.3773498535156
-961.4935302734375 -396.362060546875
-963.4931640625 -394.3631591796875
-965.3997802734375 -396.36236572265625
-967.3997802734375 -394.36285400390625
-969.3755493164062 -396.3612976074219
-971.37548828125 -394.36151123046875
-973.3613891601562 -396.3614501953125
-975.3613891601562 -394.3633117675781
-977.3607788085938 -396.3633117675781
-979.3607788085938 -394.3635559082031
-981.3603515625 -396.3634948730469
-983.3603515625 -394.56072998046875
-985.3593139648438 -396.5600891113281
-987.3593139648438 -394.56060791015625
-989.3590087890625 -396.56060791015625
-991.3590087890625 -394.56085205078125
-993.3585205078125 -396.5606384277344
-995.3584594726562 -394.56097412109375
-997.3568725585938 -396.56097412109375
-999.3568115234375 -394.59332275390625
-1001.3564453125 -396.59326171875
-1003.3564453125 -394.59423828125
-1005.3502807617188 -396.5940246582031
-1007.3502807617188 -394.6012878417969
-1009.3502807617188 -392.60205078125
-1011.3486328125 -394.6004333496094
-1013.3485717773438 -392.6007080078125
-1015.3480224609375 -394.6004333496094
-1017.3458251953125 -396.60040283203125
-1019.3458251953125 -395.6242370605469
-1021.345458984375 -397.6241760253906
-1023.3411865234375 -395.62591552734375
-1025.341064453125 -393.62603759765625
-1027.3201904296875 -395.625244140625
-1029.3201904296875 -393.6640625
-1031.3187255859375 -395.6639709472656
-1033.3187255859375 -393.6684875488281
-1035.318603515625 -395.6575927734375
-1037.318603515625 -393.66656494140625
-1039.3184814453125 -395.6655578613281
-1041.3184814453125 -393.6809997558594
-1043.3184814453125 -395.6806335449219
-1045.3184814453125 -393.7311706542969
-1047.311767578125 -395.7308044433594
-1049.311767578125 -393.7469177246094
-1051.3116455078125 -395.7461242675781
-1053.3116455078125 -393.7493896484375
-1055.3115234375 -395.7454833984375
-1057.3115234375 -393.7557678222656
-1059.3115234375 -395.7457275390625
-1061.3115234375 -394.70880126953125
-1063.3115234375 -396.7086181640625
-1065.3023681640625 -394.7801208496094
-1067.3016357421875 -392.78228759765625
