-866.5665893554688 -398.1075744628906
-868.5665893554688 -396.1095275878906
-870.5665893554688 -398.1095275878906
-872.5665893554688 -396.1106872558594
-874.5665893554688 -398.11065673828125
-876.5665893554688 -396.17828369140625
-878.5665893554688 -394.2941589355469
-880.5665893554688 -396.2936096191406
-882.5665893554688 -394.2970275878906
-884.5665893554688 -392.2970886230469
-886.5665893554688 -394.2969970703125
-888.5665893554688 -392.30792236328125
-890.5665893554688 -394.3075256347656
-892.5665893554688 -396.3074645996094
-894.5665893554688 -394.3116149902344
-896.5665893554688 -396.31158447265625
-898.5665893554688 -394.3131103515625
-900.5665893554688 -396.3130798339844
-902.5665893554688 -394.31463623046875
-904.5665893554688 -396.3142395019531
-906.5665893554688 -398.3142395019531
-908.5665893554688 -396.3192138671875
-910.5665893554688 -398.3182373046875
-912.5665893554688 -396.3763427734375
-914.5665283203125 -398.3763427734375
-916.5665283203125 -396.38330078125
-918.5665283203125 -398.3832702636719
-920.5665283203125 -396.3893737792969
-922.5664672851562 -398.38873291015625
-924.5664672851562 -396.3919677734375
-926.5664672851562 -398.3904724121094
-928.56640625 -396.4085693359375
-930.5662841796875 -398.40625
-932.5662841796875 -397.3586120605469
-934.5662231445312 -395.4376220703125
-936.5662231445312 -397.4258728027344
-938.566162109375 -399.4227600097656
-940.5657348632812 -398.7319641113281
-942.565673828125 -398.5025634765625
-944.5655517578125 -396.86114501953125
-946.5655517578125 -398.7739562988281
-948.5654907226562 -398.1026611328125
-950.5654907226562 -396.1216735839844
-952.5654907226562 -394.1284484863281
-954.5648803710938 -396.0009460449219
-956.5648803710938 -394.0011901855469
-958.5648803710938 -395.6872863769531
-960.5647583007812 -393.6882019042969
-962.551513671875 -395.6749267578125
-964.5513305664062 -393.6750793457031
-966.550537109375 -395.5826721191406
-968.5308227539062 -397.57623291015625
-970.526123046875 -395.6120300292969
-972.525146484375 -397.59100341796875
-974.5198974609375 -395.6004638671875
-976.4999389648438 -397.5970458984375
-978.4966430664062 -395.6090393066406
-980.4946899414062 -397.59375
-982.4446411132812 -395.595703125
-984.4444580078125 -397.5955505371094
-986.4340209960938 -395.5988464355469
-988.4295043945312 -397.5986328125
-990.42626953125 -395.6026916503906
-992.4230346679688 -393.6028747558594
-994.3740844726562 -395.5914611816406
-996.3712158203125 -393.5984191894531
-998.2833251953125 -395.5982971191406
-1000.2447509765625 -393.59881591796875
-1002.2197875976562 -395.5951232910156
-1004.2056274414062 -393.6015930175781
-1006.1680908203125 -395.59222412109375
-1008.15380859375 -393.5926818847656
-1010.13232421875 -395.591064453125
-1010.8495483398438 -393.59625244140625
-1012.7940063476562 -395.59246826171875
-1014.776123046875 -393.5946044921875
-1016.7755126953125 -395.5877685546875
-1018.77099609375 -393.6667175292969
-1020.7493896484375 -395.62451171875
-1022.7474975585938 -397.61083984375
-1024.4178466796875 -395.61968994140625
-1026.3984375 -393.6199951171875
-1028.3748779296875 -395.61993408203125
-1030.230712890625 -393.6371154785156
-1032.041015625 -395.6096496582031
-1033.650146484375 -393.63104248046875
-1035.432373046875 -395.61468505859375
-1037.3759765625 -393.73345947265625
-1039.225341796875 -395.7264404296875
-1041.2242431640625 -393.7352294921875
-1043.1826171875 -395.6943359375
-1045.1778564453125 -393.7934875488281
-1047.1649169921875 -395.7701110839844
-1048.3372802734375 -393.8052062988281
-1049.3165283203125 -395.3515625
-1050.6632080078125 -393.3836669921875
-1052.5557861328125 -395.3672790527344
-1054.4498291015625 -393.3734436035156
-1056.2958984375 -395.3489074707031
-1057.9752197265625 -393.63616943359375
-1057.6456298828125 -395.6320495605469
-1058.847900390625 -393.6930236816406
-1060.818603515625 -395.690673828125
-1062.7470703125 -397.69049072265625
-1061.0030517578125 -395.72906494140625
-1062.5096435546875 -397.72784423828125
-1061.19580078125 -395.7897033691406
-1063.1312255859375 -397.78948974609375
-1061.2418212890625 -395.91015625
-1063.0631103515625 -397.90667724609375
-1061.1436767578125 -395.9734802246094
-1063.13525390625 -397.7956237792969
-1061.6942138671875 -396.3845520019531
-1060.9521484375 -394.3848876953125
-1062.7679443359375 -396.3762512207031
-1062.1925048828125 -394.3811950683594
-1063.9190673828125 -396.3795471191406
-1064.5146484375 -394.5920104980469
-1062.8287353515625 -392.5942687988281
-1064.6737060546875 -394.4200439453125
-1066.3248291015625 -392.4239501953125
-1067.9349365234375 -390.42889404296875
