-866.5665893554688 -395.9009704589844
-868.5665893554688 -397.83251953125
-870.5665893554688 -395.8325500488281
-872.5663452148438 -397.5976257324219
-874.5663452148438 -395.5976257324219
-876.5660400390625 -397.5735778808594
-878.5660400390625 -395.5735778808594
-880.5660400390625 -393.5736083984375
-882.5658569335938 -395.4589538574219
-884.5658569335938 -393.4589538574219
-886.5658569335938 -391.4589538574219
-888.5655517578125 -393.36981201171875
-890.5655517578125 -394.815185546875
-892.5655517578125 -392.815185546875
-894.5655517578125 -394.7921447753906
-896.5654907226562 -396.2467956542969
-898.5653686523438 -394.2469177246094
-900.5653686523438 -396.2071533203125
-902.5652465820312 -398.1787109375
-904.5652465820312 -396.1787109375
-906.5621337890625 -398.1156311035156
-908.5621337890625 -396.1156311035156
-910.5620727539062 -397.85107421875
-912.56201171875 -395.851318359375
-914.5590209960938 -397.8492431640625
-916.5589599609375 -395.8492736816406
-918.558837890625 -397.419921875
-920.558837890625 -395.4200134277344
-922.5573120117188 -397.3773193359375
-924.5571899414062 -395.38055419921875
-926.556884765625 -397.3704528808594
-928.556884765625 -395.3710021972656
-930.5567626953125 -397.2030334472656
-932.55322265625 -398.9307556152344
-934.5523681640625 -397.6244812011719
-936.55224609375 -395.65692138671875
-938.55224609375 -394.00811767578125
-940.5509033203125 -394.70001220703125
-942.5507202148438 -396.642578125
-944.550537109375 -398.62188720703125
-946.5504760742188 -396.9736022949219
-948.5502319335938 -398.5309753417969
-950.1917724609375 -396.5321044921875
-952.1573486328125 -394.5412292480469
-954.1158447265625 -395.5572814941406
-953.78955078125 -393.55767822265625
-954.9611206054688 -392.2093505859375
-956.6242065429688 -391.6718444824219
-958.4878540039062 -392.79986572265625
-959.6090698242188 -391.6916198730469
-961.5130004882812 -393.076904296875
-961.8305053710938 -393.7348937988281
-960.9119873046875 -394.8695983886719
-962.57763671875 -394.79205322265625
-964.5057373046875 -396.74578857421875
-966.4918212890625 -394.746826171875
-968.4429931640625 -396.74481201171875
-970.4371948242188 -394.7448425292969
-972.4369506835938 -396.7436218261719
-974.402587890625 -394.7436828613281
-976.3995971679688 -396.7404479980469
-978.3994750976562 -394.7406005859375
-980.3944091796875 -396.7391357421875
-982.3926391601562 -394.74591064453125
-984.3868408203125 -396.7452697753906
-986.3837280273438 -394.7455139160156
-988.3613891601562 -396.7448425292969
-990.3611450195312 -394.74493408203125
-992.3611450195312 -396.7254943847656
-994.3585205078125 -394.7264709472656
-996.3078002929688 -396.7181091308594
-998.3060302734375 -394.71905517578125
-1000.3025512695312 -396.7180480957031
-1002.2437744140625 -394.71905517578125
-1004.2372436523438 -392.7191467285156
-1006.2349243164062 -394.7071838378906
-1008.2311401367188 -392.7072448730469
-1010.2278442382812 -394.654296875
-1012.222900390625 -392.6543273925781
-1014.2178955078125 -394.5968017578125
-1016.2149658203125 -396.5960388183594
-1018.2147827148438 -394.6141662597656
-1020.2145385742188 -396.610595703125
-1022.2145385742188 -396.4791564941406
-1024.17236328125 -394.47918701171875
-1026.0733642578125 -392.4792175292969
-1028.0728759765625 -394.4305114746094
-1030.0711669921875 -392.4375915527344
-1032.0555419921875 -394.12274169921875
-1034.0330810546875 -396.1033935546875
-1036.03125 -394.1038513183594
-1038.011962890625 -396.08929443359375
-1040.0107421875 -394.09149169921875
-1042.0103759765625 -396.0803527832031
-1044.0045166015625 -394.0914001464844
-1046.003662109375 -396.0909118652344
-1048.0010986328125 -394.0919494628906
-1049.99609375 -396.0912170410156
-1051.9954833984375 -394.09588623046875
-1053.9786376953125 -396.09539794921875
-1055.94775390625 -394.10015869140625
-1057.9432373046875 -396.0667724609375
-1059.9415283203125 -394.0714111328125
-1061.93603515625 -395.8990478515625
-1062.229248046875 -393.909912109375
-1064.22412109375 -395.80963134765625
-1063.5931396484375 -393.82379150390625
-1065.5911865234375 -395.694580078125
-1066.9090576171875 -393.69744873046875
-1068.880859375 -391.7000427246094
