-952.9545288085938 -447.7892761230469
-950.9545288085938 -445.78985595703125
-948.9545288085938 -443.7911376953125
-946.9545288085938 -441.7912292480469
-948.92626953125 -439.791259765625
-946.92626953125 -437.9307861328125
-948.9262084960938 -436.1509704589844
-946.926513671875 -434.3046875
-948.926513671875 -432.32659912109375
-950.9253540039062 -430.3267822265625
-948.9254150390625 -428.9451904296875
-950.9244384765625 -426.9466857910156
-948.9244384765625 -425.0834045410156
-950.9214477539062 -423.08343505859375
-948.921630859375 -421.09002685546875
-950.9185180664062 -419.090087890625
-948.9185180664062 -417.2324523925781
-950.908935546875 -415.2324523925781
-948.9091796875 -413.2471008300781
-950.7955932617188 -411.2471008300781
-948.795654296875 -409.2918395996094
-950.629638671875 -407.2918395996094
-948.6297607421875 -405.81884765625
-946.630126953125 -404.03619384765625
-947.1947021484375 -402.03619384765625
-945.1966552734375 -400.0503234863281
-947.1814575195312 -398.0503234863281
-945.2813720703125 -396.0589599609375
-947.2813110351562 -394.0594177246094
-949.2796020507812 -392.0594787597656
-947.2824096679688 -390.7785339355469
-949.267578125 -388.7787170410156
-947.2686767578125 -386.78778076171875
-948.4391479492188 -384.78778076171875
-946.4398803710938 -382.80218505859375
-948.2455444335938 -380.8033142089844
-946.2492065429688 -379.0915222167969
-948.2272338867188 -377.0915222167969
-946.2465209960938 -375.1272277832031
-948.0214233398438 -373.1272277832031
-946.0447387695312 -371.1554260253906
-948.0437622070312 -369.1558837890625
-946.0974731445312 -367.2340393066406
-947.680419921875 -365.234130859375
-949.6785278320312 -363.234130859375
-947.691650390625 -361.2597351074219
-949.6753540039062 -359.2597351074219
-947.6968383789062 -357.2698669433594
-949.6468505859375 -355.2698974609375
-948.04150390625 -353.28302001953125
-950.0384521484375 -351.28302001953125
-948.1057739257812 -349.3621826171875
-950.070068359375 -347.3624572753906
-948.0858764648438 -345.4863586425781
-950.0789794921875 -343.4864196777344
-948.1632690429688 -341.5617370605469
-950.1630249023438 -339.5621032714844
-948.78662109375 -337.5731201171875
-946.9481201171875 -335.6081848144531
-948.9371948242188 -333.6085205078125
-950.7623291015625 -331.6094665527344
-949.3209228515625 -329.6157531738281
-949.42333984375 -327.62030029296875
-949.8133544921875 -325.63751220703125
-951.3571166992188 -323.66778564453125
-951.63623046875 -321.6825866699219
-952.9856567382812 -319.68426513671875
-952.3260498046875 -317.6947326660156
-954.02978515625 -315.7039489746094
-955.5659790039062 -313.7059326171875
-956.8574829101562 -311.7667236328125
-958.4152221679688 -310.07177734375
-960.2108154296875 -309.23724365234375
-959.4017333984375 -308.3856506347656
-960.4896850585938 -306.7664489746094
-961.3790283203125 -305.0455322265625
-959.5517578125 -303.339599609375
-958.7533569335938 -301.3500061035156
-957.1222534179688 -299.35009765625
-956.475830078125 -297.3565979003906
-954.6071166992188 -295.457275390625
-956.5993041992188 -293.4603271484375
-957.7399291992188 -291.5469970703125
-957.1819458007812 -289.5627136230469
-958.9908447265625 -287.5714111328125
-959.8008422851562 -285.5849304199219
-959.7476196289062 -283.6041564941406
-961.160888671875 -282.14300537109375
-960.4813842773438 -280.26324462890625
-958.6829833984375 -278.3831481933594
-959.2559814453125 -276.596923828125
-958.714111328125 -275.2428894042969
-959.6012573242188 -275.8988342285156
-960.8246459960938 -274.2443542480469
-961.1710815429688 -272.3160400390625
-959.6250610351562 -271.0596923828125
-961.2750854492188 -269.2779541015625
-959.32763671875 -267.5350646972656
-960.4925537109375 -268.60711669921875
-960.91796875 -266.6572570800781
-959.6044311523438 -264.66259765625
-958.6401977539062 -263.01641845703125
-959.152587890625 -261.0711975097656
-957.9052124023438 -259.0977783203125
-959.8952026367188 -259.305419921875
-961.89111328125 -258.2705078125
-963.872802734375 -257.3655700683594
-964.3496704101562 -257.51861572265625
-966.2147216796875 -257.8597412109375
-965.3678588867188 -257.0710754394531
-964.7761840820312 -255.60659790039062
-963.1371459960938 -255.57127380371094
-964.2561645507812 -253.7332763671875
-964.3338623046875 -252.69744873046875
-964.6474609375 -250.73443603515625
-964.5340576171875 -249.7015838623047
-963.919921875 -248.968505859375
-963.1115112304688 -247.37557983398438
-965.06396484375 -245.87037658691406
-964.8629760742188 -244.78892517089844
-964.8682250976562 -243.21417236328125
-963.0089111328125 -241.3079833984375
-961.0678100585938 -239.5806121826172
-961.6669311523438 -237.74305725097656
-962.9549560546875 -237.99307250976562
-962.4367065429688 -236.1701202392578
-961.9388427734375 -234.42005920410156
-962.33056640625 -234.1243438720703
-963.548583984375 -235.4294891357422
-961.6598510742188 -233.68214416503906
-959.7935180664062 -231.72402954101562
-961.0282592773438 -229.76681518554688
-959.6839599609375 -228.11912536621094
-960.9376831054688 -227.2620086669922
-962.6387329101562 -225.45013427734375
-961.4112548828125 -223.46372985839844
-962.7951049804688 -221.4696502685547
-964.7874145507812 -219.4696807861328
-966.7360229492188 -217.4705047607422
-968.5360107421875 -215.4708709716797
-970.5333862304688 -217.41851806640625
-972.4312744140625 -215.41868591308594
-974.4300537109375 -217.388427734375
-976.4136962890625 -215.38919067382812
-978.4134521484375 -217.33631896972656
-980.4036865234375 -215.33641052246094
-982.4035034179688 -217.2552032470703
-984.40185546875 -215.25521850585938
-986.4008178710938 -217.22134399414062
-988.3577270507812 -215.22134399414062
-990.3576049804688 -217.20758056640625
-992.2311401367188 -215.2075958251953
-994.2233276367188 -217.1943817138672
-996.2201538085938 -215.19439697265625
-998.2200927734375 -217.14991760253906
-1000.2162475585938 -215.1499481201172
-1002.2158203125 -217.0723876953125
-1003.927978515625 -215.07240295410156
-1005.9279174804688 -217.0710906982422
-1007.8921508789062 -215.0710906982422
-1009.8839111328125 -213.07115173339844
-1011.8839111328125 -215.06056213378906
-1013.8223266601562 -213.06056213378906
-1015.7144165039062 -211.06060791015625
-1017.7095336914062 -213.0135040283203
-1019.70947265625 -214.86402893066406
-1021.60400390625 -212.86404418945312
-1023.603759765625 -214.8253936767578
-1025.603759765625 -216.7740020751953
-1027.0914306640625 -214.77438354492188
-1029.0908203125 -216.76551818847656
-1029.8746337890625 -214.7655487060547
-1031.8743896484375 -216.4687957763672
-1033.797119140625 -214.46881103515625
-1035.79443359375 -216.3987274169922
-1036.9268798828125 -214.39874267578125
-1038.9136962890625 -216.07350158691406
-1039.0186767578125 -214.07351684570312
-1041.01416015625 -215.70779418945312
-1043.013916015625 -217.66908264160156
-1045.006103515625 -215.66909790039062
-1047.0059814453125 -217.46661376953125
-1049.0057373046875 -219.1433563232422
-1051.005615234375 -221.13900756835938
-1050.8466796875 -219.27357482910156
-1049.263671875 -217.33279418945312
-1051.2635498046875 -219.33143615722656
-1049.4517822265625 -217.34165954589844
-1051.4517822265625 -219.29893493652344
-1049.864990234375 -217.3021240234375
-1051.864990234375 -219.2215118408203
-1051.033203125 -217.23367309570312
-1053.0330810546875 -219.22378540039062
-1053.86669921875 -217.22384643554688
-1055.7056884765625 -215.22390747070312
-1057.7056884765625 -217.1484832763672
-1059.10498046875 -215.14849853515625
-1061.0550537109375 -213.14849853515625
-1063.0550537109375 -215.1357421875
-1064.92138671875 -213.13604736328125
-1066.9205322265625 -214.95860290527344
-1068.9202880859375 -216.85018920898438
-1070.9019775390625 -214.85023498535156
-1072.9013671875 -216.81961059570312
-1074.208740234375 -214.81967163085938
-1076.208740234375 -216.700439453125
-1078.208740234375 -218.6483917236328
-1080.1214599609375 -216.65036010742188
-1082.1214599609375 -218.6448974609375
-1082.4080810546875 -216.6468505859375
-1084.40771484375 -218.63796997070312
-1086.407470703125 -220.51902770996094
-1088.190673828125 -218.51931762695312
-1090.190673828125 -220.39610290527344
-1091.8209228515625 -218.40216064453125
-1093.5615234375 -216.40257263183594
-1095.5615234375 -218.39718627929688
