-954.6213989257812 -447.7754211425781
-954.0264282226562 -445.77545166015625
-953.74462890625 -443.77545166015625
-954.1358642578125 -441.7754821777344
-953.1030883789062 -439.7765197753906
-953.6174926757812 -437.77923583984375
-955.3700561523438 -435.7801208496094
-956.2365112304688 -433.7803649902344
-955.1688232421875 -431.7803955078125
-954.8618774414062 -429.7806396484375
-955.5038452148438 -427.7813720703125
-955.550048828125 -425.7822265625
-955.4492797851562 -423.7826232910156
-956.421875 -421.78277587890625
-956.4761962890625 -419.78326416015625
-955.27392578125 -417.78668212890625
-955.1768188476562 -415.7936096191406
-954.6123046875 -413.79388427734375
-955.5593872070312 -411.7941589355469
-956.2783813476562 -409.7975158691406
-956.75 -407.7992858886719
-955.8776245117188 -405.79949951171875
-954.5819091796875 -403.8002014160156
-954.5512084960938 -401.8116455078125
-953.6822509765625 -399.8138732910156
-954.8255004882812 -397.8140563964844
-954.615478515625 -395.832763671875
-955.8389892578125 -393.83343505859375
-956.8717651367188 -391.8414611816406
-957.2000122070312 -389.84375
-958.0255737304688 -387.8452453613281
-958.628173828125 -385.85552978515625
-957.4169921875 -383.8559265136719
-958.942138671875 -381.8596496582031
-957.8505859375 -379.85980224609375
-959.24267578125 -377.86126708984375
-959.6265869140625 -375.8626708984375
-958.4276733398438 -373.8627624511719
-959.7664184570312 -371.86334228515625
-961.3154296875 -369.8648376464844
-962.1632080078125 -367.8650207519531
-960.5134887695312 -365.8675537109375
-960.6525268554688 -363.86785888671875
-962.35791015625 -361.8700866699219
-962.56103515625 -359.8702392578125
-961.9473266601562 -357.8706359863281
-963.6128540039062 -355.87066650390625
-962.9522094726562 -353.9062805175781
-963.51025390625 -351.9117736816406
-962.5004272460938 -349.9129333496094
-962.7100830078125 -347.9151306152344
-963.65380859375 -345.9185485839844
-963.2233276367188 -343.9188232421875
-963.3673095703125 -341.92327880859375
-963.0609130859375 -339.92596435546875
-962.8845825195312 -337.93414306640625
-963.1849365234375 -335.9444580078125
-964.3455810546875 -333.9527587890625
-963.6409301757812 -331.9609375
-965.0498657226562 -330.01629638671875
-965.0193481445312 -328.0322570800781
-963.843017578125 -326.03753662109375
-965.3173217773438 -324.04071044921875
-964.3642578125 -322.0833435058594
-966.0634155273438 -320.08758544921875
-964.7376098632812 -318.0885925292969
-966.4013061523438 -316.0897216796875
-968.22119140625 -314.11669921875
-969.919677734375 -312.12042236328125
-971.8394775390625 -313.789306640625
-973.7675170898438 -314.5511474609375
-975.4163818359375 -312.5516052246094
-976.3590087890625 -314.4184875488281
-978.308349609375 -315.2076416015625
-980.2420654296875 -313.2077331542969
-981.9725341796875 -313.85638427734375
-983.9393310546875 -312.8758850097656
-985.8964233398438 -313.2744140625
-987.8406982421875 -313.3204040527344
-989.7080688476562 -314.6842041015625
-991.6561889648438 -312.6847229003906
-993.1052856445312 -314.29388427734375
-994.9232788085938 -312.29638671875
-996.8589477539062 -313.128662109375
-998.8367919921875 -311.1287841796875
-1000.7433471679688 -312.9643249511719
-1002.6561889648438 -310.96441650390625
-1004.6383056640625 -311.0064392089844
-1006.6358032226562 -310.2801818847656
-1008.5006103515625 -310.33380126953125
-1010.2072143554688 -311.5562744140625
-1010.9326782226562 -313.1847839355469
-1012.6998291015625 -312.85992431640625
-1014.5919189453125 -312.7000732421875
-1016.5242309570312 -314.6278381347656
-1016.9737548828125 -313.4216003417969
-1018.7880249023438 -314.8294372558594
-1019.9490966796875 -315.783447265625
-1021.47705078125 -313.78564453125
-1023.4334716796875 -314.9316711425781
-1024.2095947265625 -312.9322204589844
-1025.98046875 -314.5763854980469
-1027.8779296875 -312.5769958496094
-1029.4803466796875 -310.5770568847656
-1030.6925048828125 -310.92169189453125
-1032.534912109375 -310.826904296875
-1034.474853515625 -311.7247619628906
-1036.3089599609375 -309.7260437011719
-1038.194580078125 -308.7760925292969
-1040.1761474609375 -307.0768737792969
-1042.170654296875 -308.7168273925781
-1044.115234375 -306.7179870605469
-1046.1036376953125 -305.14227294921875
-1047.9066162109375 -303.2891845703125
-1046.3363037109375 -302.8407287597656
-1048.331298828125 -300.9681701660156
-1049.2501220703125 -299.12322998046875
-1050.2008056640625 -297.1751708984375
-1050.21728515625 -295.2994079589844
-1050.034912109375 -293.685791015625
-1050.310791015625 -292.6562194824219
-1050.920166015625 -293.0417785644531
-1052.81201171875 -292.84710693359375
-1054.560302734375 -293.09332275390625
-1053.3729248046875 -291.12353515625
-1053.2591552734375 -289.909912109375
-1052.654541015625 -290.3049621582031
-1053.9840087890625 -289.08758544921875
-1054.4610595703125 -287.4145202636719
-1052.8658447265625 -285.41619873046875
-1051.7491455078125 -283.6814880371094
-1050.9964599609375 -281.78076171875
-1049.516357421875 -279.8009948730469
-1048.8619384765625 -277.9869079589844
-1050.85302734375 -276.1116943359375
-1050.2591552734375 -274.1481018066406
-1051.6424560546875 -272.6496276855469
-1049.85546875 -270.7362365722656
-1049.2330322265625 -268.83917236328125
-1048.286865234375 -266.8996887207031
-1050.271484375 -264.9299621582031
-1048.691162109375 -264.8345642089844
-1049.736328125 -263.5447082519531
-1049.31787109375 -261.6510314941406
-1050.9068603515625 -259.7578430175781
-1050.412353515625 -258.2492370605469
-1049.96142578125 -256.4709167480469
-1051.5836181640625 -256.3861083984375
-1052.3040771484375 -254.552734375
-1050.8092041015625 -253.05271911621094
-1052.275146484375 -251.17276000976562
-1051.0836181640625 -252.51303100585938
-1052.768798828125 -250.5779266357422
-1053.356201171875 -250.99734497070312
-1053.8153076171875 -249.52676391601562
-1052.4041748046875 -247.9153594970703
-1052.46484375 -247.24099731445312
-1051.044189453125 -247.47459411621094
-1052.6148681640625 -247.15213012695312
-1052.0382080078125 -246.1110076904297
-1052.703125 -245.91058349609375
-1051.1553955078125 -246.0092315673828
-1050.857421875 -245.32925415039062
-1052.5418701171875 -245.22254943847656
-1050.95068359375 -243.41195678710938
-1052.5638427734375 -243.74876403808594
-1051.0302734375 -242.2772216796875
-1051.9248046875 -241.63116455078125
-1053.5950927734375 -240.2195281982422
-1052.77099609375 -239.03758239746094
-1052.224365234375 -237.1932830810547
-1054.111328125 -235.47413635253906
-1052.2283935546875 -233.5558624267578
-1051.8585205078125 -232.4017791748047
-1050.94873046875 -231.40748596191406
-1052.3280029296875 -230.74493408203125
-1051.306884765625 -229.19778442382812
-1051.7144775390625 -227.99053955078125
-1050.071533203125 -226.79336547851562
-1050.0892333984375 -226.0298614501953
-1050.404052734375 -225.38465881347656
-1051.2498779296875 -224.1873016357422
-1050.432373046875 -224.324462890625
-1051.945556640625 -222.52230834960938
-1053.3011474609375 -221.2279510498047
-1051.5400390625 -219.24307250976562
-1051.1102294921875 -217.29736328125
-1053.0989990234375 -218.43919372558594
-1053.9061279296875 -216.44178771972656
-1055.9033203125 -214.44235229492188
-1057.764404296875 -216.3760528564453
-1059.7420654296875 -214.37936401367188
-1061.6839599609375 -216.3695526123047
-1063.6807861328125 -214.3739471435547
-1065.541748046875 -216.33306884765625
-1067.51953125 -214.354736328125
-1069.3892822265625 -216.31922912597656
-1071.3756103515625 -214.3314666748047
-1073.1229248046875 -216.31973266601562
-1075.1217041015625 -214.3753662109375
-1076.9901123046875 -216.29815673828125
-1078.5440673828125 -218.2707977294922
-1079.99267578125 -219.45538330078125
-1081.986328125 -217.48934936523438
-1083.5072021484375 -219.1814422607422
-1085.4931640625 -217.2379608154297
-1086.2991943359375 -219.19393920898438
-1088.2373046875 -217.2265167236328
-1087.578125 -219.16600036621094
-1089.517578125 -217.25416564941406
-1090.2882080078125 -218.2844696044922
-1092.111328125 -220.18943786621094
-1091.1689453125 -218.48886108398438
-1089.44873046875 -220.4845733642578
-1091.427490234375 -218.5165557861328
-1092.870361328125 -216.7571258544922
-1092.4527587890625 -218.72779846191406
-1094.0718994140625 -217.14358520507812
-1092.8055419921875 -219.14259338378906
-1093.893798828125 -217.16329956054688
-1094.4345703125 -219.15013122558594
