-954.7891845703125 -447.7770080566406
-952.8367919921875 -445.7790832519531
-953.4578857421875 -443.7793273925781
-951.6629028320312 -441.78021240234375
-949.9934692382812 -439.7934875488281
-948.4644775390625 -437.7957458496094
-947.43212890625 -435.7965393066406
-949.4320678710938 -433.796630859375
-947.6077880859375 -431.79693603515625
-949.6077880859375 -429.7969970703125
-947.7603149414062 -427.7973937988281
-949.76025390625 -425.7977600097656
-951.7601318359375 -423.7977600097656
-951.3164672851562 -421.7978515625
-950.5162353515625 -419.79852294921875
-948.6401977539062 -417.800537109375
-950.6400756835938 -415.800537109375
-949.6149291992188 -413.8016052246094
-951.612060546875 -411.8016357421875
-950.7288208007812 -409.8033752441406
-950.6768798828125 -407.8124694824219
-949.1727905273438 -405.8126220703125
-950.7543334960938 -403.8136901855469
-948.8556518554688 -401.8149108886719
-947.5482788085938 -399.81536865234375
-949.3333129882812 -397.8155517578125
-950.6328735351562 -395.8156433105469
-951.7440185546875 -393.8160095214844
-950.1177368164062 -391.8197326660156
-948.3870239257812 -389.8212890625
-949.9155883789062 -387.8221435546875
-949.7175903320312 -385.8222961425781
-951.4036254882812 -383.8230285644531
-952.4727172851562 -381.8243713378906
-951.029296875 -379.8245544433594
-952.9125366210938 -377.8255310058594
-954.6820678710938 -375.8261413574219
-953.7930297851562 -373.82684326171875
-952.4725341796875 -371.8269958496094
-953.7142944335938 -369.8270568847656
-955.0855102539062 -367.8291931152344
-955.2765502929688 -365.84326171875
-954.8890380859375 -363.84930419921875
-955.8345947265625 -361.85302734375
-954.03564453125 -359.8537292480469
-954.794189453125 -357.85382080078125
-955.7755737304688 -355.8538818359375
-955.91845703125 -353.8663330078125
-954.7407836914062 -351.8674621582031
-955.9811401367188 -349.8749694824219
-954.339599609375 -347.8750915527344
-955.6057739257812 -345.8752136230469
-956.7061157226562 -343.8791809082031
-955.359375 -341.879638671875
-956.0818481445312 -339.8829040527344
-954.4157104492188 -337.8843994140625
-952.4846801757812 -335.8848571777344
-954.4338989257812 -333.8868408203125
-955.1925659179688 -331.8888854980469
-956.6297607421875 -329.8918151855469
-956.5634765625 -327.92718505859375
-954.7681884765625 -325.9305114746094
-955.6142578125 -323.9314270019531
-954.4257202148438 -321.9439697265625
-956.3311767578125 -319.94549560546875
-958.1158447265625 -317.94879150390625
-957.6779174804688 -315.9497375488281
-959.6430053710938 -313.950927734375
-957.9249877929688 -315.7554626464844
-959.5723876953125 -313.75640869140625
-959.767822265625 -314.5496826171875
-961.45849609375 -312.54974365234375
-959.6974487304688 -314.42724609375
-961.5161743164062 -312.4281921386719
-959.9923095703125 -311.6263732910156
-958.5157470703125 -309.9078063964844
-957.0535888671875 -308.0625915527344
-955.2737426757812 -306.1265869140625
-957.1810913085938 -304.1357421875
-959.11572265625 -302.2317199707031
-957.4267578125 -300.2345275878906
-955.631591796875 -298.2760314941406
-954.6959228515625 -296.2778625488281
-956.5167846679688 -294.28375244140625
-958.466796875 -292.3011779785156
-957.3564453125 -290.3119201660156
-958.7100830078125 -288.59912109375
-960.34326171875 -286.6280517578125
-959.5840454101562 -284.6600341796875
-958.39013671875 -282.69146728515625
-959.5067138671875 -280.96337890625
-959.7525024414062 -280.4548645019531
-958.8961181640625 -278.6064758300781
-959.095947265625 -277.087158203125
-958.2638549804688 -275.1254577636719
-959.2406616210938 -273.3729553222656
-959.5983276367188 -271.7366943359375
-958.205322265625 -269.93060302734375
-956.7642211914062 -268.2872009277344
-958.3660278320312 -266.5765686035156
-958.8280639648438 -264.695068359375
-959.9384765625 -262.7545166015625
-959.5912475585938 -261.4634094238281
-959.7767333984375 -260.3329772949219
-958.3848266601562 -259.7846374511719
-956.9271850585938 -258.46746826171875
-955.3592529296875 -256.6287536621094
-956.3273315429688 -254.6404571533203
-954.8553466796875 -255.89944458007812
-953.86669921875 -253.923828125
-954.4553833007812 -252.30503845214844
-956.4441528320312 -250.33206176757812
-955.8876342773438 -248.41912841796875
-957.3997802734375 -248.7169952392578
-955.817138671875 -247.16514587402344
-954.4535522460938 -248.33578491210938
-952.6232299804688 -246.66766357421875
-951.207763671875 -244.7463836669922
-953.0956420898438 -242.75369262695312
-954.738525390625 -240.7823028564453
-956.20361328125 -238.81813049316406
-957.8465576171875 -237.49807739257812
-957.0562744140625 -235.88099670410156
-957.266357421875 -234.72665405273438
-956.7211303710938 -232.95021057128906
-955.8631591796875 -231.33489990234375
-957.0604248046875 -229.87648010253906
-957.265869140625 -227.99932861328125
-959.232177734375 -226.1761474609375
-960.8345336914062 -226.20266723632812
-962.3386840820312 -224.82286071777344
-962.845703125 -223.1041717529297
-964.5175170898438 -221.11244201660156
-966.5145263671875 -219.14117431640625
-968.5140991210938 -217.1604461669922
-970.5138549804688 -215.18431091308594
-971.290283203125 -217.14453125
-973.2886352539062 -215.1486053466797
-971.3777465820312 -217.14749145507812
-973.377685546875 -216.4600372314453
-975.3776245117188 -214.76348876953125
-976.0555419921875 -216.75271606445312
-978.0548706054688 -214.80372619628906
-979.444580078125 -216.76283264160156
-981.2360229492188 -218.7561798095703
-983.2349853515625 -217.4203643798828
-985.2344360351562 -215.44090270996094
-987.1478271484375 -217.4310302734375
-989.1468505859375 -217.7786407470703
-991.146728515625 -216.33187866210938
-993.1449584960938 -214.35989379882812
-993.2406005859375 -216.35276794433594
-995.2341918945312 -214.9700164794922
-996.9581909179688 -216.92344665527344
-998.9581909179688 -215.8905792236328
-1000.95654296875 -214.01925659179688
-1002.7955322265625 -216.0160369873047
-1004.7933349609375 -214.14865112304688
-1006.78662109375 -216.14694213867188
-1008.786376953125 -216.4754638671875
-1010.75634765625 -214.75726318359375
-1012.7557373046875 -212.98928833007812
-1014.7556762695312 -211.4520721435547
-1012.9698486328125 -213.4498291015625
-1014.9686279296875 -211.48263549804688
-1014.5164184570312 -213.4331817626953
-1016.5162353515625 -211.7974395751953
-1016.7549438476562 -213.78616333007812
-1018.2239990234375 -215.74871826171875
-1020.22265625 -214.33302307128906
-1021.9788818359375 -216.1902313232422
-1023.9788208007812 -215.26783752441406
-1025.973876953125 -217.2662353515625
-1027.973876953125 -215.42254638671875
-1029.949462890625 -217.41688537597656
-1031.9476318359375 -215.6864471435547
-1033.9473876953125 -214.08900451660156
-1035.6904296875 -216.0879669189453
-1037.6900634765625 -215.37063598632812
-1038.69384765625 -217.0897216796875
-1040.6929931640625 -215.7377471923828
-1042.6910400390625 -217.7097625732422
-1044.6910400390625 -215.9011993408203
-1046.5762939453125 -217.89004516601562
-1048.5517578125 -219.8824920654297
-1050.539794921875 -218.27099609375
-1052.5384521484375 -220.0825653076172
-1053.1650390625 -218.30003356933594
-1055.0467529296875 -217.23464965820312
-1057.0460205078125 -215.27578735351562
-1059.041748046875 -217.2589874267578
-1061.0394287109375 -215.91534423828125
-1063.0394287109375 -214.596435546875
-1065.0389404296875 -212.76121520996094
-1064.5936279296875 -214.7301483154297
-1065.0714111328125 -216.70166015625
-1067.0606689453125 -214.78794860839844
-1068.8377685546875 -216.7743377685547
-1070.833984375 -214.9874267578125
-1072.820068359375 -216.9688720703125
-1074.81005859375 -217.254638671875
-1076.8099365234375 -216.87603759765625
-1078.808837890625 -218.82229614257812
-1080.7958984375 -217.5814971923828
-1082.7891845703125 -219.42965698242188
-1084.7685546875 -217.96986389160156
-1086.3795166015625 -219.89942932128906
-1088.340087890625 -218.42677307128906
-1089.8966064453125 -220.36834716796875
-1091.8643798828125 -218.96290588378906
-1093.8590087890625 -217.00216674804688
-1094.1546630859375 -218.4673309326172
