-953.7666015625 -447.79693603515625
-955.4956665039062 -445.8003234863281
-953.9425659179688 -443.8008117675781
-952.0680541992188 -441.80108642578125
-950.2398071289062 -439.8166809082031
-948.3344116210938 -437.8741455078125
-946.351318359375 -435.89093017578125
-948.3271484375 -434.1095275878906
-949.656494140625 -432.49664306640625
-948.1842651367188 -430.4989929199219
-949.2330322265625 -428.6341247558594
-951.1923828125 -426.6952819824219
-949.5289306640625 -424.7716369628906
-951.357666015625 -422.7729797363281
-950.6416015625 -420.79071044921875
-948.8489379882812 -418.7991638183594
-949.9977416992188 -416.846435546875
-951.0235595703125 -414.873779296875
-949.6114501953125 -412.91473388671875
-949.024658203125 -410.9585876464844
-950.9541015625 -409.1632995605469
-951.03955078125 -407.16705322265625
-949.1707153320312 -405.2020263671875
-947.4395141601562 -403.2149963378906
-945.4493408203125 -401.21697998046875
-947.3328247070312 -399.2196960449219
-945.8568115234375 -397.2200927734375
-947.6693725585938 -396.7891845703125
-946.1206665039062 -394.7893371582031
-946.7293090820312 -392.9808349609375
-948.1599731445312 -391.12677001953125
-946.1988525390625 -389.19757080078125
-948.016357421875 -387.26239013671875
-946.8733520507812 -385.2652282714844
-948.8145751953125 -383.2676086425781
-948.2444458007812 -381.2720031738281
-946.4200439453125 -379.3321228027344
-948.4168090820312 -377.34088134765625
-947.3502197265625 -375.377197265625
-945.37548828125 -373.4112854003906
-945.9553833007812 -371.5476989746094
-944.9447631835938 -369.5640869140625
-946.6383056640625 -367.5977478027344
-948.6318359375 -365.60614013671875
-946.8443603515625 -363.62518310546875
-948.8104858398438 -361.6407470703125
-948.515380859375 -359.6705017089844
-948.3291625976562 -357.6719665527344
-949.7282104492188 -355.6986389160156
-947.732666015625 -353.7025451660156
-949.6959228515625 -351.7044982910156
-947.8993530273438 -349.7209777832031
-949.68896484375 -347.7254638671875
-949.7813110351562 -345.77099609375
-947.8131713867188 -343.7778625488281
-949.8099975585938 -341.79327392578125
-947.842041015625 -339.79425048828125
-948.2330932617188 -337.80804443359375
-946.2664184570312 -335.80865478515625
-948.25341796875 -333.9019775390625
-950.2185668945312 -331.902587890625
-948.3353881835938 -329.9029235839844
-950.3172607421875 -327.9154968261719
-949.7488403320312 -325.918701171875
-947.885986328125 -323.919677734375
-949.8720703125 -321.9333190917969
-948.2488403320312 -319.93402099609375
-950.2435302734375 -317.96136474609375
-948.7824096679688 -315.9614562988281
-948.1962890625 -313.9614562988281
-950.1453857421875 -312.2999572753906
-948.35498046875 -311.348876953125
-946.573974609375 -309.3621520996094
-948.1522216796875 -307.73638916015625
-946.2224731445312 -305.7693786621094
-948.2066650390625 -303.7857971191406
-946.2843627929688 -301.7886962890625
-948.2701416015625 -299.8406982421875
-947.3273315429688 -297.8419494628906
-949.0397338867188 -295.9324951171875
-947.1119384765625 -293.935302734375
-949.1077270507812 -292.01531982421875
-947.40771484375 -290.015380859375
-949.4063110351562 -288.0891418457031
-948.1343994140625 -286.1041259765625
-947.354248046875 -284.10589599609375
-945.5897216796875 -282.11920166015625
-947.4393920898438 -280.1348876953125
-945.75732421875 -278.1402282714844
-947.7567138671875 -277.4500427246094
-945.9771118164062 -275.45574951171875
-947.9423217773438 -273.4660949707031
-945.992431640625 -271.46875
-947.9868774414062 -269.57159423828125
-948.3543701171875 -267.5814514160156
-946.4404296875 -265.5845947265625
-948.4368286132812 -263.60888671875
-946.465576171875 -261.6089782714844
-948.46240234375 -259.7881774902344
-946.9758911132812 -257.82562255859375
-948.9700927734375 -255.9752655029297
-947.1279296875 -254.02261352539062
-949.085205078125 -252.0421905517578
-947.18896484375 -250.043701171875
-949.1734619140625 -248.1006622314453
-947.38330078125 -246.15609741210938
-945.49169921875 -244.1563720703125
-947.4622192382812 -243.0254669189453
-946.927490234375 -241.03005981445312
-948.8844604492188 -239.08338928222656
-947.3334350585938 -237.0838165283203
-945.364501953125 -235.08404541015625
-947.359130859375 -233.11228942871094
-947.2881469726562 -231.13995361328125
-945.9915161132812 -229.1656036376953
-947.9878540039062 -227.63844299316406
-947.3243408203125 -225.6398468017578
-945.4619140625 -223.63992309570312
-947.4383544921875 -223.81358337402344
-949.4249877929688 -223.05221557617188
-950.69140625 -221.05224609375
-952.4439086914062 -219.05226135253906
-951.4132690429688 -217.05226135253906
-951.9500122070312 -215.05226135253906
-953.5418701171875 -216.97398376464844
-955.4566650390625 -214.97398376464844
-957.227783203125 -216.83932495117188
-958.7875366210938 -214.83932495117188
-960.4151611328125 -216.8330078125
-962.1721801757812 -214.8330078125
-964.05908203125 -216.8155975341797
-965.7979736328125 -214.81561279296875
-967.6415405273438 -215.91683959960938
-969.1599731445312 -213.91683959960938
-971.15234375 -214.4545135498047
-973.148193359375 -214.68714904785156
-975.1480712890625 -215.55763244628906
-977.1329345703125 -215.33261108398438
-979.1294555664062 -213.99696350097656
-981.1224365234375 -215.60543823242188
-983.1217041015625 -217.29632568359375
-983.173583984375 -215.29638671875
-985.17333984375 -217.1815643310547
-987.1483154296875 -215.1815643310547
-989.1431274414062 -217.0726318359375
-991.139404296875 -215.07264709472656
-993.1387329101562 -217.0364227294922
-995.12548828125 -215.0364227294922
-997.1180419921875 -216.9725799560547
-999.1176147460938 -214.97259521484375
-1001.1176147460938 -216.96173095703125
-1003.1002807617188 -214.96182250976562
-1005.0975952148438 -216.93896484375
-1007.0853881835938 -214.93899536132812
-1009.0430908203125 -212.93899536132812
-1011.0413818359375 -214.93284606933594
-1012.9979858398438 -212.932861328125
-1014.9945068359375 -210.932861328125
-1016.991455078125 -212.7095489501953
-1018.9913940429688 -214.70494079589844
-1020.94140625 -212.7049560546875
-1022.9412841796875 -214.69290161132812
-1024.9403076171875 -216.69154357910156
-1026.9090576171875 -214.6993865966797
-1028.907958984375 -216.6949462890625
-1030.8857421875 -214.6951904296875
-1032.8856201171875 -216.69424438476562
-1034.8848876953125 -214.6947784423828
-1036.884765625 -216.2384796142578
-1038.88427734375 -214.238525390625
-1040.88427734375 -216.1776123046875
-1042.8841552734375 -218.1624298095703
-1044.8841552734375 -216.65460205078125
-1046.8841552734375 -218.65179443359375
-1048.8841552734375 -220.6514129638672
-1048.97998046875 -218.66586303710938
-1050.9798583984375 -220.66427612304688
-1052.08056640625 -218.8583984375
-1053.9849853515625 -216.86761474609375
-1055.9580078125 -214.8812255859375
-1057.9580078125 -216.880126953125
-1059.9578857421875 -214.88201904296875
-1061.9578857421875 -216.8816375732422
-1063.9512939453125 -214.88516235351562
-1065.951171875 -212.88595581054688
-1067.951171875 -214.7991943359375
-1069.951171875 -216.7965087890625
-1071.951171875 -214.81976318359375
-1073.951171875 -216.8169708251953
-1075.951171875 -215.0372314453125
-1077.951171875 -217.03689575195312
-1079.951171875 -219.03684997558594
-1081.93798828125 -217.03765869140625
-1083.93798828125 -219.03761291503906
-1085.93798828125 -217.0459442138672
-1087.93798828125 -219.0457305908203
-1089.93798828125 -217.0458984375
-1091.93798828125 -219.0458526611328
-1093.93115234375 -217.05288696289062
-1095.93115234375 -219.05276489257812
