-953.6239624023438 -447.8045654296875
-951.626708984375 -445.81243896484375
-949.7161254882812 -443.82391357421875
-947.8761596679688 -441.82440185546875
-945.8796997070312 -439.8383483886719
-947.8634033203125 -437.8390808105469
-945.86572265625 -435.839599609375
-947.8562622070312 -433.92742919921875
-949.5736083984375 -432.0387268066406
-947.8189697265625 -430.0430603027344
-949.77392578125 -428.0491027832031
-948.5396118164062 -426.049560546875
-950.5162963867188 -424.05072021484375
-948.6837768554688 -422.0520324707031
-950.6815795898438 -420.0521240234375
-949.6973266601562 -418.0553894042969
-951.6659545898438 -416.0555419921875
-949.6939086914062 -414.1472473144531
-951.664794921875 -412.1472473144531
-951.7177124023438 -410.15576171875
-949.7776489257812 -408.1895751953125
-948.3864135742188 -406.19158935546875
-947.241455078125 -404.1923828125
-949.2391967773438 -402.1924743652344
-947.3065185546875 -400.19329833984375
-946.0264892578125 -398.1934509277344
-947.745361328125 -396.1974182128906
-945.7896118164062 -394.19781494140625
-947.7859497070312 -392.2039794921875
-949.7658081054688 -390.20440673828125
-947.808349609375 -388.2607727050781
-949.7698974609375 -386.26104736328125
-947.8920288085938 -384.2731628417969
-945.8963012695312 -382.2799377441406
-947.8898315429688 -380.2801818847656
-945.9225463867188 -378.3267517089844
-947.9086303710938 -376.3280944824219
-945.9275512695312 -374.329833984375
-947.9197998046875 -372.33013916015625
-946.1109008789062 -370.3308410644531
-948.1026000976562 -368.3357849121094
-948.2556762695312 -366.3370056152344
-946.4381713867188 -364.34881591796875
-948.4369506835938 -362.35430908203125
-947.152099609375 -360.35498046875
-949.1483764648438 -358.35595703125
-950.873779296875 -356.35675048828125
-950.8570556640625 -354.4468994140625
-948.97265625 -352.4875793457031
-948.35595703125 -350.49615478515625
-946.7733764648438 -348.5005187988281
-948.7628173828125 -346.5039978027344
-947.7045288085938 -344.54071044921875
-949.6779174804688 -342.54095458984375
-949.5853881835938 -340.54534912109375
-950.734130859375 -338.5460510253906
-950.2540283203125 -336.5568542480469
-949.9097900390625 -334.72198486328125
-948.3084716796875 -332.7799987792969
-950.2341918945312 -330.7813415527344
-951.4898681640625 -328.8858337402344
-950.3212280273438 -326.889892578125
-950.7146606445312 -324.9042663574219
-950.18017578125 -322.9248962402344
-951.5635986328125 -320.9339294433594
-950.275390625 -318.9379577636719
-951.9412841796875 -316.94512939453125
-952.2555541992188 -314.9463195800781
-954.1594848632812 -312.94671630859375
-955.0171508789062 -314.4189453125
-956.9537963867188 -312.4209899902344
-957.2177734375 -313.5592041015625
-958.3088989257812 -315.4195556640625
-960.2933959960938 -313.4198913574219
-962.0764770507812 -315.25030517578125
-964.0005493164062 -313.25067138671875
-965.9402465820312 -315.2473449707031
-967.9381713867188 -313.24737548828125
-969.682861328125 -315.2446594238281
-971.6824951171875 -313.2448425292969
-972.7901000976562 -315.20587158203125
-974.777587890625 -313.20635986328125
-975.3956909179688 -315.1824951171875
-977.3956909179688 -313.18255615234375
-979.3833618164062 -315.1789855957031
-981.3831787109375 -313.1789855957031
-981.9490356445312 -314.99798583984375
-983.9490356445312 -312.9980163574219
-985.93115234375 -314.88043212890625
-987.9310913085938 -312.88055419921875
-989.907958984375 -314.8666076660156
-991.9078979492188 -312.8666076660156
-993.3182373046875 -314.68353271484375
-995.3180541992188 -312.68353271484375
-997.04150390625 -314.5391540527344
-999.04150390625 -312.5391845703125
-1001.04150390625 -310.53924560546875
-1003.0278930664062 -311.5544128417969
-1005.0261840820312 -312.88873291015625
-1007.0261840820312 -310.8887634277344
-1008.968994140625 -312.5426940917969
-1010.7455444335938 -314.52777099609375
-1012.744873046875 -312.5278625488281
-1014.649169921875 -314.4222106933594
-1016.6278076171875 -316.380126953125
-1018.5848388671875 -317.5316467285156
-1017.641357421875 -315.5444641113281
-1019.602783203125 -317.4607238769531
-1017.6259155273438 -315.4707946777344
-1019.0643310546875 -317.3255615234375
-1017.3111572265625 -315.32757568359375
-1018.95263671875 -317.2387390136719
-1017.9520263671875 -315.2403564453125
-1019.9423828125 -317.23822021484375
-1018.0162353515625 -315.732177734375
-1020.0130004882812 -317.73052978515625
-1018.2127685546875 -315.7323913574219
-1020.1466674804688 -317.5766906738281
-1018.378173828125 -315.5796813964844
-1020.3709716796875 -317.1846618652344
-1018.6962280273438 -315.28326416015625
-1020.6777954101562 -317.1461181640625
-1018.8981323242188 -315.1533508300781
-1020.8009643554688 -316.95562744140625
-1018.8142700195312 -314.95849609375
-1020.760498046875 -316.3556823730469
-1018.7877807617188 -314.357421875
-1020.7366333007812 -316.32379150390625
-1018.8945922851562 -314.32464599609375
-1020.867431640625 -316.2754211425781
-1019.3675537109375 -314.28155517578125
-1021.3177490234375 -315.6900329589844
-1020.81396484375 -313.69219970703125
-1022.8074951171875 -315.62066650390625
-1021.41552734375 -313.6217956542969
-1023.3985595703125 -315.61126708984375
-1024.4677734375 -313.6122131347656
-1026.4674072265625 -311.61224365234375
-1028.4298095703125 -313.5880432128906
-1030.4296875 -311.588134765625
-1032.4293212890625 -309.58856201171875
-1033.5850830078125 -311.2308044433594
-1035.5849609375 -309.233154296875
-1037.4647216796875 -311.152587890625
-1039.4638671875 -309.156005859375
-1041.4635009765625 -307.1576843261719
-1043.4542236328125 -305.5501708984375
-1045.453369140625 -305.199462890625
-1047.453369140625 -305.6307373046875
-1045.8336181640625 -303.7125549316406
-1047.8336181640625 -302.9977111816406
-1047.5430908203125 -301.0425720214844
-1049.54296875 -299.0450439453125
-1048.5030517578125 -297.0995788574219
-1048.5899658203125 -295.1026611328125
-1046.7984619140625 -293.1060485839844
-1048.797607421875 -291.1494445800781
-1047.1751708984375 -291.3798522949219
-1047.197265625 -292.33740234375
-1049.1971435546875 -290.3480529785156
-1047.4471435546875 -291.42828369140625
-1047.7530517578125 -289.8484191894531
-1047.4036865234375 -287.88824462890625
-1049.40283203125 -288.5904541015625
-1047.474609375 -287.4178466796875
-1049.4638671875 -286.1970520019531
-1047.994384765625 -284.21368408203125
-1049.9940185546875 -282.3939208984375
-1049.3118896484375 -280.5568542480469
-1047.8392333984375 -278.6062316894531
-1049.8392333984375 -276.71295166015625
-1048.01318359375 -274.7926025390625
-1050.01318359375 -273.22998046875
-1048.8353271484375 -271.2434997558594
-1050.835205078125 -269.2575988769531
-1049.5447998046875 -267.27374267578125
-1047.87939453125 -265.2834167480469
-1049.87939453125 -263.2852478027344
-1048.6298828125 -261.6139221191406
-1050.6297607421875 -260.0801086425781
-1048.779052734375 -260.46026611328125
-1050.7786865234375 -258.4913635253906
-1051.7745361328125 -256.54339599609375
-1049.851806640625 -255.05125427246094
-1050.37158203125 -253.53030395507812
-1051.065673828125 -251.8886260986328
-1052.9412841796875 -249.91481018066406
-1051.1136474609375 -248.175537109375
-1051.858154296875 -246.61485290527344
-1050.84228515625 -247.6199188232422
-1050.511474609375 -245.63427734375
-1051.2120361328125 -244.5788116455078
-1050.8648681640625 -244.0389404296875
-1051.726806640625 -242.94309997558594
-1052.725830078125 -240.99729919433594
-1053.6990966796875 -239.36874389648438
-1052.0042724609375 -237.85903930664062
-1050.48193359375 -236.17132568359375
-1048.5399169921875 -234.89599609375
-1050.5394287109375 -233.21160888671875
-1050.0938720703125 -231.27593994140625
-1049.9451904296875 -229.481201171875
-1050.1173095703125 -227.77996826171875
-1050.662841796875 -226.10044860839844
-1049.612060546875 -224.113525390625
-1047.7413330078125 -222.23388671875
-1049.7413330078125 -220.33700561523438
-1051.646240234375 -218.37184143066406
-1053.5257568359375 -216.3904571533203
-1055.5252685546875 -214.3917999267578
-1057.2030029296875 -216.32981872558594
-1059.2030029296875 -214.32994079589844
-1060.370849609375 -216.13804626464844
-1062.370849609375 -214.13807678222656
-1064.3292236328125 -212.77554321289062
-1062.556640625 -214.44461059570312
-1064.5565185546875 -212.44564819335938
-1064.87451171875 -214.09030151367188
-1066.7330322265625 -215.8163604736328
-1068.73291015625 -213.81658935546875
-1070.429931640625 -215.76876831054688
-1072.429931640625 -213.76904296875
-1074.3975830078125 -215.7640838623047
-1076.3529052734375 -217.58413696289062
-1078.3515625 -215.58731079101562
-1080.2957763671875 -217.52659606933594
-1082.1263427734375 -219.3043212890625
-1084.12451171875 -217.55072021484375
-1086.0784912109375 -219.47201538085938
-1088.072509765625 -217.5606689453125
-1088.044921875 -219.5369873046875
-1090.023681640625 -217.88331604003906
-1092.01171875 -219.82931518554688
-1093.43994140625 -218.73660278320312
-1095.350341796875 -216.9692840576172
