-1012.4866333007812 -486.2631530761719
-1014.47607421875 -484.26513671875
-1016.4715576171875 -485.7660217285156
-1018.3727416992188 -483.76617431640625
-1020.3698120117188 -482.41339111328125
-1022.3302612304688 -483.12060546875
-1024.1409912109375 -484.9711608886719
-1025.30908203125 -486.4015197753906
-1027.2978515625 -484.4018249511719
-1029.00927734375 -485.89288330078125
-1031.001220703125 -483.8934631347656
-1032.2034912109375 -484.9147644042969
-1034.197021484375 -485.7237548828125
-1036.0758056640625 -483.7260437011719
-1038.0673828125 -485.5570068359375
-1039.8116455078125 -483.55804443359375
-1041.6805419921875 -485.36285400390625
-1043.464599609375 -485.5431213378906
-1045.188232421875 -485.6917724609375
-1047.1871337890625 -487.4326477050781
-1049.1571044921875 -485.4334716796875
-1050.9013671875 -485.8507385253906
-1052.8927001953125 -483.8508605957031
-1054.5582275390625 -484.6831970214844
-1056.498046875 -483.60577392578125
-1058.1187744140625 -483.7560119628906
-1059.987060546875 -484.4796447753906
-1060.9547119140625 -485.78729248046875
-1062.468017578125 -487.3608093261719
-1064.457275390625 -485.36151123046875
-1066.092529296875 -486.6492919921875
-1067.8560791015625 -484.6495056152344
-1069.6053466796875 -484.6191101074219
-1071.4278564453125 -485.7469482421875
-1073.3424072265625 -486.5618591308594
-1075.2596435546875 -484.56207275390625
-1077.141845703125 -484.8388366699219
-1079.103271484375 -485.3758850097656
-1080.456298828125 -485.0144348144531
-1082.2781982421875 -486.4876708984375
-1080.400390625 -484.48773193359375
-1082.2386474609375 -485.64349365234375
-1080.3043212890625 -483.6487121582031
-1082.2720947265625 -483.90380859375
-1081.5072021484375 -485.1440734863281
-1079.953857421875 -483.1443786621094
-1081.7711181640625 -482.9390563964844
-1083.68310546875 -482.86480712890625
-1084.8140869140625 -480.866455078125
-1086.8099365234375 -481.61199951171875
-1088.426513671875 -479.6121520996094
-1088.330322265625 -477.6123046875
-1090.201904296875 -479.288330078125
-1091.9000244140625 -477.28857421875
-1093.111328125 -479.1239318847656
-1094.925537109375 -477.1242370605469
-1095.2247314453125 -479.0752258300781
-1097.19091796875 -477.07525634765625
-1098.9678955078125 -478.7562561035156
-1099.8280029296875 -476.75628662109375
-1101.7738037109375 -478.6181945800781
-1102.4730224609375 -476.61822509765625
-1104.462890625 -477.49676513671875
-1106.388916015625 -477.26373291015625
-1104.430419921875 -475.5384826660156
-1106.4293212890625 -474.13177490234375
-1108.4288330078125 -472.14117431640625
-1106.4306640625 -470.1694030761719
-1108.4305419921875 -468.1854553222656
-1106.4310302734375 -466.1926574707031
-1108.430908203125 -464.19317626953125
-1106.4412841796875 -462.198974609375
-1108.441162109375 -460.29345703125
-1106.4434814453125 -458.297119140625
-1108.4429931640625 -456.3480224609375
-1106.444580078125 -454.3563232421875
-1108.4444580078125 -452.36724853515625
-1106.4593505859375 -450.3945617675781
-1108.4588623046875 -448.3977355957031
-1106.4696044921875 -446.4039306640625
-1108.4688720703125 -444.57464599609375
-1106.4696044921875 -442.5788269042969
-1108.4681396484375 -440.6083068847656
-1106.4693603515625 -438.6130676269531
-1108.4683837890625 -436.6243896484375
-1110.464599609375 -434.6269836425781
-1110.6173095703125 -432.6271057128906
-1112.5589599609375 -430.62725830078125
-1110.6072998046875 -428.63232421875
-1112.606689453125 -426.66021728515625
-1110.615966796875 -424.66717529296875
-1108.8984375 -422.6677551269531
-1110.89404296875 -420.66943359375
-1108.925048828125 -418.67144775390625
-1110.9193115234375 -416.69342041015625
-1109.4014892578125 -414.6954345703125
-1111.3992919921875 -412.71014404296875
-1109.617919921875 -410.71405029296875
-1111.61474609375 -408.7245788574219
-1110.1636962890625 -406.7251281738281
-1112.1595458984375 -404.7318420410156
-1110.1865234375 -402.7828063964844
-1108.254638671875 -400.7835998535156
-1110.1900634765625 -398.7855529785156
-1110.36962890625 -396.8134765625
-1108.8087158203125 -394.8163757324219
-1109.18310546875 -392.8170471191406
-1111.1827392578125 -390.8379211425781
-1113.0609130859375 -388.8395690917969
-1111.3834228515625 -386.8493957519531
-1113.0916748046875 -384.8572692871094
-1112.0089111328125 -382.8771667480469
-1111.2010498046875 -380.8797302246094
-1112.812255859375 -378.8812561035156
-1113.5660400390625 -376.8962097167969
-1111.864990234375 -374.9076843261719
-1113.4847412109375 -372.92156982421875
-1114.885009765625 -370.96240234375
-1113.396240234375 -369.13519287109375
-1115.29052734375 -367.1449279785156
-1114.0123291015625 -365.9132995605469
-1114.5186767578125 -364.4141540527344
-1113.6180419921875 -362.9885559082031
-1112.0245361328125 -361.31231689453125
-1114.007080078125 -359.4863586425781
-1113.0306396484375 -357.496826171875
-1113.30419921875 -355.6634216308594
-1115.0562744140625 -353.7458190917969
-1116.0191650390625 -354.4194030761719
-1115.2047119140625 -352.5184631347656
-1117.1475830078125 -351.4631652832031
-1115.192626953125 -349.780517578125
-1114.19970703125 -347.969970703125
-1114.451904296875 -347.6155700683594
-1114.7308349609375 -348.9766845703125
-1113.9049072265625 -348.3664245605469
-1115.5948486328125 -346.5245056152344
-1114.037841796875 -346.1999816894531
-1116.0184326171875 -345.0484619140625
-1114.6849365234375 -344.521240234375
-1115.9554443359375 -342.59857177734375
-1115.353759765625 -340.6488952636719
-1113.7947998046875 -340.3827819824219
-1115.480224609375 -339.0723876953125
-1114.1845703125 -337.8951110839844
-1114.04833984375 -336.7953796386719
-1115.36865234375 -338.22650146484375
-1115.3568115234375 -336.4698486328125
-1116.0919189453125 -336.72979736328125
-1115.1492919921875 -334.8664245605469
-1113.62548828125 -333.2702331542969
-1115.421142578125 -331.2926025390625
-1113.645263671875 -329.8196105957031
-1115.44677734375 -327.9452209472656
-1117.061279296875 -326.3810729980469
-1115.1884765625 -326.2555236816406
-1114.874755859375 -324.26873779296875
-1115.3192138671875 -322.5956115722656
-1115.9610595703125 -322.6840515136719
-1114.1038818359375 -321.6348571777344
-1113.0194091796875 -320.1714782714844
-1114.2833251953125 -318.26934814453125
-1115.5811767578125 -316.4173889160156
-1117.434814453125 -314.67767333984375
-1119.411865234375 -313.57666015625
-1121.40234375 -311.885986328125
-1123.273681640625 -311.7270202636719
-1124.4969482421875 -313.299560546875
-1125.0355224609375 -312.00274658203125
-1126.291748046875 -313.9246520996094
-1127.258056640625 -312.6365661621094
-1129.021240234375 -313.01708984375
-1130.835205078125 -311.3613586425781
-1132.829345703125 -312.0962829589844
-1134.55810546875 -313.8228454589844
