-1012.5047607421875 -487.4203186035156
-1014.5047607421875 -485.4212341308594
-1016.50390625 -487.3321533203125
-1018.50341796875 -485.333251953125
-1020.5033569335938 -483.3413391113281
-1022.5031127929688 -485.1742858886719
-1024.5030517578125 -483.1830139160156
-1026.2762451171875 -483.8362121582031
-1028.2506103515625 -484.4609680175781
-1030.2149658203125 -485.7566223144531
-1032.214599609375 -487.343017578125
-1034.2144775390625 -485.34759521484375
-1036.2138671875 -487.0750732421875
-1038.213623046875 -485.0759582519531
-1040.2120361328125 -483.07769775390625
-1042.1158447265625 -484.4542541503906
-1044.107421875 -486.31683349609375
-1046.1072998046875 -484.3226623535156
-1048.088623046875 -485.23822021484375
-1050.0567626953125 -485.8592834472656
-1052.056640625 -483.8594665527344
-1054.0435791015625 -483.6748352050781
-1056.0166015625 -483.4930725097656
-1058.015625 -482.7275085449219
-1060.015380859375 -482.33489990234375
-1061.5743408203125 -482.2197570800781
-1063.2061767578125 -480.6173400878906
-1065.1708984375 -482.059814453125
-1067.1544189453125 -483.0986633300781
-1069.1390380859375 -484.1017150878906
-1071.13671875 -483.08172607421875
-1073.1326904296875 -481.7862243652344
-1075.08203125 -481.32867431640625
-1077.0672607421875 -482.3255615234375
-1079.0521240234375 -483.7416076660156
-1081.044921875 -485.3833923339844
-1080.193603515625 -483.3835144042969
-1082.190673828125 -483.9204406738281
-1084.1798095703125 -483.1344299316406
-1086.1671142578125 -481.1344299316406
-1088.1549072265625 -479.134521484375
-1089.52490234375 -477.36431884765625
-1091.3587646484375 -476.07305908203125
-1093.3280029296875 -475.0254211425781
-1095.053955078125 -476.1999206542969
-1094.990478515625 -475.8284606933594
-1096.8162841796875 -477.48284912109375
-1098.7369384765625 -475.60894775390625
-1100.556396484375 -475.6028137207031
-1102.5545654296875 -474.5972900390625
-1104.5545654296875 -474.063720703125
-1106.5545654296875 -472.0791931152344
-1108.554443359375 -470.0852966308594
-1106.6771240234375 -468.0855407714844
-1108.677001953125 -466.08575439453125
-1106.688720703125 -464.0857849121094
-1108.6884765625 -462.0949401855469
-1106.6895751953125 -460.0949401855469
-1108.6893310546875 -458.1030578613281
-1107.0838623046875 -456.10308837890625
-1109.08349609375 -454.10400390625
-1107.0869140625 -452.10406494140625
-1109.0869140625 -450.1058044433594
-1107.092041015625 -448.10589599609375
-1105.1024169921875 -446.10589599609375
-1107.101318359375 -444.1176452636719
-1109.1004638671875 -442.119384765625
-1107.37841796875 -440.119384765625
-1109.3779296875 -438.1422424316406
-1107.8468017578125 -436.1422424316406
-1109.8466796875 -434.1531066894531
-1111.8414306640625 -432.15313720703125
-1113.8331298828125 -430.1542053222656
-1111.833740234375 -428.1542053222656
-1109.929931640625 -426.1542053222656
-1111.9293212890625 -424.1546630859375
-1112.3250732421875 -422.1546936035156
-1110.42041015625 -420.1546936035156
-1109.519775390625 -418.1546936035156
-1111.5196533203125 -416.1714172363281
-1109.6949462890625 -414.1715393066406
-1111.6942138671875 -412.17181396484375
-1110.2877197265625 -410.1718444824219
-1112.28662109375 -408.19635009765625
-1111.0523681640625 -406.1964111328125
-1109.222412109375 -404.196533203125
-1111.22216796875 -402.2024841308594
-1111.5145263671875 -400.2024841308594
-1110.055908203125 -398.2025146484375
-1111.9609375 -396.2025146484375
-1110.9090576171875 -394.2026672363281
-1112.9044189453125 -392.2026672363281
-1114.8184814453125 -390.2026672363281
-1115.2806396484375 -388.2026672363281
-1113.47021484375 -386.20269775390625
-1115.071533203125 -384.2030334472656
-1116.111328125 -382.2030334472656
-1114.5302734375 -380.20306396484375
-1114.826416015625 -378.203125
-1115.6063232421875 -376.2036437988281
-1114.104248046875 -374.20391845703125
-1115.1109619140625 -372.2041320800781
-1114.8128662109375 -370.205810546875
-1116.7940673828125 -368.205810546875
-1118.6484375 -366.2059326171875
-1117.56494140625 -365.248291015625
-1115.6678466796875 -363.2560729980469
-1117.4678955078125 -361.2563781738281
-1117.6849365234375 -359.2601318359375
-1117.0625 -357.26214599609375
-1116.740966796875 -355.2713623046875
-1117.9239501953125 -353.2801208496094
-1118.9615478515625 -351.3304138183594
-1119.633056640625 -349.3321838378906
-1117.9530029296875 -347.3331298828125
-1116.4892578125 -347.6444091796875
-1117.041259765625 -345.64569091796875
-1117.833740234375 -343.6581726074219
-1116.0509033203125 -341.7451171875
-1117.8656005859375 -339.74725341796875
-1117.81298828125 -337.8528137207031
-1117.0660400390625 -335.87823486328125
-1117.412841796875 -333.8786926269531
-1116.2523193359375 -331.8980407714844
-1115.4932861328125 -329.97918701171875
-1116.1580810546875 -327.98004150390625
-1117.8936767578125 -325.98065185546875
-1116.797119140625 -323.99078369140625
-1118.57177734375 -321.9984130859375
-1116.8760986328125 -320.03497314453125
-1117.4129638671875 -318.0362243652344
-1118.609619140625 -316.03717041015625
-1120.5814208984375 -314.0372314453125
-1122.5767822265625 -312.0416259765625
-1122.3841552734375 -313.8632507324219
-1124.37939453125 -311.8667907714844
-1126.17919921875 -313.61334228515625
-1128.0711669921875 -311.6166687011719
-1126.2901611328125 -313.52789306640625
-1128.2864990234375 -311.52862548828125
-1127.98974609375 -313.5179748535156
-1129.97216796875 -311.51898193359375
-1130.024169921875 -313.4588928222656
-1132.0181884765625 -311.4623718261719
-1130.2412109375 -313.41650390625
-1131.35986328125 -311.416748046875
-1130.2034912109375 -313.378173828125
-1131.4625244140625 -311.385986328125
-1129.7581787109375 -313.208740234375
-1131.715576171875 -311.2415466308594
-1129.9949951171875 -313.2034606933594
-1131.721435546875 -311.2159729003906
-1130.2342529296875 -313.1656494140625
-1132.22216796875 -311.177734375
-1132.4176025390625 -313.1543884277344
