-1012.4946899414062 -487.5486755371094
-1014.494384765625 -485.5710754394531
-1016.4697265625 -487.541748046875
-1018.4616088867188 -485.5475769042969
-1020.4508056640625 -483.55865478515625
-1022.4434814453125 -485.5557861328125
-1024.439453125 -483.5591125488281
-1026.4322509765625 -485.5484924316406
-1028.4140625 -487.5421142578125
-1030.281494140625 -485.5443420410156
-1032.2607421875 -487.5358581542969
-1034.257080078125 -485.5525817871094
-1036.250732421875 -487.5084228515625
-1038.1796875 -485.5228271484375
-1040.1336669921875 -483.5533447265625
-1041.8953857421875 -485.5463562011719
-1043.88525390625 -483.57354736328125
-1045.825927734375 -485.5693359375
-1047.25048828125 -487.50689697265625
-1049.2462158203125 -485.51422119140625
-1051.236328125 -487.4952697753906
-1053.219482421875 -485.50372314453125
-1055.216064453125 -487.41229248046875
-1057.214111328125 -485.42767333984375
-1059.211181640625 -487.4217224121094
-1061.209716796875 -485.4463195800781
-1063.128662109375 -487.20318603515625
-1064.947265625 -485.2039489746094
-1066.9183349609375 -487.185546875
-1068.891845703125 -485.2046813964844
-1070.873046875 -487.16326904296875
-1072.845458984375 -485.1712951660156
-1074.802001953125 -487.12994384765625
-1076.7877197265625 -485.13336181640625
-1078.7811279296875 -486.98052978515625
-1080.77880859375 -485.043212890625
-1082.7657470703125 -486.0517578125
-1084.0980224609375 -484.3288269042969
-1085.9840087890625 -482.36083984375
-1087.8385009765625 -480.381103515625
-1089.7833251953125 -478.3893127441406
-1091.623779296875 -480.25775146484375
-1093.443359375 -478.2635803222656
-1095.3123779296875 -478.4761047363281
-1096.8580322265625 -480.2314147949219
-1098.6187744140625 -478.2501220703125
-1100.4708251953125 -479.78466796875
-1101.706787109375 -477.8021240234375
-1103.609130859375 -478.5834045410156
-1103.8355712890625 -476.6129455566406
-1105.8353271484375 -475.5042724609375
-1107.79052734375 -474.24761962890625
-1105.8070068359375 -472.4188232421875
-1107.7462158203125 -470.723876953125
-1106.53076171875 -468.7299499511719
-1108.4576416015625 -466.7611999511719
-1106.5162353515625 -464.83782958984375
-1108.473876953125 -462.8394775390625
-1106.507568359375 -460.8589782714844
-1108.3765869140625 -458.8651123046875
-1106.46337890625 -456.94964599609375
-1108.4525146484375 -454.9526062011719
-1106.497802734375 -452.956787109375
-1108.453857421875 -450.9649658203125
-1106.4798583984375 -449.21221923828125
-1108.44775390625 -447.2557373046875
-1106.4627685546875 -445.3379211425781
-1108.453125 -443.46002197265625
-1106.4560546875 -441.6913146972656
-1108.42138671875 -439.9638671875
-1107.3427734375 -437.970458984375
-1109.314697265625 -435.9721374511719
-1108.5728759765625 -433.9748229980469
-1110.5430908203125 -431.99383544921875
-1112.46923828125 -429.994384765625
-1110.53076171875 -428.0813293457031
-1112.1029052734375 -426.0940246582031
-1110.145263671875 -424.1333923339844
-1109.3128662109375 -422.1336975097656
-1111.1280517578125 -420.1522216796875
-1109.1405029296875 -418.1615295410156
-1111.1097412109375 -416.3369445800781
-1109.1160888671875 -414.352294921875
-1111.097412109375 -412.3692321777344
-1109.1585693359375 -410.40582275390625
-1111.1561279296875 -408.4164123535156
-1110.78955078125 -406.42724609375
-1109.667236328125 -404.4334411621094
-1111.5831298828125 -402.5261535644531
-1109.822998046875 -400.5341796875
-1107.9552001953125 -398.5354919433594
-1109.9510498046875 -396.5777282714844
-1108.242431640625 -394.57855224609375
-1110.10888671875 -396.0984802246094
-1111.1558837890625 -394.1035461425781
-1110.607666015625 -392.103759765625
-1109.5316162109375 -390.1046447753906
-1111.247314453125 -388.5218505859375
-1109.447509765625 -386.52630615234375
-1111.0594482421875 -386.0897216796875
-1112.3515625 -384.0992126464844
-1110.6009521484375 -382.1000061035156
-1112.5994873046875 -380.1552429199219
-1113.6822509765625 -378.15631103515625
-1114.53662109375 -376.1575012207031
-1113.4583740234375 -374.1789855957031
-1114.4771728515625 -372.1810607910156
-1112.858154296875 -370.3245544433594
-1114.2962646484375 -368.35357666015625
-1112.6611328125 -366.35498046875
-1114.3956298828125 -364.5158386230469
-1112.61572265625 -362.8093566894531
-1113.67431640625 -361.0132141113281
-1114.1802978515625 -359.073486328125
-1114.71435546875 -357.1387939453125
-1116.5029296875 -355.348876953125
-1116.573974609375 -354.7339172363281
-1117.025390625 -353.931396484375
-1115.131103515625 -352.7342834472656
-1115.6566162109375 -353.2372741699219
-1117.093505859375 -353.9394226074219
-1117.7073974609375 -352.320068359375
-1116.5201416015625 -353.0406188964844
-1115.39208984375 -354.2919006347656
-1115.8804931640625 -352.4171142578125
-1115.633056640625 -350.9842834472656
-1114.646728515625 -349.0604248046875
-1114.45068359375 -347.135986328125
-1114.173583984375 -346.2978515625
-1112.503662109375 -344.4404602050781
-1111.6785888671875 -342.603515625
-1113.54541015625 -342.1880187988281
-1113.674560546875 -340.4427490234375
-1115.447265625 -338.8131408691406
-1113.9578857421875 -337.3227844238281
-1115.5533447265625 -335.40399169921875
-1116.2645263671875 -333.6865539550781
-1114.964111328125 -332.6945495605469
-1115.8446044921875 -331.37744140625
-1117.7760009765625 -330.6878967285156
-1116.428466796875 -331.8270568847656
-1117.2518310546875 -332.2037048339844
-1115.4349365234375 -332.9676208496094
-1113.5870361328125 -331.1909484863281
-1112.6597900390625 -329.67132568359375
-1113.0028076171875 -327.8431091308594
-1114.96923828125 -325.8504638671875
-1115.5936279296875 -324.78729248046875
-1116.49462890625 -322.8667907714844
-1117.0850830078125 -320.9542236328125
-1115.2796630859375 -320.03948974609375
-1114.79833984375 -319.68243408203125
-1113.8262939453125 -317.86102294921875
-1113.8292236328125 -315.96728515625
-1115.677734375 -313.96771240234375
-1117.5732421875 -311.9677734375
-1119.2928466796875 -313.8851318359375
-1121.289794921875 -311.8860778808594
-1123.2626953125 -313.8123779296875
-1122.315185546875 -311.8141784667969
-1124.04931640625 -313.8039855957031
-1125.81005859375 -311.8074645996094
-1127.7918701171875 -313.715576171875
-1129.2884521484375 -311.71759033203125
-1130.884521484375 -313.6833801269531
-1132.2183837890625 -311.6861572265625
-1134.006591796875 -313.5898132324219
