-1012.5043334960938 -487.0085754394531
-1014.4899291992188 -485.00872802734375
-1016.4437255859375 -486.50482177734375
-1018.3800048828125 -484.5048522949219
-1020.3726806640625 -485.99749755859375
-1022.3716430664062 -483.9975891113281
-1021.8963623046875 -484.3486633300781
-1022.1656494140625 -482.8335266113281
-1020.4927368164062 -483.7021789550781
-1022.4923095703125 -483.1517639160156
-1022.7616577148438 -482.3223571777344
-1020.92138671875 -482.8307189941406
-1022.9208374023438 -484.488037109375
-1021.6071166992188 -483.3157043457031
-1020.9929809570312 -481.9867248535156
-1022.9913330078125 -482.0423583984375
-1023.9691162109375 -480.8547668457031
-1023.9570922851562 -479.99530029296875
-1024.403564453125 -478.79791259765625
-1024.3409423828125 -478.40234375
-1023.790283203125 -477.5660705566406
-1025.6331787109375 -476.0480651855469
-1027.52392578125 -476.9107971191406
-1029.51318359375 -476.73492431640625
-1031.5115966796875 -478.365966796875
-1033.51025390625 -480.2190246582031
-1035.5076904296875 -479.3202209472656
-1037.505615234375 -480.85809326171875
-1039.50439453125 -482.6067199707031
-1039.021728515625 -483.3099670410156
-1038.4395751953125 -482.5688171386719
-1040.4368896484375 -482.74652099609375
-1038.95947265625 -481.1808166503906
-1040.95947265625 -480.665771484375
-1041.9759521484375 -481.4509582519531
-1043.310546875 -483.2822265625
-1045.20947265625 -484.873046875
-1046.64599609375 -486.5657653808594
-1048.5755615234375 -484.56707763671875
-1050.55126953125 -486.04827880859375
-1052.5335693359375 -484.049072265625
-1054.43896484375 -484.106689453125
-1056.3831787109375 -485.46185302734375
-1056.4083251953125 -486.80535888671875
-1058.40576171875 -484.8060302734375
-1060.3612060546875 -486.03594970703125
-1059.61669921875 -486.64593505859375
-1058.8843994140625 -487.676025390625
-1060.88330078125 -485.6770324707031
-1060.43408203125 -486.83740234375
-1059.349365234375 -488.4469909667969
-1061.3477783203125 -486.44744873046875
-1061.705078125 -486.44976806640625
-1063.6539306640625 -487.9584655761719
-1064.1866455078125 -485.9587707519531
-1066.008056640625 -487.0215759277344
-1067.555419921875 -485.0238037109375
-1069.12939453125 -486.4292907714844
-1071.0867919921875 -484.43096923828125
-1073.0762939453125 -484.752197265625
-1075.07421875 -485.0135803222656
-1077.022705078125 -486.3135986328125
-1079.0106201171875 -484.3137512207031
-1080.61572265625 -483.26519775390625
-1082.6046142578125 -482.3339538574219
-1084.6044921875 -481.25909423828125
-1086.6044921875 -480.6337890625
-1086.82861328125 -478.6361389160156
-1087.6510009765625 -479.9241027832031
-1089.1029052734375 -477.9270935058594
-1091.0985107421875 -477.5132751464844
-1092.5858154296875 -479.2902526855469
-1094.5303955078125 -477.29278564453125
-1096.4718017578125 -478.7097473144531
-1098.3997802734375 -480.5874328613281
-1100.2569580078125 -478.58929443359375
-1102.1220703125 -476.6046447753906
-1104.1219482421875 -476.23016357421875
-1106.1217041015625 -474.9267272949219
-1108.1217041015625 -473.4692077636719
-1106.121826171875 -471.58587646484375
-1108.121826171875 -469.65936279296875
-1106.121826171875 -467.66033935546875
-1108.121826171875 -465.718505859375
-1106.121826171875 -463.7239685058594
-1108.1217041015625 -461.7998352050781
-1106.121826171875 -459.8036804199219
-1108.121826171875 -457.8081970214844
-1106.1258544921875 -455.81060791015625
-1108.125732421875 -453.8450012207031
-1106.125732421875 -451.8544921875
-1108.12548828125 -449.85833740234375
-1106.125732421875 -447.94610595703125
-1108.12548828125 -445.954833984375
-1106.1256103515625 -443.9722900390625
-1108.1251220703125 -442.0095520019531
-1106.125732421875 -440.0129089355469
-1108.124755859375 -439.5082092285156
-1106.1258544921875 -437.53900146484375
-1108.124755859375 -435.689208984375
-1110.12353515625 -433.79425048828125
-1108.7481689453125 -431.7966613769531
-1110.74755859375 -429.867431640625
-1112.746826171875 -427.9170837402344
-1110.748046875 -425.9222106933594
-1108.748046875 -423.93719482421875
-1110.74658203125 -421.98004150390625
-1108.746826171875 -419.99542236328125
-1110.7467041015625 -418.07537841796875
-1108.752685546875 -416.0783386230469
-1110.7515869140625 -414.12213134765625
-1108.7581787109375 -412.2821960449219
-1110.7578125 -410.541748046875
-1108.7578125 -408.5455017089844
-1110.7572021484375 -406.6607666015625
-1108.760498046875 -404.7544250488281
-1110.7603759765625 -402.7775573730469
-1108.8253173828125 -400.8201904296875
-1110.8251953125 -398.8243103027344
-1108.8369140625 -396.82977294921875
-1106.9608154296875 -394.8487243652344
-1108.96044921875 -394.9720764160156
-1107.0203857421875 -393.0097961425781
-1109.020263671875 -391.3033142089844
-1111.019287109375 -389.8288269042969
-1110.382568359375 -387.85784912109375
-1112.3824462890625 -386.0917053222656
-1110.441650390625 -384.1962585449219
-1112.4337158203125 -382.33038330078125
-1110.580322265625 -380.3492126464844
-1112.577880859375 -378.98455810546875
-1110.6156005859375 -377.0396728515625
-1112.614013671875 -375.4410400390625
-1110.8272705078125 -373.45343017578125
-1112.8251953125 -371.54779052734375
-1114.0711669921875 -369.575439453125
-1112.1475830078125 -367.84320068359375
-1110.369384765625 -366.2531433105469
-1112.290771484375 -364.32257080078125
-1111.05859375 -362.7970886230469
-1112.6876220703125 -360.8770751953125
-1112.4476318359375 -358.8859558105469
-1114.07373046875 -357.13397216796875
-1114.89404296875 -355.331298828125
-1113.73193359375 -353.6913146972656
-1114.1826171875 -352.162841796875
-1114.1922607421875 -350.3530578613281
-1115.49169921875 -350.4227600097656
-1114.5638427734375 -349.3515930175781
-1115.914794921875 -347.38421630859375
-1114.4429931640625 -347.81884765625
-1116.2286376953125 -345.93939208984375
-1115.39404296875 -344.9576110839844
-1115.2943115234375 -342.98974609375
-1114.61572265625 -341.36456298828125
-1113.7623291015625 -341.6353454589844
-1115.3892822265625 -341.61669921875
-1114.1927490234375 -340.2178649902344
-1113.2100830078125 -338.31268310546875
-1114.687255859375 -336.5635986328125
-1114.259765625 -334.7369079589844
-1116.127197265625 -333.4610290527344
-1116.3372802734375 -332.490478515625
-1118.070068359375 -331.046875
-1116.5833740234375 -330.07196044921875
-1114.63037109375 -328.3826904296875
-1114.69482421875 -326.51226806640625
-1116.20361328125 -325.2970275878906
-1115.4678955078125 -324.63720703125
-1115.8834228515625 -324.0106506347656
-1116.4381103515625 -322.0617370605469
-1114.7918701171875 -322.81634521484375
-1116.3262939453125 -320.9516906738281
-1117.160888671875 -319.2073974609375
-1116.6680908203125 -317.2248229980469
-1118.4058837890625 -315.22601318359375
-1120.233154296875 -313.23541259765625
-1121.3426513671875 -312.03173828125
-1121.12841796875 -314.0131530761719
-1122.88330078125 -313.07318115234375
-1124.8563232421875 -312.2442626953125
-1126.7886962890625 -310.5475158691406
-1126.8458251953125 -312.5463562011719
-1128.7769775390625 -311.4484558105469
-1129.707763671875 -313.44598388671875
-1131.01220703125 -314.4602355957031
