-1012.5017700195312 -486.9040222167969
-1014.4360961914062 -484.9234924316406
-1016.4348754882812 -486.5331115722656
-1018.3585205078125 -484.5439453125
-1020.3563842773438 -486.3355407714844
-1022.2745971679688 -484.36480712890625
-1024.0728759765625 -486.3553466796875
-1026.0714111328125 -484.4728088378906
-1028.010986328125 -486.1678466796875
-1029.942626953125 -484.1783447265625
-1031.9398193359375 -484.2828674316406
-1033.91845703125 -486.04583740234375
-1035.903564453125 -484.0639343261719
-1037.90087890625 -485.81402587890625
-1039.8516845703125 -483.83514404296875
-1041.818115234375 -485.66754150390625
-1043.817626953125 -483.7312316894531
-1045.796875 -483.9746398925781
-1047.7198486328125 -485.9237060546875
-1049.69580078125 -484.00823974609375
-1051.6668701171875 -485.98516845703125
-1053.4674072265625 -484.0023193359375
-1055.048828125 -485.90936279296875
-1057.031005859375 -483.9135437011719
-1059.0303955078125 -485.53436279296875
-1060.9141845703125 -487.0934753417969
-1062.9063720703125 -485.0986328125
-1064.404541015625 -486.8222351074219
-1066.3287353515625 -484.8301086425781
-1068.0491943359375 -486.70281982421875
-1069.9559326171875 -484.7745666503906
-1071.9521484375 -486.5499572753906
-1073.9278564453125 -484.5561828613281
-1075.7486572265625 -485.216064453125
-1077.7479248046875 -487.001708984375
-1078.8238525390625 -485.3172912597656
-1080.7310791015625 -486.3739013671875
-1082.5599365234375 -484.3851318359375
-1083.9964599609375 -482.4007873535156
-1085.500732421875 -480.4107666015625
-1087.5006103515625 -479.7657775878906
-1089.4969482421875 -479.7961730957031
-1090.9229736328125 -477.826171875
-1092.912109375 -477.0567932128906
-1094.87548828125 -478.9525451660156
-1096.30029296875 -476.9689636230469
-1098.0052490234375 -478.7130126953125
-1099.9090576171875 -478.60418701171875
-1101.901123046875 -479.2596740722656
-1103.8538818359375 -477.27667236328125
-1105.8516845703125 -476.6324768066406
-1107.8507080078125 -474.75616455078125
-1105.8555908203125 -472.8765563964844
-1107.8524169921875 -470.87786865234375
-1106.48291015625 -468.9034423828125
-1108.4122314453125 -466.9105224609375
-1106.48095703125 -464.9231872558594
-1108.479736328125 -462.92529296875
-1106.5662841796875 -460.93231201171875
-1108.4046630859375 -458.9365234375
-1107.030517578125 -457.0136413574219
-1109.0157470703125 -455.03021240234375
-1107.22900390625 -453.0346374511719
-1109.2235107421875 -451.0534973144531
-1107.259521484375 -449.4965515136719
-1105.34375 -447.5036926269531
-1107.29833984375 -445.5067138671875
-1105.4049072265625 -443.50933837890625
-1107.3974609375 -441.51336669921875
-1109.3951416015625 -439.5210876464844
-1109.3701171875 -437.522216796875
-1110.6231689453125 -435.5232238769531
-1110.4644775390625 -433.52728271484375
-1112.387451171875 -431.52734375
-1114.0362548828125 -429.5281982421875
-1112.577880859375 -427.5351867675781
-1110.6715087890625 -425.5359802246094
-1109.5867919921875 -423.53643798828125
-1111.5445556640625 -421.5368957519531
-1109.605224609375 -419.53717041015625
-1111.5902099609375 -417.5653381347656
-1109.6484375 -415.56683349609375
-1111.6434326171875 -413.5675048828125
-1109.8211669921875 -411.5679626464844
-1111.8131103515625 -409.5718688964844
-1110.978759765625 -407.5719299316406
-1109.66650390625 -405.5720520019531
-1111.64453125 -403.5770568847656
-1111.488525390625 -401.57757568359375
-1110.311767578125 -399.5777587890625
-1111.95458984375 -397.578369140625
-1112.251953125 -395.5786437988281
-1114.1707763671875 -393.57867431640625
-1114.7176513671875 -391.57916259765625
-1114.81982421875 -389.57928466796875
-1114.2342529296875 -387.5794372558594
-1112.3909912109375 -385.5799865722656
-1113.3330078125 -383.58038330078125
-1111.54345703125 -381.5823059082031
-1111.3314208984375 -379.5823974609375
-1112.796142578125 -377.5826416015625
-1113.1109619140625 -375.58270263671875
-1112.6715087890625 -373.5827331542969
-1112.0489501953125 -371.5833740234375
-1113.2093505859375 -369.58575439453125
-1113.8851318359375 -367.5858459472656
-1113.5223388671875 -365.60760498046875
-1113.4227294921875 -363.68133544921875
-1111.8172607421875 -361.6941833496094
-1110.1861572265625 -359.6944274902344
-1111.833984375 -357.94488525390625
-1113.0843505859375 -355.9465637207031
-1113.77685546875 -353.94732666015625
-1113.7100830078125 -351.95404052734375
-1115.091552734375 -349.9571228027344
-1115.5833740234375 -347.96954345703125
-1116.930419921875 -345.972900390625
-1116.384521484375 -344.0313720703125
-1115.443115234375 -342.2431640625
-1114.9420166015625 -340.33251953125
-1115.6961669921875 -338.33612060546875
-1115.6417236328125 -336.3520812988281
-1114.62060546875 -334.3547668457031
-1116.0462646484375 -332.3594970703125
-1114.8192138671875 -330.420166015625
-1114.277587890625 -328.4247741699219
-1114.4217529296875 -326.4311218261719
-1113.6011962890625 -324.43341064453125
-1113.9407958984375 -322.43634033203125
-1115.123291015625 -320.44696044921875
-1116.5904541015625 -318.4566650390625
-1114.9688720703125 -316.45703125
-1116.796630859375 -314.45703125
-1118.6119384765625 -312.4570617675781
-1120.4915771484375 -314.4201965332031
-1122.3719482421875 -312.4222717285156
-1124.3621826171875 -311.82763671875
-1126.2752685546875 -313.3370056152344
-1127.14013671875 -311.3372802734375
-1129.09375 -313.2472229003906
-1128.6832275390625 -311.2479248046875
-1130.63525390625 -313.13446044921875
-1132.25732421875 -311.1361999511719
-1133.1689453125 -312.9141540527344
