-1012.4982299804688 -487.5474853515625
-1014.4982299804688 -485.58184814453125
-1016.4847412109375 -487.5805969238281
-1018.4846801757812 -485.6033630371094
-1020.4846801757812 -483.7413635253906
-1022.4816284179688 -485.71380615234375
-1024.4815673828125 -483.7191162109375
-1026.43701171875 -485.7135314941406
-1028.43701171875 -483.7273254394531
-1030.3944091796875 -485.658447265625
-1032.388916015625 -487.60296630859375
-1034.3883056640625 -485.62493896484375
-1036.38818359375 -483.64447021484375
-1038.384765625 -485.62506103515625
-1040.384765625 -483.6339111328125
-1042.2095947265625 -485.613525390625
-1044.20947265625 -483.62713623046875
-1045.9490966796875 -485.62628173828125
-1047.9422607421875 -487.59454345703125
-1049.9403076171875 -485.626953125
-1051.8907470703125 -487.6191101074219
-1053.890625 -485.62237548828125
-1055.5238037109375 -487.53253173828125
-1057.5235595703125 -485.53851318359375
-1059.4410400390625 -487.4239196777344
-1061.4410400390625 -485.45196533203125
-1063.361328125 -487.4202575683594
-1065.3607177734375 -485.4217529296875
-1067.33642578125 -487.3266906738281
-1069.33154296875 -485.4341125488281
-1071.28369140625 -487.3573913574219
-1073.27978515625 -485.4150695800781
-1075.1185302734375 -487.343994140625
-1077.1180419921875 -485.3512268066406
-1079.1107177734375 -486.7696228027344
-1081.1099853515625 -484.772216796875
-1082.6978759765625 -486.7056884765625
-1081.1297607421875 -484.74749755859375
-1083.116943359375 -486.6853942871094
-1081.3402099609375 -484.7508239746094
-1083.3370361328125 -486.5732727050781
-1083.9124755859375 -484.73687744140625
-1082.719482421875 -482.7485656738281
-1084.71923828125 -484.3850402832031
-1084.7469482421875 -482.3927307128906
-1086.613037109375 -480.3965759277344
-1088.5816650390625 -478.4570617675781
-1090.339599609375 -480.2860412597656
-1092.33935546875 -478.4344177246094
-1093.9075927734375 -480.43035888671875
-1095.9058837890625 -478.43463134765625
-1097.7418212890625 -480.38006591796875
-1099.74169921875 -478.3817443847656
-1101.6895751953125 -480.36737060546875
-1103.6893310546875 -478.397216796875
-1105.6893310546875 -476.4751892089844
-1107.675537109375 -477.2176513671875
-1105.885986328125 -475.5460205078125
-1107.884765625 -476.51934814453125
-1106.627197265625 -475.1318359375
-1105.005126953125 -473.2632751464844
-1107.0050048828125 -474.8282470703125
-1105.0235595703125 -472.8556213378906
-1107.0233154296875 -471.7721862792969
-1105.0594482421875 -470.469970703125
-1107.0576171875 -471.85498046875
-1105.080078125 -469.875732421875
-1107.079833984375 -469.8620910644531
-1105.112548828125 -468.221435546875
-1107.1123046875 -466.6573486328125
-1105.34423828125 -464.7939453125
-1107.34375 -462.8923645019531
-1105.40185546875 -460.94451904296875
-1107.4017333984375 -458.98541259765625
-1107.2633056640625 -456.9877014160156
-1109.260498046875 -456.1162414550781
-1107.3050537109375 -454.1400146484375
-1109.304931640625 -453.71636962890625
-1107.3756103515625 -451.72607421875
-1109.3756103515625 -449.770751953125
-1107.3779296875 -448.224609375
-1105.535400390625 -446.4892272949219
-1107.53515625 -446.507568359375
-1105.7664794921875 -444.565673828125
-1107.7657470703125 -445.5710754394531
-1106.7840576171875 -443.89306640625
-1108.7838134765625 -442.0063171386719
-1106.85302734375 -440.04327392578125
-1108.852294921875 -441.52703857421875
-1106.8846435546875 -439.54071044921875
-1108.8843994140625 -437.8307800292969
-1107.144287109375 -435.84063720703125
-1109.1439208984375 -434.0716857910156
-1111.143798828125 -432.2068176269531
-1113.1429443359375 -430.2070617675781
-1112.6053466796875 -428.609130859375
-1111.2738037109375 -426.7599792480469
-1109.3511962890625 -424.7622375488281
-1111.35009765625 -422.7936096191406
-1109.4052734375 -420.79779052734375
-1111.4051513671875 -419.51953125
-1109.4844970703125 -417.5301818847656
-1111.484130859375 -415.87652587890625
-1109.7386474609375 -413.8777770996094
-1111.73779296875 -412.8660583496094
-1111.171875 -410.88592529296875
-1109.46875 -408.8863830566406
-1111.468505859375 -407.222900390625
-1109.4742431640625 -405.2242431640625
-1111.473876953125 -405.0796813964844
-1109.937255859375 -403.0804443359375
-1108.419677734375 -401.080810546875
-1110.4195556640625 -399.1498718261719
-1108.9931640625 -397.15069580078125
-1107.0201416015625 -395.1509704589844
-1109.019775390625 -395.606201171875
-1107.791748046875 -393.6072082519531
-1109.791748046875 -395.41192626953125
-1108.19677734375 -393.4120788574219
-1110.177490234375 -393.75732421875
-1108.297119140625 -391.7576904296875
-1110.29443359375 -392.9043273925781
-1112.213623046875 -390.90460205078125
-1114.19677734375 -388.9046936035156
-1112.52587890625 -386.9049377441406
-1110.55517578125 -384.9066162109375
-1112.5550537109375 -383.43109130859375
-1111.972900390625 -381.43316650390625
-1111.4686279296875 -379.4349060058594
-1111.297607421875 -377.4356994628906
-1112.5029296875 -375.4367370605469
-1111.988525390625 -373.4367370605469
-1112.7239990234375 -371.4368896484375
-1111.614013671875 -369.4386901855469
-1111.5029296875 -367.4392395019531
-1110.5770263671875 -366.3332824707031
-1112.576904296875 -364.78173828125
-1112.060546875 -363.0230407714844
-1110.187744140625 -361.0342102050781
-1112.1876220703125 -359.0845642089844
-1113.1910400390625 -357.0854797363281
-1111.21630859375 -355.085693359375
-1110.7847900390625 -353.1090087890625
-1109.59521484375 -351.11004638671875
-1111.5950927734375 -349.55267333984375
-1109.849853515625 -347.55670166015625
-1111.8494873046875 -347.9510192871094
-1113.1741943359375 -345.9518737792969
-1113.748291015625 -343.95562744140625
-1115.541015625 -341.9691467285156
-1114.06787109375 -340.05914306640625
-1112.6834716796875 -338.0640563964844
-1111.507568359375 -336.0909729003906
-1113.505859375 -334.5788879394531
-1113.249267578125 -332.7181396484375
-1111.5615234375 -330.72918701171875
-1113.5611572265625 -328.8905029296875
-1115.439208984375 -326.8908996582031
-1117.3734130859375 -325.1279296875
-1117.23095703125 -323.44061279296875
-1118.5504150390625 -321.5182189941406
-1119.8770751953125 -320.31976318359375
-1120.5797119140625 -319.101318359375
-1121.565673828125 -317.1081237792969
-1123.562255859375 -315.1083679199219
-1125.5621337890625 -313.2438049316406
-1127.561767578125 -311.24578857421875
-1129.55615234375 -312.6648864746094
-1131.55615234375 -310.686279296875
-1133.2650146484375 -308.9312438964844
-1135.1617431640625 -310.19195556640625
-1137.1099853515625 -311.4066467285156
