-1012.443115234375 -483.7865905761719
-1014.4420776367188 -481.81787109375
-1016.4405517578125 -480.76953125
-1018.4371337890625 -478.928955078125
-1020.4270629882812 -477.5859069824219
-1022.377197265625 -475.68743896484375
-1024.159423828125 -474.03533935546875
-1026.140869140625 -473.1181335449219
-1027.7606201171875 -474.8689880371094
-1029.25 -476.83551025390625
-1031.2469482421875 -477.1424255371094
-1033.22998046875 -478.8377990722656
-1035.220703125 -479.4484558105469
-1036.5068359375 -478.6447448730469
-1038.4090576171875 -480.38726806640625
-1040.3514404296875 -478.87896728515625
-1042.2752685546875 -477.84716796875
-1044.259765625 -478.57647705078125
-1046.255859375 -478.632568359375
-1048.226806640625 -477.7706604003906
-1050.211669921875 -477.7970275878906
-1052.1710205078125 -479.4606018066406
-1053.0411376953125 -477.56689453125
-1054.919189453125 -477.3548583984375
-1056.9071044921875 -477.8382568359375
-1058.7513427734375 -478.89984130859375
-1060.739501953125 -480.55181884765625
-1062.7359619140625 -479.2717590332031
-1064.4088134765625 -480.0099182128906
-1066.404541015625 -478.2325439453125
-1068.3975830078125 -479.4328918457031
-1070.232421875 -480.947265625
-1071.41162109375 -481.24517822265625
-1073.404052734375 -479.3149719238281
-1074.880126953125 -478.6552734375
-1076.8515625 -478.0345458984375
-1078.8485107421875 -479.134033203125
-1080.7462158203125 -477.9242248535156
-1082.6942138671875 -477.16070556640625
-1084.69384765625 -478.9913024902344
-1086.693359375 -477.1441650390625
-1088.5361328125 -476.364990234375
-1090.5028076171875 -478.1616516113281
-1092.406494140625 -479.0506896972656
-1093.8656005859375 -477.05096435546875
-1095.854736328125 -478.1582336425781
-1097.82763671875 -476.765625
-1099.6729736328125 -477.9111633300781
-1101.6541748046875 -476.52838134765625
-1103.6527099609375 -474.92626953125
-1105.6517333984375 -473.8634033203125
-1107.6483154296875 -471.86785888671875
-1105.7249755859375 -469.89111328125
-1107.724853515625 -467.92156982421875
-1105.9632568359375 -465.9269104003906
-1107.9630126953125 -463.9299621582031
-1106.407470703125 -462.0724182128906
-1108.4022216796875 -460.07696533203125
-1106.4307861328125 -458.0947265625
-1108.4180908203125 -456.1292724609375
-1106.7310791015625 -454.131591796875
-1108.646484375 -452.1659851074219
-1106.7435302734375 -451.622314453125
-1108.7420654296875 -449.6230163574219
-1106.8524169921875 -447.63092041015625
-1104.85400390625 -445.76458740234375
-1106.84375 -444.1133728027344
-1108.8424072265625 -442.11761474609375
-1106.862060546875 -440.13104248046875
-1108.833740234375 -438.1354064941406
-1107.0306396484375 -436.22576904296875
-1109.0302734375 -434.2316589355469
-1111.029052734375 -432.2353515625
-1111.4779052734375 -430.2353820800781
-1109.49951171875 -428.2378234863281
-1111.4990234375 -426.2385559082031
-1109.53662109375 -424.2419738769531
-1111.5364990234375 -422.2421875
-1109.7947998046875 -420.24945068359375
-1111.790771484375 -418.3255615234375
-1110.8643798828125 -416.3338928222656
-1108.8765869140625 -414.34661865234375
-1110.8759765625 -412.3530578613281
-1108.9097900390625 -410.3576965332031
-1110.9044189453125 -408.3988037109375
-1108.9383544921875 -406.59088134765625
-1110.9378662109375 -404.5954284667969
-1108.9547119140625 -402.5986328125
-1110.95458984375 -400.5989685058594
-1109.1676025390625 -398.6419677734375
-1107.1953125 -396.66253662109375
-1109.171142578125 -395.248291015625
-1107.17626953125 -393.2498779296875
-1109.1707763671875 -392.4622497558594
-1111.1683349609375 -391.5180358886719
-1109.2342529296875 -389.52215576171875
-1111.2340087890625 -387.5531005859375
-1109.290283203125 -385.55877685546875
-1111.2864990234375 -383.56134033203125
-1109.505126953125 -382.771240234375
-1111.48583984375 -380.80426025390625
-1109.603271484375 -378.8244323730469
-1111.598876953125 -376.8323669433594
-1111.1690673828125 -375.1159362792969
-1111.759765625 -373.26446533203125
-1109.82275390625 -371.3426818847656
-1111.7994384765625 -369.3522033691406
-1109.9351806640625 -367.58221435546875
-1111.92529296875 -365.614990234375
-1110.062255859375 -363.760986328125
-1112.0518798828125 -361.7750549316406
-1110.43505859375 -360.09832763671875
-1108.48046875 -358.27001953125
-1110.4749755859375 -356.2852478027344
-1108.5875244140625 -354.40289306640625
-1110.58740234375 -352.4064636230469
-1108.6871337890625 -350.6236572265625
-1110.6767578125 -348.6366271972656
-1108.749755859375 -346.9333190917969
-1110.724609375 -346.80023193359375
-1112.7237548828125 -345.03765869140625
-1111.1756591796875 -345.0937194824219
-1113.1737060546875 -343.1255187988281
-1111.2413330078125 -341.5589294433594
-1113.239990234375 -339.5816650390625
-1111.36669921875 -338.19708251953125
-1113.36279296875 -336.2353210449219
-1111.5123291015625 -335.5052795410156
-1113.5106201171875 -333.5849914550781
-1111.6612548828125 -332.7835388183594
-1113.660888671875 -330.8078918457031
-1111.7987060546875 -329.2256774902344
-1113.79736328125 -327.25933837890625
-1111.8948974609375 -325.97711181640625
-1113.8939208984375 -324.0029296875
-1114.864013671875 -323.6678466796875
-1113.9381103515625 -322.4460144042969
-1112.75390625 -322.0259704589844
-1110.8912353515625 -320.3553771972656
-1112.8909912109375 -318.4085998535156
-1112.613037109375 -316.900634765625
-1111.0977783203125 -315.0185241699219
-1113.0972900390625 -313.0287170410156
-1112.07568359375 -311.4604187011719
-1111.53515625 -311.93426513671875
-1109.8834228515625 -311.7411193847656
-1111.880859375 -309.754150390625
-1110.1297607421875 -311.07635498046875
-1112.0953369140625 -309.10693359375
-1110.4385986328125 -310.27838134765625
-1109.1966552734375 -310.3266906738281
-1111.013671875 -309.9031982421875
-1109.426513671875 -311.7268981933594
-1111.42578125 -309.7322082519531
-1109.838134765625 -308.8116149902344
-1111.7657470703125 -308.6349182128906
-1112.4425048828125 -310.4757995605469
-1113.03466796875 -310.7686462402344
-1112.4364013671875 -309.6139221191406
-1111.968017578125 -311.4118347167969
-1113.3228759765625 -313.19873046875
-1112.4017333984375 -312.6915588378906
-1113.8802490234375 -311.7510986328125
-1115.8392333984375 -309.9335632324219
-1117.553955078125 -311.68145751953125
-1118.12451171875 -313.39215087890625
-1119.40576171875 -311.427001953125
-1120.600341796875 -313.21112060546875
-1122.52685546875 -311.279052734375
-1124.3875732421875 -313.1746826171875
-1126.08984375 -311.2020263671875
-1127.2823486328125 -313.11749267578125
-1129.097412109375 -311.170166015625
-1130.873046875 -312.9663391113281
-1132.8494873046875 -311.1036071777344
-1133.91943359375 -312.8548889160156
