-954.0219116210938 -473.2957763671875
-954.4940795898438 -471.29913330078125
-955.5647583007812 -469.3127746582031
-954.5859375 -467.313720703125
-956.275390625 -465.31494140625
-958.2340698242188 -463.3304748535156
-956.9239501953125 -461.4225769042969
-956.047119140625 -459.4653625488281
-956.0408935546875 -457.470458984375
-955.5841674804688 -455.72308349609375
-957.36767578125 -453.9034423828125
-958.7257080078125 -451.9126892089844
-956.9252319335938 -449.92340087890625
-957.353271484375 -447.9244384765625
-955.9971313476562 -445.9247131347656
-957.714111328125 -443.9249572753906
-959.0586547851562 -441.9252014160156
-960.2884521484375 -440.48980712890625
-960.7603149414062 -438.5278625488281
-959.4950561523438 -436.54022216796875
-958.36572265625 -434.5499267578125
-958.3619384765625 -432.5638427734375
-959.3883666992188 -430.58050537109375
-957.3983154296875 -428.5812072753906
-956.669189453125 -426.5859680175781
-957.388427734375 -424.5897216796875
-958.4160766601562 -422.5947265625
-957.0851440429688 -420.5999755859375
-957.5789184570312 -418.60028076171875
-958.365234375 -416.7027587890625
-956.5419311523438 -414.70806884765625
-956.5028076171875 -412.72259521484375
-954.8292846679688 -410.724365234375
-954.0057983398438 -408.7287902832031
-954.2056274414062 -406.7317199707031
-956.0233764648438 -404.8660583496094
-957.4930419921875 -402.92095947265625
-956.820556640625 -400.9358825683594
-958.8052368164062 -398.9359130859375
-959.5946655273438 -396.9361572265625
-961.4745483398438 -394.9362487792969
-962.745849609375 -395.25518798828125
-964.6431274414062 -397.2444763183594
-966.3027954101562 -395.2448425292969
-968.0907592773438 -397.21929931640625
-969.8246459960938 -395.2193298339844
-971.0590209960938 -396.6851501464844
-973.0150146484375 -394.6851501464844
-974.9530639648438 -396.6539306640625
-976.9006958007812 -394.6539611816406
-978.1292114257812 -396.6481628417969
-980.1283569335938 -394.6484375
-982.0333862304688 -396.63409423828125
-984.0230712890625 -394.63421630859375
-985.994384765625 -396.6319580078125
-987.609130859375 -394.6319580078125
-989.5816650390625 -396.4366455078125
-991.5679931640625 -394.4366760253906
-993.521728515625 -396.38323974609375
-995.5086059570312 -394.38330078125
-997.4656982421875 -396.3751525878906
-999.3506469726562 -394.37518310546875
-1001.1590576171875 -396.3656311035156
-1003.0582275390625 -394.36566162109375
-1004.555908203125 -396.3582763671875
-1006.5452270507812 -394.3583068847656
-1007.8815307617188 -396.3555908203125
-1009.8772583007812 -394.3589172363281
-1011.8510131835938 -396.32843017578125
-1012.86962890625 -394.3284606933594
-1014.664794921875 -396.2943115234375
-1016.65234375 -394.2944030761719
-1017.8534545898438 -396.26324462890625
-1019.8517456054688 -394.2633056640625
-1021.774658203125 -396.2601013183594
-1023.7671508789062 -394.26025390625
-1025.755126953125 -392.2602844238281
-1027.4544677734375 -394.230712890625
-1029.451171875 -392.2308349609375
-1031.4349365234375 -393.8611755371094
-1033.1494140625 -395.8416442871094
-1035.137939453125 -393.8416748046875
-1036.7989501953125 -395.8175354003906
-1038.798828125 -393.81768798828125
-1040.423828125 -395.81109619140625
-1042.4136962890625 -393.8112487792969
-1043.6597900390625 -395.73602294921875
-1045.6387939453125 -393.7360534667969
-1045.34423828125 -395.7203369140625
-1047.3079833984375 -393.72052001953125
-1048.2335205078125 -395.5531921386719
-1049.524169921875 -393.5534362792969
-1051.5072021484375 -395.5002746582031
-1053.4879150390625 -393.50030517578125
-1055.027587890625 -395.4916076660156
-1057.0201416015625 -393.4918212890625
-1058.4102783203125 -395.3494567871094
-1060.4083251953125 -393.34954833984375
-1062.399658203125 -395.2575378417969
-1063.1319580078125 -393.2578125
-1064.285888671875 -395.2383117675781
-1065.375 -393.2394714355469
-1067.3740234375 -391.2424011230469
-1069.3343505859375 -392.6468505859375
-1071.2862548828125 -390.6468505859375
-1069.576416015625 -392.35498046875
-1071.556640625 -390.3550109863281
-1072.99169921875 -391.398193359375
-1072.2073974609375 -393.2959899902344
-1074.20556640625 -391.2961730957031
-1076.103515625 -392.9103698730469
-1078.101318359375 -390.910400390625
-1079.1754150390625 -392.84307861328125
-1077.4361572265625 -394.5965881347656
-1079.4359130859375 -392.5967712402344
-1080.9970703125 -394.5624084472656
-1082.8837890625 -396.5505065917969
-1084.797607421875 -394.55120849609375
-1086.769775390625 -392.5516052246094
-1086.222900390625 -394.422607421875
-1088.221435546875 -392.4234619140625
-1087.314208984375 -394.38177490234375
-1089.3050537109375 -392.3818664550781
-1091.2520751953125 -394.0718688964844
-1092.8359375 -396.0522766113281
-1094.8291015625 -394.0525207519531
-1096.7579345703125 -395.8743591308594
-1098.751220703125 -393.8744812011719
-1100.70361328125 -395.8723449707031
-1102.6103515625 -397.77081298828125
-1104.605712890625 -395.7710876464844
-1106.5054931640625 -397.2714538574219
-1108.50390625 -395.2714538574219
-1110.4459228515625 -394.0176696777344
-1109.9100341796875 -392.0180969238281
-1108.91015625 -390.0181884765625
-1110.9095458984375 -388.13421630859375
-1112.9078369140625 -386.13470458984375
-1111.031005859375 -384.2440185546875
-1109.2186279296875 -382.36883544921875
-1111.21826171875 -380.36883544921875
-1109.224853515625 -378.5287170410156
-1111.2230224609375 -376.5297546386719
-1111.548828125 -374.5312805175781
-1109.761474609375 -372.5502624511719
-1111.758544921875 -370.55029296875
-1109.8441162109375 -368.574951171875
-1111.84326171875 -366.57513427734375
-1109.8753662109375 -365.96160888671875
-1111.87255859375 -363.9625244140625
-1110.65966796875 -361.9751892089844
-1110.1646728515625 -360.0215759277344
-1112.148681640625 -358.0553894042969
-1110.177734375 -356.10540771484375
-1112.1627197265625 -354.1075744628906
-1110.2293701171875 -352.1715393066406
-1110.376220703125 -350.4945983886719
-1109.738525390625 -348.7939453125
-1111.7303466796875 -350.7376708984375
-1109.9305419921875 -348.7578125
-1111.9224853515625 -350.6015625
-1110.12109375 -348.665283203125
-1112.0384521484375 -350.4976806640625
-1110.2965087890625 -349.3577880859375
-1108.35546875 -347.6799011230469
-1110.0152587890625 -349.54327392578125
-1112.0106201171875 -347.6485900878906
-1110.5599365234375 -346.30853271484375
-1110.9073486328125 -345.5255432128906
-1112.3773193359375 -346.0751647949219
-1110.4388427734375 -344.183349609375
-1112.3717041015625 -342.2424621582031
-1110.9105224609375 -340.2461853027344
-1112.8123779296875 -338.26947021484375
-1111.082763671875 -336.3027038574219
-1113.0821533203125 -334.3028564453125
-1111.5013427734375 -332.44793701171875
-1113.4984130859375 -330.458984375
-1111.6944580078125 -329.9735107421875
-1113.69384765625 -328.0092468261719
-1111.8642578125 -326.09295654296875
-1113.8485107421875 -324.10711669921875
-1112.2000732421875 -322.2801208496094
-1111.2052001953125 -320.2954406738281
-1113.0211181640625 -318.3285827636719
-1114.412841796875 -316.33331298828125
-1115.41162109375 -314.3334045410156
-1117.328125 -312.3369140625
-1118.27783203125 -314.3206481933594
-1120.258056640625 -312.32080078125
-1122.0218505859375 -314.31524658203125
-1123.891357421875 -312.31573486328125
-1125.8883056640625 -314.2307434082031
-1127.80615234375 -312.23089599609375
-1129.7764892578125 -310.2309265136719
-1131.1683349609375 -312.20208740234375
-1133.0797119140625 -313.54803466796875
-1135.07080078125 -311.54876708984375
-1137.0538330078125 -313.51458740234375
-1139.050048828125 -311.5148620605469
-1140.9517822265625 -313.3946228027344
-1142.92822265625 -311.39471435546875
-1144.92236328125 -309.3947448730469
-1146.9036865234375 -308.01068115234375
-1148.87451171875 -307.9671325683594
-1150.853515625 -305.9671630859375
-1152.759033203125 -307.96612548828125
-1154.7557373046875 -305.96612548828125
-1156.6767578125 -307.9654846191406
