-957.3323364257812 -473.24554443359375
-958.5955810546875 -471.2955322265625
-960.1619262695312 -469.4252624511719
-961.7260131835938 -467.4313049316406
-960.9677734375 -465.43536376953125
-962.44091796875 -463.44879150390625
-961.7678833007812 -461.4707946777344
-963.39501953125 -459.4922790527344
-963.1845703125 -457.50970458984375
-961.7357788085938 -455.5563659667969
-960.6698608398438 -455.1143493652344
-959.2026977539062 -453.1402587890625
-959.4545288085938 -451.1533203125
-961.3831787109375 -449.183349609375
-963.2262573242188 -447.3681640625
-965.1580200195312 -445.36981201171875
-967.1220703125 -443.40496826171875
-965.8477172851562 -441.52191162109375
-964.2001953125 -440.73187255859375
-963.5967407226562 -441.155517578125
-964.2564697265625 -439.1908264160156
-964.7236328125 -437.6778259277344
-965.181640625 -435.7190246582031
-966.3963012695312 -433.7293701171875
-966.1010131835938 -431.9927978515625
-964.9092407226562 -430.1867980957031
-965.0570678710938 -428.5875549316406
-963.3168334960938 -426.88372802734375
-964.1937255859375 -424.9289245605469
-965.2619018554688 -422.9381103515625
-965.1054077148438 -420.94537353515625
-964.5665283203125 -419.0723876953125
-964.7952270507812 -417.1627502441406
-966.4082641601562 -415.36419677734375
-966.0664672851562 -413.4812927246094
-966.7083740234375 -411.9308166503906
-967.4328002929688 -409.9458312988281
-967.2893676757812 -407.9537658691406
-965.3197021484375 -405.96734619140625
-965.6173706054688 -403.9715576171875
-965.0963134765625 -402.0262145996094
-964.873779296875 -400.1510009765625
-966.3934326171875 -398.1666564941406
-968.2185668945312 -396.1804504394531
-970.2167358398438 -394.1805114746094
-968.7451171875 -392.3248596191406
-967.0601806640625 -391.03173828125
-966.3477783203125 -389.3703918457031
-964.3687133789062 -387.3955078125
-963.5084228515625 -385.5538024902344
-964.802978515625 -383.5700988769531
-964.0340576171875 -381.58416748046875
-963.0235595703125 -379.8640441894531
-964.332763671875 -377.8886413574219
-966.030029296875 -376.0368957519531
-964.181884765625 -374.0414733886719
-963.2278442382812 -372.1417236328125
-963.8341064453125 -370.18768310546875
-962.0275268554688 -368.2038269042969
-962.3331298828125 -366.2863464355469
-963.4237060546875 -364.30780029296875
-965.059814453125 -362.3487854003906
-966.4052734375 -360.4130554199219
-966.5018310546875 -358.4419250488281
-967.8164672851562 -356.57623291015625
-965.8279418945312 -357.2655334472656
-963.8831787109375 -356.6427001953125
-963.141845703125 -354.7889709472656
-962.4744262695312 -352.94293212890625
-964.0541381835938 -351.07073974609375
-965.4627075195312 -349.1173095703125
-964.4221801757812 -347.1615295410156
-962.6325073242188 -345.2915954589844
-962.8302001953125 -343.38873291015625
-964.4619750976562 -341.46099853515625
-966.1864013671875 -341.52545166015625
-965.647216796875 -340.32489013671875
-963.8763427734375 -338.3609619140625
-964.6351318359375 -336.3638000488281
-965.609619140625 -335.1912841796875
-965.5368041992188 -333.3096923828125
-964.75927734375 -331.6466979980469
-964.6156616210938 -329.796875
-963.4420776367188 -328.2791442871094
-963.883056640625 -326.3747863769531
-965.5690307617188 -324.40228271484375
-967.1045532226562 -322.4976501464844
-966.60205078125 -321.3342590332031
-967.4985961914062 -321.9825134277344
-967.9554443359375 -320.1723937988281
-966.7307739257812 -318.19757080078125
-968.1097412109375 -316.2889709472656
-970.0966796875 -314.6902770996094
-971.8963012695312 -312.7036437988281
-973.6846313476562 -313.4690246582031
-975.5894775390625 -314.8948669433594
-977.5673217773438 -312.89971923828125
-978.6987915039062 -314.7671813964844
-980.6978759765625 -312.769775390625
-982.6686401367188 -313.7212219238281
-984.5271606445312 -314.98663330078125
-986.486328125 -313.0195617675781
-987.207763671875 -314.4494323730469
-989.1404418945312 -312.45068359375
-990.9613037109375 -314.4227294921875
-992.9552001953125 -312.4246520996094
-994.942626953125 -314.2055358886719
-996.9263916015625 -312.214111328125
-998.5200805664062 -314.1187744140625
-1000.5155029296875 -312.1190490722656
-1002.3807373046875 -313.85205078125
-1004.3788452148438 -311.8631591796875
-1006.2042236328125 -311.607421875
-1007.40869140625 -313.3553771972656
-1009.4033203125 -311.3559265136719
-1011.3966674804688 -313.33837890625
-1013.15380859375 -315.33184814453125
-1015.0887451171875 -317.0368347167969
-1017.086669921875 -318.8010559082031
-1019.014892578125 -316.930419921875
-1018.58984375 -314.9794921875
-1020.5258178710938 -316.8721618652344
-1021.57568359375 -314.9974365234375
-1023.3280029296875 -313.002685546875
-1024.606689453125 -314.94024658203125
-1025.5185546875 -312.97259521484375
-1027.51318359375 -310.9748840332031
-1028.0706787109375 -312.14324951171875
-1028.0208740234375 -313.42230224609375
-1029.9141845703125 -311.4252624511719
-1031.8931884765625 -313.1120910644531
-1033.89013671875 -311.1140441894531
-1035.8804931640625 -309.1239929199219
-1037.8795166015625 -311.0979919433594
-1039.8743896484375 -309.09844970703125
-1041.8736572265625 -307.10125732421875
-1043.86865234375 -309.0308532714844
-1045.865478515625 -307.03387451171875
-1047.8651123046875 -305.0340270996094
-1049.8001708984375 -305.0767517089844
-1051.7569580078125 -306.2197265625
-1051.6912841796875 -307.8621826171875
-1053.6143798828125 -309.5102233886719
-1055.6123046875 -307.51910400390625
-1054.843017578125 -308.9583740234375
-1056.69482421875 -309.7842712402344
-1058.2852783203125 -311.3943176269531
-1060.2847900390625 -309.3955078125
-1062.1597900390625 -311.3121032714844
-1064.0372314453125 -313.1087646484375
-1066.0364990234375 -311.11151123046875
-1066.0501708984375 -313.0745544433594
-1068.046630859375 -311.0769348144531
-1070.02294921875 -312.3164978027344
-1072.0120849609375 -310.3201599121094
-1073.6876220703125 -312.28363037109375
-1075.6842041015625 -310.29876708984375
-1077.612548828125 -312.1729431152344
-1079.6123046875 -310.1805725097656
-1081.5675048828125 -312.1748046875
-1083.5562744140625 -310.20947265625
-1085.15771484375 -312.1852111816406
-1087.1568603515625 -310.1866455078125
-1089.1553955078125 -308.19189453125
-1091.147216796875 -310.06646728515625
-1093.1339111328125 -308.0711669921875
-1091.8958740234375 -309.49871826171875
-1093.89208984375 -311.445556640625
-1095.89013671875 -309.44647216796875
-1097.853271484375 -311.3888244628906
-1099.8472900390625 -309.388916015625
-1101.793212890625 -311.079833984375
-1103.792236328125 -309.1112365722656
-1105.6986083984375 -311.1025085449219
-1107.69775390625 -309.10272216796875
-1109.6959228515625 -311.09490966796875
-1111.6524658203125 -312.9048156738281
-1113.650146484375 -314.7878723144531
-1115.052978515625 -312.79193115234375
-1117.0465087890625 -314.7378845214844
-1119.034912109375 -312.73956298828125
-1120.9881591796875 -314.70709228515625
-1122.98583984375 -312.7161560058594
-1124.9857177734375 -310.7168273925781
-1126.527099609375 -312.7102355957031
-1128.523681640625 -310.7119140625
-1130.5130615234375 -312.60186767578125
-1132.5086669921875 -310.6043395996094
-1134.4593505859375 -312.5972595214844
-1136.4521484375 -314.5941467285156
-1138.451904296875 -312.59661865234375
-1140.4271240234375 -310.5969543457031
-1142.190185546875 -312.5934753417969
-1144.189697265625 -310.6436462402344
-1146.1864013671875 -308.731689453125
-1148.184326171875 -306.80072021484375
-1150.1365966796875 -305.3875732421875
-1151.5123291015625 -307.384033203125
-1153.453369140625 -305.4844665527344
-1155.405029296875 -307.478271484375
-1157.402099609375 -305.4937438964844
