-957.8934326171875 -477.1458740234375
-959.8934326171875 -479.1456604003906
-961.8934326171875 -481.1443176269531
-963.8934326171875 -483.144287109375
-965.8934326171875 -485.14410400390625
-967.8934326171875 -487.14410400390625
-969.8934326171875 -489.14410400390625
-971.8934326171875 -491.1440734863281
-973.8931884765625 -489.1441650390625
-975.8931884765625 -491.1441345214844
-977.8876953125 -489.1441345214844
-979.8876953125 -491.1441345214844
-981.8876342773438 -489.1443786621094
-983.8876342773438 -491.14434814453125
-985.88671875 -489.1443786621094
-987.88671875 -491.1437072753906
-989.886474609375 -489.1437683105469
-991.886474609375 -491.1437072753906
-993.8861694335938 -489.1441650390625
-995.8861694335938 -491.1365051269531
-997.8860473632812 -489.1370849609375
-999.8860473632812 -491.1363525390625
-1001.885986328125 -489.13641357421875
-1003.8850708007812 -487.13641357421875
-1005.8850708007812 -489.13623046875
-1007.8847045898438 -487.1364440917969
-1009.884521484375 -489.13629150390625
-1011.8843994140625 -487.13629150390625
-1013.8839111328125 -485.1377868652344
-1015.8839111328125 -487.1375427246094
-1017.8839111328125 -485.140380859375
-1019.8839111328125 -487.14019775390625
-1021.8837280273438 -485.1402587890625
-1023.8837280273438 -483.14031982421875
-1025.8836669921875 -485.1319274902344
-1027.8836669921875 -487.13189697265625
-1029.8798828125 -485.1319274902344
-1031.879638671875 -487.1304931640625
-1033.87939453125 -485.1305236816406
-1035.8792724609375 -487.13043212890625
-1037.8775634765625 -485.13079833984375
-1039.876708984375 -483.1308898925781
-1041.876708984375 -485.1308288574219
-1043.876708984375 -487.1305847167969
-1045.87646484375 -485.130615234375
-1047.87646484375 -487.1303405761719
-1049.875 -485.1303405761719
-1051.8748779296875 -487.1302490234375
-1053.8494873046875 -485.1307067871094
-1055.849365234375 -487.1300964355469
-1057.8492431640625 -485.1300964355469
-1059.8492431640625 -487.1294860839844
-1061.8482666015625 -485.2488098144531
-1063.8482666015625 -487.2481384277344
-1065.8450927734375 -485.2483825683594
-1067.8448486328125 -487.2466125488281
-1069.8165283203125 -485.24688720703125
-1071.8165283203125 -487.244140625
-1073.686279296875 -485.2507629394531
-1075.6861572265625 -487.236328125
-1077.6722412109375 -485.27191162109375
-1079.672119140625 -487.2718200683594
-1081.6688232421875 -485.2718505859375
-1080.299072265625 -483.2861633300781
-1082.2984619140625 -485.285888671875
-1083.9503173828125 -483.29400634765625
-1085.8843994140625 -481.33563232421875
-1086.567626953125 -479.3363342285156
-1088.56640625 -481.2906494140625
-1090.5614013671875 -479.2923889160156
-1092.3076171875 -477.2934875488281
-1094.3074951171875 -479.2911682128906
-1096.3033447265625 -477.2940673828125
-1098.29541015625 -479.28802490234375
-1100.2867431640625 -477.2908935546875
-1102.2841796875 -479.25823974609375
-1104.171875 -477.2582702636719
-1106.171142578125 -479.1032409667969
-1108.1619873046875 -477.1062927246094
-1110.157470703125 -478.9608154296875
-1112.152587890625 -480.6946105957031
-1114.09765625 -478.7030029296875
-1116.02099609375 -480.61688232421875
-1118.0142822265625 -478.6260070800781
-1119.984130859375 -480.59686279296875
-1121.9830322265625 -478.5987854003906
-1123.98046875 -480.5596923828125
-1125.9658203125 -478.56622314453125
-1127.9537353515625 -480.4356689453125
-1129.950927734375 -478.435791015625
-1131.24853515625 -480.42681884765625
-1131.4710693359375 -478.5703430175781
-1133.4110107421875 -480.5634765625
-1132.401123046875 -478.5640869140625
-1134.3980712890625 -480.5614318847656
-1136.217041015625 -478.5643005371094
-1135.3819580078125 -476.5644226074219
-1137.376708984375 -478.5216369628906
-1139.375 -476.5539855957031
-1141.373291015625 -478.40478515625
-1143.3712158203125 -476.4071044921875
-1145.3563232421875 -478.3478088378906
-1147.3385009765625 -476.3480529785156
-1149.00341796875 -477.7736511230469
-1150.9698486328125 -479.7173767089844
-1150.38525390625 -477.73529052734375
-1152.3829345703125 -479.720703125
-1154.3310546875 -477.8645324707031
-1153.7625732421875 -479.79827880859375
-1155.7052001953125 -477.7992858886719
-1157.2293701171875 -479.78814697265625
-1159.229248046875 -481.7634582519531
-1161.22412109375 -483.7502746582031
-1163.2235107421875 -482.0950927734375
-1164.688232421875 -483.8643493652344
-1166.6868896484375 -485.8094787597656
-1168.6812744140625 -483.8094787597656
-1170.5125732421875 -484.9588928222656
-1171.8616943359375 -486.95806884765625
-1173.5152587890625 -484.9581604003906
-1174.370361328125 -486.9449157714844
-1176.3505859375 -484.9449157714844
-1178.2789306640625 -486.9422607421875
-1178.429443359375 -484.9422912597656
-1180.4083251953125 -486.89849853515625
-1181.6571044921875 -484.89849853515625
-1183.2874755859375 -486.2183837890625
-1185.2166748046875 -484.2183837890625
-1187.0821533203125 -486.1646423339844
-1188.9444580078125 -484.1646728515625
-1190.6737060546875 -485.8554992675781
-1192.6431884765625 -483.85552978515625
-1194.601318359375 -485.8218078613281
-1196.452392578125 -487.6420593261719
-1198.276611328125 -485.6422119140625
-1200.2723388671875 -487.6368103027344
-1202.25146484375 -485.6370544433594
-1204.0650634765625 -487.46246337890625
-1205.9339599609375 -485.4628601074219
-1207.92138671875 -486.7828369140625
-1209.910888671875 -488.69091796875
-1211.86669921875 -486.6909484863281
-1213.714599609375 -488.38409423828125
-1215.5419921875 -486.3843688964844
-1217.541748046875 -486.58673095703125
-1219.53662109375 -488.4909362792969
-1221.5361328125 -486.4911193847656
-1223.3726806640625 -488.03814697265625
-1225.3271484375 -486.03826904296875
-1227.2347412109375 -485.67852783203125
-1229.20849609375 -483.71923828125
-1231.1646728515625 -483.5609436035156
-1233.120361328125 -481.5670166015625
-1235.01416015625 -479.8121032714844
-1236.5926513671875 -477.8299560546875
-1238.5133056640625 -475.871337890625
-1240.4222412109375 -473.9371337890625
-1242.0042724609375 -471.937255859375
-1243.922119140625 -469.9374694824219
-1245.8865966796875 -467.9379577636719
-1247.82763671875 -465.93902587890625
-1249.7838134765625 -463.9401550292969
-1247.8359375 -461.9408874511719
-1249.830810546875 -459.9416198730469
-1247.8365478515625 -457.9459228515625
-1249.7945556640625 -455.9459228515625
-1247.81103515625 -453.95098876953125
-1249.7659912109375 -451.9517822265625
-1248.1212158203125 -449.9702453613281
-1250.07373046875 -447.9702453613281
-1248.0982666015625 -445.9710998535156
-1250.0938720703125 -443.9710998535156
-1248.1103515625 -441.9935607910156
-1246.124755859375 -439.9960632324219
-1247.396484375 -437.9960632324219
-1245.3968505859375 -436.0094909667969
-1247.312744140625 -434.01031494140625
-1245.315673828125 -432.01104736328125
-1246.6490478515625 -430.0110778808594
-1248.5789794921875 -428.0110778808594
-1246.579833984375 -426.01873779296875
-1248.52197265625 -424.0513610839844
-1246.522216796875 -422.063720703125
-1246.4127197265625 -420.1226806640625
-1247.6922607421875 -418.12322998046875
-1246.5345458984375 -416.1246337890625
-1247.9141845703125 -414.126708984375
-1249.542236328125 -412.1267395019531
-1247.5430908203125 -410.1268310546875
-1247.41064453125 -408.1294860839844
-1249.2957763671875 -406.1295471191406
-1247.2957763671875 -404.1318359375
-1248.9202880859375 -402.1319274902344
-1246.9390869140625 -400.1738586425781
-1248.8944091796875 -398.1739807128906
-1246.89453125 -396.17523193359375
-1247.45361328125 -394.1752624511719
-1247.3238525390625 -392.17529296875
-1246.0721435546875 -390.17529296875
-1245.7474365234375 -388.17529296875
-1243.79248046875 -386.1753234863281
-1245.7581787109375 -384.1753234863281
-1246.0146484375 -382.1753234863281
-1245.6683349609375 -380.1753234863281
-1247.4881591796875 -378.1761474609375
-1245.4893798828125 -376.1763916015625
-1247.4869384765625 -374.1763916015625
-1245.4871826171875 -372.2257995605469
-1246.3388671875 -370.22589111328125
-1245.523193359375 -368.2259216308594
-1243.6888427734375 -366.2830810546875
-1241.701171875 -364.2978820800781
-1241.025146484375 -363.14361572265625
-1239.5140380859375 -361.3124084472656
-1237.9259033203125 -359.3168029785156
-1238.7412109375 -357.3406066894531
-1236.8673095703125 -355.34356689453125
-1234.9034423828125 -353.3443908691406
-1233.01025390625 -351.344482421875
-1231.0390625 -349.344482421875
-1229.3079833984375 -347.3446960449219
-1227.421142578125 -345.3447265625
-1225.475341796875 -343.3447265625
-1223.478271484375 -341.3448181152344
-1224.572021484375 -339.3448181152344
-1222.642822265625 -337.3448486328125
-1220.9442138671875 -335.34490966796875
-1219.1068115234375 -333.345458984375
-1217.3529052734375 -331.34552001953125
-1215.884521484375 -329.34552001953125
-1214.1522216796875 -327.3457336425781
-1212.5855712890625 -325.3458251953125
-1210.654296875 -323.345947265625
-1208.670166015625 -321.345947265625
-1206.7005615234375 -319.34600830078125
