-954.6992797851562 -473.1990051269531
-955.5521850585938 -471.199462890625
-957.442138671875 -469.2015380859375
-959.0913696289062 -467.201904296875
-957.9397583007812 -465.21209716796875
-956.576416015625 -463.26348876953125
-958.4067993164062 -461.267578125
-960.173095703125 -459.29296875
-958.5601806640625 -457.2943420410156
-957.005859375 -455.92938232421875
-955.4139404296875 -454.0021057128906
-956.5006103515625 -452.0036315917969
-957.3557739257812 -450.00811767578125
-957.9358520507812 -448.0186462402344
-959.7147216796875 -446.0271301269531
-959.4290161132812 -444.03106689453125
-957.9552001953125 -442.03118896484375
-956.1295776367188 -440.4035949707031
-954.6998901367188 -438.84893798828125
-954.6224975585938 -436.8496398925781
-955.7719116210938 -434.8563232421875
-956.53125 -432.8629150390625
-955.083251953125 -430.875244140625
-954.6739501953125 -428.8877258300781
-956.3965454101562 -426.9031982421875
-956.0985717773438 -424.9044494628906
-956.9440307617188 -422.9476013183594
-958.0494995117188 -420.9480285644531
-958.63525390625 -418.9492492675781
-960.141357421875 -416.9838562011719
-959.197509765625 -415.00042724609375
-958.4356689453125 -413.0099792480469
-959.2109375 -411.01898193359375
-959.9483642578125 -409.0220947265625
-958.4381103515625 -407.0708923339844
-957.5713500976562 -405.1396789550781
-958.6505737304688 -403.1424560546875
-959.818115234375 -401.2032470703125
-961.4483642578125 -399.2043151855469
-962.1130981445312 -397.2047424316406
-962.8389892578125 -395.2103271484375
-962.7327880859375 -396.3854064941406
-963.3027954101562 -394.38543701171875
-963.831298828125 -396.0519714355469
-965.6732177734375 -394.0519714355469
-967.0471801757812 -395.46142578125
-968.723388671875 -395.86932373046875
-970.6701049804688 -393.86932373046875
-971.8901977539062 -395.4632263183594
-973.8067016601562 -397.09747314453125
-975.8048706054688 -395.0975036621094
-977.7228393554688 -396.98712158203125
-979.7217407226562 -394.9871520996094
-980.7754516601562 -396.9322204589844
-982.7655639648438 -394.9322204589844
-984.6845703125 -396.80499267578125
-986.6838989257812 -394.8050231933594
-988.2535400390625 -396.30718994140625
-990.2479858398438 -394.30743408203125
-992.1047973632812 -395.5885314941406
-994.096923828125 -393.5894470214844
-996.0804443359375 -395.1494140625
-998.0648803710938 -393.14984130859375
-999.9837036132812 -393.7698669433594
-1001.9268798828125 -392.6780700683594
-1003.914306640625 -394.5458984375
-1005.7572021484375 -395.7349548339844
-1007.756591796875 -393.7350769042969
-1009.7371215820312 -394.3330078125
-1011.6912841796875 -394.368896484375
-1013.6651611328125 -395.73095703125
-1015.6522216796875 -393.7315673828125
-1017.5507202148438 -395.09320068359375
-1019.4411010742188 -396.7546081542969
-1021.4402465820312 -394.7649230957031
-1023.1815795898438 -396.6622314453125
-1025.1484375 -394.662353515625
-1027.1063232421875 -392.66363525390625
-1029.015869140625 -394.5322570800781
-1031.0086669921875 -392.53265380859375
-1032.899169921875 -394.35052490234375
-1034.7901611328125 -396.2808837890625
-1036.76904296875 -394.2826843261719
-1038.765869140625 -395.9888000488281
-1040.696533203125 -393.9888000488281
-1042.4288330078125 -394.9395751953125
-1044.427001953125 -392.965576171875
-1045.93017578125 -394.849609375
-1047.6466064453125 -392.8539123535156
-1049.5767822265625 -393.4485778808594
-1051.13232421875 -394.3293762207031
-1053.122314453125 -396.2811279296875
-1055.02685546875 -394.2861633300781
-1056.2135009765625 -395.8395080566406
-1058.190673828125 -393.8423767089844
-1060.0430908203125 -395.8144226074219
-1062.0428466796875 -393.83355712890625
-1063.379150390625 -395.5812683105469
-1061.4873046875 -393.5853271484375
-1063.3717041015625 -394.7950439453125
-1061.40478515625 -392.8014831542969
-1061.228271484375 -394.05657958984375
-1062.9405517578125 -395.7322082519531
-1060.96142578125 -393.7337341308594
-1062.944091796875 -395.1852111816406
-1060.9447021484375 -393.1856994628906
-1062.7635498046875 -395.1090393066406
-1060.772705078125 -393.1103210449219
-1062.5242919921875 -392.7705993652344
-1064.5172119140625 -394.4840087890625
-1063.7027587890625 -392.4842224121094
-1065.5880126953125 -393.99200439453125
-1063.693115234375 -391.99298095703125
-1065.6817626953125 -393.0832824707031
-1066.14599609375 -391.0843505859375
-1068.1444091796875 -392.966796875
-1069.9427490234375 -390.9669494628906
-1070.8963623046875 -388.9846496582031
-1072.3817138671875 -387.91796875
-1072.507080078125 -386.28973388671875
-1070.511962890625 -384.51007080078125
-1068.5736083984375 -382.5248718261719
-1070.5733642578125 -380.9940490722656
-1072.5732421875 -380.4142761230469
-1070.576416015625 -378.4397888183594
-1072.576171875 -376.5491027832031
-1070.614501953125 -374.6166687011719
-1068.630615234375 -372.6316833496094
-1070.5758056640625 -374.21337890625
-1068.6046142578125 -372.21380615234375
-1070.590576171875 -372.990478515625
-1068.6297607421875 -371.0188903808594
-1070.62451171875 -372.30706787109375
-1068.6533203125 -370.3225402832031
-1070.6348876953125 -371.58734130859375
-1068.7017822265625 -369.5928649902344
-1070.6959228515625 -370.7256774902344
-1072.693115234375 -372.4376525878906
-1070.8138427734375 -371.0939025878906
-1068.8397216796875 -369.1214294433594
-1070.8233642578125 -369.28857421875
-1072.8231201171875 -368.9234619140625
-1071.1387939453125 -366.94921875
-1073.138671875 -365.24261474609375
-1071.1766357421875 -364.9085693359375
-1073.1766357421875 -362.94732666015625
-1071.35791015625 -361.7287902832031
-1069.377197265625 -359.7601318359375
-1071.37646484375 -357.8778076171875
-1069.3992919921875 -355.88531494140625
-1071.39794921875 -353.91046142578125
-1069.4090576171875 -351.93975830078125
-1071.408935546875 -350.99615478515625
-1069.439208984375 -349.09039306640625
-1071.4390869140625 -347.3841247558594
-1069.443359375 -345.4286804199219
-1071.443115234375 -343.4331359863281
-1072.47900390625 -345.09356689453125
-1070.534423828125 -343.15008544921875
-1068.552978515625 -343.565673828125
-1070.548583984375 -341.5665588378906
-1068.7982177734375 -340.8894958496094
-1066.9290771484375 -339.10321044921875
-1068.9288330078125 -338.01708984375
-1066.973388671875 -336.2397155761719
-1068.9720458984375 -334.285400390625
-1067.2049560546875 -332.3172912597656
-1069.202392578125 -330.9403991699219
-1067.211669921875 -328.95318603515625
-1069.2109375 -326.9966735839844
-1067.230712890625 -325.1270446777344
-1069.230224609375 -323.1563720703125
-1067.333251953125 -321.1634826660156
-1069.332275390625 -320.94598388671875
-1067.33447265625 -319.7684326171875
-1069.3330078125 -318.3489685058594
-1067.348876953125 -316.351318359375
-1069.3487548828125 -314.36553955078125
-1068.9488525390625 -312.36553955078125
-1070.940185546875 -314.3211975097656
-1071.9744873046875 -312.3211975097656
-1073.71240234375 -310.3212585449219
-1075.705810546875 -311.1698303222656
-1077.696044921875 -313.1566162109375
-1079.4783935546875 -311.156982421875
-1081.465087890625 -309.1570739746094
-1082.4500732421875 -310.6643371582031
-1084.43359375 -312.5494079589844
-1086.416259765625 -310.5494384765625
-1088.4124755859375 -308.54949951171875
-1090.055419921875 -310.5037841796875
-1092.0543212890625 -308.5047302246094
-1093.9356689453125 -310.4905700683594
-1095.9351806640625 -308.4909973144531
-1097.93408203125 -310.478271484375
-1099.933837890625 -308.4788818359375
-1101.93212890625 -310.43072509765625
-1103.931884765625 -308.4388427734375
-1105.921875 -310.0557861328125
-1107.91845703125 -312.0228271484375
-1109.9146728515625 -310.1063537597656
-1111.8740234375 -312.1052551269531
-1113.8504638671875 -314.0459289550781
-1115.7615966796875 -312.04595947265625
-1117.759521484375 -314.02142333984375
-1119.751953125 -312.021484375
-1121.5191650390625 -314.0064392089844
-1123.5164794921875 -312.0064392089844
-1125.45166015625 -313.58489990234375
-1127.4512939453125 -311.5857849121094
-1129.4149169921875 -313.5496520996094
-1131.3804931640625 -311.5498962402344
-1133.296630859375 -313.5022277832031
-1135.292724609375 -311.5437316894531
-1137.2508544921875 -313.53826904296875
-1139.2440185546875 -311.5566711425781
-1141.2314453125 -313.4248352050781
-1143.2152099609375 -311.4251403808594
-1145.19921875 -309.4853515625
-1147.184326171875 -307.55999755859375
-1149.1817626953125 -309.07470703125
-1151.04296875 -307.17156982421875
-1153.03173828125 -306.5758361816406
-1154.6829833984375 -307.3245849609375
-1156.630859375 -305.3540954589844
