-1014.3834228515625 -135.41725158691406
-1016.383056640625 -137.41683959960938
-1014.533203125 -139.41676330566406
-1012.640869140625 -141.41659545898438
-1014.63916015625 -143.41590881347656
-1013.0721435546875 -145.41543579101562
-1015.0700073242188 -147.39541625976562
-1013.4550170898438 -149.39541625976562
-1015.452880859375 -151.39012145996094
-1014.2091674804688 -153.38999938964844
-1016.2091064453125 -155.38551330566406
-1014.3589477539062 -156.66549682617188
-1016.3564453125 -158.66070556640625
-1014.7598266601562 -160.6279296875
-1015.2476806640625 -162.62588500976562
-1013.735107421875 -164.6251983642578
-1011.8672485351562 -166.62513732910156
-1013.8632202148438 -168.62124633789062
-1013.8488159179688 -170.62124633789062
-1013.4742431640625 -172.6211700439453
-1011.7687377929688 -174.6208953857422
-1013.7623901367188 -176.42237854003906
-1011.807373046875 -178.42147827148438
-1013.8033447265625 -180.41891479492188
-1012.6309204101562 -182.41867065429688
-1014.610107421875 -184.41729736328125
-1013.07421875 -186.41729736328125
-1015.0740356445312 -188.4108428955078
-1013.1268920898438 -190.4045867919922
-1015.0989379882812 -192.27212524414062
-1017.0704956054688 -194.26776123046875
-1015.53564453125 -196.2654571533203
-1013.8192749023438 -198.26524353027344
-1012.2738037109375 -200.26507568359375
-1014.2731323242188 -202.13658142089844
-1012.3114013671875 -204.112548828125
-1014.300537109375 -205.81455993652344
-1015.5225219726562 -207.81414794921875
-1015.5408935546875 -209.81396484375
-1014.0685424804688 -211.81283569335938
-1015.9192504882812 -213.8119354248047
-1017.9183349609375 -211.98388671875
-1016.9925537109375 -213.98387145996094
-1018.9209594726562 -215.98355102539062
-1020.6724853515625 -215.2340087890625
-1022.6671752929688 -213.2510528564453
-1022.8792114257812 -215.25083923339844
-1024.8018798828125 -217.24295043945312
-1026.7291259765625 -216.15219116210938
-1028.700439453125 -214.9382781982422
-1030.511474609375 -216.93820190429688
-1032.0224609375 -215.13270568847656
-1031.707275390625 -217.132080078125
-1033.7054443359375 -215.9085693359375
-1035.70361328125 -214.73147583007812
-1037.579345703125 -216.72894287109375
-1039.5770263671875 -218.41732788085938
-1041.5758056640625 -217.31959533691406
-1043.5758056640625 -217.5845947265625
-1045.5758056640625 -219.11166381835938
-1047.5640869140625 -219.6756591796875
-1049.5640869140625 -221.47142028808594
-1048.142578125 -223.43826293945312
-1050.135498046875 -225.3337860107422
-1048.2796630859375 -227.32542419433594
-1050.083984375 -228.94252014160156
-1048.1055908203125 -227.4867706298828
-1050.1053466796875 -227.9210662841797
-1048.3603515625 -229.7647705078125
-1050.3497314453125 -231.6539306640625
-1048.3779296875 -233.5975341796875
-1050.366455078125 -235.51524353027344
-1050.349365234375 -237.4888916015625
-1048.6871337890625 -239.14088439941406
-1047.3505859375 -241.04469299316406
-1048.995361328125 -242.99180603027344
-1049.88916015625 -244.9352264404297
-1048.2723388671875 -246.90504455566406
-1050.2669677734375 -248.504150390625
-1048.5987548828125 -250.48452758789062
-1050.59716796875 -251.7068634033203
-1048.9090576171875 -253.01324462890625
-1050.905029296875 -254.83779907226562
-1050.66748046875 -256.83050537109375
-1049.0545654296875 -258.8165588378906
-1047.2347412109375 -260.7750244140625
-1049.2283935546875 -261.5495910644531
-1048.88916015625 -263.265625
-1050.32763671875 -265.2025451660156
-1048.3553466796875 -267.1944885253906
-1050.3553466796875 -267.2895812988281
-1048.9051513671875 -269.2197265625
-1050.89599609375 -268.9725341796875
-1049.0885009765625 -270.93646240234375
-1051.0882568359375 -272.32183837890625
-1049.2354736328125 -274.3186950683594
-1047.265869140625 -276.2812194824219
-1049.2657470703125 -278.0512390136719
-1047.2974853515625 -279.0361328125
-1049.2965087890625 -279.0523376464844
-1047.30126953125 -280.9022216796875
-1049.2879638671875 -282.5907287597656
-1047.449951171875 -284.5373840332031
-1049.4248046875 -286.4974365234375
-1047.495849609375 -288.4947814941406
-1049.4884033203125 -290.3890686035156
-1048.7994384765625 -292.3653564453125
-1047.8548583984375 -294.36212158203125
-1049.8448486328125 -295.7524719238281
-1048.3077392578125 -296.03759765625
-1047.765380859375 -296.32757568359375
-1049.7652587890625 -298.2995910644531
-1048.5927734375 -300.2156066894531
-1047.5047607421875 -302.1745910644531
-1049.4974365234375 -304.0603942871094
-1048.126953125 -305.4797668457031
-1046.15185546875 -307.17266845703125
-1048.1517333984375 -305.1763000488281
-1046.7999267578125 -307.14007568359375
-1048.734619140625 -305.18621826171875
-1050.122314453125 -306.7979736328125
-1048.6912841796875 -308.5500183105469
-1050.5648193359375 -306.5713195800781
-1049.232421875 -308.5129089355469
-1051.2291259765625 -306.51593017578125
-1050.1669921875 -308.47906494140625
-1052.1622314453125 -306.4793395996094
-1051.09375 -308.35418701171875
-1053.0936279296875 -306.37982177734375
-1053.210205078125 -308.3497619628906
-1051.5592041015625 -309.66162109375
-1053.55908203125 -307.664306640625
-1053.5882568359375 -309.6548156738281
-1055.564208984375 -307.7135314941406
-1054.678955078125 -309.71221923828125
-1056.407958984375 -311.6900939941406
-1058.3917236328125 -309.7017822265625
-1056.7569580078125 -311.6877136230469
-1058.6434326171875 -309.7169494628906
-1059.8114013671875 -311.7160339355469
-1061.8018798828125 -309.71685791015625
-1061.670654296875 -311.6700744628906
-1063.6651611328125 -309.83404541015625
-1065.3812255859375 -311.8050231933594
-1065.624267578125 -313.8001708984375
-1067.623046875 -312.9963073730469
-1069.6138916015625 -311.0198974609375
-1071.3428955078125 -312.7696533203125
-1073.2855224609375 -310.8305969238281
-1075.130859375 -312.722412109375
-1077.1273193359375 -310.73626708984375
-1078.954345703125 -312.7354736328125
-1080.9539794921875 -310.7494812011719
-1082.847412109375 -312.60272216796875
-1084.071533203125 -310.6037292480469
-1086.068603515625 -308.62030029296875
-1087.9984130859375 -310.2121887207031
-1089.9923095703125 -308.212890625
-1091.7198486328125 -310.1962585449219
-1093.697509765625 -308.19744873046875
-1095.4365234375 -310.1939392089844
-1095.59130859375 -312.1619567871094
-1097.4423828125 -310.1842041015625
-1099.3360595703125 -311.2789001464844
-1101.132568359375 -309.4178466796875
-1102.8052978515625 -311.4093322753906
-1104.7977294921875 -309.5144958496094
-1105.3028564453125 -311.3511962890625
-1105.7286376953125 -309.3675842285156
-1107.7125244140625 -311.2784729003906
-1109.7125244140625 -309.279541015625
-1109.469970703125 -311.0911560058594
-1111.28173828125 -313.03668212890625
-1113.263916015625 -311.0469055175781
-1113.3974609375 -312.91851806640625
-1114.20703125 -314.9156188964844
-1116.1435546875 -312.9404602050781
-1114.9554443359375 -314.92645263671875
-1114.347412109375 -313.0751647949219
-1112.71337890625 -314.984619140625
-1110.7647705078125 -312.9864807128906
-1112.0870361328125 -311.00823974609375
-1110.2413330078125 -313.005859375
-1112.2257080078125 -311.0304870605469
-1110.90185546875 -313.0259704589844
-1112.8992919921875 -311.08038330078125
-1112.7415771484375 -313.0480651855469
-1110.8668212890625 -314.99267578125
-1112.8624267578125 -313.0075378417969
-1113.8729248046875 -314.9154357910156
-1114.7952880859375 -314.35235595703125
-1116.009521484375 -312.48187255859375
-1117.7745361328125 -314.4674377441406
-1115.9599609375 -312.61102294921875
-1116.07861328125 -314.58502197265625
-1118.055908203125 -312.6057434082031
-1120.00830078125 -314.60150146484375
-1120.498291015625 -312.63665771484375
-1121.92041015625 -314.6360168457031
-1123.91796875 -312.73126220703125
-1125.753662109375 -310.739990234375
-1125.86767578125 -312.7038269042969
-1127.8546142578125 -310.7123718261719
-1129.4674072265625 -312.6036682128906
-1130.2623291015625 -310.680419921875
-1130.8304443359375 -312.2340087890625
-1132.0570068359375 -314.1935729980469
-1133.5328369140625 -312.2202453613281
-1133.5567626953125 -314.150146484375
-1135.40234375 -312.22955322265625
-1137.30419921875 -313.2750549316406
-1139.3001708984375 -311.36737060546875
-1140.75341796875 -312.7021789550781
-1142.744140625 -310.91168212890625
-1144.6160888671875 -312.59112548828125
