-1014.3775024414062 -135.4176483154297
-1016.3757934570312 -137.41761779785156
-1014.4019775390625 -139.41757202148438
-1016.400390625 -141.4175567626953
-1014.4133911132812 -143.4175567626953
-1012.4174194335938 -145.41754150390625
-1014.4152221679688 -147.41754150390625
-1016.0693359375 -149.41754150390625
-1014.2350463867188 -151.41754150390625
-1016.2340698242188 -153.41754150390625
-1017.2892456054688 -155.41754150390625
-1017.3518676757812 -156.00779724121094
-1015.5734252929688 -155.55970764160156
-1013.73828125 -156.4982452392578
-1015.7376098632812 -158.4982452392578
-1013.7400512695312 -160.30442810058594
-1011.740966796875 -162.30401611328125
-1013.6859741210938 -164.30401611328125
-1011.7383422851562 -166.30401611328125
-1013.7382202148438 -168.30401611328125
-1012.224365234375 -170.30398559570312
-1014.21533203125 -172.30398559570312
-1012.3143920898438 -174.303955078125
-1014.3143310546875 -176.30393981933594
-1012.4412231445312 -178.30381774902344
-1014.4397583007812 -180.30380249023438
-1012.5219116210938 -182.30360412597656
-1014.5199584960938 -184.30360412597656
-1012.5824584960938 -186.30348205566406
-1014.5734252929688 -188.30335998535156
-1012.6127319335938 -190.2877960205078
-1014.6114501953125 -192.2877960205078
-1012.6450805664062 -194.28741455078125
-1014.6435546875 -196.28741455078125
-1013.09912109375 -198.28741455078125
-1015.0929565429688 -200.28741455078125
-1013.2108154296875 -202.28604125976562
-1015.2101440429688 -204.28598022460938
-1013.5239868164062 -206.2857208251953
-1014.70654296875 -208.28533935546875
-1016.6005859375 -210.28526306152344
-1018.5614624023438 -212.28524780273438
-1020.5151977539062 -214.28524780273438
-1022.4088745117188 -216.2852325439453
-1024.3870849609375 -214.31088256835938
-1026.3369140625 -216.31088256835938
-1028.3365478515625 -214.9305419921875
-1030.06591796875 -216.9305419921875
-1031.98388671875 -215.1143798828125
-1033.93798828125 -217.1143798828125
-1035.9039306640625 -215.1790008544922
-1037.897705078125 -217.1790008544922
-1039.8812255859375 -215.2611846923828
-1041.8775634765625 -217.2611846923828
-1043.8665771484375 -218.37521362304688
-1045.865478515625 -220.3672332763672
-1047.865478515625 -222.36715698242188
-1049.8653564453125 -224.36712646484375
-1047.883056640625 -226.3662109375
-1049.8829345703125 -228.36614990234375
-1047.8896484375 -230.3660430908203
-1049.8892822265625 -232.3646240234375
-1047.9256591796875 -234.36343383789062
-1049.9130859375 -236.36343383789062
-1047.956298828125 -238.3423614501953
-1049.955078125 -240.3423614501953
-1049.296875 -242.34170532226562
-1047.3541259765625 -244.3383026123047
-1049.3531494140625 -246.3026580810547
-1047.589111328125 -248.29998779296875
-1049.589111328125 -250.2991180419922
-1051.5872802734375 -252.2986297607422
-1049.826904296875 -252.62808227539062
-1048.1300048828125 -254.28321838378906
-1050.1295166015625 -256.28302001953125
-1048.4652099609375 -258.10650634765625
-1050.4615478515625 -260.10614013671875
-1048.7076416015625 -262.0694885253906
-1050.7071533203125 -264.0694885253906
-1048.7171630859375 -266.05364990234375
-1050.7171630859375 -268.0323791503906
-1049.285888671875 -268.98516845703125
-1047.4630126953125 -270.9490051269531
-1049.4630126953125 -272.9437255859375
-1047.49609375 -274.8042907714844
-1049.4949951171875 -276.8036804199219
-1048.687255859375 -277.7599792480469
-1050.685302734375 -279.7599182128906
-1049.2191162109375 -280.0079650878906
-1051.2191162109375 -282.0069580078125
-1049.2550048828125 -281.9195861816406
-1049.120361328125 -280.5110168457031
-1051.1197509765625 -282.51080322265625
-1049.592529296875 -283.970703125
-1049.12744140625 -285.40313720703125
-1047.259765625 -286.0595397949219
-1049.257568359375 -288.0584411621094
-1050.82275390625 -289.9831237792969
-1052.79052734375 -291.9829406738281
-1054.7275390625 -293.9829406738281
-1052.7801513671875 -295.8371887207031
-1051.32421875 -297.4422607421875
-1052.5068359375 -299.018798828125
-1051.26025390625 -299.2642517089844
-1052.12451171875 -300.8752746582031
-1052.7659912109375 -302.258544921875
-1053.2919921875 -304.1518249511719
-1055.1190185546875 -306.1107482910156
-1056.8380126953125 -308.11041259765625
-1058.7840576171875 -310.1102294921875
-1060.770263671875 -312.1101989746094
-1062.770263671875 -310.11077880859375
-1064.7071533203125 -312.11065673828125
-1066.70703125 -310.1672668457031
-1068.68017578125 -312.167236328125
-1070.6019287109375 -314.1671447753906
-1072.5780029296875 -312.16796875
-1074.577880859375 -310.1683654785156
-1076.567626953125 -312.1683044433594
-1078.567626953125 -310.16925048828125
-1080.5562744140625 -312.1681823730469
-1082.55615234375 -310.1688537597656
-1084.5550537109375 -312.16766357421875
-1086.554931640625 -310.169921875
-1088.554931640625 -308.3379211425781
-1090.43505859375 -310.337890625
-1092.4349365234375 -308.3423156738281
-1094.3369140625 -310.34197998046875
-1096.3323974609375 -312.3418884277344
-1098.332275390625 -310.3423767089844
-1100.3321533203125 -308.3905029296875
-1102.328125 -310.3904113769531
-1104.32470703125 -308.4207458496094
-1106.1907958984375 -310.4192810058594
-1108.1717529296875 -312.4176025390625
-1110.17041015625 -314.1006774902344
-1112.169677734375 -313.6390686035156
-1114.1630859375 -315.6360168457031
-1115.6915283203125 -313.6985168457031
-1117.5540771484375 -311.7003479003906
-1119.538818359375 -313.7000732421875
-1121.5367431640625 -311.72735595703125
-1123.534912109375 -313.7271423339844
-1125.5279541015625 -311.7418518066406
-1127.47607421875 -313.74169921875
-1129.475341796875 -311.7693786621094
-1129.2689208984375 -313.7680358886719
-1131.249755859375 -312.2914733886719
-1130.8194580078125 -314.29107666015625
-1132.799560546875 -312.32098388671875
-1134.3297119140625 -314.2938537597656
-1136.161865234375 -312.47064208984375
-1138.089111328125 -314.47052001953125
-1139.919189453125 -315.4018859863281
-1141.8485107421875 -315.34161376953125
