-1013.4686279296875 -135.35177612304688
-1015.455810546875 -137.23959350585938
-1013.4564208984375 -139.2340087890625
-1013.892333984375 -141.20220947265625
-1015.6810913085938 -143.08506774902344
-1013.681884765625 -145.07220458984375
-1015.6387939453125 -146.72482299804688
-1013.638916015625 -148.6979217529297
-1015.5730590820312 -150.31236267089844
-1013.8463745117188 -152.31011962890625
-1015.821533203125 -154.03408813476562
-1014.1610717773438 -154.9188995361328
-1016.1299438476562 -156.65367126464844
-1014.1357421875 -156.77545166015625
-1016.1321411132812 -158.42796325683594
-1014.1323852539062 -158.16659545898438
-1012.1340942382812 -156.9281768798828
-1014.1211547851562 -158.9007110595703
-1012.1272583007812 -159.01429748535156
-1013.9715576171875 -160.91062927246094
-1011.97216796875 -162.64207458496094
-1013.9248657226562 -164.50506591796875
-1011.9261474609375 -166.4957733154297
-1013.8983764648438 -168.42166137695312
-1011.8994140625 -170.39944458007812
-1013.877685546875 -172.2340850830078
-1011.88720703125 -174.2186279296875
-1013.875 -175.71829223632812
-1011.8786010742188 -177.54733276367188
-1013.8751831054688 -176.03565979003906
-1011.8755493164062 -177.985595703125
-1013.866943359375 -177.96945190429688
-1011.8670043945312 -179.95005798339844
-1013.84033203125 -181.3249053955078
-1012.033203125 -183.20802307128906
-1013.9979248046875 -183.5750732421875
-1012.014404296875 -185.57015991210938
-1013.8681030273438 -184.49896240234375
-1011.872802734375 -186.48658752441406
-1013.8715209960938 -187.5368194580078
-1011.8765869140625 -189.48960876464844
-1013.776123046875 -191.18455505371094
-1011.7819213867188 -193.133056640625
-1013.7734375 -194.64634704589844
-1011.7739868164062 -196.3718719482422
-1013.7518310546875 -197.39256286621094
-1011.7579956054688 -199.3808135986328
-1013.6439208984375 -198.98974609375
-1011.9696655273438 -200.51126098632812
-1013.9682006835938 -202.3780059814453
-1012.072998046875 -204.0154571533203
-1014.052001953125 -205.3852996826172
-1012.0955810546875 -207.26553344726562
-1013.8530883789062 -208.68463134765625
-1011.8793334960938 -210.64356994628906
-1013.833740234375 -212.56678771972656
-1015.4266967773438 -214.20083618164062
-1017.1906127929688 -213.0347900390625
-1017.0809936523438 -215.01817321777344
-1019.0673828125 -213.06341552734375
-1021.0333251953125 -215.04043579101562
-1022.4395751953125 -213.42086791992188
-1024.3616943359375 -215.41712951660156
-1025.710205078125 -217.4153289794922
-1027.333740234375 -215.634765625
-1026.5986328125 -213.7620391845703
-1028.5833740234375 -215.7425079345703
-1030.56982421875 -213.7504119873047
-1032.5234375 -215.73133850097656
-1033.8956298828125 -214.3097381591797
-1035.87939453125 -216.3074951171875
-1036.692626953125 -214.94017028808594
-1038.4971923828125 -216.9296875
-1040.347900390625 -215.2237091064453
-1042.1820068359375 -217.2205810546875
-1044.1171875 -215.8683624267578
-1046.0443115234375 -217.8603973388672
-1047.607421875 -219.85028076171875
-1049.604736328125 -221.48953247070312
-1047.6112060546875 -223.48719787597656
-1049.6104736328125 -225.38978576660156
-1047.6171875 -227.3885040283203
-1049.6141357421875 -228.9420623779297
-1047.750732421875 -230.7827606201172
-1049.750732421875 -232.51475524902344
-1047.7657470703125 -234.45870971679688
-1049.765380859375 -235.76974487304688
-1048.0791015625 -237.3657684326172
-1050.077392578125 -238.8723907470703
-1048.117431640625 -240.82142639160156
-1050.1173095703125 -241.59510803222656
-1048.1492919921875 -243.5253143310547
-1049.9932861328125 -242.73724365234375
-1048.067626953125 -244.73350524902344
-1050.0670166015625 -245.28404235839844
-1048.168701171875 -247.2805633544922
-1050.049072265625 -248.03399658203125
-1048.417724609375 -250.02285766601562
-1050.4100341796875 -251.90016174316406
-1048.752685546875 -253.89797973632812
-1050.7332763671875 -254.31858825683594
-1049.2562255859375 -256.26409912109375
-1048.1070556640625 -257.8451843261719
-1050.1053466796875 -256.8954772949219
-1049.2825927734375 -258.87567138671875
-1047.658203125 -260.8719482421875
-1049.6490478515625 -261.4538879394531
-1050.8614501953125 -262.5086975097656
-1050.1318359375 -264.5044860839844
-1048.995849609375 -266.4090881347656
-1048.9356689453125 -268.0191345214844
-1050.9354248046875 -269.0840148925781
-1051.405029296875 -270.578369140625
-1050.1771240234375 -271.5369873046875
-1049.728515625 -272.9653015136719
-1049.5592041015625 -272.6922302246094
-1049.304443359375 -274.6099853515625
-1051.1385498046875 -276.3363952636719
-1053.0611572265625 -277.3145446777344
-1051.0693359375 -277.9974060058594
-1049.2398681640625 -279.52886962890625
-1050.613525390625 -281.20294189453125
-1051.1444091796875 -282.0779113769531
-1050.48681640625 -283.7680358886719
-1049.9412841796875 -285.5229187011719
-1051.644775390625 -287.20391845703125
-1052.11669921875 -288.9657287597656
-1054.1138916015625 -290.68682861328125
-1055.957275390625 -292.6247863769531
-1057.521484375 -292.00115966796875
-1057.216552734375 -290.6893615722656
-1059.201416015625 -292.6717224121094
-1057.248291015625 -290.69268798828125
-1059.15234375 -292.6792297363281
-1057.2330322265625 -290.9051208496094
-1059.2232666015625 -292.85931396484375
-1057.3837890625 -290.9110412597656
-1059.35302734375 -292.69873046875
-1058.5477294921875 -290.7429504394531
-1060.4918212890625 -288.7442321777344
-1062.18359375 -290.6919860839844
-1064.149169921875 -288.6926574707031
-1065.7073974609375 -290.66851806640625
-1067.7030029296875 -288.6702575683594
-1069.6849365234375 -289.5262756347656
-1071.6754150390625 -287.52655029296875
-1073.67431640625 -285.5306396484375
-1075.473876953125 -283.9045715332031
-1077.4097900390625 -285.6561584472656
-1079.2164306640625 -283.9328308105469
-1081.2161865234375 -285.8707580566406
-1083.179443359375 -284.1811218261719
-1084.0487060546875 -286.0818176269531
-1085.9886474609375 -287.99285888671875
-1084.2542724609375 -289.9725036621094
-1086.253173828125 -288.1235656738281
-1087.0728759765625 -290.05633544921875
-1087.5394287109375 -291.94549560546875
-1085.63427734375 -293.78851318359375
-1087.630126953125 -295.7046813964844
-1088.6690673828125 -294.680419921875
-1087.621337890625 -294.56732177734375
-1086.324951171875 -295.2314758300781
-1087.90478515625 -297.1335144042969
-1086.818115234375 -297.4482727050781
-1086.5491943359375 -299.4168701171875
-1084.9967041015625 -301.3305358886719
-1086.9967041015625 -302.2917175292969
-1088.9710693359375 -304.276123046875
-1090.88330078125 -306.16864013671875
-1092.85400390625 -308.1587219238281
-1094.8536376953125 -309.80682373046875
-1096.8524169921875 -311.7803649902344
-1098.73095703125 -310.6654357910156
-1100.729736328125 -309.9859619140625
-1102.7139892578125 -311.9208679199219
-1104.5068359375 -311.6202697753906
-1106.495361328125 -310.99786376953125
-1108.493408203125 -309.10015869140625
-1110.4927978515625 -310.98516845703125
-1112.490234375 -312.9247741699219
-1114.4901123046875 -314.9229431152344
-1116.4864501953125 -313.6287536621094
-1118.3719482421875 -312.3334045410156
-1120.3687744140625 -314.2841796875
-1122.35888671875 -315.67578125
-1124.3236083984375 -313.7514953613281
-1126.2130126953125 -313.1072998046875
-1128.14599609375 -311.75341796875
-1130.1417236328125 -313.640625
-1132.137939453125 -313.4638366699219
-1134.1268310546875 -311.689208984375
-1136.124267578125 -313.5522766113281
-1137.5972900390625 -313.5162048339844
-1139.1805419921875 -315.1414489746094
-1141.1634521484375 -315.4826354980469
