-848.4556274414062 12.059059143066406
-849.7965087890625 10.1039400100708
-847.8251342773438 11.533523559570312
-845.9452514648438 10.773072242736816
-844.0045166015625 12.291651725769043
-843.0765380859375 10.295272827148438
-841.2799682617188 9.170001983642578
-839.2813110351562 7.39794921875
-837.3052978515625 5.634832859039307
-835.5699462890625 3.641833782196045
-833.6029052734375 1.6465797424316406
-835.6025390625 -0.34189465641975403
-833.6549682617188 -2.1730833053588867
-835.6534423828125 -3.9822328090667725
-833.6666870117188 -5.979734897613525
-835.66650390625 -7.9692158699035645
-833.6688232421875 -9.965778350830078
-835.6687622070312 -11.947883605957031
-833.718017578125 -13.945717811584473
-835.7174072265625 -15.944456100463867
-833.9420776367188 -17.928857803344727
-835.94189453125 -19.928499221801758
-834.011474609375 -21.69870948791504
-832.0121459960938 -23.532976150512695
-834.0121459960938 -25.484712600708008
-836.0120849609375 -27.46785545349121
-834.0346069335938 -29.450115203857422
-836.0341186523438 -31.447277069091797
-834.044921875 -33.304996490478516
-836.0433959960938 -35.30171585083008
-834.0469360351562 -37.03604507446289
-836.0466918945312 -38.51482009887695
-834.0479125976562 -40.45695495605469
-836.0446166992188 -42.22327423095703
-834.0464477539062 -43.94425582885742
-836.0428466796875 -45.933265686035156
-834.0515747070312 -47.904823303222656
-832.0626831054688 -49.8831901550293
-834.062255859375 -51.87457275390625
-832.0703735351562 -53.864036560058594
-834.0697021484375 -55.8636474609375
-836.0658569335938 -57.85039138793945
-834.1334228515625 -59.846187591552734
-836.1319580078125 -61.84482192993164
-834.14697265625 -63.75818634033203
-832.1475830078125 -65.75261688232422
-834.1473999023438 -67.674560546875
-832.147705078125 -69.60775756835938
-834.1468505859375 -71.59493255615234
-832.1484985351562 -73.59066009521484
-834.1431884765625 -75.58741760253906
-832.1466064453125 -77.53356170654297
-834.145751953125 -79.42755889892578
-832.14599609375 -81.40283966064453
-834.1455078125 -83.39341735839844
-832.1541137695312 -84.98020935058594
-834.1539916992188 -86.97811126708984
-832.1566162109375 -88.97321319580078
-834.1515502929688 -90.9669189453125
-832.1534423828125 -92.92989349365234
-834.1533203125 -94.92577362060547
-832.1590576171875 -96.89290618896484
-834.1588745117188 -98.88135528564453
-832.1610107421875 -100.8541488647461
-834.1586303710938 -102.8422622680664
-832.1593627929688 -104.8280258178711
-833.9330444335938 -106.82772827148438
-831.9519653320312 -108.8234634399414
-831.2232055664062 -110.82283782958984
-833.218994140625 -112.8203125
-835.0950317382812 -114.8199462890625
-833.0980224609375 -116.81114959716797
-835.0939331054688 -118.80663299560547
-833.0980224609375 -120.66582489013672
-835.0641479492188 -122.65025329589844
-833.10205078125 -124.47643280029297
-835.0978393554688 -126.46797180175781
-833.1038818359375 -128.4669647216797
-835.1014404296875 -130.46534729003906
-833.1028442382812 -132.4488983154297
-835.0621337890625 -134.44337463378906
-833.07568359375 -136.43446350097656
-834.8630981445312 -138.43350219726562
-832.8701171875 -140.4248046875
-834.6865844726562 -142.42324829101562
-832.6893310546875 -144.4107208251953
-834.665283203125 -146.4086151123047
-832.6709594726562 -148.35443115234375
-834.4828491210938 -150.3288116455078
-832.4854125976562 -152.3280792236328
-834.4116821289062 -154.32240295410156
-832.4136352539062 -156.19554138183594
-834.3768920898438 -158.1949920654297
-832.37841796875 -160.1892547607422
-833.9722900390625 -162.18800354003906
-831.9725341796875 -164.18344116210938
-833.3369750976562 -166.16934204101562
-831.3381958007812 -168.06057739257812
-833.0538940429688 -169.27809143066406
-834.355712890625 -171.27406311035156
-835.09375 -173.26376342773438
-833.0958862304688 -175.2371063232422
-834.0301513671875 -177.22853088378906
-833.5626220703125 -179.21417236328125
-833.8001708984375 -181.21298217773438
-833.7186889648438 -183.13931274414062
-833.0491333007812 -185.12461853027344
