-848.4501342773438 12.556955337524414
-846.9891967773438 10.58683967590332
-845.405517578125 12.573168754577637
-844.333984375 10.632621765136719
-842.4010620117188 12.56396770477295
-840.5426635742188 10.798746109008789
-838.5902709960938 11.002653121948242
-836.7819213867188 9.784845352172852
-834.8199462890625 8.571420669555664
-832.8206787109375 6.581017017364502
-834.8181762695312 4.636593818664551
-832.8280639648438 2.862143039703369
-834.8256225585938 3.625239372253418
-832.846923828125 1.6715766191482544
-834.838134765625 -0.08241051435470581
-832.8514404296875 -2.0439870357513428
-834.8353881835938 -2.9535932540893555
-832.8370361328125 -4.469259738922119
-834.8366088867188 -6.115483283996582
-832.8377075195312 -8.009495735168457
-834.83251953125 -9.84412670135498
-832.8351440429688 -11.794933319091797
-834.8347778320312 -13.566935539245605
-832.8573608398438 -15.561938285827637
-834.8563232421875 -17.514341354370117
-832.8577880859375 -19.113632202148438
-834.829345703125 -21.064708709716797
-832.8348388671875 -22.999095916748047
-834.8343505859375 -24.910045623779297
-832.9292602539062 -26.78769874572754
-834.9285278320312 -28.649572372436523
-832.9375610351562 -30.605636596679688
-834.9359741210938 -32.302284240722656
-832.9402465820312 -34.297847747802734
-834.9395141601562 -36.193302154541016
-833.00390625 -38.155784606933594
-835.0032348632812 -39.401790618896484
-833.0517578125 -41.28779220581055
-835.05029296875 -43.28416442871094
-833.0659790039062 -45.25381851196289
-835.0653686523438 -46.192195892333984
-833.1370239257812 -48.16508483886719
-835.1268310546875 -50.16225051879883
-833.1829833984375 -52.127052307128906
-835.1812744140625 -54.12068176269531
-833.199462890625 -56.12031173706055
-835.1990966796875 -58.109371185302734
-837.197021484375 -60.106746673583984
-835.4083862304688 -60.644554138183594
-833.4373779296875 -62.5146598815918
-835.4373168945312 -64.40006256103516
-833.52197265625 -65.26567077636719
-835.5214233398438 -67.22199249267578
-833.5368041992188 -68.90665435791016
-831.5390625 -70.8736343383789
-833.5389404296875 -72.67489624023438
-831.5672607421875 -74.59917449951172
-833.5574340820312 -76.59590148925781
-831.5751953125 -78.19994354248047
-833.5719604492188 -79.84630584716797
-831.5810546875 -81.80409240722656
-833.5748901367188 -83.80066680908203
-831.6339111328125 -85.7442855834961
-833.6334838867188 -87.73870086669922
-831.6904907226562 -89.65499877929688
-833.6893920898438 -91.650146484375
-831.7022094726562 -93.57544708251953
-833.7005615234375 -95.54763793945312
-831.761474609375 -97.5215072631836
-833.759765625 -99.47308349609375
-831.8013916015625 -101.4716567993164
-833.8009643554688 -103.45932006835938
-831.8018798828125 -105.4015121459961
-833.7814331054688 -107.39643096923828
-831.8103637695312 -109.39244079589844
-833.6119384765625 -111.39088439941406
-831.9375610351562 -113.3873519897461
-833.9151000976562 -115.38703155517578
-832.0015258789062 -117.37848663330078
-834.00048828125 -119.3770980834961
-832.0219116210938 -121.2999496459961
-833.9514770507812 -123.29060363769531
-835.9488525390625 -125.28453063964844
-833.9888916015625 -127.27265930175781
-835.68408203125 -129.27200317382812
-833.8255615234375 -131.2446746826172
-835.8160400390625 -133.24375915527344
-833.8264770507812 -135.22674560546875
-835.7454833984375 -137.2262420654297
-833.7455444335938 -139.21669006347656
-831.780517578125 -141.21385192871094
-833.6375732421875 -143.2048797607422
-834.8005981445312 -145.2000274658203
-832.8048706054688 -147.1976776123047
-834.7086791992188 -149.19744873046875
-832.7106323242188 -151.196533203125
-834.6958618164062 -153.19606018066406
-832.6973266601562 -155.1841278076172
-833.7631225585938 -157.18319702148438
-835.6101684570312 -159.18312072753906
-833.6228637695312 -161.1563720703125
-831.6244506835938 -163.15594482421875
-831.067626953125 -165.15591430664062
-832.3450317382812 -167.14987182617188
-833.7982177734375 -169.14984130859375
-835.520263671875 -171.14979553222656
-833.5526733398438 -173.14959716796875
-831.8052978515625 -175.1495361328125
-833.7113647460938 -177.14950561523438
-833.9697265625 -179.1494903564453
-835.8037719726562 -181.14930725097656
-836.5949096679688 -183.14927673339844
-836.2303466796875 -185.14410400390625
