-848.5149536132812 9.34898567199707
-846.9882202148438 7.757991790771484
-845.114013671875 6.555929660797119
-843.1690673828125 5.110259056091309
-841.16943359375 6.419140338897705
-839.1710205078125 6.01206111907959
-837.1715698242188 5.646689414978027
-835.1731567382812 6.059206485748291
-833.176513671875 4.251201152801514
-835.1033325195312 2.3317947387695312
-833.1035766601562 1.0046422481536865
-835.0940551757812 -0.8956000208854675
-833.0941162109375 -2.211292028427124
-835.069091796875 -4.191220760345459
-833.0718994140625 -5.494457721710205
-835.05029296875 -7.465587615966797
-833.0505981445312 -9.336176872253418
-835.00830078125 -11.264593124389648
-833.009033203125 -12.023172378540039
-834.96923828125 -13.955339431762695
-832.9692993164062 -15.891764640808105
-834.9637451171875 -17.632862091064453
-832.9640502929688 -19.235597610473633
-834.952880859375 -21.07810401916504
-832.95361328125 -22.651399612426758
-834.9453735351562 -24.62394905090332
-832.946044921875 -25.723649978637695
-834.9439697265625 -27.721786499023438
-832.9439697265625 -29.48162269592285
-834.9273681640625 -31.471820831298828
-832.9310913085938 -32.881805419921875
-834.9193115234375 -34.72616958618164
-832.919921875 -36.59087371826172
-834.8973999023438 -38.57608413696289
-832.8975219726562 -40.5294189453125
-834.89306640625 -42.47901916503906
-832.902587890625 -44.45377731323242
-834.9002685546875 -46.42512130737305
-832.9015502929688 -48.244815826416016
-834.8977661132812 -50.23027038574219
-832.8978881835938 -52.18825912475586
-834.8873901367188 -54.175392150878906
-832.8877563476562 -55.98493194580078
-834.8867797851562 -57.98109817504883
-836.8859252929688 -59.97878646850586
-835.382080078125 -61.257232666015625
-833.4176025390625 -62.31277847290039
-834.2012329101562 -64.23513793945312
-832.230224609375 -65.85138702392578
-834.2232666015625 -67.84607696533203
-832.2250366210938 -69.56552124023438
-834.2242431640625 -71.55016326904297
-832.2243041992188 -73.34569549560547
-834.2223510742188 -75.32661437988281
-832.222412109375 -77.0584487915039
-833.9008178710938 -79.04739379882812
-831.90087890625 -81.01343536376953
-833.8954467773438 -82.85445404052734
-831.8964233398438 -84.57718658447266
-833.8958129882812 -86.5167236328125
-831.8958740234375 -88.40371704101562
-833.892333984375 -90.39186096191406
-831.893310546875 -92.04359436035156
-833.8921508789062 -93.9593505859375
-831.892578125 -95.94242095947266
-833.890625 -97.81893920898438
-831.8906860351562 -99.5488052368164
-833.8868408203125 -101.53214263916016
-831.8880004882812 -103.51543426513672
-833.8705444335938 -105.50393676757812
-831.8748779296875 -107.46532440185547
-833.8128051757812 -109.4642333984375
-831.9470825195312 -111.46176147460938
-833.2703857421875 -113.45963287353516
-834.5658569335938 -115.45648193359375
-832.5658569335938 -117.45270538330078
-834.5506591796875 -119.44939422607422
-832.5506591796875 -121.44424438476562
-834.5499267578125 -123.4439926147461
-832.5499877929688 -125.44223022460938
-834.4638671875 -127.4419174194336
-832.4639282226562 -129.4347381591797
-834.4588012695312 -131.43270874023438
-832.4591064453125 -133.4293212890625
-834.3930053710938 -135.42799377441406
-832.3931884765625 -137.41355895996094
-834.3876342773438 -139.4119873046875
-832.3876953125 -141.4116668701172
-833.9620361328125 -143.41043090820312
-835.0336303710938 -145.4101104736328
-833.0336303710938 -147.40843200683594
-835.00341796875 -149.40841674804688
-833.0034790039062 -151.40774536132812
-834.93505859375 -153.4073486328125
-832.9351196289062 -155.4061737060547
-834.7483520507812 -157.406005859375
-832.7483520507812 -159.4040985107422
-834.7262573242188 -161.40408325195312
-832.726318359375 -163.40225219726562
-830.726318359375 -165.3873291015625
-828.7578735351562 -167.37673950195312
-826.9024658203125 -169.37164306640625
-825.5103759765625 -171.10867309570312
-827.3468017578125 -172.96707153320312
-829.3104858398438 -174.9650115966797
-831.2985229492188 -176.93096923828125
-833.2638549804688 -178.93087768554688
-835.1279907226562 -180.92994689941406
-836.8553466796875 -182.929931640625
-834.8554077148438 -184.77342224121094
