-848.4533081054688 11.154024124145508
-846.4911499023438 11.933708190917969
-844.492919921875 11.094700813293457
-842.67578125 10.72643756866455
-840.6762084960938 11.663680076599121
-838.6943969726562 10.572160720825195
-836.6961669921875 11.812198638916016
-834.6978149414062 9.834390640258789
-832.7133178710938 7.898677349090576
-834.3265991210938 5.932377815246582
-836.3195190429688 3.9477317333221436
-834.3197021484375 1.9576877355575562
-832.3199462890625 0.2247583270072937
-834.2532348632812 -1.7699607610702515
-832.2533569335938 -3.7555322647094727
-834.2460327148438 -5.7211833000183105
-832.2470703125 -7.303339958190918
-834.0673828125 -9.26234245300293
-836.0665893554688 -11.259672164916992
-834.0668334960938 -13.191006660461426
-835.98388671875 -15.173606872558594
-833.9854736328125 -17.120107650756836
-835.983642578125 -19.118858337402344
-833.98388671875 -20.98476219177246
-831.9851684570312 -22.96164894104004
-833.9682006835938 -24.948352813720703
-835.8903198242188 -26.938730239868164
-833.8904418945312 -28.8533935546875
-835.8895874023438 -30.853042602539062
-833.8900146484375 -32.84954071044922
-835.7667236328125 -34.81218719482422
-833.767822265625 -36.193477630615234
-835.752685546875 -38.19041061401367
-833.7528076171875 -40.1258544921875
-835.69921875 -42.08525848388672
-833.7006225585938 -43.729793548583984
-835.677490234375 -45.72726821899414
-833.6787109375 -47.7169189453125
-835.67041015625 -49.701168060302734
-833.670654296875 -51.5810432434082
-835.6646728515625 -53.58002471923828
-833.6648559570312 -55.51247787475586
-835.662353515625 -57.439144134521484
-833.6624755859375 -59.43836975097656
-835.6615600585938 -61.43690872192383
-833.6654052734375 -63.39641571044922
-835.6380615234375 -65.38739776611328
-833.6382446289062 -67.15595245361328
-831.6410522460938 -69.02657318115234
-833.6290283203125 -71.02151489257812
-831.6292724609375 -72.95728302001953
-833.6275634765625 -74.95601654052734
-831.6321411132812 -76.73371124267578
-833.6132202148438 -78.66798400878906
-831.6396484375 -80.64663696289062
-833.6315307617188 -82.61039733886719
-831.6331176757812 -84.5660629272461
-833.6329956054688 -86.54579162597656
-831.6341552734375 -88.5008773803711
-833.557373046875 -90.49144744873047
-831.55859375 -92.1597671508789
-833.5575561523438 -94.1529312133789
-831.557861328125 -96.12496948242188
-833.5004272460938 -98.08483123779297
-835.4390258789062 -100.0464096069336
-833.4421997070312 -101.52658081054688
-831.4443969726562 -103.47381591796875
-832.655029296875 -105.47068786621094
-833.288330078125 -107.46955108642578
-831.2893676757812 -109.4654541015625
-832.613525390625 -111.38139343261719
-832.6646118164062 -113.32443237304688
-832.74951171875 -115.31925201416016
-834.7422485351562 -117.31715393066406
-832.7433471679688 -119.09503173828125
-834.69482421875 -121.09046173095703
-832.6954345703125 -122.96818542480469
-834.5908203125 -124.96202850341797
-832.5989379882812 -126.95093536376953
-834.5601196289062 -128.9495086669922
-832.5606079101562 -130.94805908203125
-834.5215454101562 -132.9475860595703
-832.5224609375 -134.93917846679688
-834.5033569335938 -136.9389190673828
-832.506591796875 -138.88084411621094
-833.6012573242188 -140.86834716796875
-833.9971313476562 -142.86715698242188
-835.7461547851562 -144.81683349609375
-833.7466430664062 -146.776123046875
-835.3020629882812 -148.77459716796875
-833.303466796875 -150.70401000976562
-835.2459106445312 -152.70225524902344
-833.2460327148438 -154.69284057617188
-834.3261108398438 -156.6927490234375
-832.326171875 -158.67764282226562
-833.082275390625 -160.67764282226562
-834.7279052734375 -162.67762756347656
-832.7279663085938 -164.61915588378906
-833.3232421875 -166.5846405029297
-834.5966796875 -168.58396911621094
-832.607421875 -170.57972717285156
-834.2521362304688 -172.5386505126953
-836.2035522460938 -174.5386199951172
-834.2040405273438 -176.52239990234375
-836.0716552734375 -178.52230834960938
-834.5573120117188 -180.52212524414062
-835.9681396484375 -182.52133178710938
-835.137939453125 -184.5211181640625
