-848.613525390625 8.880658149719238
-846.9666748046875 6.908933639526367
-844.9689331054688 5.547352313995361
-843.020751953125 4.027042865753174
-841.0338134765625 2.1355535984039307
-839.0841674804688 1.9475159645080566
-837.096923828125 0.2951720654964447
-835.1018676757812 -1.5650947093963623
-833.1021118164062 -3.5592598915100098
-835.06103515625 -5.5591511726379395
-833.1013793945312 -7.5473504066467285
-835.0001220703125 -9.530604362487793
-833.1748657226562 -11.44859790802002
-835.0090942382812 -13.419607162475586
-833.0449829101562 -15.410971641540527
-835.019287109375 -17.40935516357422
-833.0399169921875 -19.281139373779297
-834.9368286132812 -21.280120849609375
-832.9884643554688 -23.277637481689453
-834.9876098632812 -25.211183547973633
-832.9893188476562 -27.17583656311035
-834.8779296875 -29.11512565612793
-832.8854370117188 -31.10855484008789
-834.885009765625 -33.08369064331055
-833.2854614257812 -35.01188278198242
-835.0675659179688 -36.97005844116211
-833.0701904296875 -38.86564636230469
-832.2463989257812 -40.84830856323242
-833.7778930664062 -42.838871002197266
-835.7744140625 -44.83512496948242
-833.7807006835938 -46.624542236328125
-835.68310546875 -48.55960464477539
-833.6907348632812 -50.55264663696289
-831.6918334960938 -52.514339447021484
-831.3460083007812 -54.49235916137695
-833.3186645507812 -56.47087860107422
-831.7783203125 -58.444183349609375
-833.7698364257812 -60.423118591308594
-834.8085327148438 -62.35935592651367
-832.8554077148438 -64.25241088867188
-834.66650390625 -65.635009765625
-832.77490234375 -65.1423110961914
-834.3472290039062 -67.10016632080078
-833.054443359375 -69.07683563232422
-835.0020751953125 -71.06808471679688
-833.1034545898438 -73.0522689819336
-831.118408203125 -74.97124481201172
-833.1107788085938 -76.17573547363281
-831.128173828125 -78.09790802001953
-831.2985229492188 -79.65483093261719
-832.2532958984375 -81.20025634765625
-834.1697387695312 -83.15748596191406
-832.1932373046875 -84.86207580566406
-834.1226806640625 -86.78923797607422
-832.1295776367188 -87.85585021972656
-834.1036987304688 -89.82614135742188
-832.1044311523438 -90.07574462890625
-834.0438232421875 -91.96955871582031
-833.3453979492188 -93.79925537109375
-835.319091796875 -95.69810485839844
-833.36279296875 -96.07029724121094
-835.2612915039062 -97.91963195800781
-833.2676391601562 -99.19566345214844
-834.1904907226562 -100.70158386230469
-832.26220703125 -102.67530822753906
-833.2291870117188 -104.56312561035156
-835.0778198242188 -106.21592712402344
-833.1406860351562 -107.79472351074219
-833.2491455078125 -109.72589874267578
-834.7119140625 -109.30577087402344
-833.6336059570312 -111.30168914794922
-831.6397094726562 -112.95463562011719
-833.5770874023438 -114.46663665771484
-831.6264038085938 -116.22290802001953
-832.4099731445312 -115.95481872558594
-833.9671630859375 -117.79668426513672
-831.9682006835938 -119.76338195800781
-833.751220703125 -121.0743179321289
-835.3766479492188 -122.69068908691406
-833.381103515625 -124.62863159179688
-834.9104614257812 -125.43463897705078
-832.9464721679688 -127.3106918334961
-832.7118530273438 -129.29312133789062
-834.7049560546875 -131.2024688720703
-832.7056274414062 -133.1797637939453
-833.2012329101562 -133.88461303710938
-833.28369140625 -134.80557250976562
-835.2816772460938 -136.724853515625
-833.284912109375 -138.01467895507812
-835.0250854492188 -136.3399200439453
-833.4518432617188 -138.05184936523438
-835.4432983398438 -136.8740997314453
-833.4464111328125 -138.59983825683594
-834.9750366210938 -139.97482299804688
-832.990234375 -141.2157745361328
-834.2559204101562 -142.12281799316406
-832.2581176757812 -142.6536102294922
-832.283447265625 -143.98529052734375
-833.3971557617188 -145.49874877929688
-832.9818115234375 -145.5077667236328
-834.7631225585938 -146.45526123046875
-834.0033569335938 -147.0162811279297
-835.7328491210938 -145.5042266845703
-833.7937622070312 -147.32763671875
-835.5825805664062 -148.70640563964844
-833.582763671875 -150.5852813720703
-835.5681762695312 -149.19119262695312
-833.5687255859375 -151.07693481445312
-833.3765258789062 -152.1931610107422
-833.5244140625 -152.92637634277344
-835.0386962890625 -154.2034149169922
-833.0396118164062 -156.179931640625
-835.0222778320312 -157.6834716796875
-833.0234375 -159.4801025390625
-833.863525390625 -161.40370178222656
-831.8649291992188 -162.9412841796875
-833.501953125 -164.93148803710938
-831.5173950195312 -166.51800537109375
-832.3899536132812 -165.4237060546875
-834.2722778320312 -166.41259765625
-832.272705078125 -168.22506713867188
-830.281982421875 -170.03326416015625
-831.8236694335938 -171.10855102539062
-832.700439453125 -172.0938262939453
-834.5938110351562 -173.24867248535156
-834.5855712890625 -174.59376525878906
-835.4613647460938 -175.04148864746094
-833.5986328125 -177.03175354003906
-834.8778686523438 -178.51881408691406
-834.9483032226562 -178.47698974609375
-834.0936889648438 -179.04872131347656
-834.6892700195312 -180.26417541503906
-836.3614501953125 -181.83787536621094
-837.0780029296875 -182.91094970703125
-835.0785522460938 -181.36917114257812
-836.9890747070312 -179.70315551757812
-838.3623657226562 -181.09036254882812
-836.3665161132812 -179.1476287841797
-838.25 -179.73782348632812
-840.095947265625 -181.73760986328125
-838.334716796875 -179.77110290527344
-837.5454711914062 -181.77099609375
-835.5608520507812 -180.0275421142578
-835.0860595703125 -181.7272491455078
-837.0686645507812 -181.655029296875
-835.0687255859375 -179.76025390625
-836.873291015625 -181.0828399658203
-838.8084716796875 -182.6524200439453
-836.80859375 -182.15499877929688
-834.80859375 -180.3306884765625
-834.230224609375 -182.0216064453125
-834.6016845703125 -183.59848022460938
-835.887939453125 -185.16693115234375
