-848.6600952148438 12.612584114074707
-846.6787109375 10.615228652954102
-844.7462158203125 10.324149131774902
-842.7852172851562 11.906497955322266
-840.7987060546875 12.827279090881348
-839.5946044921875 12.761824607849121
-837.59716796875 11.267457962036133
-835.61083984375 13.155198097229004
-833.612548828125 11.172333717346191
-834.4765625 9.87080192565918
-836.4254150390625 8.034611701965332
-834.6318969726562 6.527606010437012
-836.3532104492188 4.529238224029541
-834.3768310546875 2.6919937133789062
-832.4613037109375 0.954555094242096
-832.2505493164062 -1.0355949401855469
-834.2133178710938 -2.7995855808258057
-836.1430053710938 -3.48357892036438
-834.146484375 -4.1246657371521
-834.0455322265625 -5.664921760559082
-835.7428588867188 -7.527277946472168
-833.7640380859375 -9.42918872833252
-835.3553466796875 -11.310893058776855
-833.3887939453125 -13.280153274536133
-835.1727905273438 -15.265816688537598
-833.1747436523438 -16.945499420166016
-835.0938110351562 -18.827896118164062
-833.849853515625 -20.652286529541016
-835.8192138671875 -22.568710327148438
-833.8199462890625 -21.61157989501953
-835.7903442382812 -23.18389320373535
-833.7905883789062 -24.834327697753906
-834.9443969726562 -26.168485641479492
-832.9478149414062 -26.536043167114258
-834.9204711914062 -28.50522232055664
-832.9340209960938 -30.502363204956055
-834.53564453125 -31.84283447265625
-832.5399780273438 -33.83806610107422
-834.4646606445312 -35.75461959838867
-836.1448364257812 -37.649566650390625
-834.3936157226562 -38.92247772216797
-836.1815185546875 -40.300086975097656
-834.2106323242188 -41.91694641113281
-836.2098999023438 -43.8682746887207
-834.2105102539062 -45.58787155151367
-836.0853881835938 -47.586891174316406
-834.0904541015625 -49.58391189575195
-832.091064453125 -51.35470962524414
-834.0910034179688 -52.81245422363281
-832.0918579101562 -54.809207916259766
-834.0886840820312 -56.79584884643555
-836.0657958984375 -58.5640754699707
-834.08251953125 -60.04775619506836
-836.07470703125 -62.03463363647461
-834.0806884765625 -63.2352294921875
-832.3121948242188 -64.39251708984375
-834.30712890625 -66.36786651611328
-832.3079833984375 -65.46367645263672
-834.3070068359375 -67.45169067382812
-832.3072509765625 -69.41214752197266
-834.301025390625 -71.41204071044922
-832.3012084960938 -72.62464904785156
-834.218017578125 -74.62448120117188
-832.2180786132812 -76.47483825683594
-834.216796875 -77.80191802978516
-832.2177734375 -79.7704849243164
-834.2098999023438 -81.74944305419922
-832.2108154296875 -83.73323059082031
-834.1005249023438 -85.73259735107422
-832.10107421875 -87.72842407226562
-833.9694213867188 -89.72770690917969
-831.969482421875 -91.72755432128906
-833.9630126953125 -93.726318359375
-831.9630126953125 -95.72109985351562
-833.9617919921875 -97.68972778320312
-831.9618530273438 -99.43104553222656
-833.9613647460938 -101.40264892578125
-831.9616088867188 -103.40031433105469
-833.9439086914062 -105.40011596679688
-831.9439697265625 -107.39791870117188
-830.0409545898438 -109.39682006835938
-832.035888671875 -111.38795471191406
-834.0357666015625 -113.34671020507812
-832.0361938476562 -114.56665802001953
-834.03466796875 -116.5585708618164
-832.0349731445312 -118.28767395019531
-834.0313720703125 -120.27899169921875
-832.0313720703125 -121.45050048828125
-834.0313110351562 -123.44937133789062
-836.0310668945312 -125.44931030273438
-834.0310668945312 -126.1502456665039
-836.02880859375 -128.14993286132812
-834.02880859375 -130.12879943847656
-836.0255737304688 -132.12673950195312
-834.0255737304688 -133.85748291015625
-836.0247192382812 -135.85208129882812
-834.0247192382812 -137.58526611328125
-832.0249633789062 -138.20162963867188
-834.0225219726562 -139.9032745361328
-832.0226440429688 -141.8140411376953
-833.926025390625 -143.8136444091797
-835.8770141601562 -145.81199645996094
-833.8770751953125 -147.05377197265625
-835.8616943359375 -149.00576782226562
-833.862548828125 -150.5360107421875
-835.8431396484375 -152.53453063964844
-833.8432006835938 -152.73614501953125
-835.627197265625 -154.73605346679688
-833.6275634765625 -156.24266052246094
-835.3751220703125 -158.2379913330078
-833.3760375976562 -158.30812072753906
-835.355712890625 -160.30775451660156
-833.3557739257812 -162.2127685546875
-831.3560791015625 -163.161865234375
-833.2752685546875 -165.16162109375
-831.2752685546875 -164.425048828125
-830.9217529296875 -163.9905548095703
-832.4193115234375 -163.00750732421875
-834.4180297851562 -165.0065460205078
-832.4182739257812 -166.89173889160156
-834.4065551757812 -168.83763122558594
-832.4068603515625 -167.11940002441406
-834.3999633789062 -168.12704467773438
-832.3999633789062 -168.24620056152344
-834.1499633789062 -170.19659423828125
-835.8141479492188 -172.18446350097656
-833.814208984375 -173.9857940673828
-835.720947265625 -175.98509216308594
-833.7210083007812 -177.98065185546875
-835.1382446289062 -179.97647094726562
-837.1253051757812 -181.4521942138672
-835.1256713867188 -179.50283813476562
-837.1144409179688 -181.49661254882812
-835.1151733398438 -179.6043701171875
-837.0200805664062 -181.0962371826172
-835.0328979492188 -179.09814453125
-837.0145263671875 -181.0971221923828
-835.0147705078125 -179.18531799316406
-836.98974609375 -181.17584228515625
-834.9909057617188 -180.57806396484375
-836.9095458984375 -182.36630249023438
-834.910400390625 -182.57469177246094
-836.7882690429688 -184.5565948486328
-834.7896118164062 -182.57284545898438
-836.7634887695312 -184.33157348632812
-834.769287109375 -182.5695037841797
-836.7318725585938 -184.5370330810547
-834.7357788085938 -183.6732940673828
-836.6521606445312 -182.4098663330078
-834.6525268554688 -180.42437744140625
-836.6304931640625 -182.3733673095703
-834.6305541992188 -180.77359008789062
-836.6146240234375 -182.67440795898438
-834.6156005859375 -181.1279296875
-836.2869873046875 -183.12298583984375
-834.301513671875 -183.01414489746094
-836.2366333007812 -184.50881958007812
-834.2367553710938 -184.83108520507812
