-848.4443969726562 9.352224349975586
-846.44482421875 9.33979606628418
-844.4465942382812 9.330121040344238
-842.4686279296875 7.845754623413086
-840.4698486328125 6.450250148773193
-838.4730224609375 4.536659240722656
-836.4779663085938 2.740973472595215
-834.4780883789062 0.9577561616897583
-832.4862670898438 -0.9627641439437866
-833.7468872070312 -2.9593560695648193
-835.6953125 -4.951800346374512
-833.7113647460938 -5.868770122528076
-835.1771240234375 -7.7694783210754395
-833.1776123046875 -9.716582298278809
-835.0261840820312 -11.666335105895996
-833.162109375 -13.648507118225098
-834.0577392578125 -15.6248197555542
-836.0296630859375 -17.620258331298828
-834.0728149414062 -19.517065048217773
-832.0957641601562 -21.483335494995117
-833.646240234375 -23.457447052001953
-835.6390991210938 -25.45416259765625
-833.6502685546875 -27.417348861694336
-835.6021728515625 -29.41408920288086
-833.6498413085938 -30.753582000732422
-835.6463623046875 -32.65528869628906
-833.6484375 -34.505374908447266
-835.5950927734375 -36.442420959472656
-833.5979614257812 -37.86180877685547
-835.0281372070312 -39.861576080322266
-833.0303955078125 -41.73189163208008
-834.9992065429688 -43.67892837524414
-833.0343627929688 -45.36770248413086
-834.9920043945312 -47.36662292480469
-832.996826171875 -49.34326171875
-833.8018798828125 -51.2996711730957
-831.8102416992188 -53.26233673095703
-833.7073974609375 -55.187156677246094
-835.7024536132812 -57.17735290527344
-833.7057495117188 -59.173316955566406
-835.7003173828125 -61.16875457763672
-833.7106323242188 -60.49290084838867
-835.701904296875 -62.48933410644531
-833.711181640625 -64.13127899169922
-831.7146606445312 -65.17830657958984
-833.6992797851562 -67.17615509033203
-831.741455078125 -69.16593933105469
-833.695068359375 -71.16372680664062
-831.7056884765625 -73.0065689086914
-833.6953735351562 -75.00489807128906
-831.7051391601562 -76.99275970458984
-833.6053466796875 -78.9856185913086
-831.6417236328125 -80.95953369140625
-833.6416015625 -82.93694305419922
-831.641845703125 -84.8422622680664
-833.6416015625 -86.82684326171875
-831.642578125 -88.57121276855469
-833.6259155273438 -90.56670379638672
-831.6282348632812 -92.38591003417969
-833.5665893554688 -94.33390808105469
-831.5709228515625 -96.26908111572266
-833.5697631835938 -98.26799011230469
-831.594970703125 -100.25628662109375
-833.5936889648438 -102.2523422241211
-831.6033325195312 -104.23636627197266
-831.7901611328125 -106.22724914550781
-830.4429321289062 -108.22598266601562
-831.419921875 -110.2248764038086
-833.3255004882812 -112.19075012207031
-835.2318115234375 -114.19026184082031
-833.2745971679688 -116.1795425415039
-835.1879272460938 -118.16837310791016
-833.20458984375 -120.15052795410156
-835.1640014648438 -122.1474380493164
-833.1716918945312 -124.06656646728516
-835.1610107421875 -126.06527709960938
-833.2155151367188 -128.04832458496094
-835.1673583984375 -130.0286407470703
-833.1677856445312 -131.7332305908203
-835.118408203125 -133.73252868652344
-833.1262817382812 -135.3236846923828
-835.1175537109375 -137.3135986328125
-833.2842407226562 -139.30043029785156
-834.7545166015625 -141.2824249267578
-832.7662963867188 -143.27804565429688
-834.5049438476562 -145.27732849121094
-832.52197265625 -147.27452087402344
-834.501220703125 -149.27088928222656
-832.5069580078125 -151.16278076171875
-834.2315673828125 -153.16090393066406
-832.256103515625 -155.06622314453125
-833.8758544921875 -157.06179809570312
-835.5536499023438 -159.06163024902344
-833.5994262695312 -161.02813720703125
-831.5995483398438 -163.02780151367188
-831.1179809570312 -165.02777099609375
-832.3380126953125 -167.02676391601562
-833.9010620117188 -169.00904846191406
-833.5107421875 -171.0086669921875
-833.0691528320312 -173.0072479248047
-834.8983764648438 -175.0071258544922
-836.0825805664062 -177.0071258544922
-834.1210327148438 -179.00177001953125
-834.7857666015625 -181.00155639648438
-834.8258056640625 -183.00148010253906
-835.10302734375 -185.0011444091797
