-1180.84521484375 -310.4338073730469
-1179.358642578125 -312.4328308105469
-1177.36083984375 -310.7936096191406
-1176.881103515625 -312.7641906738281
-1174.88818359375 -310.8970947265625
-1172.9171142578125 -311.3563232421875
-1170.961181640625 -309.7622375488281
-1169.5277099609375 -311.0784912109375
-1167.636474609375 -309.103271484375
-1165.677001953125 -311.10302734375
-1163.6893310546875 -309.1414489746094
-1161.70556640625 -307.2867736816406
-1160.1817626953125 -309.27703857421875
-1158.2996826171875 -307.7528381347656
-1156.3519287109375 -306.0281677246094
-1154.35791015625 -307.843994140625
-1152.3602294921875 -308.45440673828125
-1150.4462890625 -307.1287841796875
-1148.6790771484375 -305.55474853515625
-1147.0592041015625 -307.52020263671875
-1147.500244140625 -309.4998779296875
-1145.52685546875 -308.0048828125
-1145.0859375 -310.00091552734375
-1143.142333984375 -308.0404357910156
-1142.772216796875 -310.0235595703125
-1142.2618408203125 -311.96875
-1140.389892578125 -311.224365234375
-1140.353271484375 -312.808837890625
-1140.7459716796875 -312.35699462890625
-1138.9891357421875 -314.3346862792969
-1140.868896484375 -314.25152587890625
-1138.8900146484375 -312.9780578613281
-1137.95166015625 -314.1715087890625
-1138.3543701171875 -313.5733337402344
-1136.91796875 -314.53460693359375
-1136.2396240234375 -312.6867980957031
-1134.2528076171875 -312.5402526855469
-1132.7313232421875 -314.300048828125
-1133.0958251953125 -315.28289794921875
-1131.123779296875 -314.13427734375
-1130.57373046875 -312.6642761230469
-1128.8936767578125 -311.0036926269531
-1127.4810791015625 -312.9859619140625
-1125.573974609375 -311.16131591796875
-1124.239990234375 -313.1044006347656
-1122.241455078125 -311.80938720703125
-1120.304931640625 -313.80450439453125
-1118.323974609375 -311.9625549316406
-1116.6444091796875 -313.91717529296875
-1114.64501953125 -313.23065185546875
-1113.7708740234375 -315.2225036621094
-1112.2513427734375 -317.2204895019531
-1110.3907470703125 -319.2011413574219
-1111.3779296875 -321.1824035644531
-1112.62646484375 -323.1074523925781
-1110.9276123046875 -325.0379943847656
-1112.886474609375 -326.93414306640625
-1112.073486328125 -328.9212951660156
-1110.1767578125 -330.8929748535156
-1112.169189453125 -332.862548828125
-1110.2161865234375 -334.79803466796875
-1112.1768798828125 -336.3204650878906
-1110.248291015625 -338.27099609375
-1111.9375 -340.1988525390625
-1113.9207763671875 -342.1923522949219
-1111.9266357421875 -344.1216735839844
-1110.0545654296875 -346.117431640625
-1110.0172119140625 -348.09613037109375
-1109.2275390625 -349.9355163574219
-1111.135009765625 -351.8868408203125
-1109.208251953125 -353.6426086425781
-1111.197509765625 -355.53790283203125
-1109.3111572265625 -357.10516357421875
-1109.6953125 -359.06707763671875
-1111.5382080078125 -360.7652893066406
-1109.821044921875 -362.688232421875
-1111.781494140625 -364.63763427734375
-1109.8424072265625 -366.60589599609375
-1111.81201171875 -368.5869445800781
-1109.8857421875 -370.5848693847656
-1111.8653564453125 -372.35711669921875
-1109.989990234375 -373.92529296875
-1111.6226806640625 -375.8961181640625
-1110.03515625 -377.73236083984375
-1111.8323974609375 -379.5436096191406
-1109.9854736328125 -380.8753356933594
-1111.9090576171875 -381.74151611328125
-1110.3101806640625 -383.7373962402344
-1112.1605224609375 -384.8622741699219
-1110.7491455078125 -386.5550231933594
-1112.693603515625 -388.2522888183594
-1111.126953125 -390.2435607910156
-1109.20654296875 -392.1290588378906
-1109.734619140625 -394.10150146484375
-1107.818603515625 -395.7362976074219
-1106.213623046875 -397.72320556640625
-1107.3822021484375 -399.5034484863281
-1105.580078125 -397.56488037109375
-1107.06494140625 -398.507568359375
-1108.9639892578125 -400.38800048828125
-1109.5648193359375 -400.433349609375
-1107.67236328125 -402.33355712890625
-1107.943603515625 -403.4029846191406
-1108.9534912109375 -404.6290588378906
-1110.616943359375 -404.7070617675781
-1108.68408203125 -406.64434814453125
-1110.676025390625 -408.5655212402344
-1108.7210693359375 -409.7270812988281
-1110.490966796875 -411.7065734863281
-1111.556884765625 -413.5462646484375
-1109.5589599609375 -415.3018798828125
-1111.03125 -417.279296875
-1109.0316162109375 -419.00030517578125
-1110.7845458984375 -420.9591064453125
-1108.7930908203125 -422.0625
-1108.625 -424.00885009765625
-1107.7144775390625 -424.9596252441406
-1109.078369140625 -426.89569091796875
-1110.1644287109375 -427.6488342285156
-1111.5560302734375 -429.57537841796875
-1109.5577392578125 -431.3573303222656
-1111.3052978515625 -433.20867919921875
-1109.3162841796875 -431.2452087402344
-1108.623779296875 -432.7984619140625
-1108.5040283203125 -434.7930908203125
-1110.0269775390625 -436.7633972167969
-1108.027099609375 -436.0581359863281
-1109.3946533203125 -437.9549255371094
-1107.4036865234375 -437.2339172363281
-1109.33203125 -438.884765625
-1107.3336181640625 -438.6009521484375
-1106.4102783203125 -440.3465576171875
-1106.6650390625 -442.34515380859375
-1105.8553466796875 -444.3362121582031
-1107.1173095703125 -446.320068359375
-1105.11962890625 -448.10894775390625
-1106.3642578125 -449.776611328125
-1105.9029541015625 -451.0272521972656
-1106.787353515625 -453.00067138671875
-1108.10986328125 -454.4295654296875
-1106.1103515625 -456.1617736816406
-1105.1627197265625 -456.7008361816406
-1104.904541015625 -458.4181213378906
-1103.209716796875 -460.35186767578125
-1102.359375 -462.3004455566406
-1101.98193359375 -464.299072265625
-1103.1824951171875 -466.29400634765625
-1103.0579833984375 -468.2347717285156
-1104.4228515625 -469.991943359375
-1106.014404296875 -471.9532470703125
-1107.416748046875 -473.9385681152344
-1105.4168701171875 -475.4563293457031
-1103.4688720703125 -477.43902587890625
-1102.3800048828125 -479.24224853515625
-1100.404052734375 -477.24871826171875
-1098.4873046875 -479.2410583496094
-1096.4923095703125 -477.24169921875
-1094.4940185546875 -479.2333068847656
-1092.5645751953125 -477.25738525390625
-1090.5650634765625 -479.257080078125
-1088.723388671875 -477.2719421386719
-1086.7406005859375 -479.25921630859375
-1084.7425537109375 -480.52093505859375
-1082.75927734375 -482.50244140625
-1080.7786865234375 -484.4144592285156
-1078.786376953125 -485.64129638671875
-1076.8140869140625 -487.52008056640625
-1074.9945068359375 -485.541015625
-1073.0660400390625 -487.13629150390625
-1071.943359375 -485.1368713378906
-1069.948974609375 -486.78057861328125
-1068.3145751953125 -484.7819519042969
