-1180.810791015625 -310.31170654296875
-1178.986328125 -312.3086853027344
-1176.98876953125 -310.3204345703125
-1174.9935302734375 -312.3189392089844
-1173.0123291015625 -310.33294677734375
-1171.043701171875 -312.3219909667969
-1169.0452880859375 -310.3319396972656
-1167.2408447265625 -312.322265625
-1165.2432861328125 -310.3226013183594
-1163.2442626953125 -308.3319091796875
-1161.2484130859375 -310.3311462402344
-1159.2490234375 -308.4229736328125
-1157.2501220703125 -306.42352294921875
-1155.3575439453125 -308.4120788574219
-1153.357666015625 -306.46112060546875
-1151.77294921875 -308.4576721191406
-1149.7918701171875 -306.5253601074219
-1147.804443359375 -308.5240478515625
-1145.8046875 -309.3139343261719
-1143.8072509765625 -307.3574523925781
-1142.6966552734375 -309.35516357421875
-1140.74462890625 -311.343994140625
-1138.7506103515625 -313.341796875
-1136.75146484375 -311.3418273925781
-1134.8485107421875 -313.3415832519531
-1132.853759765625 -311.342041015625
-1130.88427734375 -313.3383483886719
-1128.889892578125 -311.3414001464844
-1127.243408203125 -313.3408508300781
-1125.24609375 -311.341796875
-1123.2603759765625 -313.3412780761719
-1121.2615966796875 -312.1304931640625
-1119.2813720703125 -314.1302185058594
-1117.2816162109375 -312.2091979980469
-1115.2850341796875 -314.20916748046875
-1113.2874755859375 -315.7113037109375
-1111.2974853515625 -317.70751953125
-1111.796630859375 -319.7064514160156
-1110.9232177734375 -321.70635986328125
-1111.9925537109375 -323.7054443359375
-1112.9560546875 -325.7038879394531
-1110.9779052734375 -327.6887512207031
-1112.911865234375 -329.684326171875
-1110.912109375 -331.6838684082031
-1112.232421875 -333.6837463378906
-1110.2415771484375 -335.675048828125
-1111.028076171875 -337.6717529296875
-1112.9246826171875 -339.6715087890625
-1110.929443359375 -341.6663818359375
-1109.7679443359375 -343.6644592285156
-1108.48095703125 -345.6629943847656
-1106.5394287109375 -347.6629943847656
-1108.211669921875 -349.6627502441406
-1109.314208984375 -351.6611022949219
-1110.9805908203125 -353.48834228515625
-1108.986572265625 -355.4877014160156
-1110.4481201171875 -357.4814147949219
-1108.463134765625 -359.4808654785156
-1108.653564453125 -361.47161865234375
-1110.5865478515625 -363.4671630859375
-1108.6119384765625 -365.462646484375
-1109.7529296875 -366.8821716308594
-1108.722412109375 -368.87652587890625
-1109.9677734375 -370.8750915527344
-1110.9432373046875 -372.78204345703125
-1110.194091796875 -374.73779296875
-1110.66650390625 -376.7196960449219
-1108.7786865234375 -378.714599609375
-1109.5902099609375 -380.71124267578125
-1109.911865234375 -382.70220947265625
-1110.4769287109375 -384.6992492675781
-1112.1248779296875 -386.6978454589844
-1110.1298828125 -388.6653137207031
-1109.065673828125 -390.55950927734375
-1107.0938720703125 -392.5592041015625
-1105.1326904296875 -394.5587463378906
-1103.1734619140625 -396.5584411621094
-1101.208740234375 -396.8141174316406
-1099.21435546875 -394.9095153808594
-1097.216064453125 -396.9094543457031
-1095.220458984375 -395.1912536621094
-1093.271728515625 -397.1910400390625
-1091.274658203125 -395.2322998046875
-1089.7730712890625 -393.2377624511719
-1087.779296875 -395.23736572265625
-1085.8564453125 -393.2554626464844
-1083.8695068359375 -395.25537109375
-1081.8924560546875 -394.7996826171875
-1079.89599609375 -396.79962158203125
-1081.35400390625 -398.6983337402344
-1079.35400390625 -400.6590576171875
-1077.7918701171875 -402.61676025390625
-1075.8143310546875 -404.6167297363281
-1074.06591796875 -402.70166015625
-1072.0721435546875 -404.7010803222656
-1070.1402587890625 -402.9382629394531
-1068.146240234375 -404.9380187988281
-1066.1900634765625 -403.3119812011719
-1064.2381591796875 -402.52813720703125
-1062.241943359375 -404.52716064453125
-1063.646728515625 -406.5218811035156
-1061.6470947265625 -408.4808654785156
-1059.649169921875 -410.4768371582031
-1061.177978515625 -411.6836242675781
-1063.07177734375 -413.6651611328125
-1061.07177734375 -415.6636657714844
-1062.3912353515625 -417.5552062988281
-1060.39306640625 -419.55303955078125
-1060.656494140625 -421.4364318847656
-1062.4957275390625 -423.3294372558594
-1060.4969482421875 -425.3287353515625
-1059.9794921875 -427.15618896484375
-1059.97509765625 -428.3664245605469
-1061.6424560546875 -428.02362060546875
-1063.474365234375 -429.11822509765625
-1061.4764404296875 -431.11505126953125
-1063.2591552734375 -433.0386962890625
-1061.2593994140625 -435.0342712402344
-1062.711181640625 -436.96209716796875
