-1180.9539794921875 -310.31072998046875
-1179.048095703125 -312.2713928222656
-1177.067626953125 -310.3056640625
-1175.118896484375 -312.30535888671875
-1173.14892578125 -310.3893127441406
-1171.35986328125 -312.3890380859375
-1169.7222900390625 -310.56890869140625
-1168.1248779296875 -312.5677185058594
-1166.331298828125 -310.5942687988281
-1164.3572998046875 -308.6070251464844
-1162.3963623046875 -310.60675048828125
-1160.447998046875 -308.63604736328125
-1158.5137939453125 -306.9461669921875
-1156.536376953125 -308.94561767578125
-1154.5986328125 -306.9814147949219
-1154.8050537109375 -308.9794006347656
-1152.8067626953125 -307.43890380859375
-1150.838623046875 -305.73663330078125
-1150.7740478515625 -307.7358703613281
-1148.776611328125 -306.0751953125
-1146.8099365234375 -308.07501220703125
-1146.5650634765625 -310.0714416503906
-1144.5714111328125 -311.3453063964844
-1142.6300048828125 -309.351318359375
-1144.272705078125 -311.33251953125
-1142.2742919921875 -309.5512390136719
-1140.8795166015625 -311.550048828125
-1141.1153564453125 -313.5474853515625
-1139.1278076171875 -312.463623046875
-1138.0185546875 -314.4514465332031
-1136.05078125 -312.4626770019531
-1134.1014404296875 -314.4617919921875
-1132.1055908203125 -312.46234130859375
-1130.128662109375 -310.4667053222656
-1130.4149169921875 -312.4647521972656
-1128.4820556640625 -310.4673767089844
-1127.254150390625 -312.4670104980469
-1125.2867431640625 -310.4839782714844
-1123.5218505859375 -312.4837341308594
-1121.5455322265625 -311.1297912597656
-1120.3984375 -313.12835693359375
-1118.463134765625 -311.1512451171875
-1116.5714111328125 -313.1511535644531
-1116.6461181640625 -315.1495056152344
-1114.6546630859375 -316.2546081542969
-1112.656982421875 -318.2530822753906
-1110.691162109375 -320.25274658203125
-1112.3341064453125 -322.2525329589844
-1110.3446044921875 -324.25238037109375
-1111.025634765625 -326.25079345703125
-1112.9459228515625 -328.2480773925781
-1111.5140380859375 -330.2364196777344
-1113.3211669921875 -332.236083984375
-1111.5533447265625 -334.2273254394531
-1113.5498046875 -336.2270812988281
-1111.5521240234375 -338.22332763671875
-1113.5472412109375 -340.2223205566406
-1111.5679931640625 -342.1874694824219
-1112.8358154296875 -344.1874694824219
-1110.8409423828125 -346.1864929199219
-1112.3709716796875 -348.1863708496094
-1110.390869140625 -350.18621826171875
-1108.4183349609375 -352.1828918457031
-1110.406494140625 -354.1800537109375
-1108.4266357421875 -356.1787414550781
-1110.222412109375 -358.170654296875
-1111.6063232421875 -360.09979248046875
-1109.61181640625 -362.025634765625
-1111.5252685546875 -364.00579833984375
-1109.55224609375 -366.00439453125
-1111.50439453125 -368.001220703125
-1109.552978515625 -370.00048828125
-1111.51123046875 -371.9908752441406
-1109.5323486328125 -373.98980712890625
-1111.472412109375 -375.97802734375
-1109.4888916015625 -377.9744873046875
-1111.2098388671875 -379.9720458984375
-1109.2113037109375 -381.95989990234375
-1111.0379638671875 -383.9195251464844
-1109.0401611328125 -385.8941345214844
-1110.9896240234375 -387.88897705078125
-1108.99267578125 -389.8813171386719
-1110.0382080078125 -391.8091735839844
-1108.048095703125 -393.8034362792969
-1108.027099609375 -395.80316162109375
-1106.0836181640625 -397.8030700683594
-1107.7459716796875 -399.11688232421875
-1105.7503662109375 -397.1246337890625
-1105.233154296875 -398.004638671875
-1106.5115966796875 -399.9818420410156
-1104.5140380859375 -398.44482421875
-1104.08935546875 -396.9956359863281
-1102.232421875 -395.9887390136719
-1100.436279296875 -397.9852294921875
-1098.5748291015625 -396.0077819824219
-1096.5804443359375 -394.0924987792969
-1094.58251953125 -396.0746765136719
-1092.585205078125 -395.9609069824219
-1090.592041015625 -394.0130310058594
-1088.6029052734375 -396.0107116699219
-1086.6605224609375 -394.1880798339844
-1084.72998046875 -396.1868896484375
-1082.8182373046875 -394.3175964355469
-1080.830810546875 -396.31658935546875
-1082.824951171875 -397.6773681640625
-1080.916259765625 -395.805419921875
-1082.7086181640625 -397.6184387207031
-1080.718994140625 -397.275146484375
-1082.62939453125 -399.2393798828125
-1080.6297607421875 -401.2331237792969
-1078.6297607421875 -403.22918701171875
-1076.6324462890625 -401.27972412109375
-1076.254150390625 -403.2783203125
-1074.4453125 -405.2697448730469
-1072.8677978515625 -403.6139221191406
-1070.8778076171875 -405.61334228515625
-1070.539306640625 -403.69189453125
-1068.675048828125 -405.69158935546875
-1066.7646484375 -404.758056640625
-1064.769775390625 -402.81085205078125
-1062.7734375 -404.8099365234375
-1060.86376953125 -406.60369873046875
-1062.8255615234375 -408.3833312988281
-1060.8271484375 -410.3565979003906
-1062.7745361328125 -412.2895202636719
-1060.7745361328125 -414.2886962890625
-1062.2537841796875 -415.7365417480469
-1060.2615966796875 -417.72357177734375
-1062.2322998046875 -419.6845703125
-1062.8995361328125 -421.0445251464844
-1060.9056396484375 -423.0434875488281
-1062.6064453125 -424.8970642089844
-1060.606689453125 -426.8961486816406
-1062.44921875 -427.85797119140625
-1060.449951171875 -429.8541259765625
-1062.4029541015625 -429.5998840332031
-1064.305419921875 -429.08709716796875
-1062.3055419921875 -431.08660888671875
-1063.069580078125 -432.71942138671875
-1061.069580078125 -434.6181945800781
-1061.2344970703125 -433.3061828613281
-1063.0775146484375 -432.8716125488281
-1061.0775146484375 -434.14447021484375
-1062.378173828125 -433.8655700683594
-1063.7479248046875 -435.60418701171875
-1061.7481689453125 -437.5662841796875
