-1182.8533935546875 -310.3786926269531
-1180.8533935546875 -312.36956787109375
-1178.92919921875 -310.37103271484375
-1176.9298095703125 -312.3704528808594
-1175.0218505859375 -310.3705749511719
-1173.052734375 -312.3642883300781
-1171.100341796875 -310.3684387207031
-1169.1190185546875 -312.364501953125
-1167.1651611328125 -310.3810119628906
-1165.1822509765625 -308.3905334472656
-1163.188720703125 -310.3902587890625
-1161.6343994140625 -308.398193359375
-1159.6864013671875 -306.4605407714844
-1157.6883544921875 -308.4591064453125
-1155.828369140625 -306.50189208984375
-1153.8289794921875 -308.50048828125
-1151.9219970703125 -306.5138244628906
-1149.9227294921875 -308.511474609375
-1148.13525390625 -306.5372314453125
-1146.135986328125 -308.5146789550781
-1145.1751708984375 -310.49017333984375
-1143.1851806640625 -308.4979553222656
-1141.2862548828125 -310.46173095703125
-1139.31640625 -312.4605712890625
-1137.41064453125 -314.4599914550781
-1138.5380859375 -312.5719299316406
-1138.59130859375 -310.5781555175781
-1136.596435546875 -312.5662841796875
-1134.596923828125 -314.5644226074219
-1132.8489990234375 -312.5647888183594
-1130.8575439453125 -314.5642395019531
-1132.813720703125 -312.5647888183594
-1130.8172607421875 -314.56243896484375
-1131.255615234375 -312.56536865234375
-1130.271728515625 -310.5816345214844
-1128.27294921875 -312.5802917480469
-1126.5462646484375 -310.5804138183594
-1124.5496826171875 -312.5791320800781
-1122.57373046875 -310.5806884765625
-1120.5743408203125 -312.5455627441406
-1118.5767822265625 -314.5447082519531
-1116.578369140625 -312.61700439453125
-1114.578857421875 -314.6067810058594
-1112.581298828125 -316.1202392578125
-1110.5816650390625 -318.10064697265625
-1112.36767578125 -320.09393310546875
-1110.3704833984375 -322.0916748046875
-1112.1021728515625 -324.07159423828125
-1110.102294921875 -326.06256103515625
-1112.0899658203125 -328.04168701171875
-1110.0902099609375 -329.744873046875
-1111.9615478515625 -331.7430419921875
-1112.20703125 -333.7416687011719
-1110.2076416015625 -335.3475341796875
-1111.811767578125 -337.3411865234375
-1113.399658203125 -339.252197265625
-1111.401611328125 -341.251953125
-1113.1517333984375 -343.2513732910156
-1111.15185546875 -345.2511901855469
-1109.414306640625 -347.2503356933594
-1107.423095703125 -349.2503356933594
-1109.3927001953125 -351.2489013671875
-1111.0213623046875 -353.2481384277344
-1109.021728515625 -355.2047119140625
-1108.1888427734375 -357.184326171875
-1109.982421875 -359.1610412597656
-1110.6474609375 -361.1604919433594
-1108.647705078125 -363.15936279296875
-1107.9981689453125 -365.1349792480469
-1107.5587158203125 -367.0848388671875
-1108.8350830078125 -369.06842041015625
-1109.0867919921875 -371.0668029785156
-1110.9017333984375 -373.06549072265625
-1111.617431640625 -375.0631408691406
-1109.6241455078125 -377.0623474121094
-1109.42626953125 -379.05712890625
-1109.84814453125 -381.0542297363281
-1108.765380859375 -383.05120849609375
-1107.99609375 -385.0404052734375
-1109.2392578125 -387.03936767578125
-1110.9630126953125 -389.0386047363281
-1108.9652099609375 -391.0382995605469
-1106.9774169921875 -393.03814697265625
-1105.9844970703125 -395.0364074707031
-1103.9976806640625 -397.0363464355469
-1102.420654296875 -397.10748291015625
-1100.85546875 -396.0116271972656
-1098.855712890625 -398.0115966796875
-1096.8988037109375 -396.0408935546875
-1094.90625 -395.727294921875
-1092.9228515625 -393.963623046875
-1090.9334716796875 -395.9634094238281
-1089.7325439453125 -394.04388427734375
-1087.7333984375 -396.0436096191406
-1085.796875 -394.1531066894531
-1083.7987060546875 -396.1531066894531
-1081.802734375 -394.3975524902344
-1079.8243408203125 -396.3974914550781
-1081.3797607421875 -398.34716796875
-1079.3802490234375 -400.316650390625
-1080.08447265625 -402.31524658203125
-1078.08447265625 -404.3144836425781
-1076.119384765625 -403.33148193359375
-1074.1529541015625 -405.3314514160156
-1072.159423828125 -403.6268615722656
-1070.2359619140625 -405.626708984375
-1068.6468505859375 -403.9959411621094
-1066.7197265625 -402.8074951171875
-1064.719970703125 -404.8072814941406
-1062.7850341796875 -406.6204833984375
-1060.785400390625 -408.6199645996094
-1062.7239990234375 -410.61907958984375
-1060.7239990234375 -412.6187744140625
-1060.7369384765625 -414.61785888671875
-1062.5931396484375 -416.6051025390625
-1060.5936279296875 -418.6038513183594
-1061.903564453125 -420.6016540527344
-1061.4893798828125 -422.5845642089844
-1063.2784423828125 -424.5811767578125
-1061.278564453125 -426.5810546875
-1060.9736328125 -427.0008239746094
-1062.5069580078125 -426.7842712402344
-1060.5069580078125 -428.7840576171875
-1062.3531494140625 -430.7611389160156
-1064.1773681640625 -432.74871826171875
-1062.1773681640625 -434.7481384277344
-1063.1427001953125 -436.71893310546875
