-1181.1943359375 -310.33624267578125
-1179.1983642578125 -312.3354797363281
-1177.3338623046875 -310.3357849121094
-1175.3814697265625 -312.33502197265625
-1173.420166015625 -310.344482421875
-1171.467041015625 -312.2890625
-1170.9019775390625 -310.28924560546875
-1168.983154296875 -312.27996826171875
-1167.2747802734375 -310.2851867675781
-1165.3165283203125 -308.2984313964844
-1163.3177490234375 -310.2917785644531
-1161.396484375 -308.2964782714844
-1159.5509033203125 -306.363037109375
-1157.5986328125 -308.3367919921875
-1155.927001953125 -306.3753356933594
-1153.9368896484375 -308.3611755371094
-1151.984619140625 -306.44952392578125
-1149.99072265625 -308.44854736328125
-1148.2537841796875 -306.4580078125
-1146.2647705078125 -308.45343017578125
-1147.835693359375 -310.3498229980469
-1145.885009765625 -308.35968017578125
-1146.7198486328125 -310.1198425292969
-1144.7362060546875 -308.1966552734375
-1145.3302001953125 -310.1827087402344
-1143.373046875 -308.478271484375
-1145.234130859375 -310.3671875
-1143.351806640625 -308.3709411621094
-1142.17919921875 -310.29742431640625
-1140.2763671875 -312.2944030761719
-1138.6304931640625 -314.2908935546875
-1140.617919921875 -312.5188903808594
-1142.349609375 -312.1780700683594
-1140.3826904296875 -310.2080078125
-1138.4468994140625 -312.207275390625
-1136.5445556640625 -314.2068786621094
-1137.5640869140625 -312.2878723144531
-1135.576416015625 -314.2831115722656
-1136.356201171875 -312.2942810058594
-1134.465087890625 -314.2559509277344
-1132.8695068359375 -312.2735900878906
-1130.9041748046875 -314.22381591796875
-1132.8236083984375 -312.2276916503906
-1130.8525390625 -314.1559143066406
-1132.797607421875 -312.2942199707031
-1130.8271484375 -314.28759765625
-1131.6893310546875 -312.2915344238281
-1129.6966552734375 -314.27984619140625
-1130.8516845703125 -312.35382080078125
-1130.724609375 -310.36224365234375
-1128.7330322265625 -312.3559875488281
-1126.90869140625 -310.36138916015625
-1124.9222412109375 -312.3568420410156
-1122.927734375 -310.4124755859375
-1120.9307861328125 -312.3948669433594
-1118.938232421875 -314.3276672363281
-1116.9403076171875 -312.3456115722656
-1114.944091796875 -314.34283447265625
-1112.9443359375 -316.1366882324219
-1110.9459228515625 -318.11236572265625
-1112.94287109375 -320.07232666015625
-1110.9442138671875 -322.0700378417969
-1112.8553466796875 -324.0562744140625
-1110.8558349609375 -326.0550537109375
-1112.8487548828125 -328.052490234375
-1110.8525390625 -330.0502014160156
-1112.7601318359375 -331.7935791015625
-1110.771484375 -333.78277587890625
-1112.7276611328125 -335.7575378417969
-1110.7374267578125 -337.75372314453125
-1112.6640625 -339.6512451171875
-1110.6739501953125 -341.6505432128906
-1112.43798828125 -343.6468505859375
-1110.439697265625 -345.6460876464844
-1109.16455078125 -347.645751953125
-1107.2431640625 -349.64556884765625
-1109.232421875 -351.6053466796875
-1111.1998291015625 -353.5406494140625
-1109.2177734375 -355.52996826171875
-1111.1943359375 -357.5212097167969
-1109.20458984375 -359.5209045410156
-1111.1708984375 -361.5157470703125
-1109.171142578125 -363.5152282714844
-1111.068359375 -365.4980773925781
-1109.077392578125 -367.4964599609375
-1110.9769287109375 -369.46923828125
-1111.1678466796875 -371.4541931152344
-1109.2052001953125 -373.4524841308594
-1110.9827880859375 -375.4426574707031
-1108.984619140625 -377.44232177734375
-1109.9344482421875 -379.4137878417969
-1111.8917236328125 -381.4131774902344
-1109.8936767578125 -383.41290283203125
-1111.8685302734375 -385.1973571777344
-1109.8701171875 -387.1964416503906
-1111.7418212890625 -389.12713623046875
-1109.7420654296875 -391.1271057128906
-1108.3406982421875 -393.1183166503906
-1110.0806884765625 -395.1174011230469
-1108.0809326171875 -397.1173400878906
-1106.0826416015625 -399.11712646484375
-1106.769775390625 -401.0030212402344
-1104.798095703125 -402.01470947265625
-1102.8245849609375 -400.4937744140625
-1104.67431640625 -402.3349304199219
-1102.6920166015625 -400.3732604980469
-1104.53369140625 -402.3424987792969
-1102.554443359375 -400.4649353027344
-1104.1480712890625 -402.4333801269531
-1102.1944580078125 -400.6194152832031
-1101.6934814453125 -402.3595886230469
-1103.4598388671875 -404.3421936035156
-1103.2567138671875 -404.16998291015625
-1101.840087890625 -402.5274658203125
-1102.619384765625 -404.5271301269531
-1101.4205322265625 -403.15771484375
-1102.9052734375 -405.1481018066406
-1103.1915283203125 -405.3949890136719
-1104.865478515625 -406.9052429199219
-1105.3990478515625 -408.8923645019531
-1106.2303466796875 -410.8520202636719
-1105.628173828125 -412.849609375
-1106.8232421875 -414.8464050292969
-1107.7823486328125 -416.8463439941406
-1109.5731201171875 -418.84381103515625
-1111.1949462890625 -420.8434753417969
-1109.1953125 -422.8416442871094
-1108.0948486328125 -424.78021240234375
-1108.1937255859375 -426.7634582519531
-1109.7591552734375 -428.6932373046875
-1111.3941650390625 -430.67584228515625
-1109.3941650390625 -432.6734619140625
-1109.750732421875 -434.67095947265625
-1107.7509765625 -435.40142822265625
-1108.4200439453125 -437.3923034667969
-1109.8692626953125 -439.3775939941406
-1107.8692626953125 -441.3678894042969
-1105.8692626953125 -443.3622131347656
-1106.7557373046875 -445.35748291015625
-1106.3375244140625 -447.3573913574219
-1106.452392578125 -449.1319580078125
-1105.047119140625 -450.3228759765625
-1105.921875 -452.3186340332031
-1107.6671142578125 -454.3182678222656
-1105.667236328125 -456.3111267089844
-1104.78125 -458.3016662597656
-1106.758544921875 -460.241455078125
-1108.091796875 -462.2081298828125
-1106.0919189453125 -464.20526123046875
-1104.947509765625 -466.1819763183594
-1105.9200439453125 -468.15264892578125
-1106.1649169921875 -470.1278381347656
-1106.082275390625 -472.1239318847656
-1105.1700439453125 -474.12213134765625
-1103.80908203125 -476.121826171875
-1102.7635498046875 -478.1216735839844
-1100.7667236328125 -480.12091064453125
-1098.7674560546875 -478.1275939941406
-1096.767578125 -480.1087646484375
-1094.7677001953125 -478.1451110839844
-1092.7677001953125 -480.1449279785156
-1090.7679443359375 -478.1542053222656
-1088.7681884765625 -480.15411376953125
-1086.7681884765625 -478.2809143066406
-1084.7681884765625 -480.2752380371094
-1082.77001953125 -482.27520751953125
-1080.7701416015625 -484.27386474609375
-1078.7705078125 -486.25933837890625
-1076.770751953125 -484.3659973144531
-1074.7708740234375 -486.3641052246094
-1072.7957763671875 -484.5215148925781
-1070.81201171875 -486.5206298828125
-1068.81396484375 -484.60784912109375
