-1180.8675537109375 -310.31134033203125
-1179.0345458984375 -312.30072021484375
-1177.0372314453125 -310.30078125
-1175.1014404296875 -312.2066345214844
-1173.1556396484375 -310.2066955566406
-1171.4144287109375 -312.1924133300781
-1170.8646240234375 -310.1929016113281
-1168.9105224609375 -312.1900329589844
-1166.9654541015625 -310.1904602050781
-1164.9774169921875 -308.1910400390625
-1163.2171630859375 -310.13525390625
-1161.3013916015625 -308.13665771484375
-1159.7633056640625 -306.13787841796875
-1157.800048828125 -307.6397705078125
-1155.848388671875 -305.643310546875
-1153.8880615234375 -307.56365966796875
-1152.287109375 -305.56903076171875
-1150.552490234375 -307.566650390625
-1148.5799560546875 -305.5671691894531
-1146.6365966796875 -307.5231018066406
-1148.195068359375 -309.4591369628906
-1146.274169921875 -307.47174072265625
-1147.9990234375 -309.39276123046875
-1146.015625 -307.39324951171875
-1147.6561279296875 -309.392333984375
-1145.7501220703125 -307.39385986328125
-1147.673828125 -309.3840637207031
-1146.17529296875 -307.3948974609375
-1147.6484375 -309.11212158203125
-1145.707275390625 -307.14105224609375
-1147.2542724609375 -309.140380859375
-1145.27685546875 -307.1455993652344
-1146.618896484375 -309.1419982910156
-1144.6466064453125 -307.1430358886719
-1146.601806640625 -309.14068603515625
-1144.642333984375 -307.1536865234375
-1146.1375732421875 -309.150634765625
-1144.629150390625 -307.2011413574219
-1145.725830078125 -309.19329833984375
-1143.771728515625 -307.1935119628906
-1145.599365234375 -309.18988037109375
-1144.973388671875 -307.1923828125
-1146.453125 -309.1608581542969
-1144.45703125 -307.1736755371094
-1144.80810546875 -309.1124572753906
-1144.062255859375 -311.101806640625
-1142.0911865234375 -309.1022033691406
-1140.41845703125 -311.1019287109375
-1139.8109130859375 -313.0360107421875
-1138.77001953125 -311.0378112792969
-1137.2088623046875 -313.0357360839844
-1135.6995849609375 -311.0364990234375
-1133.8004150390625 -313.0341796875
-1133.7508544921875 -311.0342102050781
-1132.142578125 -313.03302001953125
-1131.870361328125 -311.0345153808594
-1130.271240234375 -313.0289306640625
-1129.4959716796875 -311.0306396484375
-1127.65966796875 -313.02838134765625
-1126.0379638671875 -311.029296875
-1124.2508544921875 -313.016357421875
-1122.26416015625 -311.0193786621094
-1120.8558349609375 -313.0144958496094
-1118.96533203125 -311.0145568847656
-1117.033935546875 -313.0124206542969
-1115.06396484375 -314.98516845703125
-1113.0643310546875 -315.0263671875
-1111.0645751953125 -316.7937316894531
-1113.037353515625 -318.5125427246094
-1111.0374755859375 -320.30426025390625
-1112.96435546875 -320.94281005859375
-1110.96826171875 -322.93853759765625
-1112.7947998046875 -324.87884521484375
-1110.7991943359375 -326.86968994140625
-1112.7099609375 -328.5249328613281
-1110.72216796875 -330.4729309082031
-1112.640380859375 -332.46990966796875
-1110.6422119140625 -334.44085693359375
-1112.4951171875 -336.4231872558594
-1110.49609375 -338.2998352050781
-1112.4788818359375 -340.0996398925781
-1110.47900390625 -342.07281494140625
-1111.470703125 -344.06707763671875
-1111.51611328125 -346.0563049316406
-1109.5174560546875 -347.95269775390625
-1107.569580078125 -349.9523620605469
-1109.517333984375 -351.9103698730469
-1110.7200927734375 -353.89825439453125
-1108.7225341796875 -355.8923645019531
-1110.255859375 -357.8628845214844
-1111.1402587890625 -359.7110290527344
-1109.1435546875 -361.6376647949219
-1110.7406005859375 -363.59735107421875
-1108.7467041015625 -365.37640380859375
-1110.70849609375 -367.2907409667969
-1112.4293212890625 -368.5722351074219
-1110.429931640625 -370.55059814453125
-1111.28564453125 -372.36041259765625
-1109.285888671875 -374.2080078125
-1111.0164794921875 -376.12493896484375
-1109.0167236328125 -377.9202575683594
-1110.515625 -379.88519287109375
-1112.0450439453125 -381.6379699707031
-1110.046630859375 -383.6361389160156
-1111.572998046875 -385.5402526855469
-1109.572998046875 -387.5115051269531
-1109.7677001953125 -389.4928894042969
-1108.581787109375 -391.48553466796875
-1107.93798828125 -393.4850769042969
-1106.2542724609375 -395.4814147949219
-1104.2752685546875 -397.470703125
-1104.6524658203125 -396.74005126953125
-1105.59619140625 -395.01214599609375
-1103.6767578125 -397.0113220214844
-1102.6025390625 -395.2646484375
-1100.7303466796875 -397.2645263671875
-1098.8077392578125 -395.2698669433594
-1096.9501953125 -397.26873779296875
-1095.0006103515625 -395.2718505859375
-1093.0269775390625 -397.2700500488281
-1091.1014404296875 -395.27557373046875
-1089.638671875 -393.28375244140625
-1087.906005859375 -395.28350830078125
-1086.5648193359375 -393.3119812011719
-1084.6375732421875 -395.31170654296875
-1082.730224609375 -393.37042236328125
-1080.782958984375 -395.3692932128906
-1082.7745361328125 -395.81475830078125
-1080.810791015625 -393.88922119140625
-1079.7587890625 -395.886962890625
-1081.65869140625 -394.00872802734375
-1079.768798828125 -396.0079040527344
-1081.76171875 -395.8978576660156
-1079.794677734375 -394.0582275390625
-1078.2242431640625 -396.0563659667969
-1079.8946533203125 -397.66619873046875
-1081.7264404296875 -398.87347412109375
-1079.7264404296875 -400.7884521484375
-1078.138427734375 -402.78814697265625
-1076.17626953125 -404.7881164550781
-1074.373046875 -402.82940673828125
-1072.4150390625 -404.8293762207031
-1070.7318115234375 -402.83367919921875
-1069.0120849609375 -404.8336486816406
-1067.22509765625 -402.8480224609375
-1065.2342529296875 -404.8477783203125
-1063.3994140625 -403.09869384765625
-1061.639404296875 -401.1293029785156
-1063.57861328125 -402.16131591796875
-1061.579345703125 -404.156982421875
-1063.555908203125 -405.853271484375
-1061.5577392578125 -405.6136779785156
-1063.551513671875 -407.4120178222656
-1061.5516357421875 -409.14678955078125
-1063.3973388671875 -411.0190124511719
-1061.3973388671875 -412.9990234375
-1063.3316650390625 -414.8857421875
-1061.3316650390625 -416.8643798828125
-1063.279296875 -418.0250549316406
-1061.2880859375 -420.0237121582031
-1063.06298828125 -421.9952392578125
-1061.06298828125 -423.6976318359375
-1063.0064697265625 -425.6180419921875
-1061.007080078125 -427.5929260253906
-1062.912841796875 -427.5703430175781
-1060.9129638671875 -429.4031677246094
-1061.9490966796875 -431.2944030761719
-1063.0318603515625 -433.26824951171875
-1061.0322265625 -434.9844970703125
-1062.255859375 -436.9770202636719
