-1180.807861328125 -310.420166015625
-1178.9923095703125 -312.419189453125
-1176.993896484375 -313.87371826171875
-1174.995361328125 -314.2701110839844
-1172.9957275390625 -312.3042907714844
-1171.001708984375 -310.9701232910156
-1169.1103515625 -312.96990966796875
-1167.2230224609375 -311.62396240234375
-1165.2283935546875 -309.7661437988281
-1163.229248046875 -307.7965087890625
-1161.3173828125 -309.79541015625
-1159.3265380859375 -308.3356018066406
-1157.33203125 -307.04931640625
-1155.673583984375 -309.0491943359375
-1153.6737060546875 -308.92364501953125
-1151.6923828125 -309.665283203125
-1149.6986083984375 -307.94793701171875
-1147.7303466796875 -306.3199157714844
-1149.60009765625 -308.3198547363281
-1147.6083984375 -306.3304748535156
-1148.8648681640625 -308.3216552734375
-1147.0787353515625 -306.3550720214844
-1149.0736083984375 -308.3544006347656
-1147.0740966796875 -306.35455322265625
-1148.6795654296875 -308.3543395996094
-1146.679931640625 -306.5174255371094
-1147.0628662109375 -308.5015869140625
-1145.0643310546875 -307.0093078613281
-1145.3953857421875 -309.0057067871094
-1146.4207763671875 -310.9985656738281
-1144.4222412109375 -310.00408935546875
-1142.4443359375 -308.3220520019531
-1144.3521728515625 -310.32183837890625
-1142.3585205078125 -308.9987487792969
-1144.09765625 -310.9984130859375
-1142.107421875 -309.3292236328125
-1142.8262939453125 -311.25
-1140.8404541015625 -309.79058837890625
-1138.904052734375 -311.7902526855469
-1137.6998291015625 -313.7872009277344
-1135.8917236328125 -314.5647888183594
-1133.953369140625 -314.4217529296875
-1132.0093994140625 -314.0518798828125
-1130.0150146484375 -312.8619689941406
-1128.1058349609375 -310.89453125
-1126.2691650390625 -312.8931884765625
-1124.585205078125 -312.5065002441406
-1122.5953369140625 -314.3282165527344
-1120.596923828125 -314.4684753417969
-1118.596923828125 -313.0690612792969
-1117.354248046875 -315.06829833984375
-1115.4268798828125 -313.61474609375
-1113.9686279296875 -315.6146240234375
-1111.999267578125 -316.0669860839844
-1112.428466796875 -314.9352722167969
-1110.451904296875 -313.02264404296875
-1111.9368896484375 -314.8447570800781
-1113.735595703125 -316.4822082519531
-1111.84130859375 -317.177001953125
-1113.7615966796875 -319.17388916015625
-1111.7750244140625 -321.09747314453125
-1113.7396240234375 -323.088623046875
-1111.7431640625 -324.606201171875
-1113.71923828125 -326.5973205566406
-1112.761962890625 -328.5643005371094
-1110.7886962890625 -329.5224609375
-1112.744140625 -331.0303955078125
-1110.8663330078125 -332.95562744140625
-1112.7760009765625 -334.8145446777344
-1111.6669921875 -336.29071044921875
-1113.607666015625 -338.2478942871094
-1111.6258544921875 -339.2747497558594
-1113.2208251953125 -340.8131103515625
-1111.34814453125 -342.53472900390625
-1112.6923828125 -344.5290832519531
-1110.7705078125 -346.5185546875
-1111.8160400390625 -348.51513671875
-1109.8258056640625 -350.146484375
-1111.429443359375 -352.116943359375
-1109.548828125 -354.0760192871094
-1111.46875 -355.993896484375
-1109.4805908203125 -357.9615478515625
-1110.6092529296875 -359.9203186035156
-1108.6661376953125 -361.9020690917969
-1110.4005126953125 -363.5502624511719
-1108.5157470703125 -364.525146484375
-1110.2998046875 -366.4454650878906
-1111.9849853515625 -368.4223327636719
-1110.0074462890625 -370.42041015625
-1111.9666748046875 -372.2244873046875
-1109.971923828125 -374.0518493652344
-1111.9366455078125 -375.6824645996094
-1109.9373779296875 -376.882568359375
-1108.5247802734375 -378.8406677246094
-1109.8990478515625 -380.8172302246094
-1111.0748291015625 -382.7015686035156
-1109.10595703125 -384.6435852050781
-1110.98291015625 -386.5872497558594
-1109.0006103515625 -388.5259094238281
-1110.903076171875 -390.2016296386719
-1108.904541015625 -389.5708923339844
-1109.35302734375 -391.5430603027344
-1109.1094970703125 -393.3894958496094
-1107.1751708984375 -395.3818664550781
-1105.219970703125 -397.3742980957031
-1104.738525390625 -396.90972900390625
-1105.530029296875 -397.7679748535156
-1106.590087890625 -398.5829162597656
-1105.3360595703125 -399.2867126464844
-1103.9224853515625 -399.7403259277344
-1105.3533935546875 -397.9613952636719
-1106.68896484375 -399.09197998046875
-1107.2271728515625 -400.18255615234375
-1105.5743408203125 -398.2215576171875
-1106.029052734375 -398.6895751953125
-1104.083251953125 -398.0509948730469
-1104.5919189453125 -397.3492736816406
-1105.554443359375 -398.1281433105469
-1104.3116455078125 -397.1859130859375
-1103.4444580078125 -395.4988708496094
-1101.467041015625 -397.49566650390625
-1099.4708251953125 -395.7062072753906
-1097.5147705078125 -397.69873046875
-1095.5169677734375 -395.6988220214844
-1093.5391845703125 -393.7106018066406
-1091.7769775390625 -395.7104187011719
-1093.4273681640625 -394.2786865234375
-1091.5186767578125 -396.26495361328125
-1090.713623046875 -394.602294921875
-1088.921142578125 -396.60113525390625
-1087.2823486328125 -394.76715087890625
-1087.6783447265625 -392.7716064453125
-1085.689697265625 -394.76666259765625
-1084.8599853515625 -392.85504150390625
-1082.923583984375 -394.8520812988281
-1081.106201171875 -393.6843566894531
-1079.112060546875 -395.6488037109375
-1078.8245849609375 -396.0577392578125
-1080.4530029296875 -396.863037109375
-1082.41943359375 -398.7253112792969
-1080.4326171875 -398.352294921875
-1082.3040771484375 -400.2605285644531
-1080.328857421875 -401.677734375
-1078.3311767578125 -401.9195251464844
-1076.35693359375 -403.9114074707031
-1075.0888671875 -402.781494140625
-1073.10400390625 -404.7808837890625
-1071.2447509765625 -403.2613220214844
-1069.3209228515625 -405.2427978515625
-1067.325927734375 -404.74652099609375
-1067.1199951171875 -405.6340026855469
-1065.12646484375 -407.2453918457031
-1063.1278076171875 -409.0472412109375
-1061.1641845703125 -409.2806396484375
-1062.9969482421875 -411.08990478515625
-1061.0045166015625 -413.047607421875
-1062.9874267578125 -414.518798828125
-1061.17822265625 -415.5185241699219
-1063.03759765625 -414.71160888671875
-1061.144287109375 -414.59027099609375
-1062.9825439453125 -414.9291076660156
-1061.163818359375 -416.7049560546875
-1062.9844970703125 -418.61627197265625
-1060.9893798828125 -420.6043701171875
-1060.947998046875 -422.2343444824219
-1061.5379638671875 -424.21820068359375
-1062.1217041015625 -425.63104248046875
-1060.2247314453125 -427.4958190917969
-1061.1236572265625 -428.2755126953125
-1060.6405029296875 -428.906982421875
-1062.5921630859375 -430.60528564453125
-1060.6190185546875 -432.59588623046875
-1061.21533203125 -433.89434814453125
-1062.4034423828125 -435.83563232421875
