-939.895751953125 -410.12139892578125
-941.8837890625 -408.20794677734375
-943.7794799804688 -406.2317199707031
-945.2308959960938 -404.2596740722656
-947.22509765625 -402.510498046875
-945.3460693359375 -400.5162353515625
-947.3338623046875 -398.5995178222656
-946.38427734375 -396.9410095214844
-948.3772583007812 -397.36602783203125
-947.1142578125 -396.2118835449219
-948.9901123046875 -394.4940490722656
-947.8171997070312 -392.50518798828125
-949.8062744140625 -391.5770263671875
-948.2780151367188 -389.7829895019531
-946.5634155273438 -387.7912902832031
-948.5398559570312 -385.9208068847656
-946.8598022460938 -383.99090576171875
-948.8585205078125 -382.01763916015625
-946.9368896484375 -380.0218811035156
-948.931884765625 -378.0342102050781
-947.0126953125 -376.0437927246094
-949.0123901367188 -374.07135009765625
-949.1493530273438 -372.1011962890625
-947.1780395507812 -370.1103515625
-949.12060546875 -369.16845703125
-947.2866821289062 -367.71343994140625
-949.2671508789062 -366.75506591796875
-947.2929077148438 -364.78289794921875
-949.2864379882812 -363.0126647949219
-947.490966796875 -361.09674072265625
-949.4890747070312 -361.8123779296875
-947.8436889648438 -359.8250732421875
-949.8259887695312 -358.000732421875
-948.1089477539062 -356.03802490234375
-950.108154296875 -355.2743835449219
-948.18359375 -355.61138916015625
-950.1824340820312 -354.1217346191406
-948.4366455078125 -353.8282165527344
-946.4664916992188 -351.86798095703125
-948.444091796875 -350.1502990722656
-946.5084228515625 -348.3047790527344
-948.4986572265625 -348.74053955078125
-946.5750732421875 -346.85015869140625
-948.5481567382812 -344.92779541015625
-946.5831909179688 -343.85516357421875
-948.4822387695312 -342.2290954589844
-946.5401000976562 -340.3876647949219
-947.9168701171875 -339.27008056640625
-949.9148559570312 -337.3171691894531
-948.186279296875 -335.5863037109375
-949.7188720703125 -333.67327880859375
-947.9266357421875 -331.8736267089844
-949.9081420898438 -331.87725830078125
-948.041748046875 -329.91754150390625
-950.0223388671875 -328.2618713378906
-948.4302978515625 -326.3604736328125
-946.521728515625 -325.4964294433594
-948.386962890625 -323.817626953125
-950.3751831054688 -321.86883544921875
-948.7981567382812 -319.8725280761719
-948.4815673828125 -317.8907165527344
-950.3790893554688 -315.89862060546875
-949.1324462890625 -313.9066467285156
-947.2880859375 -311.9761047363281
-949.0839233398438 -310.3546447753906
-947.2682495117188 -308.3671875
-949.0993041992188 -309.32275390625
-947.31005859375 -307.9793395996094
-949.1474609375 -307.5665283203125
-947.1627807617188 -305.6005859375
-946.3530883789062 -303.8863525390625
-947.9729614257812 -304.144287109375
-946.140380859375 -302.162353515625
-948.1232299804688 -300.39239501953125
-946.644287109375 -298.4012145996094
-948.2305908203125 -296.4387512207031
-946.3264770507812 -294.561279296875
-948.2201538085938 -292.56158447265625
-946.2501831054688 -290.57305908203125
-948.1971435546875 -288.5762939453125
-946.2455444335938 -286.86279296875
-948.029052734375 -284.93206787109375
-946.1692504882812 -283.2019958496094
-948.0390625 -281.28509521484375
-946.4874267578125 -279.4156494140625
-948.3159790039062 -277.4610595703125
-948.6395263671875 -275.46783447265625
-946.7546997070312 -273.48095703125
-948.6128540039062 -271.5537414550781
-946.6249389648438 -269.687744140625
-948.5865478515625 -267.7198791503906
-946.6238403320312 -265.7264404296875
-948.3212280273438 -263.8745422363281
-946.9541015625 -261.9173583984375
-948.7976684570312 -259.91796875
-947.3253784179688 -257.9676208496094
-945.364990234375 -256.05572509765625
-946.577880859375 -254.20741271972656
-948.5684814453125 -252.7834014892578
-947.112548828125 -250.88412475585938
-947.82080078125 -249.56068420410156
-945.8451538085938 -248.2234649658203
-947.1749877929688 -248.7996063232422
-947.9861450195312 -248.0118408203125
-946.01220703125 -246.0164794921875
-947.9994506835938 -245.48074340820312
-946.0074462890625 -243.9222412109375
-947.103515625 -245.2532196044922
-947.6116943359375 -243.29029846191406
-945.6954345703125 -242.7398681640625
-947.1591186523438 -242.72589111328125
-945.2335205078125 -241.3240966796875
-947.0693359375 -239.51177978515625
-948.9114379882812 -237.83615112304688
-947.059326171875 -235.8549346923828
-948.9147338867188 -233.85684204101562
-947.5834350585938 -231.89906311035156
-946.5172119140625 -230.0142364501953
-944.7345581054688 -228.12147521972656
-946.0595092773438 -228.3346405029297
-947.1429443359375 -230.11819458007812
-945.6858520507812 -228.12298583984375
-946.5587768554688 -227.79103088378906
-946.4044799804688 -228.14784240722656
-947.1155395507812 -226.2255401611328
-946.2432250976562 -224.2501220703125
-947.2620849609375 -224.0173797607422
-947.5039672851562 -222.30104064941406
-948.1736450195312 -223.78392028808594
-946.3617553710938 -224.34938049316406
-945.3001708984375 -226.08978271484375
-947.0082397460938 -227.56773376464844
-945.0619506835938 -225.67098999023438
-946.3340454101562 -225.1600799560547
-946.4934692382812 -225.63681030273438
-946.8060913085938 -227.4723663330078
-944.9442749023438 -226.02857971191406
-945.0546875 -227.38211059570312
-943.4988403320312 -226.84600830078125
-941.8046264648438 -226.94357299804688
-940.0558471679688 -228.89723205566406
-939.1944580078125 -226.98031616210938
-937.2135620117188 -228.85650634765625
-936.7517700195312 -227.885986328125
-934.7537841796875 -229.79019165039062
-932.8406982421875 -228.8175048828125
-930.977294921875 -226.93173217773438
-928.9777221679688 -228.89193725585938
-926.984619140625 -226.95228576660156
-924.9849853515625 -228.94229125976562
-922.9857788085938 -227.82760620117188
-920.9862670898438 -226.03643798828125
-918.9862670898438 -228.02891540527344
-916.9866333007812 -226.0880584716797
-914.9866333007812 -228.08782958984375
-912.9871215820312 -226.2003173828125
-910.9871215820312 -228.199951171875
-908.9877319335938 -226.54811096191406
-906.9879150390625 -228.48707580566406
-904.9915771484375 -226.62559509277344
-902.9916381835938 -228.6239471435547
-900.9923095703125 -227.9998321533203
-898.9927978515625 -226.06529235839844
-896.9928588867188 -228.0481414794922
-894.9972534179688 -226.07183837890625
-892.9973754882812 -228.0708465576172
-891.0078735351562 -226.0827178955078
-889.0887451171875 -224.1177215576172
-887.0895385742188 -226.11221313476562
-885.09033203125 -228.10606384277344
-883.1152954101562 -226.12522888183594
-881.1152954101562 -228.05140686035156
-879.16455078125 -226.05572509765625
-877.1646118164062 -227.84327697753906
-875.1658325195312 -225.845458984375
-873.166015625 -227.84397888183594
-871.1738891601562 -226.35545349121094
-870.049560546875 -224.40121459960938
-868.0499267578125 -226.38963317871094
-866.1351928710938 -224.530517578125
-864.1353149414062 -226.03280639648438
-862.1373901367188 -228.02426147460938
-860.1798706054688 -226.0324249267578
-858.356201171875 -224.04275512695312
-856.359375 -224.77162170410156
-854.4146118164062 -226.662109375
-852.5158081054688 -224.67665100097656
-850.515869140625 -226.6365509033203
-849.4158325195312 -224.64315795898438
-847.4185180664062 -226.5460968017578
-845.9171752929688 -224.54678344726562
-843.917236328125 -226.5453643798828
-842.1793823242188 -224.54888916015625
-840.1817016601562 -226.0741424560547
-841.0413818359375 -224.07452392578125
-839.0416870117188 -225.97525024414062
-840.1594848632812 -223.9781951904297
-838.1597290039062 -225.8156280517578
-836.6983642578125 -223.81715393066406
-834.6997680664062 -225.55567932128906
-832.8455200195312 -223.55747985839844
-830.8536987304688 -225.0996551513672
-828.8543090820312 -226.50875854492188
-826.8551025390625 -228.36557006835938
-824.947021484375 -226.3788299560547
-822.9485473632812 -226.65504455566406
-820.9493408203125 -228.61473083496094
-821.3360595703125 -226.62631225585938
-819.33740234375 -228.42588806152344
-818.5469360351562 -226.42623901367188
-816.5469970703125 -228.38629150390625
-815.20849609375 -226.38905334472656
-813.208984375 -227.16905212402344
-813.6385498046875 -225.23370361328125
-811.638916015625 -227.17453002929688
-812.8379516601562 -225.17471313476562
-810.8382568359375 -227.01011657714844
-810.864501953125 -225.02801513671875
-808.8651733398438 -226.9803924560547
-806.9078369140625 -228.46994018554688
-808.331298828125 -226.4726104736328
-806.3511962890625 -227.3325653076172
-804.5359497070312 -229.18960571289062
-806.319091796875 -227.18988037109375
-804.3380737304688 -227.45086669921875
-802.3511962890625 -228.72769165039062
-804.31298828125 -226.7358856201172
-802.3439331054688 -225.34718322753906
-800.3536987304688 -226.93655395507812
-800.6104736328125 -227.43898010253906
-798.6597900390625 -228.4569549560547
-797.5272216796875 -226.46328735351562
-795.5374145507812 -224.8219451904297
-793.5396118164062 -226.80929565429688
-791.597412109375 -225.14646911621094
-789.6884765625 -223.48202514648438
-787.6972045898438 -222.32818603515625
-785.701171875 -220.96885681152344
-787.3175048828125 -219.79507446289062
-785.4033203125 -219.2130126953125
-787.3275146484375 -217.37588500976562
-785.3404541015625 -215.57643127441406
-787.2522583007812 -213.7183074951172
-785.73291015625 -212.28887939453125
-787.6333618164062 -210.29847717285156
-785.7081298828125 -209.2608184814453
-787.5772705078125 -207.9405517578125
-785.6113891601562 -206.6363983154297
-787.58935546875 -205.84954833984375
-785.60400390625 -204.4148406982422
-787.59521484375 -202.67738342285156
-785.61083984375 -200.98916625976562
-787.4138793945312 -199.17874145507812
-789.2967529296875 -197.18006896972656
-787.3048706054688 -198.22230529785156
-785.3286743164062 -197.35995483398438
