-940.0055541992188 -410.1393737792969
-941.4987182617188 -408.144775390625
-943.33740234375 -406.15216064453125
-944.5137939453125 -404.1659240722656
-946.3427124023438 -402.168701171875
-948.3422241210938 -400.1697998046875
-946.3760375976562 -398.1707458496094
-948.3749389648438 -396.1781005859375
-946.4721069335938 -394.1788024902344
-948.4719848632812 -392.19189453125
-946.4896240234375 -390.1963195800781
-948.4866333007812 -388.2169494628906
-946.8120727539062 -386.21759033203125
-948.811767578125 -384.2536926269531
-946.8543701171875 -382.2538146972656
-948.8323364257812 -380.2828369140625
-947.0204467773438 -378.2829284667969
-949.01806640625 -376.2845458984375
-947.045654296875 -374.2850036621094
-949.0427856445312 -372.29095458984375
-947.2447509765625 -370.29150390625
-949.169677734375 -368.2962341308594
-947.2164916992188 -366.2962646484375
-949.2075805664062 -364.32354736328125
-949.4749145507812 -362.32379150390625
-947.612060546875 -360.32452392578125
-949.6107177734375 -358.4010314941406
-948.0928344726562 -356.4012145996094
-950.0537719726562 -354.4365234375
-948.0606689453125 -352.43719482421875
-950.0487060546875 -350.4808044433594
-948.8667602539062 -348.48138427734375
-946.901611328125 -346.4817199707031
-948.9013061523438 -344.5116882324219
-947.6143188476562 -342.5121765136719
-949.5665283203125 -340.5173645019531
-947.7721557617188 -338.51849365234375
-949.7710571289062 -336.59222412109375
-948.1683959960938 -334.59393310546875
-950.1583251953125 -332.60693359375
-948.2843627929688 -330.6070556640625
-949.5874633789062 -328.6195068359375
-948.6624145507812 -326.6225280761719
-946.7168579101562 -324.6226501464844
-948.6343383789062 -322.6439208984375
-946.8173217773438 -320.6445617675781
-948.81103515625 -318.6922912597656
-947.5712890625 -316.6930847167969
-948.1837158203125 -314.72430419921875
-948.4430541992188 -312.76129150390625
-946.7201538085938 -310.7613525390625
-948.6532592773438 -309.811767578125
-947.1868286132812 -307.8119812011719
-948.10546875 -305.8215026855469
-946.1806030273438 -303.8216552734375
-948.1783447265625 -302.0712585449219
-947.0391235351562 -300.0740966796875
-948.7771606445312 -298.1130676269531
-946.7923583984375 -296.1131591796875
-947.4818115234375 -294.1274108886719
-949.2369995117188 -292.5328674316406
-947.4797973632812 -290.53326416015625
-948.5174560546875 -288.5416259765625
-947.2920532226562 -286.5417175292969
-948.3834228515625 -284.55987548828125
-946.642822265625 -282.5633544921875
-948.5565795898438 -280.60491943359375
-947.770263671875 -278.60498046875
-945.8961181640625 -276.60504150390625
-946.3621826171875 -274.6058349609375
-948.3521728515625 -272.61279296875
-946.4025268554688 -270.6131896972656
-944.9679565429688 -268.8511657714844
-945.8109741210938 -267.0028381347656
-947.6259765625 -265.08319091796875
-945.7520751953125 -263.0865783691406
-947.40576171875 -261.15277099609375
-949.0992431640625 -260.0539245605469
-947.1232299804688 -258.05450439453125
-947.1980590820312 -256.1999206542969
-945.4588012695312 -254.20860290527344
-946.4031372070312 -252.29551696777344
-946.3905639648438 -250.35549926757812
-945.4052734375 -248.43031311035156
-945.3023681640625 -246.47586059570312
-944.587158203125 -244.5793914794922
-944.888671875 -242.61489868164062
-943.3494262695312 -240.63206481933594
-941.5582885742188 -238.64598083496094
-939.8682250976562 -236.7252655029297
-938.2674560546875 -234.728271484375
-937.1891479492188 -232.88958740234375
-935.4074096679688 -230.89842224121094
-933.46630859375 -228.93426513671875
-932.1610717773438 -226.93814086914062
-931.6187133789062 -227.23348999023438
-930.2609252929688 -228.87379455566406
-931.001220703125 -226.89874267578125
-929.5470581054688 -228.86181640625
-928.3128662109375 -226.8625030517578
-926.3384399414062 -228.62124633789062
-924.4598999023438 -226.6213836669922
-922.6995239257812 -228.60836791992188
-920.7081909179688 -226.6088409423828
-918.729248046875 -228.56927490234375
-916.8099975585938 -226.5693359375
-914.963134765625 -228.5260009765625
-912.9729614257812 -226.5263671875
-911.0711059570312 -228.50624084472656
-909.2650146484375 -226.50657653808594
-907.3744506835938 -228.5046844482422
-905.3878173828125 -226.50811767578125
-903.4315185546875 -228.4005584716797
-901.5353393554688 -226.40110778808594
-899.6088256835938 -228.29571533203125
-897.696533203125 -226.29600524902344
-895.705810546875 -228.23329162597656
-893.8499755859375 -226.23504638671875
-891.90673828125 -224.23606872558594
-889.9085693359375 -224.7781982421875
-889.3584594726562 -226.32525634765625
-887.6243286132812 -224.3271484375
-886.2677612304688 -226.1152801513672
-884.429443359375 -227.90838623046875
-884.98779296875 -225.9103546142578
-882.9976806640625 -227.87059020996094
-881.1069946289062 -225.87216186523438
-879.1754760742188 -227.52725219726562
-877.2200317382812 -225.5283203125
-875.2225341796875 -227.49517822265625
-873.331787109375 -225.49728393554688
-871.3338012695312 -227.15576171875
-869.3451538085938 -225.15960693359375
-867.373046875 -226.8545684814453
-865.431396484375 -224.85482788085938
-863.4340209960938 -226.31637573242188
-861.4431762695312 -224.32688903808594
-859.4432373046875 -226.0341796875
-857.784912109375 -224.04718017578125
-855.7857666015625 -225.9528350830078
-853.794189453125 -223.95330810546875
-851.7944946289062 -225.91502380371094
-850.0437622070312 -223.91600036621094
-848.0514526367188 -224.73939514160156
-846.05322265625 -226.3430633544922
-844.1692504882812 -224.34422302246094
-842.1697387695312 -225.41847229003906
-840.1748046875 -223.48658752441406
-838.193115234375 -224.80184936523438
-836.1951904296875 -222.81158447265625
-834.195556640625 -223.6420440673828
-834.4308471679688 -221.7752685546875
-833.7213745117188 -220.41062927246094
-832.3973388671875 -218.79737854003906
-833.3853759765625 -216.81822204589844
-833.3485717773438 -215.46383666992188
-831.3485717773438 -213.49716186523438
-830.3706665039062 -211.8254852294922
-832.0736694335938 -211.2206268310547
-831.1083374023438 -209.29330444335938
-832.6691284179688 -207.46409606933594
-834.234619140625 -205.4875030517578
-832.234619140625 -203.55465698242188
-833.2305297851562 -203.1149139404297
-832.6598510742188 -201.19920349121094
-831.7711181640625 -200.5050811767578
-831.3954467773438 -198.5662384033203
-829.6972045898438 -196.57603454589844
-827.8419189453125 -198.1766357421875
-826.7981567382812 -196.1775665283203
-824.8818359375 -197.74143981933594
-822.9827880859375 -195.74147033691406
-820.9939575195312 -197.62957763671875
-819.0151977539062 -195.6299591064453
-817.0352172851562 -196.75572204589844
-815.0447998046875 -198.2764892578125
-813.2499389648438 -196.27655029296875
-811.2540283203125 -197.83102416992188
-809.2549438476562 -198.89703369140625
-807.267578125 -196.90017700195312
-805.2680053710938 -197.7925262451172
-803.4165649414062 -195.79257202148438
-801.4207153320312 -197.11697387695312
-799.4215698242188 -199.06617736816406
-798.0293579101562 -197.07228088378906
-796.0398559570312 -195.07322692871094
-794.675537109375 -197.0083465576172
-792.6893310546875 -197.6172637939453
-790.6943969726562 -198.43907165527344
-788.7877197265625 -196.4432830810547
-786.7886352539062 -196.56910705566406
