-939.99951171875 -410.1138000488281
-941.9971313476562 -408.1138000488281
-943.8068237304688 -406.11383056640625
-945.55810546875 -404.1138916015625
-947.4717407226562 -402.1138916015625
-945.4720458984375 -400.1140441894531
-947.469970703125 -398.11407470703125
-945.4700317382812 -396.1146240234375
-947.4696044921875 -394.1147155761719
-949.45556640625 -392.11480712890625
-947.4559326171875 -390.11602783203125
-949.454345703125 -388.11602783203125
-947.454345703125 -386.1161193847656
-949.348388671875 -384.1161193847656
-947.35205078125 -382.1167907714844
-949.3497314453125 -380.1167907714844
-947.3501586914062 -378.1168518066406
-949.3489990234375 -376.1168518066406
-947.3493041992188 -374.1170349121094
-945.3494262695312 -372.1194152832031
-947.3482666015625 -370.1194763183594
-949.2940063476562 -368.1194763183594
-947.294921875 -366.11956787109375
-949.2924194335938 -364.11962890625
-947.2924194335938 -362.1204528808594
-948.7733764648438 -360.1204528808594
-946.773681640625 -358.1220397949219
-948.7352294921875 -356.1220397949219
-946.736083984375 -354.1220703125
-948.6858520507812 -352.1221008300781
-946.6859741210938 -350.1222839355469
-948.0986938476562 -348.1222839355469
-949.982177734375 -346.1224060058594
-947.982666015625 -344.1224670410156
-949.7462768554688 -342.1224670410156
-947.74951171875 -340.1228332519531
-949.3311767578125 -338.1228332519531
-947.3313598632812 -336.1242980957031
-948.40625 -334.1250915527344
-946.4066772460938 -332.125244140625
-948.2189331054688 -330.12530517578125
-947.8388671875 -328.1253662109375
-948.84423828125 -326.1253967285156
-946.8442993164062 -324.1254577636719
-946.2192993164062 -322.1255798339844
-948.128173828125 -320.1255798339844
-946.5357666015625 -318.1256103515625
-945.174560546875 -316.1256408691406
-944.1170043945312 -314.1256408691406
-942.60498046875 -312.1256408691406
-942.6598510742188 -310.1265869140625
-944.4031372070312 -308.1268005371094
-945.922607421875 -306.12841796875
-944.7989501953125 -304.1285095214844
-944.9342651367188 -302.128662109375
-943.3018798828125 -300.1290588378906
-941.6962890625 -298.1291809082031
-939.8009643554688 -296.12921142578125
-940.2926025390625 -294.12939453125
-940.366943359375 -292.129638671875
-938.7939453125 -290.1301574707031
-937.0930786132812 -288.1302795410156
-937.145263671875 -286.1360168457031
-936.8541870117188 -284.13739013671875
-936.8843383789062 -282.1383972167969
-936.5626831054688 -280.14141845703125
-936.17431640625 -278.1538391113281
-934.4354858398438 -276.15924072265625
-934.0062866210938 -274.1698913574219
-934.6890258789062 -272.1728515625
-934.0460815429688 -270.17718505859375
-933.005615234375 -268.2010803222656
-933.46142578125 -266.2061767578125
-933.1314697265625 -264.2210998535156
-934.784423828125 -262.2295837402344
-934.32080078125 -260.2527160644531
-932.426025390625 -258.2571716308594
-932.5391235351562 -256.4504699707031
-932.9718017578125 -254.48904418945312
-934.0424194335938 -252.6558380126953
-933.313232421875 -250.73333740234375
-932.4237670898438 -249.63255310058594
-932.69873046875 -247.72201538085938
-934.593994140625 -245.7464599609375
-932.7428588867188 -244.34637451171875
-934.6072998046875 -242.524169921875
-933.6331787109375 -240.70285034179688
-933.5670776367188 -239.23355102539062
-934.2725219726562 -237.27964782714844
-932.5103759765625 -235.30081176757812
-931.6260986328125 -233.4104461669922
-932.5416259765625 -231.43344116210938
-933.7778930664062 -229.43423461914062
-931.9990844726562 -227.45242309570312
-930.3703002929688 -229.4459228515625
-929.5665283203125 -227.4469757080078
-927.7760009765625 -229.42933654785156
-929.5848999023438 -227.4295196533203
-927.6417236328125 -229.36550903320312
-927.2616577148438 -227.36557006835938
-925.3082275390625 -229.28387451171875
-924.7954711914062 -227.283935546875
-923.58251953125 -229.2801055908203
-921.767578125 -227.28012084960938
-920.5606689453125 -225.28012084960938
-918.6071166992188 -227.19476318359375
-916.6083984375 -229.14573669433594
-914.9087524414062 -227.145751953125
-912.9093017578125 -229.04176330566406
-910.9725952148438 -227.04177856445312
-908.9783935546875 -228.86459350585938
-907.4892578125 -226.86459350585938
-905.492431640625 -228.85052490234375
-903.5 -226.85052490234375
-901.5745239257812 -228.82391357421875
-899.576171875 -226.82391357421875
-897.5786743164062 -227.90476989746094
-895.5857543945312 -225.90478515625
-893.5866088867188 -226.8485870361328
-891.7022094726562 -224.84872436523438
-889.7037963867188 -226.15798950195312
-887.8002319335938 -224.1580047607422
-885.8383178710938 -226.13401794433594
-883.8403930664062 -228.08250427246094
-882.0069580078125 -226.08251953125
-880.00830078125 -227.8419952392578
-878.0704956054688 -225.8419952392578
-876.0713500976562 -227.8301239013672
-874.1865844726562 -225.83229064941406
-872.1956787109375 -227.70504760742188
-870.2100830078125 -225.70506286621094
-868.2117309570312 -227.58558654785156
-866.2489013671875 -225.58560180664062
-864.2489624023438 -227.25204467773438
-862.2837524414062 -225.25257873535156
-860.283935546875 -227.03981018066406
-858.6322021484375 -225.04025268554688
-856.63232421875 -226.38134765625
-854.7294921875 -224.38137817382812
-852.7333984375 -225.14732360839844
-850.780029296875 -223.14759826660156
-848.7800903320312 -224.79029846191406
-846.7803344726562 -226.35955810546875
-844.7974243164062 -224.35972595214844
-842.802978515625 -224.5834197998047
-840.80322265625 -225.78749084472656
-839.0781860351562 -223.7880401611328
-837.0783081054688 -223.36578369140625
-835.078369140625 -224.10487365722656
-836.2894287109375 -222.87554931640625
-834.2894287109375 -224.62037658691406
-832.3284912109375 -222.62144470214844
-831.1165771484375 -223.9393310546875
-829.16357421875 -225.89010620117188
-827.1691284179688 -227.8722686767578
-825.2246704101562 -225.87429809570312
-823.2288208007812 -227.78277587890625
-821.2349853515625 -225.78369140625
-819.2349853515625 -227.1468505859375
-817.2354125976562 -228.81814575195312
-815.94189453125 -226.82199096679688
-813.94189453125 -228.6654510498047
-814.2823486328125 -226.66700744628906
-812.2823486328125 -228.0303192138672
-810.4349365234375 -226.03440856933594
-808.6309204101562 -227.4705352783203
-806.6359252929688 -229.30816650390625
-806.2805786132812 -227.30821228027344
-804.2863159179688 -227.4625244140625
-802.288330078125 -228.6710662841797
-803.4909057617188 -226.67434692382812
-801.4962158203125 -226.99887084960938
-799.49658203125 -228.4266815185547
-801.4666748046875 -226.42799377441406
-799.4708251953125 -227.77804565429688
-797.4837646484375 -228.89773559570312
-797.8822631835938 -226.90292358398438
-795.9310913085938 -226.4536590576172
-793.9327392578125 -224.80943298339844
-791.9362182617188 -226.03952026367188
-789.936279296875 -226.15689086914062
-787.937255859375 -224.5825653076172
-785.9381103515625 -223.05880737304688
-787.9320678710938 -221.08261108398438
-785.93212890625 -221.6118927001953
-787.9291381835938 -219.91062927246094
-785.9302368164062 -221.25735473632812
-787.9288330078125 -219.3855438232422
-785.9291381835938 -219.3152313232422
-783.93505859375 -218.27801513671875
-785.930908203125 -216.2937469482422
-784.0194702148438 -214.55865478515625
-786.016845703125 -213.37322998046875
-785.3811645507812 -211.39772033691406
-787.3778076171875 -209.43931579589844
-785.4758911132812 -208.59559631347656
-787.443359375 -206.6580352783203
-785.4449462890625 -206.2585906982422
-787.3893432617188 -204.39080810546875
-785.3928833007812 -202.4165496826172
-787.3680419921875 -200.98870849609375
-786.15771484375 -199.0520477294922
-787.8898315429688 -199.2487030029297
-788.419677734375 -197.2639923095703
-786.42138671875 -199.06747436523438
-788.2529296875 -200.5712890625
-786.4902954101562 -198.6068115234375
-784.4998168945312 -200.30641174316406
