-939.9813842773438 -410.1147155761719
-941.5604858398438 -408.11566162109375
-943.5460205078125 -406.11566162109375
-943.5635986328125 -404.11602783203125
-944.8709106445312 -402.11602783203125
-946.5623779296875 -400.1228332519531
-948.2007446289062 -398.12310791015625
-946.2008056640625 -396.12310791015625
-947.73779296875 -394.20721435546875
-949.4776611328125 -392.256591796875
-947.5156860351562 -390.36309814453125
-949.3224487304688 -388.49981689453125
-947.3264770507812 -386.5008544921875
-949.3087158203125 -384.5023498535156
-947.4599609375 -382.50262451171875
-949.4594116210938 -380.5040283203125
-947.5029907226562 -378.72955322265625
-949.3439331054688 -376.7295837402344
-947.3469848632812 -374.7331237792969
-945.4776000976562 -372.73577880859375
-947.0842895507812 -371.9054870605469
-948.9866333007812 -369.99652099609375
-946.9872436523438 -368.0022277832031
-947.0902099609375 -366.025634765625
-945.3001098632812 -364.0257263183594
-946.5592651367188 -362.026611328125
-944.8858032226562 -360.030029296875
-944.231201171875 -358.0647888183594
-944.4288940429688 -356.3629150390625
-944.578369140625 -354.51702880859375
-945.0709838867188 -352.5213623046875
-945.7297973632812 -350.546630859375
-945.518310546875 -348.5473937988281
-947.4761962890625 -346.64093017578125
-946.5572509765625 -344.7306213378906
-945.5133666992188 -342.7322082519531
-945.7120361328125 -340.76763916015625
-944.2005004882812 -338.7939147949219
-945.8829956054688 -336.794921875
-946.5718383789062 -334.79705810546875
-946.3695068359375 -332.9635314941406
-947.5923461914062 -331.0935363769531
-946.3779296875 -329.0948181152344
-947.3392944335938 -327.10394287109375
-948.094482421875 -325.1836242675781
-946.1122436523438 -323.1928405761719
-947.5388793945312 -321.2074279785156
-945.5645751953125 -319.21026611328125
-944.41357421875 -317.2113342285156
-942.4371948242188 -315.2125549316406
-941.6987915039062 -313.212646484375
-943.46484375 -311.2126770019531
-945.3065795898438 -312.3763732910156
-943.4930419921875 -311.2930603027344
-944.3760986328125 -310.3277282714844
-944.3348999023438 -311.6519470214844
-943.6879272460938 -310.2450256347656
-942.0779418945312 -310.66595458984375
-940.7695922851562 -311.2640686035156
-939.3377075195312 -309.5889587402344
-938.0784912109375 -307.9701843261719
-939.149658203125 -308.6351013183594
-939.1085205078125 -309.5003967285156
-937.3313598632812 -308.42218017578125
-937.6967163085938 -310.14984130859375
-938.6519165039062 -311.9031677246094
-937.417724609375 -312.8887023925781
-936.6406860351562 -310.8890075683594
-935.181884765625 -309.51324462890625
-936.34765625 -310.2039794921875
-938.2830810546875 -312.1946716308594
-936.9171752929688 -314.0097351074219
-935.921875 -312.0099182128906
-935.25732421875 -312.7544250488281
-934.3670654296875 -310.75445556640625
-933.0987548828125 -312.3374938964844
-931.1051025390625 -314.3066711425781
-929.1109619140625 -312.33343505859375
-927.2899780273438 -314.3275146484375
-925.3958129882812 -312.3280944824219
-923.4052124023438 -314.30340576171875
-921.411376953125 -312.3039855957031
-919.4117431640625 -310.3589782714844
-917.412353515625 -312.314208984375
-915.4214477539062 -310.31500244140625
-913.4532470703125 -312.197021484375
-911.4622192382812 -310.19757080078125
-909.4922485351562 -312.1107482910156
-907.511962890625 -310.1138610839844
-905.5159301757812 -311.0578308105469
-903.5177612304688 -313.04852294921875
-901.525634765625 -311.05133056640625
-899.5321655273438 -312.88330078125
-897.5355224609375 -310.88653564453125
-896.0184326171875 -309.7471618652344
-894.1188354492188 -311.738525390625
-892.12548828125 -313.7204895019531
-890.4804077148438 -311.76910400390625
-888.4900512695312 -312.3818054199219
-886.491943359375 -310.39532470703125
-884.8157958984375 -311.91796875
-882.8469848632812 -313.8912658691406
-880.8494262695312 -311.8924865722656
-878.9310302734375 -313.7771911621094
-876.994140625 -311.7781677246094
-875.0089111328125 -311.936767578125
-873.7827758789062 -313.61541748046875
-871.8450317382812 -311.6155090332031
-870.002685546875 -313.5606994628906
-868.323974609375 -311.56109619140625
-866.653076171875 -312.0663146972656
-864.6595458984375 -310.0664367675781
-862.7110595703125 -311.9924621582031
-860.7141723632812 -309.99261474609375
-858.785400390625 -311.9855041503906
-856.787841796875 -309.98583984375
-854.79638671875 -311.48602294921875
-853.45068359375 -310.2174072265625
-851.6539306640625 -310.9449157714844
-851.0455322265625 -312.8820495605469
-849.1114501953125 -314.70965576171875
-847.9249877929688 -312.7098693847656
-845.9454956054688 -313.63970947265625
-843.9464111328125 -311.64068603515625
-842.2156982421875 -313.18438720703125
-840.691162109375 -311.1863098144531
-838.72021484375 -313.1259460449219
-836.7611083984375 -311.1260986328125
-834.81298828125 -313.07244873046875
-832.8217163085938 -311.07275390625
-830.8855590820312 -313.0690002441406
-829.5571899414062 -311.0691223144531
-827.9669189453125 -313.0555419921875
-826.11474609375 -311.0557861328125
-824.1539306640625 -312.6788635253906
-822.1683349609375 -310.68353271484375
-820.205078125 -312.4348449707031
-818.2896118164062 -314.1978759765625
-816.3976440429688 -312.1979064941406
-814.4544677734375 -314.0016174316406
-813.7542114257812 -312.0019836425781
-811.8145141601562 -313.79095458984375
-809.8917236328125 -311.7910461425781
-807.9319458007812 -313.6330261230469
-805.95703125 -311.63470458984375
-803.9586181640625 -313.62127685546875
-802.5440673828125 -311.6213684082031
-800.54541015625 -313.0513610839844
-798.5511474609375 -315.0487060546875
-798.0606689453125 -313.05194091796875
-796.0947875976562 -314.2543029785156
-794.1030883789062 -312.25714111328125
-792.1848754882812 -314.16656494140625
-791.3610229492188 -312.1682434082031
-789.5648193359375 -313.98712158203125
-791.464599609375 -311.98779296875
-789.6860961914062 -312.6121826171875
-790.6517333984375 -310.6124267578125
-788.731689453125 -310.10882568359375
-787.4249267578125 -311.8098449707031
-789.1353149414062 -309.81011962890625
-787.244873046875 -311.7727355957031
-785.5711059570312 -309.7747802734375
-783.6588745117188 -311.7514953613281
-782.8092041015625 -309.7550048828125
-781.0445556640625 -309.723876953125
-779.1962280273438 -311.49554443359375
-780.5693359375 -309.4956359863281
-778.6848754882812 -309.9840087890625
-776.7246704101562 -311.9695739746094
-774.8349609375 -309.9700927734375
-772.9981689453125 -309.6208190917969
-771.040283203125 -310.4017333984375
-769.0942993164062 -311.089599609375
-767.1951293945312 -313.08056640625
-766.2675170898438 -311.0818176269531
-764.3550415039062 -313.07269287109375
-765.5933837890625 -311.080078125
-763.7406616210938 -311.5498352050781
-761.7514038085938 -309.5499267578125
-759.8138427734375 -311.513427734375
-758.3276977539062 -309.5134582519531
-756.3958129882812 -311.4607238769531
-754.4495239257812 -309.4761047363281
-752.6829833984375 -309.3976745605469
-750.6898803710938 -310.9229431152344
-748.693359375 -311.6799621582031
-747.1414794921875 -309.6910705566406
-745.49365234375 -311.26226806640625
-743.5866088867188 -312.85693359375
-741.919189453125 -310.87310791015625
-739.9276123046875 -312.0374755859375
-738.53662109375 -314.005859375
-737.2674560546875 -312.00653076171875
-735.2803344726562 -313.4998474121094
-733.315673828125 -314.853515625
-731.4326171875 -316.822509765625
-729.4450073242188 -314.82293701171875
-727.5319213867188 -314.9803161621094
-728.4166870117188 -313.1191711425781
-726.9452514648438 -311.16619873046875
-727.367919921875 -309.1677551269531
-727.1297607421875 -307.16790771484375
-725.9423828125 -305.1684875488281
-724.5219116210938 -303.1694030761719
-724.5687255859375 -301.1786804199219
-723.13916015625 -299.1796875
-725.1027221679688 -297.182373046875
-726.3949584960938 -295.1830749511719
-725.25390625 -293.1834716796875
-723.3264770507812 -291.1837463378906
-721.9104614257812 -289.1849060058594
-721.6015625 -287.1942138671875
-722.7500610351562 -285.20172119140625
-720.7904052734375 -283.20172119140625
-718.9886474609375 -281.2018737792969
-717.169189453125 -279.20281982421875
-716.4567260742188 -277.2105712890625
-717.2177124023438 -275.2357177734375
-719.0009155273438 -273.242431640625
-718.6497802734375 -271.2817077636719
-717.6812133789062 -269.28192138671875
-718.1454467773438 -267.2840270996094
-716.9253540039062 -265.286865234375
-715.0410766601562 -263.2973327636719
-715.4844970703125 -261.2975769042969
-716.885498046875 -259.2981872558594
-717.2095336914062 -257.29840087890625
-719.1411743164062 -255.3018035888672
-717.3121948242188 -253.30335998535156
-718.1785888671875 -251.30413818359375
-718.1172485351562 -249.3086700439453
-719.8614501953125 -247.31625366210938
-720.6551513671875 -245.3186798095703
-718.9957275390625 -243.3198699951172
-720.2406005859375 -241.37229919433594
-718.62060546875 -239.4154052734375
-718.2013549804688 -237.4174041748047
-719.1102905273438 -235.4189910888672
-720.8788452148438 -233.4221954345703
-722.68798828125 -231.4483184814453
-724.0741577148438 -229.48243713378906
-722.405517578125 -227.48260498046875
-724.084716796875 -226.18826293945312
-723.4700927734375 -224.48353576660156
-725.3668823242188 -222.49671936035156
-724.1339721679688 -220.52723693847656
-722.2886352539062 -218.91879272460938
-721.0382080078125 -217.72007751464844
-722.5469360351562 -215.72897338867188
-723.0101318359375 -213.73463439941406
-723.6803588867188 -211.7390594482422
-725.2741088867188 -209.78309631347656
-726.1091918945312 -207.82601928710938
-724.9229736328125 -205.83140563964844
-723.0750732421875 -203.93580627441406
-722.0305786132812 -201.978759765625
-720.32470703125 -200.00018310546875
-719.7360229492188 -198.319091796875
-720.3765869140625 -196.45535278320312
-720.4429321289062 -194.46551513671875
-719.1823120117188 -192.46559143066406
-717.3359375 -190.4711456298828
-715.341552734375 -188.4775390625
-714.4520874023438 -186.4781494140625
-716.1315307617188 -184.50767517089844
-717.9058227539062 -182.9182891845703
-717.304443359375 -180.92852783203125
-715.443603515625 -178.93174743652344
-717.44091796875 -180.589111328125
-719.439453125 -182.55374145507812
-718.6854248046875 -180.56732177734375
-720.6724853515625 -182.55760192871094
-721.4824829101562 -180.63978576660156
-723.4793701171875 -182.62693786621094
-723.0760498046875 -180.6273956298828
-725.074951171875 -182.62289428710938
-724.3662109375 -180.6233673095703
-726.3518676757812 -182.60366821289062
-727.62353515625 -180.6060028076172
-729.43115234375 -182.6025848388672
-730.9828491210938 -180.6026153564453
