-1097.9532470703125 41.69697570800781
-1095.95458984375 39.69904327392578
-1093.9580078125 37.73728561401367
-1095.95751953125 35.770503997802734
-1093.966796875 33.94738006591797
-1095.963134765625 31.994831085205078
-1094.348388671875 30.0124568939209
-1096.2122802734375 28.03142547607422
-1094.22705078125 26.035764694213867
-1096.176025390625 24.057201385498047
-1094.1968994140625 22.089435577392578
-1096.149658203125 20.098831176757812
-1094.48974609375 18.100210189819336
-1092.563232421875 17.993074417114258
-1094.1181640625 16.26103973388672
-1095.854736328125 14.262544631958008
-1095.040771484375 12.325546264648438
-1096.8330078125 10.41388988494873
-1098.630615234375 9.055377006530762
-1100.60546875 7.124122142791748
-1098.609375 5.197938442230225
-1100.6014404296875 4.34224796295166
-1098.604248046875 2.3726627826690674
-1100.4951171875 0.4003589451313019
-1098.5069580078125 -1.5838820934295654
-1100.50048828125 -3.492753267288208
-1098.5107421875 -5.489774227142334
-1100.505615234375 -7.435605525970459
-1098.5096435546875 -9.38754653930664
-1100.5047607421875 -11.333184242248535
-1098.50537109375 -13.326891899108887
-1100.48974609375 -15.303536415100098
-1098.5819091796875 -17.294530868530273
-1097.9112548828125 -19.11075782775879
-1095.9267578125 -21.094894409179688
-1097.9100341796875 -23.094789505004883
-1095.9908447265625 -25.078203201293945
-1094.0374755859375 -27.035802841186523
-1096.0262451171875 -29.00787925720215
-1094.026611328125 -30.71028709411621
-1095.962158203125 -32.69657897949219
-1093.9677734375 -34.66493606567383
-1095.884033203125 -36.6107292175293
-1093.889404296875 -38.119117736816406
-1095.8878173828125 -40.037899017333984
-1093.9473876953125 -41.887672424316406
-1095.9451904296875 -43.85460662841797
-1094.015625 -45.81877517700195
-1095.989501953125 -47.80634307861328
-1095.1422119140625 -49.803741455078125
-1097.1419677734375 -51.35137176513672
-1095.3033447265625 -52.76470947265625
-1097.302978515625 -53.248313903808594
-1095.3916015625 -55.09394836425781
-1097.3853759765625 -55.86607360839844
-1095.385986328125 -57.656761169433594
-1097.3621826171875 -59.507179260253906
-1095.3687744140625 -61.46512985229492
-1097.3582763671875 -63.430747985839844
-1095.3685302734375 -65.24021911621094
-1097.35693359375 -66.63871765136719
-1095.3701171875 -68.25103759765625
-1097.369873046875 -68.90426635742188
-1096.2822265625 -70.90257263183594
-1098.2783203125 -71.48686981201172
-1096.284912109375 -73.17881774902344
-1098.265625 -72.41119384765625
-1096.27294921875 -74.36958312988281
-1098.254638671875 -74.35047149658203
-1096.4710693359375 -76.34972381591797
-1098.4681396484375 -78.22113800048828
-1096.53662109375 -79.65440368652344
-1098.5091552734375 -80.91744995117188
-1096.509765625 -82.90791320800781
-1098.4715576171875 -84.85138702392578
-1096.961669921875 -86.83151245117188
-1098.960693359375 -88.45606231689453
-1097.2401123046875 -90.45184326171875
-1099.232421875 -92.30097198486328
-1097.4000244140625 -94.02731323242188
-1099.3941650390625 -95.90168762207031
-1097.42578125 -97.70271301269531
-1099.4151611328125 -99.11128234863281
-1097.5390625 -101.06785583496094
-1099.4351806640625 -102.32755279541016
-1100.5733642578125 -104.31976318359375
-1101.1854248046875 -106.31607055664062
-1101.62060546875 -108.31566619873047
-1102.4293212890625 -108.9919204711914
-1102.9521484375 -108.16362762451172
-1101.6754150390625 -106.73225402832031
-1103.3421630859375 -105.18570709228516
-1105.1531982421875 -107.18482208251953
-1107.11572265625 -107.0996322631836
-1109.0340576171875 -105.38874053955078
-1109.2518310546875 -107.34192657470703
-1110.2373046875 -107.55552673339844
-1111.8824462890625 -106.20884704589844
-1113.635009765625 -108.20743560791016
-1115.54150390625 -108.93096160888672
-1117.4541015625 -107.00796508789062
-1119.3607177734375 -109.0054931640625
-1120.2086181640625 -108.63451385498047
-1121.9285888671875 -108.651123046875
-1122.1500244140625 -107.85387420654297
-1123.8487548828125 -109.25546264648438
-1125.194091796875 -111.19904327392578
-1124.728515625 -111.07494354248047
-1126.2342529296875 -109.35375213623047
-1125.5264892578125 -107.79442596435547
-1127.4105224609375 -109.1671371459961
-1128.96826171875 -109.82510375976562
-1128.072021484375 -108.16683197021484
-1128.6531982421875 -107.89534759521484
-1128.5333251953125 -107.9800033569336
-1130.1385498046875 -107.80897521972656
-1132.09521484375 -106.10137939453125
-1130.5562744140625 -108.10100555419922
-1131.399169921875 -107.57357025146484
-1133.168212890625 -106.5083999633789
-1134.11572265625 -108.50506591796875
-1135.781494140625 -106.677490234375
-1136.6279296875 -108.67747497558594
-1138.6083984375 -108.01371002197266
-1140.5504150390625 -107.104248046875
-1142.2203369140625 -109.10416412353516
-1143.73583984375 -109.29096221923828
-1145.388671875 -107.34664916992188
-1143.9224853515625 -109.33768463134766
-1145.8984375 -111.10728454589844
-1147.7662353515625 -111.46849060058594
-1149.685791015625 -110.16230010986328
-1151.351806640625 -110.91021728515625
-1153.3499755859375 -109.65851593017578
-1155.341552734375 -110.53336334228516
-1157.3388671875 -111.0342788696289
-1159.3387451171875 -111.14521026611328
-1161.318603515625 -113.14483642578125
-1161.0958251953125 -115.1447982788086
-1163.0841064453125 -116.94023132324219
-1161.2152099609375 -118.75104522705078
-1163.21484375 -120.20133972167969
-1161.302490234375 -122.1715087890625
-1163.300048828125 -124.09496307373047
-1161.4183349609375 -125.907958984375
-1163.4140625 -127.6456527709961
-1165.378662109375 -129.62393188476562
-1167.3775634765625 -129.1747589111328
-1165.8568115234375 -131.13836669921875
-1167.84130859375 -132.92364501953125
-1169.814697265625 -133.79969787597656
-1171.6734619140625 -135.0735626220703
-1172.6981201171875 -136.9624786376953
-1170.8621826171875 -138.9596710205078
-1172.8248291015625 -139.13194274902344
-1171.21923828125 -140.96568298339844
-1173.21875 -139.95501708984375
-1171.5943603515625 -141.786865234375
-1173.5843505859375 -143.24627685546875
-1171.6260986328125 -145.03443908691406
-1173.6229248046875 -147.0183868408203
-1172.115478515625 -147.82020568847656
-1174.0595703125 -148.86465454101562
-1173.4432373046875 -150.73101806640625
-1175.4033203125 -151.75625610351562
-1175.261474609375 -153.53573608398438
-1177.24951171875 -155.0055389404297
-1175.873779296875 -156.90628051757812
-1174.2196044921875 -157.82835388183594
-1176.150146484375 -159.8047332763672
-1174.20751953125 -161.680419921875
-1176.203369140625 -163.53964233398438
-1174.440185546875 -164.79466247558594
-1175.0760498046875 -166.78623962402344
