-1097.8780517578125 41.596683502197266
-1095.879150390625 39.764984130859375
-1093.880615234375 38.55525207519531
-1095.873779296875 36.560882568359375
-1093.875 35.56914138793945
-1095.8292236328125 33.57120132446289
-1093.832763671875 31.70146369934082
-1095.822509765625 29.705080032348633
-1093.8424072265625 27.962818145751953
-1095.4212646484375 25.964136123657227
-1093.43359375 24.14026641845703
-1094.589599609375 22.163480758666992
-1096.362060546875 20.175121307373047
-1094.387939453125 18.183937072753906
-1096.381103515625 16.186586380004883
-1094.4007568359375 14.234076499938965
-1093.766357421875 12.248126983642578
-1095.5560302734375 10.82065200805664
-1097.5411376953125 8.935688018798828
-1099.53759765625 6.94662618637085
-1097.539794921875 5.232065200805664
-1099.5283203125 3.2399256229400635
-1097.528564453125 1.6483765840530396
-1099.4063720703125 -0.3275890648365021
-1097.4090576171875 -1.2804205417633057
-1099.4058837890625 -3.276613712310791
-1101.3974609375 -5.2763214111328125
-1099.5225830078125 -7.226443290710449
-1097.523681640625 -9.1709566116333
-1099.522216796875 -11.152015686035156
-1101.5181884765625 -13.148990631103516
-1099.5633544921875 -14.95972728729248
-1097.5643310546875 -16.327266693115234
-1099.0450439453125 -18.326932907104492
-1097.2520751953125 -20.049509048461914
-1095.258544921875 -21.05777359008789
-1097.243408203125 -23.029146194458008
-1095.2535400390625 -24.884140014648438
-1097.2513427734375 -26.872753143310547
-1095.677978515625 -28.802871704101562
-1093.71875 -30.794403076171875
-1095.71044921875 -32.794219970703125
-1093.7137451171875 -34.72412872314453
-1095.663818359375 -36.69054412841797
-1094.6663818359375 -38.64820861816406
-1096.6614990234375 -40.64582824707031
-1094.8209228515625 -42.63583755493164
-1096.77978515625 -44.63078308105469
-1094.8218994140625 -46.62714385986328
-1096.8179931640625 -48.62340545654297
-1095.1082763671875 -50.608211517333984
-1097.0948486328125 -52.60513687133789
-1095.09716796875 -54.44254684448242
-1097.096923828125 -56.44111633300781
-1095.13623046875 -58.29960632324219
-1097.1351318359375 -60.29230499267578
-1095.149169921875 -62.100311279296875
-1097.149169921875 -64.09811401367188
-1095.2698974609375 -66.09062957763672
-1097.2666015625 -68.08384704589844
-1095.282470703125 -70.07374572753906
-1097.2799072265625 -72.07357788085938
-1095.2828369140625 -73.88760375976562
-1097.2825927734375 -75.88140869140625
-1099.2806396484375 -77.85005187988281
-1097.28466796875 -79.76261138916016
-1099.281982421875 -81.75904846191406
-1097.2850341796875 -83.74230194091797
-1099.2811279296875 -85.73570251464844
-1097.2825927734375 -87.71723175048828
-1099.275634765625 -89.7154312133789
-1097.2821044921875 -91.53450012207031
-1099.280029296875 -93.52210998535156
-1097.3143310546875 -95.48653411865234
-1099.310546875 -97.48454284667969
-1097.377685546875 -98.9328842163086
-1099.3455810546875 -100.93035888671875
-1097.35498046875 -102.91415405273438
-1099.35498046875 -104.91365051269531
-1097.46533203125 -106.91338348388672
-1099.35693359375 -106.73299407958984
-1101.3494873046875 -106.10169982910156
-1100.5360107421875 -108.10077667236328
-1101.9920654296875 -106.58584594726562
-1103.98388671875 -105.49258422851562
-1102.13720703125 -107.49250793457031
-1104.086669921875 -107.78546905517578
-1106.085205078125 -106.5765151977539
-1104.2957763671875 -108.576416015625
-1106.249267578125 -106.84248352050781
-1108.04736328125 -108.84224700927734
-1109.994873046875 -106.8738021850586
-1108.6484375 -108.87303924560547
-1110.5914306640625 -107.13087463378906
-1112.5372314453125 -105.84072875976562
-1110.8612060546875 -107.83984375
-1112.8472900390625 -105.95030212402344
-1111.244140625 -107.94967651367188
-1113.16796875 -106.14381408691406
-1112.0958251953125 -108.14176940917969
-1114.025634765625 -106.34444427490234
-1113.43017578125 -108.33302307128906
-1115.293701171875 -109.38273620605469
-1117.2489013671875 -107.97660827636719
-1119.248291015625 -106.63480377197266
-1117.468017578125 -108.6336441040039
-1118.89794921875 -109.18470764160156
-1120.8525390625 -107.27395629882812
-1119.7742919921875 -109.27303314208984
-1121.76513671875 -107.53335571289062
-1123.372314453125 -105.87688446044922
-1121.548828125 -107.876708984375
-1123.54736328125 -106.92135620117188
-1121.6898193359375 -108.91785430908203
-1123.6656494140625 -108.67920684814453
-1125.660400390625 -106.93807220458984
-1127.53955078125 -105.77615356445312
-1125.7362060546875 -107.7667236328125
-1126.6300048828125 -105.79320526123047
-1124.664794921875 -107.7929916381836
-1124.067138671875 -106.5590591430664
-1122.1160888671875 -108.55892944335938
-1124.0028076171875 -107.83059692382812
-1122.0731201171875 -106.93763732910156
-1120.2808837890625 -108.9374008178711
-1122.2713623046875 -107.36265563964844
-1124.267822265625 -108.15400695800781
-1122.3524169921875 -106.26651763916016
-1120.864990234375 -108.26506042480469
-1122.8577880859375 -107.7862548828125
-1124.8345947265625 -106.01807403564453
-1122.9276123046875 -108.01720428466797
-1124.9090576171875 -106.71736145019531
-1123.7030029296875 -108.71543884277344
-1125.5262451171875 -108.16262817382812
-1123.697021484375 -108.17062377929688
-1125.6656494140625 -108.01091003417969
-1124.9283447265625 -107.03697204589844
-1125.039306640625 -105.32339477539062
-1123.156005859375 -107.32179260253906
-1125.14013671875 -106.78626251220703
-1123.933837890625 -108.78240966796875
-1125.911865234375 -107.16251373291016
-1126.97119140625 -107.65081024169922
-1128.756591796875 -106.60236358642578
-1130.5592041015625 -105.04170227050781
-1128.7171630859375 -107.03968048095703
-1130.712646484375 -105.63391876220703
-1128.7177734375 -107.63085174560547
-1130.56201171875 -106.09970092773438
-1128.6282958984375 -108.09698486328125
-1130.397705078125 -106.12149047851562
-1128.9107666015625 -108.11605072021484
-1130.8446044921875 -107.28045654296875
-1132.7672119140625 -105.86627197265625
-1132.0809326171875 -107.86343383789062
-1134.0523681640625 -107.91597747802734
-1136.0450439453125 -106.8334732055664
-1138.0338134765625 -105.56385803222656
-1136.0474853515625 -107.56329345703125
-1137.716552734375 -107.90497589111328
-1139.4794921875 -107.21100616455078
-1137.480224609375 -109.20600891113281
-1139.46875 -108.28759765625
-1141.4346923828125 -109.31781768798828
-1143.2489013671875 -107.4156723022461
-1141.379150390625 -109.41410064697266
-1143.1767578125 -109.88289642333984
-1145.0919189453125 -108.12449645996094
-1147.0679931640625 -108.7486343383789
-1148.928466796875 -110.20661926269531
-1150.927734375 -112.12118530273438
-1152.9268798828125 -113.9360580444336
-1154.7591552734375 -115.88743591308594
-1156.7353515625 -117.86894226074219
-1158.73193359375 -119.85684967041016
-1160.7279052734375 -121.85517120361328
-1162.7236328125 -123.85417175292969
-1163.1708984375 -125.6448745727539
-1165.15380859375 -127.53468322753906
-1167.1138916015625 -129.00901794433594
-1166.4581298828125 -130.85910034179688
-1168.4249267578125 -129.33180236816406
-1166.4410400390625 -131.3268585205078
-1168.3359375 -132.64666748046875
-1170.2449951171875 -133.2791748046875
-1168.8724365234375 -135.22662353515625
-1170.85986328125 -134.9873504638672
-1172.8333740234375 -136.63790893554688
-1170.8349609375 -138.6269989013672
-1172.8284912109375 -140.55398559570312
-1174.798583984375 -142.32833862304688
-1172.798828125 -144.09432983398438
-1173.7525634765625 -146.08091735839844
-1171.7540283203125 -148.07943725585938
-1173.7479248046875 -150.0785369873047
-1175.670654296875 -151.61306762695312
-1173.6871337890625 -153.53689575195312
-1175.6871337890625 -155.41632080078125
-1177.596923828125 -157.41566467285156
-1175.7950439453125 -159.29270935058594
-1177.7645263671875 -161.28367614746094
-1175.781982421875 -163.27207946777344
-1173.782470703125 -165.14419555664062
-1173.016357421875 -167.14418029785156
