-1098.1851806640625 41.59279251098633
-1096.9044189453125 39.597843170166016
-1098.0931396484375 37.60066604614258
-1096.1240234375 35.63582229614258
-1094.2596435546875 33.660579681396484
-1096.2596435546875 31.680973052978516
-1094.3121337890625 29.813030242919922
-1096.3121337890625 27.814390182495117
-1095.1246337890625 25.99274253845215
-1097.12451171875 23.995283126831055
-1095.161865234375 21.999874114990234
-1094.11328125 20.008756637573242
-1096.1129150390625 18.010101318359375
-1098.0089111328125 16.023826599121094
-1099.63818359375 14.039664268493652
-1101.632568359375 12.040911674499512
-1099.68896484375 11.139798164367676
-1098.244873046875 9.151369094848633
-1100.2447509765625 7.161492824554443
-1098.257568359375 5.263854503631592
-1100.2568359375 3.279296875
-1098.2896728515625 1.386960506439209
-1100.2890625 -0.5379542112350464
-1098.4007568359375 -2.5108330249786377
-1100.4002685546875 -4.5090813636779785
-1099.639892578125 -6.431118011474609
-1097.8555908203125 -8.418070793151855
-1099.8551025390625 -10.416036605834961
-1099.1104736328125 -12.408092498779297
-1101.110107421875 -14.39472484588623
-1099.127685546875 -16.36710548400879
-1097.1456298828125 -16.509092330932617
-1099.1455078125 -18.488792419433594
-1097.866943359375 -20.32517433166504
-1095.9898681640625 -22.293041229248047
-1094.5546875 -24.27538299560547
-1096.5537109375 -26.248777389526367
-1094.623046875 -28.22832489013672
-1096.623046875 -30.21237564086914
-1095.3826904296875 -32.202999114990234
-1097.3826904296875 -34.182769775390625
-1096.103759765625 -35.732666015625
-1094.1217041015625 -37.67435073852539
-1096.1217041015625 -39.63637924194336
-1095.2801513671875 -41.2088623046875
-1097.280029296875 -43.204627990722656
-1095.29296875 -45.02159118652344
-1097.29296875 -47.00394058227539
-1099.2178955078125 -48.91229248046875
-1101.1207275390625 -50.8944206237793
-1099.129638671875 -51.92597961425781
-1097.1427001953125 -51.71598815917969
-1095.15625 -53.55732727050781
-1097.1544189453125 -55.21043395996094
-1095.1953125 -57.191650390625
-1097.1953125 -59.15242385864258
-1095.2642822265625 -61.10529327392578
-1097.26416015625 -63.024166107177734
-1097.4874267578125 -64.07271575927734
-1095.5498046875 -65.96125793457031
-1097.5496826171875 -67.85936737060547
-1095.913330078125 -69.53643798828125
-1097.9132080078125 -71.44749450683594
-1099.2755126953125 -73.4354248046875
-1097.7781982421875 -75.42628479003906
-1099.778076171875 -77.36822509765625
-1097.906982421875 -78.39141845703125
-1099.9068603515625 -80.25440979003906
-1097.9267578125 -82.10118865966797
-1096.6571044921875 -83.90853881835938
-1098.6566162109375 -85.87171173095703
-1096.7149658203125 -87.69210052490234
-1098.7149658203125 -89.48699188232422
-1096.7496337890625 -89.19637298583984
-1098.7496337890625 -91.14598083496094
-1096.7615966796875 -91.44354248046875
-1098.761474609375 -93.41615295410156
-1096.7838134765625 -92.44134521484375
-1098.7838134765625 -94.42591094970703
-1096.7860107421875 -95.53192138671875
-1098.785888671875 -97.46244049072266
-1097.0010986328125 -99.17704772949219
-1099.0009765625 -101.16278076171875
-1100.814208984375 -102.72994995117188
-1102.4554443359375 -104.68885803222656
-1104.3311767578125 -106.67875671386719
-1106.33056640625 -108.67146301269531
-1108.2470703125 -106.82707977294922
-1110.2469482421875 -108.82085418701172
-1111.85595703125 -106.86579132080078
-1113.847900390625 -108.86520385742188
-1115.8406982421875 -107.9866943359375
-1117.476318359375 -106.09838104248047
-1119.475830078125 -108.09780883789062
-1121.305419921875 -106.60143280029297
-1123.30517578125 -108.59944915771484
-1125.2930908203125 -106.78307342529297
-1127.2926025390625 -108.77852630615234
-1128.9296875 -106.83549499511719
-1130.9219970703125 -104.96019744873047
-1132.9171142578125 -106.95333099365234
-1134.9117431640625 -105.00942993164062
-1136.8984375 -107.00836944580078
-1138.8408203125 -105.40867614746094
-1140.8380126953125 -107.34849548339844
-1142.82958984375 -109.34838104248047
-1144.4168701171875 -107.73721313476562
-1146.4166259765625 -109.7358169555664
-1147.9300537109375 -107.81754302978516
-1149.9000244140625 -109.81135559082031
-1151.8468017578125 -107.90248107910156
-1153.8468017578125 -109.87421417236328
-1155.8453369140625 -111.57498931884766
-1157.8450927734375 -112.32245635986328
-1159.8450927734375 -114.24921417236328
-1161.8450927734375 -116.24888610839844
-1163.844970703125 -118.21404266357422
-1165.06982421875 -120.15315246582031
-1163.13037109375 -122.11174774169922
-1163.54296875 -124.09825134277344
-1161.950439453125 -126.06156158447266
-1163.4327392578125 -127.43372344970703
-1164.7230224609375 -126.8702621459961
-1166.1995849609375 -128.18699645996094
-1167.5509033203125 -130.17311096191406
-1169.3665771484375 -128.5890655517578
-1170.097900390625 -130.52647399902344
-1171.885986328125 -132.2864990234375
-1171.0284423828125 -133.80857849121094
-1170.94482421875 -135.66578674316406
-1172.923583984375 -135.56776428222656
-1171.1436767578125 -137.47984313964844
-1173.1396484375 -137.73126220703125
-1171.1767578125 -139.6508331298828
-1173.1756591796875 -141.00831604003906
-1171.7354736328125 -142.8550567626953
-1173.7349853515625 -144.8253173828125
-1172.9873046875 -146.45767211914062
-1174.9873046875 -148.4036407470703
-1174.6552734375 -149.73643493652344
-1173.168212890625 -151.05126953125
-1175.1265869140625 -149.20599365234375
-1176.00830078125 -149.767333984375
-1174.1441650390625 -148.61087036132812
-1172.2886962890625 -148.7530975341797
-1174.288330078125 -150.721435546875
-1174.373779296875 -151.5276641845703
-1176.356689453125 -149.74972534179688
-1175.62890625 -151.51463317871094
-1174.0439453125 -153.29795837402344
-1176.0303955078125 -153.3613739013672
-1174.1925048828125 -153.68548583984375
-1176.19189453125 -152.34719848632812
-1174.8310546875 -153.9036102294922
-1176.8280029296875 -152.01869201660156
-1175.447021484375 -153.8771209716797
-1177.447021484375 -154.72573852539062
-1175.635009765625 -156.11776733398438
-1177.635009765625 -157.578369140625
-1177.129638671875 -159.1881561279297
-1175.202880859375 -159.0111541748047
-1177.2027587890625 -159.7287139892578
-1175.3494873046875 -161.5304412841797
-1177.3487548828125 -163.20494079589844
-1175.80859375 -162.37803649902344
-1177.80859375 -164.3092041015625
-1176.484375 -165.8126220703125
-1174.668701171875 -167.71653747558594
