-1098.1544189453125 41.592071533203125
-1096.170166015625 39.59269332885742
-1094.1776123046875 37.59342575073242
-1096.145263671875 35.59392547607422
-1094.228271484375 33.61963653564453
-1096.1240234375 31.620304107666016
-1094.127197265625 29.626985549926758
-1096.1253662109375 27.627037048339844
-1094.2528076171875 25.634191513061523
-1096.252197265625 23.637922286987305
-1094.279296875 21.640817642211914
-1096.1529541015625 19.640872955322266
-1094.85498046875 17.65241241455078
-1092.9287109375 15.66380786895752
-1092.8212890625 13.664044380187988
-1094.7686767578125 11.699798583984375
-1096.293701171875 10.078384399414062
-1098.149169921875 8.079131126403809
-1100.14208984375 6.081536769866943
-1098.1788330078125 4.082147121429443
-1100.172119140625 2.1011619567871094
-1098.174560546875 0.1925143301486969
-1100.171875 -1.8072563409805298
-1098.1744384765625 -3.8036584854125977
-1100.167724609375 -5.803502082824707
-1098.279052734375 -7.800492763519287
-1100.193359375 -9.800118446350098
-1098.3638916015625 -11.799617767333984
-1100.2613525390625 -13.793779373168945
-1098.29833984375 -15.74515438079834
-1100.2305908203125 -17.74369239807129
-1098.24267578125 -19.640432357788086
-1096.24365234375 -21.626724243164062
-1094.2655029296875 -23.624279022216797
-1096.2637939453125 -25.6221866607666
-1094.403076171875 -27.601768493652344
-1096.37744140625 -29.562650680541992
-1094.381591796875 -31.55924415588379
-1096.3673095703125 -33.557979583740234
-1094.61962890625 -35.54452133178711
-1096.6031494140625 -37.53818130493164
-1094.6083984375 -39.51789855957031
-1096.5931396484375 -41.51719284057617
-1094.7445068359375 -43.51020050048828
-1096.697265625 -45.50816345214844
-1094.9390869140625 -47.30084991455078
-1096.8819580078125 -49.29750061035156
-1096.6260986328125 -51.29667663574219
-1094.6771240234375 -52.28618621826172
-1096.6539306640625 -54.050350189208984
-1094.6556396484375 -56.00956726074219
-1096.6031494140625 -58.005435943603516
-1094.6820068359375 -59.9906120300293
-1096.6810302734375 -61.98849868774414
-1094.9158935546875 -63.948360443115234
-1096.8812255859375 -65.93006134033203
-1095.739990234375 -67.9071273803711
-1097.733154296875 -69.89765167236328
-1095.7596435546875 -71.88176727294922
-1097.486572265625 -73.82254791259766
-1099.4422607421875 -75.75257110595703
-1097.4652099609375 -77.73249053955078
-1099.4549560546875 -79.70409393310547
-1097.5128173828125 -81.51530456542969
-1099.5128173828125 -83.51335906982422
-1097.5208740234375 -85.5029067993164
-1099.5155029296875 -87.50184631347656
-1097.5185546875 -89.49945831298828
-1099.513916015625 -91.49828338623047
-1097.5345458984375 -93.4755859375
-1099.4964599609375 -95.41456604003906
-1097.5091552734375 -97.37810516357422
-1099.4586181640625 -99.35784149169922
-1097.4598388671875 -101.33806610107422
-1099.4541015625 -103.32865142822266
-1100.2225341796875 -105.31044006347656
-1098.4827880859375 -107.301513671875
-1100.4222412109375 -107.71809387207031
-1102.139404296875 -106.04756164550781
-1101.181396484375 -108.00516510009766
-1103.106201171875 -108.47846984863281
-1104.947265625 -106.79852294921875
-1105.8846435546875 -108.78052520751953
-1107.8785400390625 -109.18133544921875
-1109.7794189453125 -107.81378173828125
-1109.7862548828125 -108.10293579101562
-1111.777587890625 -106.39163970947266
-1111.3729248046875 -108.38483428955078
-1113.2821044921875 -107.66644287109375
-1115.1004638671875 -107.49478912353516
-1116.8072509765625 -108.93550109863281
-1118.806640625 -110.43719482421875
-1120.69970703125 -108.67056274414062
-1122.6822509765625 -108.3082046508789
-1124.4599609375 -110.07392120361328
-1126.3626708984375 -108.68651580810547
-1127.3101806640625 -107.06869506835938
-1128.6820068359375 -108.52025604248047
-1129.36181640625 -108.3089828491211
-1131.1304931640625 -107.7115707397461
-1133.007080078125 -107.96805572509766
-1134.9342041015625 -107.55059814453125
-1136.39111328125 -106.99925231933594
-1138.3819580078125 -107.68346405029297
-1140.1544189453125 -109.2680435180664
-1141.853271484375 -111.1889877319336
-1143.5091552734375 -110.85818481445312
-1145.38818359375 -111.23554992675781
-1147.1597900390625 -112.63162994384766
-1149.139404296875 -114.55099487304688
-1151.1246337890625 -116.54554748535156
-1153.1240234375 -118.53719329833984
-1155.123046875 -120.51942443847656
-1157.0279541015625 -122.50988006591797
-1159.02685546875 -124.5011215209961
-1160.833984375 -126.43875122070312
-1162.18603515625 -128.3920135498047
-1160.468505859375 -130.3734130859375
-1159.3458251953125 -132.35096740722656
-1159.55419921875 -134.2363739013672
-1160.261962890625 -135.81861877441406
-1161.8670654296875 -137.32540893554688
-1163.809814453125 -136.1190643310547
-1165.7509765625 -134.42771911621094
-1166.68896484375 -135.04122924804688
-1167.8292236328125 -134.95826721191406
-1167.3232421875 -136.2240753173828
-1168.5062255859375 -137.1397247314453
-1170.4947509765625 -138.36279296875
-1172.451171875 -140.27273559570312
-1174.43896484375 -142.19967651367188
-1172.6131591796875 -144.1427764892578
-1174.6109619140625 -146.11822509765625
-1172.61572265625 -148.1147003173828
-1174.5863037109375 -150.06849670410156
-1172.634033203125 -152.01617431640625
-1173.5955810546875 -150.34242248535156
-1175.3016357421875 -151.47152709960938
-1173.307861328125 -153.4305419921875
-1175.301025390625 -155.10247802734375
-1177.1064453125 -157.09085083007812
-1175.1253662109375 -159.02667236328125
-1177.1025390625 -160.99632263183594
-1175.1104736328125 -162.87644958496094
-1177.0975341796875 -164.8755645751953
-1175.1170654296875 -166.5650177001953
-1173.238037109375 -168.45704650878906
