-1098.1845703125 41.59407043457031
-1096.3538818359375 39.833431243896484
-1094.6292724609375 37.85171890258789
-1096.629150390625 35.862998962402344
-1095.3426513671875 33.87324905395508
-1097.3426513671875 31.87980079650879
-1095.9423828125 29.936979293823242
-1093.9552001953125 27.94601821899414
-1095.9552001953125 25.96691131591797
-1095.010498046875 23.982742309570312
-1097.010498046875 21.99456024169922
-1095.3038330078125 20.037294387817383
-1093.41259765625 18.049409866333008
-1095.3787841796875 16.051271438598633
-1095.531005859375 14.09367561340332
-1096.9088134765625 12.09384536743164
-1098.71337890625 10.123419761657715
-1097.0198974609375 8.157872200012207
-1099.01953125 6.30220365524292
-1097.64306640625 4.529935359954834
-1099.64306640625 2.5883431434631348
-1097.6661376953125 0.6017000675201416
-1099.666015625 -1.391310453414917
-1097.7315673828125 -3.3807759284973145
-1099.7315673828125 -5.378696441650391
-1097.7945556640625 -7.365105628967285
-1099.7945556640625 -9.362357139587402
-1097.817138671875 -11.29159927368164
-1099.817138671875 -13.250412940979004
-1097.9324951171875 -15.23603343963623
-1099.9324951171875 -17.230751037597656
-1098.12109375 -18.878236770629883
-1096.16845703125 -20.815202713012695
-1098.1669921875 -22.799888610839844
-1096.3671875 -24.671056747436523
-1094.6475830078125 -26.650856018066406
-1096.6475830078125 -28.6494140625
-1094.9676513671875 -30.613725662231445
-1096.967529296875 -32.6102409362793
-1095.0228271484375 -34.096858978271484
-1097.0228271484375 -36.096435546875
-1095.0447998046875 -38.094295501708984
-1097.044677734375 -40.09366226196289
-1095.058349609375 -42.03252410888672
-1097.058349609375 -44.02621078491211
-1095.899169921875 -45.968814849853516
-1093.91943359375 -47.81978225708008
-1095.9176025390625 -49.81407928466797
-1094.101318359375 -51.75848388671875
-1096.09521484375 -53.7467155456543
-1094.1224365234375 -55.738399505615234
-1096.122314453125 -57.735225677490234
-1094.1414794921875 -59.73019790649414
-1096.1414794921875 -61.72884750366211
-1094.4713134765625 -63.67814254760742
-1096.47119140625 -65.6699447631836
-1094.4781494140625 -67.65819549560547
-1096.4781494140625 -69.65794372558594
-1094.5418701171875 -71.65509796142578
-1096.5404052734375 -73.54002380371094
-1098.540283203125 -75.33635711669922
-1096.552001953125 -77.33038330078125
-1098.5517578125 -79.32957458496094
-1096.56591796875 -81.29319763183594
-1098.565673828125 -83.27944946289062
-1096.580322265625 -85.2444839477539
-1098.580322265625 -87.24134826660156
-1096.586669921875 -89.22074890136719
-1098.586669921875 -91.21965789794922
-1096.6219482421875 -93.05632781982422
-1098.6217041015625 -95.05538940429688
-1097.0587158203125 -97.03070831298828
-1099.0587158203125 -99.0293197631836
-1097.05908203125 -100.92922973632812
-1099.0589599609375 -102.92826843261719
-1097.3074951171875 -104.91986846923828
-1099.30712890625 -106.8946762084961
-1101.306884765625 -108.23995208740234
-1103.3028564453125 -109.16166687011719
-1105.0894775390625 -110.35857391357422
-1106.99169921875 -108.38158416748047
-1108.8878173828125 -108.9678726196289
-1110.8743896484375 -107.03345489501953
-1109.4703369140625 -109.03192901611328
-1111.2509765625 -108.37997436523438
-1113.1668701171875 -108.08973693847656
-1115.1134033203125 -108.1141128540039
-1117.04833984375 -109.44503784179688
-1118.9315185546875 -108.5981674194336
-1120.8609619140625 -107.935302734375
-1122.7213134765625 -107.83039855957031
-1124.5362548828125 -107.23145294189453
-1124.388427734375 -107.276611328125
-1126.1734619140625 -108.46931457519531
-1127.9786376953125 -110.15046691894531
-1129.6688232421875 -108.6476821899414
-1130.1619873046875 -109.01658630371094
-1130.271240234375 -107.54163360595703
-1130.0677490234375 -105.6335678100586
-1129.5325927734375 -107.63240814208984
-1131.283935546875 -105.90392303466797
-1129.2977294921875 -107.89363861083984
-1130.43359375 -108.6153793334961
-1132.3260498046875 -109.66294860839844
-1133.901611328125 -109.23969268798828
-1135.8870849609375 -107.75606536865234
-1137.5467529296875 -109.19953155517578
-1139.5291748046875 -108.97932434082031
-1141.501220703125 -110.87362670898438
-1143.148193359375 -112.217529296875
-1144.5928955078125 -110.86430358886719
-1146.5478515625 -110.11677551269531
-1147.0313720703125 -108.19417572021484
-1146.275146484375 -107.83904266357422
-1144.29296875 -109.83616638183594
-1143.877197265625 -110.07486724853516
-1143.017333984375 -109.7768325805664
-1144.5826416015625 -109.823974609375
-1146.21533203125 -110.9024887084961
-1148.055419921875 -109.6287841796875
-1148.8203125 -110.42888641357422
-1150.785888671875 -109.96804809570312
-1152.782958984375 -111.85990905761719
-1154.7755126953125 -113.8584213256836
-1156.7388916015625 -115.85710906982422
-1158.7347412109375 -117.85700988769531
-1160.6837158203125 -119.8559799194336
-1161.9129638671875 -121.855712890625
-1163.197509765625 -123.85466766357422
-1161.1993408203125 -125.85282135009766
-1160.043701171875 -127.85256958007812
-1160.08935546875 -129.85235595703125
-1158.4423828125 -131.7794952392578
-1158.23876953125 -133.50669860839844
-1159.7669677734375 -135.2061767578125
-1158.3125 -135.09466552734375
-1159.86962890625 -136.375
-1160.8260498046875 -134.4427947998047
-1159.7132568359375 -136.34304809570312
-1158.55859375 -135.28302001953125
-1158.765869140625 -136.7528839111328
-1160.4227294921875 -135.77508544921875
-1161.7349853515625 -134.7584686279297
-1163.1787109375 -136.0367431640625
-1162.6866455078125 -135.1177520751953
-1161.129638671875 -134.75961303710938
-1162.06005859375 -133.57369995117188
-1161.1302490234375 -135.0583038330078
-1162.4376220703125 -136.9213409423828
-1160.995849609375 -137.94610595703125
-1159.2408447265625 -136.97657775878906
-1159.7913818359375 -135.4111785888672
-1161.2178955078125 -137.0912628173828
-1159.6514892578125 -135.7218017578125
-1160.173583984375 -135.50555419921875
-1161.987548828125 -135.64288330078125
-1162.3895263671875 -135.67974853515625
-1163.6683349609375 -136.7630157470703
-1164.6707763671875 -134.90597534179688
-1165.5362548828125 -136.53204345703125
-1165.8988037109375 -134.5843048095703
-1165.5357666015625 -134.30343627929688
-1165.8795166015625 -135.823486328125
-1165.956787109375 -135.8447723388672
-1167.561279296875 -134.23455810546875
-1168.6241455078125 -133.61312866210938
-1169.348876953125 -135.37966918945312
-1169.7681884765625 -135.65614318847656
-1170.076904296875 -137.19886779785156
-1171.8760986328125 -138.548095703125
-1173.5360107421875 -140.41819763183594
-1171.540771484375 -142.39688110351562
-1173.4654541015625 -144.3732452392578
-1171.46630859375 -146.19149780273438
-1173.4559326171875 -148.1634979248047
-1171.4862060546875 -150.14813232421875
-1173.41796875 -152.1397705078125
-1175.26806640625 -151.90391540527344
-1173.26806640625 -153.4386444091797
-1175.262451171875 -152.23001098632812
-1173.2625732421875 -153.59422302246094
-1175.2391357421875 -151.790283203125
-1173.239501953125 -153.20907592773438
-1175.2369384765625 -154.6130828857422
-1176.96533203125 -156.55787658691406
-1174.9664306640625 -156.20681762695312
-1176.9652099609375 -158.0880126953125
-1174.9652099609375 -157.64881896972656
-1176.9190673828125 -159.46864318847656
-1174.9202880859375 -159.7978973388672
-1176.819580078125 -161.67176818847656
-1174.819580078125 -163.55674743652344
-1176.3070068359375 -165.51556396484375
-1174.30712890625 -167.09292602539062
