-1098.184814453125 41.593017578125
-1096.1864013671875 39.885196685791016
-1094.295166015625 38.02228546142578
-1096.295166015625 36.022621154785156
-1094.3177490234375 34.15098571777344
-1096.31689453125 32.15175247192383
-1094.39404296875 30.22273063659668
-1096.3934326171875 28.225048065185547
-1094.4013671875 26.402334213256836
-1096.4012451171875 24.403322219848633
-1094.4500732421875 22.40837287902832
-1096.4500732421875 20.409141540527344
-1095.1357421875 18.410083770751953
-1093.3931884765625 16.591093063354492
-1095.39306640625 14.59201717376709
-1096.004638671875 12.605289459228516
-1098.003662109375 10.606922149658203
-1099.9969482421875 8.611802101135254
-1098.0167236328125 6.869717121124268
-1099.9801025390625 4.87120246887207
-1097.9931640625 3.0809404850006104
-1099.9931640625 1.0816079378128052
-1098.15869140625 -0.7702491283416748
-1100.1585693359375 -2.7681503295898438
-1098.263916015625 -4.675268650054932
-1100.2623291015625 -6.674009799957275
-1098.283447265625 -8.530324935913086
-1100.282958984375 -10.520893096923828
-1098.3621826171875 -12.39040756225586
-1100.3619384765625 -14.386495590209961
-1098.3721923828125 -16.37163734436035
-1100.3720703125 -18.353527069091797
-1098.455322265625 -19.316808700561523
-1096.4581298828125 -19.675539016723633
-1098.43701171875 -21.674346923828125
-1096.453125 -23.594331741333008
-1094.48046875 -25.15481948852539
-1096.4803466796875 -27.148408889770508
-1094.5416259765625 -29.100440979003906
-1096.5389404296875 -31.093982696533203
-1094.59912109375 -33.08164978027344
-1096.5980224609375 -35.07246398925781
-1094.601806640625 -36.95413589477539
-1096.601806640625 -38.95383834838867
-1094.6031494140625 -40.78422927856445
-1096.60302734375 -42.78335952758789
-1095.0330810546875 -44.31474304199219
-1097.032470703125 -46.28678512573242
-1095.1729736328125 -48.2558708190918
-1093.5556640625 -50.18662643432617
-1095.555419921875 -52.18429946899414
-1093.6146240234375 -54.14822769165039
-1095.6138916015625 -56.127933502197266
-1097.613525390625 -58.12049865722656
-1096.305419921875 -58.72806167602539
-1094.31103515625 -60.63768005371094
-1096.3109130859375 -62.63657760620117
-1094.3863525390625 -63.49568557739258
-1096.3863525390625 -65.48450469970703
-1094.4254150390625 -67.46633911132812
-1096.4246826171875 -69.46322631835938
-1094.435302734375 -71.42070770263672
-1096.434326171875 -73.37189483642578
-1098.4315185546875 -75.29747009277344
-1096.454833984375 -77.28665161132812
-1098.447998046875 -79.2567138671875
-1096.4510498046875 -81.18876647949219
-1098.450927734375 -83.18563079833984
-1096.4583740234375 -84.76641845703125
-1098.453369140625 -86.76029968261719
-1096.549072265625 -87.92630767822266
-1098.548828125 -89.90957641601562
-1096.5494384765625 -91.84982299804688
-1098.546630859375 -93.75726318359375
-1096.570068359375 -95.62433624267578
-1098.5699462890625 -97.62019348144531
-1096.5828857421875 -98.85344696044922
-1098.5810546875 -100.8481216430664
-1096.5814208984375 -102.70894622802734
-1098.5810546875 -104.66487884521484
-1100.577392578125 -106.66160583496094
-1102.4215087890625 -107.85271453857422
-1104.229248046875 -108.0347900390625
-1106.223388671875 -107.45293426513672
-1108.067138671875 -108.88628387451172
-1110.0653076171875 -108.52096557617188
-1111.4210205078125 -107.16554260253906
-1113.415283203125 -107.24584197998047
-1115.3992919921875 -108.69133758544922
-1117.374755859375 -108.81990814208984
-1119.369873046875 -107.33074951171875
-1121.3682861328125 -107.9057388305664
-1123.2862548828125 -106.45572662353516
-1122.1832275390625 -108.37014770507812
-1124.1236572265625 -108.67601776123047
-1126.1123046875 -108.83848571777344
-1126.97119140625 -107.5389633178711
-1128.3714599609375 -108.57901000976562
-1130.019775390625 -108.93804168701172
-1131.8087158203125 -109.5981674194336
-1133.79345703125 -107.85791015625
-1135.7479248046875 -106.29218292236328
-1134.236572265625 -108.27869415283203
-1135.74658203125 -107.00485229492188
-1137.7257080078125 -106.01335144042969
-1135.815185546875 -107.9974365234375
-1137.5458984375 -107.5324478149414
-1139.360595703125 -105.73036193847656
-1137.3753662109375 -107.72032928466797
-1139.2374267578125 -107.66454315185547
-1141.1749267578125 -107.28158569335938
-1139.5987548828125 -109.26766204833984
-1141.5096435546875 -109.67926788330078
-1143.4705810546875 -109.04634094238281
-1145.3226318359375 -107.272705078125
-1144.5513916015625 -109.20233917236328
-1144.5286865234375 -107.96466827392578
-1143.457763671875 -109.94713592529297
-1143.51806640625 -108.93699645996094
-1145.08984375 -109.5482406616211
-1146.4639892578125 -108.72594451904297
-1148.4580078125 -107.29952239990234
-1146.5438232421875 -109.29376220703125
-1148.390625 -107.52457427978516
-1147.541015625 -109.49396514892578
-1149.5179443359375 -108.88394165039062
-1151.4462890625 -109.823486328125
-1153.4212646484375 -111.6646957397461
-1155.364013671875 -113.58818054199219
-1157.346923828125 -115.5832748413086
-1159.0093994140625 -117.5479736328125
-1160.968017578125 -119.53474426269531
-1162.890380859375 -121.5240707397461
-1162.0262451171875 -123.52144622802734
-1163.0289306640625 -125.52023315429688
-1164.802490234375 -126.9107666015625
-1166.7020263671875 -126.27555084228516
-1164.7359619140625 -128.24122619628906
-1164.7730712890625 -129.92547607421875
-1166.5362548828125 -131.80038452148438
-1167.815673828125 -133.080810546875
-1169.808349609375 -133.15304565429688
-1168.3717041015625 -133.9099578857422
-1170.3448486328125 -135.27146911621094
-1171.36474609375 -136.45455932617188
-1172.6314697265625 -138.13372802734375
-1170.6328125 -139.95237731933594
-1172.611083984375 -141.49131774902344
-1174.2802734375 -143.46673583984375
-1172.2811279296875 -144.75860595703125
-1174.165283203125 -146.60842895507812
-1172.1654052734375 -148.41583251953125
-1173.615478515625 -150.35345458984375
-1175.5052490234375 -150.55209350585938
-1173.5067138671875 -151.77674865722656
-1175.4677734375 -152.24742126464844
-1173.4923095703125 -154.11209106445312
-1175.34912109375 -153.04220581054688
-1173.3502197265625 -154.70736694335938
-1175.3475341796875 -155.07485961914062
-1177.2476806640625 -156.54025268554688
-1175.3511962890625 -157.13502502441406
-1177.1053466796875 -158.66978454589844
-1175.31494140625 -158.08560180664062
-1177.070556640625 -158.80955505371094
-1175.07763671875 -160.3813934326172
-1176.9375 -159.61590576171875
-1175.079345703125 -160.62734985351562
-1176.96630859375 -162.5768585205078
-1174.9677734375 -164.42758178710938
-1176.6739501953125 -166.40835571289062
-1174.9173583984375 -166.13925170898438
-1173.3214111328125 -168.13833618164062
