-1098.180419921875 41.594329833984375
-1096.1815185546875 39.59911346435547
-1094.194091796875 37.603939056396484
-1096.1884765625 35.60481643676758
-1094.1942138671875 33.611698150634766
-1096.1824951171875 31.61277961730957
-1094.1932373046875 29.74447250366211
-1096.188232421875 27.75393295288086
-1094.2379150390625 25.775901794433594
-1096.237548828125 23.77609634399414
-1094.254638671875 21.7802734375
-1096.1866455078125 19.78261947631836
-1094.3125 17.79726219177246
-1095.0841064453125 15.797636032104492
-1093.575927734375 13.822503089904785
-1095.5751953125 12.633976936340332
-1097.5745849609375 10.988127708435059
-1099.5745849609375 10.099071502685547
-1097.6396484375 10.295364379882812
-1099.6390380859375 8.325921058654785
-1097.7314453125 6.692122936248779
-1099.731201171875 4.964471340179443
-1097.7418212890625 3.0218312740325928
-1099.7418212890625 1.0452990531921387
-1097.7432861328125 -0.9344162940979004
-1099.742919921875 -2.9192802906036377
-1097.7537841796875 -4.917699813842773
-1099.75341796875 -6.917008399963379
-1097.756591796875 -8.839045524597168
-1099.7525634765625 -10.782761573791504
-1097.7607421875 -12.728652000427246
-1099.7523193359375 -14.714603424072266
-1097.752685546875 -16.653783798217773
-1099.7503662109375 -18.653615951538086
-1099.0556640625 -16.964208602905273
-1098.3173828125 -17.510433197021484
-1096.348388671875 -19.035127639770508
-1098.317626953125 -21.032148361206055
-1096.387939453125 -23.008628845214844
-1094.455322265625 -24.916196823120117
-1096.4549560546875 -26.912586212158203
-1095.052978515625 -28.817272186279297
-1097.0526123046875 -30.727275848388672
-1095.056884765625 -32.60975646972656
-1097.055419921875 -34.56350326538086
-1095.073974609375 -36.55696105957031
-1097.0738525390625 -38.55524826049805
-1095.07861328125 -40.55078887939453
-1097.078369140625 -42.543785095214844
-1095.0975341796875 -44.404178619384766
-1097.09375 -46.40350341796875
-1097.2174072265625 -48.390987396240234
-1095.3330078125 -50.38850021362305
-1094.0450439453125 -49.77212142944336
-1096.044921875 -49.32651138305664
-1095.95703125 -51.31797790527344
-1094.036376953125 -49.69691848754883
-1096.036376953125 -50.37088394165039
-1095.3873291015625 -48.781097412109375
-1094.78369140625 -50.777095794677734
-1096.7835693359375 -49.77825927734375
-1094.81201171875 -51.46530532836914
-1096.81201171875 -52.40310287475586
-1094.8603515625 -51.79079818725586
-1096.85986328125 -50.78908920288086
-1096.460693359375 -49.227542877197266
-1097.96044921875 -51.22644805908203
-1096.272705078125 -50.571380615234375
-1094.487548828125 -49.7474365234375
-1096.487548828125 -50.88734436035156
-1094.9420166015625 -50.268287658691406
-1096.94189453125 -51.51277542114258
-1095.1365966796875 -51.49415969848633
-1097.136474609375 -51.75911331176758
-1095.478759765625 -50.54324722290039
-1095.2918701171875 -49.33113479614258
-1096.263671875 -51.3299446105957
-1096.5865478515625 -49.46495056152344
-1096.390625 -51.40159606933594
-1094.627197265625 -52.47617721557617
-1096.626708984375 -53.24681854248047
-1094.6680908203125 -51.508026123046875
-1096.66796875 -53.348060607910156
-1094.7496337890625 -52.86091995239258
-1096.74951171875 -53.03184127807617
-1095.06201171875 -53.61412811279297
-1097.0616455078125 -55.52144241333008
-1095.076416015625 -56.73735809326172
-1097.0716552734375 -58.704280853271484
-1095.1536865234375 -60.530662536621094
-1097.1531982421875 -62.526790618896484
-1095.3203125 -64.00703430175781
-1097.3201904296875 -65.82766723632812
-1095.3494873046875 -67.79415130615234
-1097.349365234375 -69.7524185180664
-1098.4652099609375 -71.74750518798828
-1096.4903564453125 -73.5181884765625
-1098.4891357421875 -72.44640350341797
-1096.4937744140625 -74.43667602539062
-1098.49365234375 -75.44241333007812
-1098.920166015625 -77.43450927734375
-1097.4112548828125 -76.36531829833984
-1099.4111328125 -78.31201934814453
-1098.0335693359375 -78.68746948242188
-1100.0321044921875 -80.58882141113281
-1098.219482421875 -79.64716339111328
-1096.2239990234375 -80.46530151367188
-1098.2196044921875 -82.32577514648438
-1097.000732421875 -84.1253433227539
-1098.9989013671875 -86.11601257324219
-1097.0196533203125 -88.05253601074219
-1099.00390625 -89.23533630371094
-1097.0572509765625 -91.20391082763672
-1099.0570068359375 -93.16581726074219
-1097.0936279296875 -95.14363861083984
-1099.093017578125 -96.62242889404297
-1097.123779296875 -98.48674774169922
-1099.12255859375 -100.45901489257812
-1098.35986328125 -102.45565032958984
-1099.692138671875 -104.45394134521484
-1100.25146484375 -106.4461441040039
-1102.2330322265625 -105.16805267333984
-1102.827392578125 -107.16692352294922
-1104.82373046875 -105.19585418701172
-1106.638671875 -107.19422149658203
-1108.63671875 -105.19905853271484
-1110.613525390625 -107.19888305664062
-1112.6126708984375 -105.43513488769531
-1111.335205078125 -107.4332275390625
-1113.3349609375 -107.74790954589844
-1115.3172607421875 -107.61737060546875
-1117.31591796875 -105.8122329711914
-1119.15673828125 -107.80521392822266
-1121.0947265625 -105.85980987548828
-1121.7076416015625 -107.85918426513672
-1123.6904296875 -106.5207290649414
-1125.4168701171875 -108.51914978027344
-1127.4111328125 -106.7502670288086
-1129.4090576171875 -104.82128143310547
-1129.030029296875 -106.82108306884766
-1131.0133056640625 -105.3252182006836
-1131.4017333984375 -107.32502746582031
-1133.341064453125 -105.94062805175781
-1134.7899169921875 -107.94058227539062
-1136.7879638671875 -106.28642272949219
-1137.119873046875 -108.28489685058594
-1139.0889892578125 -108.42584228515625
-1141.08837890625 -106.49336242675781
-1140.255859375 -108.4913101196289
-1142.2528076171875 -108.02943420410156
-1144.2369384765625 -106.03797912597656
-1143.5093994140625 -108.03797912597656
-1145.498046875 -106.29164123535156
-1145.9327392578125 -108.2900161743164
-1147.93115234375 -106.31798553466797
-1146.734375 -108.3147964477539
-1148.7237548828125 -106.41002655029297
-1149.253173828125 -108.40264892578125
-1148.6920166015625 -110.40200805664062
-1150.6912841796875 -110.53922271728516
-1152.690673828125 -111.37028503417969
-1154.6903076171875 -112.0097427368164
-1156.6900634765625 -113.66419219970703
-1158.6900634765625 -115.38575744628906
-1160.6900634765625 -116.76358032226562
-1162.6900634765625 -117.9443359375
-1164.6900634765625 -119.9324722290039
-1162.691162109375 -121.87022399902344
-1164.6910400390625 -123.85393524169922
-1162.6929931640625 -125.85265350341797
-1164.6885986328125 -127.58975982666016
-1166.6771240234375 -126.81793975830078
-1164.6839599609375 -128.57228088378906
-1166.6602783203125 -127.63059997558594
-1164.6728515625 -129.51214599609375
-1166.6727294921875 -129.447998046875
-1168.67236328125 -127.73726654052734
-1166.70849609375 -129.4475860595703
-1168.706787109375 -131.20358276367188
-1166.73583984375 -133.19651794433594
-1168.7283935546875 -133.69241333007812
-1170.7279052734375 -132.23831176757812
-1168.7464599609375 -133.86851501464844
-1170.74609375 -133.40623474121094
-1168.9610595703125 -135.3443145751953
-1170.9583740234375 -133.88568115234375
-1168.9864501953125 -135.8040313720703
-1170.9852294921875 -133.9640655517578
-1168.9886474609375 -135.74806213378906
-1170.9884033203125 -133.9870147705078
-1168.999267578125 -134.76571655273438
-1170.9930419921875 -133.54852294921875
-1168.995361328125 -135.543701171875
-1170.9952392578125 -134.07725524902344
-1169.0003662109375 -135.51649475097656
-1170.99658203125 -133.90135192871094
-1169.05322265625 -135.2593994140625
-1171.0528564453125 -133.4584503173828
-1169.149169921875 -135.2707061767578
-1171.14892578125 -136.7091827392578
-1173.1483154296875 -136.5032196044922
-1171.57177734375 -137.9251708984375
-1173.5709228515625 -137.4076690673828
-1171.6285400390625 -139.27462768554688
-1173.627197265625 -138.49891662597656
-1171.689697265625 -140.44473266601562
-1173.6888427734375 -142.183837890625
-1171.739501953125 -144.1762237548828
-1173.6678466796875 -146.0712432861328
-1171.6744384765625 -147.645751953125
-1173.665771484375 -149.58221435546875
-1171.778564453125 -151.37213134765625
-1173.7777099609375 -152.74696350097656
-1175.77685546875 -150.92898559570312
-1174.178955078125 -150.18296813964844
-1172.383544921875 -152.1376953125
-1174.38330078125 -153.8292694091797
-1176.3829345703125 -152.54705810546875
-1177.99072265625 -154.3891143798828
-1176.37841796875 -156.35719299316406
-1174.4732666015625 -158.1172637939453
-1176.45361328125 -159.87399291992188
-1174.6324462890625 -161.81307983398438
-1176.6318359375 -163.49850463867188
-1174.836669921875 -165.4956817626953
-1173.50830078125 -167.48941040039062
