-1006.6223754882812 -313.36419677734375
-1004.6231689453125 -313.5749816894531
-1002.623291015625 -315.2641906738281
-1000.623291015625 -314.7409362792969
-998.6236572265625 -313.46661376953125
-996.6251831054688 -314.4288024902344
-994.6253051757812 -313.34619140625
-992.6254272460938 -315.2319030761719
-990.6256103515625 -315.1690979003906
-988.6259765625 -313.82147216796875
-986.6265869140625 -315.67620849609375
-984.6270141601562 -314.0546875
-982.6270751953125 -313.81011962890625
-980.6282958984375 -315.4355163574219
-978.6431274414062 -317.3305358886719
-976.6504516601562 -316.4873046875
-974.6553344726562 -317.7447814941406
-972.65771484375 -318.25189208984375
-970.6641845703125 -319.16607666015625
-968.6654052734375 -319.8677978515625
-966.6673583984375 -321.8289489746094
-964.670654296875 -323.4862976074219
-962.6709594726562 -325.47088623046875
-960.6788940429688 -327.444091796875
-958.6830444335938 -329.4314880371094
-956.71044921875 -331.4202880859375
-954.81884765625 -333.4136657714844
-952.8199462890625 -335.4126892089844
-950.9078369140625 -337.40362548828125
-948.9329223632812 -339.3807678222656
-946.939697265625 -341.37420654296875
-948.8349609375 -343.3733825683594
-946.9219360351562 -345.3292236328125
-946.671875 -347.3226318359375
-948.0291748046875 -349.3189697265625
-949.4956665039062 -351.318115234375
-947.4981079101562 -353.31524658203125
-945.6279296875 -355.3048095703125
-947.4259033203125 -357.30084228515625
-948.1483764648438 -359.3000183105469
-947.3904418945312 -361.2994384765625
-946.8829345703125 -363.2878112792969
-947.164794921875 -365.2846984863281
-948.0216674804688 -367.25946044921875
-947.005859375 -369.2523193359375
-948.7387084960938 -371.250732421875
-946.7559814453125 -373.2353820800781
-945.5482788085938 -375.2305603027344
-945.2683715820312 -377.22283935546875
-943.8048706054688 -379.2223815917969
-941.9959106445312 -381.1786804199219
-942.4683227539062 -383.17742919921875
-940.720947265625 -385.17669677734375
-940.87158203125 -387.1741638183594
-942.797607421875 -389.17279052734375
-941.8239135742188 -391.17181396484375
-942.6004638671875 -393.1632385253906
-943.566162109375 -395.1627197265625
-943.9552612304688 -397.1607971191406
-943.6861572265625 -399.14459228515625
-944.9234619140625 -401.1342468261719
-944.8263549804688 -403.1313171386719
-943.0449829101562 -405.112548828125
-941.2061157226562 -407.1033630371094
-940.8225708007812 -409.0067138671875
-940.8547973632812 -410.9858093261719
-939.2420043945312 -412.9733581542969
-941.1643676757812 -414.91339111328125
-941.8660888671875 -416.83465576171875
-943.21630859375 -418.796142578125
-944.339599609375 -420.7922668457031
-943.6962890625 -422.78790283203125
-944.7005615234375 -424.7754211425781
-943.0 -426.77435302734375
-942.8184814453125 -428.7669677734375
-943.3060913085938 -430.7281494140625
-942.200927734375 -432.71881103515625
-943.58935546875 -434.71148681640625
-944.231689453125 -436.7108459472656
-945.5110473632812 -438.68017578125
-943.53759765625 -440.6145324707031
-941.5729370117188 -442.59906005859375
-940.04736328125 -444.5953674316406
-938.9727172851562 -446.58343505859375
-937.0930786132812 -448.5580139160156
-938.1762084960938 -450.5578918457031
-936.1871948242188 -452.5550537109375
-936.2373657226562 -454.54815673828125
-934.7518920898438 -456.5428466796875
-933.3142700195312 -458.53564453125
-933.9205932617188 -460.51910400390625
-935.5296630859375 -462.51641845703125
-934.3003540039062 -464.5147705078125
-934.0560913085938 -466.5106506347656
-934.6495971679688 -468.5102844238281
-932.8666381835938 -470.50872802734375
-933.1260986328125 -472.4980163574219
-931.613525390625 -474.4960632324219
-931.4827880859375 -476.49566650390625
-930.5557861328125 -478.4759521484375
-929.6270751953125 -480.4666442871094
-927.6281127929688 -482.42919921875
-925.629150390625 -484.4247131347656
-923.6311645507812 -486.3724060058594
-921.6381225585938 -488.37078857421875
-919.6726684570312 -490.1260986328125
-917.684814453125 -490.5733337402344
-915.6952514648438 -492.5470886230469
-913.7655639648438 -494.0638427734375
-912.232421875 -495.8660888671875
