-1006.6455078125 -313.2493896484375
-1004.7022705078125 -313.4350280761719
-1003.0902709960938 -313.3123474121094
-1001.1435546875 -312.0414123535156
-999.305419921875 -314.0404968261719
-998.0479125976562 -313.4703063964844
-996.0520629882812 -312.05517578125
-995.359619140625 -314.0546875
-993.623291015625 -313.8263854980469
-992.1918334960938 -313.8098449707031
-990.2649536132812 -315.7964172363281
-988.70556640625 -314.73504638671875
-987.0165405273438 -314.3608093261719
-985.0375366210938 -312.5188903808594
-983.8707885742188 -314.5161437988281
-981.89453125 -313.17626953125
-981.2893676757812 -315.17449951171875
-979.3343505859375 -313.44854736328125
-977.4510498046875 -315.4454345703125
-976.1397094726562 -315.81390380859375
-974.1566772460938 -314.7065734863281
-972.5698852539062 -313.2453308105469
-970.6464233398438 -315.2428894042969
-968.7438354492188 -314.3552551269531
-967.009033203125 -315.29498291015625
-965.01904296875 -314.0676574707031
-963.0408935546875 -316.05499267578125
-961.1027221679688 -317.6086730957031
-959.1365356445312 -319.6019287109375
-957.5050659179688 -321.4896240234375
-955.7186279296875 -323.4619445800781
-954.0283203125 -325.4541931152344
-952.1658325195312 -327.3788757324219
-951.2679443359375 -329.3229064941406
-949.7603149414062 -331.3123779296875
-948.582763671875 -332.8882141113281
-948.4613037109375 -334.8290710449219
-946.4854736328125 -336.8089294433594
-948.4705810546875 -338.8061828613281
-946.552001953125 -340.7803955078125
-948.5420532226562 -342.7801208496094
-946.760986328125 -344.76507568359375
-948.70068359375 -346.76458740234375
-946.760986328125 -348.7625427246094
-948.6769409179688 -350.7603454589844
-948.2802734375 -352.735595703125
-946.2877807617188 -354.6424255371094
-948.2715454101562 -356.6383361816406
-950.2379150390625 -358.63555908203125
-948.3616943359375 -360.3979187011719
-946.3842163085938 -361.9734802246094
-945.7085571289062 -363.9723205566406
-947.5443115234375 -365.96978759765625
-949.5215454101562 -367.9678039550781
-947.5289916992188 -369.94647216796875
-949.505126953125 -371.94329833984375
-947.606689453125 -373.92657470703125
-946.3050537109375 -375.9014587402344
-948.2525634765625 -377.9010009765625
-946.2672119140625 -379.8837585449219
-948.049072265625 -381.8824768066406
-946.5042724609375 -383.8181457519531
-948.3543090820312 -385.81646728515625
-947.291748046875 -387.7699279785156
-945.8491821289062 -389.7647399902344
-947.3289184570312 -391.7423095703125
-947.4065551757812 -393.6835632324219
-949.3815307617188 -395.68157958984375
-947.5706176757812 -397.63055419921875
-945.5711669921875 -399.6105651855469
-944.73876953125 -401.605712890625
-945.5770263671875 -403.59906005859375
-944.4722290039062 -405.5794677734375
-943.6687622070312 -407.5561828613281
-943.4075317382812 -409.51678466796875
-943.48828125 -411.50994873046875
-945.0321655273438 -413.48968505859375
-946.3570556640625 -415.47357177734375
-946.052734375 -417.4703674316406
-946.8056640625 -419.3372497558594
-945.1046752929688 -421.3211669921875
-946.0679321289062 -423.30584716796875
-944.20654296875 -425.29632568359375
-946.0318603515625 -427.2255554199219
-947.5469970703125 -429.2225341796875
-945.6559448242188 -431.22174072265625
-946.47900390625 -433.2043762207031
-944.8323364257812 -435.194091796875
-946.5380249023438 -437.16143798828125
-944.7706909179688 -439.15411376953125
-942.9163208007812 -441.1497497558594
-941.1171875 -443.1046142578125
-939.17822265625 -445.0729675292969
-937.2791137695312 -447.0528869628906
-935.320556640625 -448.9685974121094
-933.3482666015625 -450.95465087890625
-931.4419555664062 -452.936279296875
-930.7294921875 -454.9249267578125
-929.7062377929688 -455.50543212890625
-929.1165161132812 -457.29412841796875
-928.943359375 -458.3354187011719
-928.5914306640625 -460.26300048828125
-930.1734008789062 -462.1396179199219
-929.1646118164062 -464.0821533203125
-928.9970092773438 -466.0164489746094
-929.031494140625 -467.9455871582031
-928.5303344726562 -469.8707580566406
-927.2716064453125 -471.8402099609375
-929.1159057617188 -473.8040466308594
-929.0681762695312 -475.62774658203125
-927.208740234375 -477.6128845214844
-925.2139282226562 -479.6112365722656
-923.2147827148438 -481.61114501953125
-921.2147827148438 -483.61077880859375
-919.2147827148438 -485.6086120605469
-917.21484375 -487.6085205078125
-915.8482055664062 -488.8647155761719
-914.0986938476562 -490.3165588378906
-912.8781127929688 -491.54754638671875
-911.0198364257812 -492.962890625
