-1006.6431274414062 -313.3452453613281
-1004.8313598632812 -312.57110595703125
-1002.8515014648438 -311.62310791015625
-1001.0453491210938 -313.61871337890625
-999.1234130859375 -312.78912353515625
-997.1340942382812 -311.7314147949219
-996.1602783203125 -313.7297058105469
-994.1861572265625 -313.70257568359375
-992.1904296875 -313.2151184082031
-990.2869873046875 -315.05987548828125
-988.3045654296875 -315.16656494140625
-986.4577026367188 -315.10150146484375
-984.9429931640625 -313.30401611328125
-984.1048583984375 -315.30084228515625
-982.1448364257812 -313.57952880859375
-980.1502075195312 -315.4831848144531
-978.8296508789062 -314.8016052246094
-976.9630126953125 -315.30865478515625
-975.147705078125 -313.7709045410156
-973.291748046875 -315.7298583984375
-971.4118041992188 -314.8554382324219
-969.4163818359375 -313.46875
-967.4201049804688 -315.3214111328125
-965.4285888671875 -313.9000244140625
-963.5175170898438 -315.8968200683594
-961.5200805664062 -316.4332580566406
-959.5205688476562 -318.02886962890625
-957.5208740234375 -319.5423889160156
-955.5208740234375 -320.8227844238281
-953.5230712890625 -321.955322265625
-951.5230712890625 -323.9111328125
-949.523193359375 -325.7400817871094
-947.5233154296875 -327.6952209472656
-946.9657592773438 -329.6922912597656
-946.8666381835938 -331.6841735839844
-948.5330810546875 -333.6791687011719
-946.5331420898438 -335.3697204589844
-947.2726440429688 -337.3695983886719
-946.0411987304688 -339.3592224121094
-946.4783935546875 -341.3589782714844
-945.4586181640625 -343.3520202636719
-947.06201171875 -345.350830078125
-946.5650634765625 -347.3506164550781
-948.0003051757812 -349.35003662109375
-946.0905151367188 -351.3491516113281
-946.9164428710938 -353.3486022949219
-945.025634765625 -355.3478698730469
-944.1951904296875 -357.3438415527344
-945.83203125 -359.3424072265625
-947.14892578125 -361.3421936035156
-947.2656860351562 -363.3417663574219
-945.570068359375 -365.3410949707031
-944.3427124023438 -367.34051513671875
-943.0267333984375 -369.3404235839844
-941.6763916015625 -371.3398742675781
-943.2327880859375 -373.3394775390625
-942.2962646484375 -375.3382568359375
-940.31787109375 -377.33465576171875
-939.8974609375 -379.3133239746094
-940.3146362304688 -381.31298828125
-938.8825073242188 -383.3127136230469
-937.8892211914062 -385.3118591308594
-939.0357666015625 -387.3113098144531
-940.401123046875 -389.3092346191406
-939.3621826171875 -391.3028869628906
-939.0520629882812 -393.30224609375
-937.2230834960938 -395.3018493652344
-937.9359741210938 -397.3013916015625
-939.3540649414062 -399.3011779785156
-937.418701171875 -401.2799987792969
-935.6351318359375 -403.2335205078125
-937.34375 -405.1927795410156
-936.1715698242188 -407.1905517578125
-934.2984619140625 -409.1864929199219
-934.6329345703125 -410.4476623535156
-935.5931396484375 -412.3720397949219
-937.5057373046875 -414.3587951660156
-939.3861694335938 -416.3576965332031
-940.2210693359375 -418.3564147949219
-939.0155029296875 -420.3552551269531
-938.2279052734375 -422.35498046875
-939.9554443359375 -424.35467529296875
-941.646484375 -426.350830078125
-940.872314453125 -428.3354797363281
-938.9596557617188 -430.3346252441406
-938.6845092773438 -432.33367919921875
-937.4820556640625 -434.32904052734375
-935.5407104492188 -436.31103515625
-933.69287109375 -438.3045654296875
-932.1724243164062 -440.3039245605469
-930.2578735351562 -442.29742431640625
-931.3036499023438 -444.2914733886719
-930.115966796875 -446.2785339355469
-928.4872436523438 -448.2770080566406
-929.785888671875 -450.2701416015625
-931.3179321289062 -452.2691650390625
-931.1981201171875 -454.2674865722656
-930.42333984375 -456.26336669921875
-929.5639038085938 -458.2495422363281
-930.6765747070312 -460.2292785644531
-928.9879760742188 -462.11712646484375
-927.6700439453125 -464.09771728515625
-928.93896484375 -466.01904296875
-928.4959106445312 -468.0116882324219
-928.2679443359375 -469.9993896484375
-929.4953002929688 -471.86346435546875
-928.0468139648438 -473.8013000488281
-928.8598022460938 -475.6866760253906
-927.1563110351562 -477.5796203613281
-925.3007202148438 -479.5732421875
-923.450439453125 -481.5715637207031
-921.4510498046875 -483.5416259765625
-919.4645385742188 -485.5392150878906
-917.4664306640625 -487.5254211425781
-915.4893188476562 -486.53582763671875
-913.4959716796875 -488.4568176269531
-911.4978637695312 -490.1130065917969
-909.5171508789062 -490.8343200683594
