-1006.6302490234375 -312.8713684082031
-1005.1514892578125 -312.63531494140625
-1003.2700805664062 -312.0570068359375
-1002.595458984375 -312.79705810546875
-1000.7960815429688 -313.5607604980469
-999.5244140625 -311.89447021484375
-998.2891235351562 -313.8250732421875
-998.0072021484375 -312.3799133300781
-999.8533935546875 -314.296142578125
-998.1881103515625 -313.18792724609375
-997.6854248046875 -314.5998229980469
-996.8173217773438 -313.4854431152344
-996.055908203125 -312.3798522949219
-997.3331909179688 -314.06182861328125
-997.2242431640625 -313.7899475097656
-996.6971435546875 -315.5606689453125
-997.7401733398438 -314.627197265625
-997.1447143554688 -313.33648681640625
-997.6267700195312 -313.4580078125
-997.9774780273438 -312.714599609375
-997.9277954101562 -314.4825134277344
-996.6961059570312 -314.18212890625
-995.1343994140625 -313.9235534667969
-993.685302734375 -312.0341491699219
-992.6425170898438 -313.947265625
-992.0093383789062 -313.1673889160156
-990.4801025390625 -315.1039123535156
-989.278564453125 -315.78253173828125
-990.6317138671875 -314.2196044921875
-989.9683837890625 -312.6715393066406
-988.8212890625 -314.65533447265625
-987.443603515625 -313.9918518066406
-987.9866333007812 -314.68145751953125
-987.0284423828125 -314.25567626953125
-987.4097290039062 -312.9485778808594
-985.7333984375 -314.8598327636719
-987.2150268554688 -313.307373046875
-985.39794921875 -315.30181884765625
-985.3430786132812 -313.9440612792969
-985.9995727539062 -312.9026184082031
-984.378662109375 -314.7981872558594
-983.3139038085938 -314.8663635253906
-982.4783935546875 -313.1761779785156
-982.4210205078125 -314.5322265625
-983.8553466796875 -312.9400329589844
-984.34375 -314.8959045410156
-983.5083618164062 -315.5889587402344
-982.7918701171875 -314.1781311035156
-980.8839111328125 -315.1709899902344
-980.4093017578125 -313.8134765625
-978.5916137695312 -315.6008605957031
-979.5946044921875 -313.67999267578125
-978.241455078125 -315.5523681640625
-978.2349243164062 -315.1446838378906
-977.1150512695312 -313.8310241699219
-976.0419921875 -315.7900695800781
-976.0755615234375 -314.1342468261719
-974.1348266601562 -316.07696533203125
-975.4885864257812 -317.0260009765625
-977.3154907226562 -316.608642578125
-975.5707397460938 -315.4349670410156
-974.1286010742188 -314.32733154296875
-973.4388427734375 -314.092041015625
-971.4546508789062 -316.0484924316406
-971.4365234375 -314.0954895019531
-970.74658203125 -313.2333679199219
-969.3323974609375 -314.6016845703125
-967.7670288085938 -314.54168701171875
-966.0145263671875 -314.9549560546875
-964.3198852539062 -315.1089782714844
-962.3380126953125 -316.47369384765625
-960.3817138671875 -318.1084899902344
-958.3860473632812 -320.02294921875
-956.3969116210938 -321.9319763183594
-954.405029296875 -323.86077880859375
-952.4363403320312 -325.75152587890625
-950.4484252929688 -327.6907043457031
-948.45361328125 -329.6072998046875
-946.4554443359375 -331.28314208984375
-948.3742065429688 -333.2173156738281
-946.419921875 -335.01959228515625
-948.3911743164062 -337.01715087890625
-946.4635620117188 -337.7232971191406
-948.1470947265625 -339.7152099609375
-949.77978515625 -341.714599609375
-947.8480834960938 -343.6971740722656
-949.1444091796875 -345.5628967285156
-947.33056640625 -347.4918212890625
-949.149169921875 -349.4776611328125
-947.2916259765625 -351.4552001953125
-948.5473022460938 -353.3862609863281
-946.6240234375 -355.3641052246094
-948.4296875 -357.35797119140625
-946.590576171875 -359.1735534667969
-948.5107421875 -361.1526794433594
-946.5866088867188 -362.9801025390625
-945.7000732421875 -364.9779052734375
-947.129638671875 -366.97509765625
-948.9249267578125 -368.9466857910156
-947.0169677734375 -370.912841796875
-946.8494262695312 -372.9066467285156
-945.6605834960938 -374.8365783691406
-945.2339477539062 -376.81427001953125
-946.119140625 -378.8023681640625
-946.1535034179688 -380.7903137207031
-947.6936645507812 -382.7785339355469
-946.2254028320312 -384.76220703125
-944.4727172851562 -386.7568054199219
-945.6249389648438 -388.7249450683594
-946.9117431640625 -390.68829345703125
-945.8095092773438 -392.68121337890625
-944.031005859375 -394.672607421875
-944.5514526367188 -396.6348876953125
-945.0890502929688 -398.61627197265625
-943.4923706054688 -400.5751037597656
-944.2005615234375 -402.3118591308594
-943.8056030273438 -404.2682189941406
-942.1103515625 -405.99530029296875
-942.0152587890625 -407.7737121582031
-942.651123046875 -409.68896484375
-944.5964965820312 -411.6053466796875
-945.40576171875 -413.579345703125
-946.943115234375 -415.5572204589844
-945.8524169921875 -417.54119873046875
-944.8751831054688 -419.4737243652344
-945.3690185546875 -421.4627990722656
-945.9545288085938 -423.4306335449219
-947.6972045898438 -425.412841796875
-946.6970825195312 -427.2860412597656
-945.133544921875 -429.28289794921875
-943.5656127929688 -431.27685546875
-944.1064453125 -433.23956298828125
-942.5547485351562 -435.2181701660156
-940.7937622070312 -437.1650390625
-939.245849609375 -439.1341247558594
-937.3200073242188 -441.12591552734375
-937.2593994140625 -443.0592041015625
-935.3729248046875 -445.0562744140625
-934.010009765625 -446.9762268066406
-933.35693359375 -448.955078125
-932.0349731445312 -450.9091491699219
-930.6138916015625 -452.9071350097656
-931.7288818359375 -454.8941955566406
-931.2822875976562 -456.40447998046875
-931.5906982421875 -458.3107604980469
-930.276611328125 -460.1210632324219
-932.1314697265625 -462.0514221191406
-930.6509399414062 -464.04193115234375
-930.2396240234375 -466.0247497558594
-929.3319091796875 -467.9844970703125
-931.2756958007812 -469.94390869140625
-930.9452514648438 -471.6103820800781
-929.6605834960938 -473.5616455078125
-931.10791015625 -475.5596618652344
-931.7283325195312 -477.5575256347656
-929.858642578125 -479.46978759765625
-928.874755859375 -481.469482421875
-926.8894653320312 -483.4605407714844
-924.8927612304688 -485.40631103515625
-922.8944702148438 -487.401123046875
-920.9002075195312 -485.7394714355469
-918.9755249023438 -487.7050476074219
-917.161376953125 -486.2546691894531
-915.7801513671875 -488.25250244140625
-913.7933349609375 -489.7513427734375
-911.8089599609375 -489.51495361328125
-909.8263549804688 -490.2002258300781
