-1006.6223754882812 -313.3616943359375
-1004.6224365234375 -313.47808837890625
-1002.6224365234375 -312.6702880859375
-1000.6224365234375 -311.0312805175781
-998.6241455078125 -313.01995849609375
-996.6241455078125 -311.1322326660156
-994.645263671875 -313.12908935546875
-992.6515502929688 -315.1236572265625
-990.6515502929688 -313.3512878417969
-988.651611328125 -315.3150939941406
-986.651611328125 -313.4444274902344
-984.6906127929688 -315.43304443359375
-982.6906127929688 -313.55450439453125
-980.7011108398438 -315.54327392578125
-978.7011108398438 -313.7457275390625
-976.7012939453125 -315.7452087402344
-974.7012939453125 -313.87255859375
-972.7012939453125 -315.83734130859375
-970.7012939453125 -313.9654235839844
-968.7020874023438 -315.9634704589844
-966.7020874023438 -317.33447265625
-964.7020874023438 -317.21282958984375
-962.7020874023438 -318.7763671875
-960.7020874023438 -320.55621337890625
-958.7020874023438 -322.5464782714844
-956.7020874023438 -323.9191589355469
-954.7020874023438 -325.9151916503906
-952.7020874023438 -327.7098388671875
-950.7020874023438 -329.61737060546875
-948.7020874023438 -331.58251953125
-946.7020874023438 -333.5717468261719
-948.6736450195312 -335.5700988769531
-946.6736450195312 -337.5677490234375
-948.668212890625 -339.5670166015625
-946.668212890625 -341.5653991699219
-948.6647338867188 -343.5586242675781
-946.6647338867188 -345.4552307128906
-948.539794921875 -347.39642333984375
-946.539794921875 -349.38385009765625
-948.528564453125 -351.37353515625
-946.528564453125 -353.36822509765625
-948.5252075195312 -355.2950439453125
-946.5252075195312 -357.237060546875
-948.5228881835938 -359.2239685058594
-946.52392578125 -361.2005310058594
-948.5200805664062 -362.9534606933594
-946.5209350585938 -364.938720703125
-948.5202026367188 -366.8581848144531
-946.5202026367188 -368.8475341796875
-948.4989013671875 -370.8423156738281
-946.4989624023438 -372.814453125
-948.4957275390625 -374.80938720703125
-946.4957885742188 -376.7871398925781
-948.40576171875 -378.7843322753906
-946.40576171875 -380.6228942871094
-948.3694458007812 -382.6203918457031
-946.3695068359375 -384.51861572265625
-948.3243408203125 -386.5133972167969
-946.3250732421875 -388.4962463378906
-948.222900390625 -390.4889831542969
-946.2230834960938 -392.4787902832031
-947.7941284179688 -394.342529296875
-949.7696533203125 -396.3275451660156
-947.7698364257812 -398.04998779296875
-945.7699584960938 -399.97869873046875
-947.7587890625 -401.9649963378906
-945.759033203125 -403.9621887207031
-947.5394287109375 -405.9598388671875
-947.5521240234375 -407.9085388183594
-948.6490478515625 -409.86761474609375
-950.6285400390625 -411.7732849121094
-948.6285400390625 -413.69012451171875
-950.443115234375 -415.6896057128906
-948.4467163085938 -417.64886474609375
-949.1505737304688 -419.6196594238281
-951.1412963867188 -421.6103210449219
-949.1419067382812 -423.603515625
-949.256591796875 -425.5894775390625
-950.8930053710938 -427.58416748046875
-948.8932495117188 -429.48175048828125
-950.6256713867188 -431.4755554199219
-948.6259765625 -433.3509826660156
-950.2939453125 -435.3405456542969
-948.4744873046875 -437.1722412109375
-946.4921264648438 -439.0906677246094
-945.576416015625 -440.9814147949219
-946.4288330078125 -442.8588562011719
-945.2284545898438 -444.8105163574219
-946.6270751953125 -446.7635803222656
-944.683349609375 -448.5750427246094
-943.7363891601562 -450.5515441894531
-942.2744140625 -452.45263671875
-943.9879150390625 -453.8773193359375
-942.7154541015625 -455.87432861328125
-942.5783081054688 -456.9546813964844
-944.3758544921875 -458.91607666015625
-942.4733276367188 -460.8302001953125
-941.2369384765625 -462.60107421875
-943.0340576171875 -464.5675964355469
-943.6611938476562 -466.56475830078125
-942.6589965820312 -468.5565185546875
-940.8599853515625 -470.53912353515625
-939.5193481445312 -472.4869689941406
-939.7345581054688 -474.4412536621094
-939.4012451171875 -476.3876647949219
-937.509765625 -478.3110046386719
-938.8114013671875 -480.1533508300781
-937.3299560546875 -481.7357482910156
-938.2172241210938 -482.9376525878906
-937.4849243164062 -484.8202209472656
-936.4273071289062 -486.5158996582031
-934.4300537109375 -488.5023498535156
-932.9039306640625 -490.44805908203125
-930.9215698242188 -492.3830261230469
-928.9463500976562 -494.31219482421875
-926.9505004882812 -496.2470703125
-925.0054321289062 -497.451171875
-923.82275390625 -496.76165771484375
-921.8831176757812 -496.4866027832031
-919.892333984375 -496.0459289550781
-918.2922973632812 -496.189208984375
-916.2958374023438 -498.07318115234375
-915.1446533203125 -496.7073669433594
-913.1526489257812 -494.8909912109375
-911.1560668945312 -495.3283386230469
