-1006.6255493164062 -313.367919921875
-1004.7451171875 -312.0373840332031
-1002.7488403320312 -310.2007141113281
-1000.9111328125 -311.77252197265625
-999.1873168945312 -313.7635192871094
-997.210693359375 -313.2193603515625
-995.2153930664062 -311.31414794921875
-993.98388671875 -313.10614013671875
-993.3612060546875 -315.0211486816406
-991.8101806640625 -313.0735778808594
-989.9078979492188 -314.9264831542969
-988.028564453125 -313.4888000488281
-986.5796508789062 -314.6884460449219
-984.7706909179688 -313.088134765625
-983.86328125 -315.0618896484375
-981.893310546875 -313.48602294921875
-980.4232177734375 -315.1578369140625
-978.7089233398438 -313.2431945800781
-980.5070190429688 -314.9779357910156
-978.8982543945312 -314.2820739746094
-977.107177734375 -316.0043029785156
-975.2318725585938 -314.2924499511719
-975.0770874023438 -316.28265380859375
-973.1404418945312 -314.6751403808594
-971.2000122070312 -313.17401123046875
-970.4686279296875 -315.0256042480469
-968.831787109375 -315.8277282714844
-966.8624877929688 -315.12713623046875
-965.2471923828125 -315.7453308105469
-963.2568969726562 -316.61871337890625
-961.331787109375 -318.3206787109375
-959.33837890625 -320.2768859863281
-957.3812255859375 -322.1421203613281
-955.7831420898438 -324.1348571777344
-954.8899536132812 -326.1216125488281
-952.94287109375 -328.120361328125
-951.7252807617188 -330.1135559082031
-949.8409423828125 -332.1127624511719
-950.3524780273438 -334.1027526855469
-948.4718017578125 -336.0977783203125
-946.5797119140625 -338.0959167480469
-945.1592407226562 -340.0954284667969
-944.750244140625 -342.0951843261719
-943.8567504882812 -344.09320068359375
-943.3209228515625 -346.09283447265625
-943.26904296875 -348.0927429199219
-944.6921997070312 -350.091796875
-943.6697998046875 -352.091796875
-943.6993408203125 -354.0914306640625
-943.0490112304688 -356.0907897949219
-942.4214477539062 -358.0906982421875
-940.6019897460938 -360.0897521972656
-941.2109375 -362.08929443359375
-942.60791015625 -364.0880432128906
-943.2911987304688 -366.0879821777344
-943.490966796875 -368.08758544921875
-941.70849609375 -370.0837707519531
-941.1536865234375 -372.08349609375
-941.81591796875 -374.0834655761719
-941.4383544921875 -376.0830078125
-943.1964111328125 -378.0828552246094
-941.2638549804688 -380.0808410644531
-939.7864990234375 -382.07470703125
-938.799560546875 -384.0746154785156
-937.6605224609375 -386.07318115234375
-937.2781372070312 -388.0728759765625
-937.1279907226562 -390.07073974609375
-935.3754272460938 -392.070556640625
-936.6121215820312 -394.0704040527344
-937.3471069335938 -396.07037353515625
-938.0554809570312 -398.0703430175781
-937.146484375 -399.85546875
-938.0475463867188 -401.8541259765625
-937.5089111328125 -403.8466491699219
-936.2913208007812 -405.8453674316406
-934.7872314453125 -407.8450927734375
-935.572265625 -409.8450012207031
-934.0652465820312 -411.65838623046875
-933.8106079101562 -413.4598693847656
-935.65673828125 -415.3322448730469
-937.6011962890625 -417.33172607421875
-939.49169921875 -419.33154296875
-939.6448974609375 -421.3197326660156
-937.9134521484375 -423.318359375
-939.7645263671875 -425.3175964355469
-938.1520385742188 -427.3172302246094
-940.0972900390625 -429.3169250488281
-938.6768798828125 -431.3143615722656
-936.9418334960938 -433.3134460449219
-935.1884155273438 -435.3133544921875
-933.3677978515625 -437.31268310546875
-931.94091796875 -439.3114013671875
-933.1503295898438 -441.30963134765625
-932.0278930664062 -443.3094482421875
-931.8861083984375 -445.3043212890625
-930.0947265625 -447.3043212890625
-928.344482421875 -449.3040466308594
-930.0524291992188 -451.3039855957031
-931.1265869140625 -453.30303955078125
-931.4302368164062 -455.3012390136719
-930.1145629882812 -457.3003234863281
-930.5353393554688 -459.30023193359375
-928.7415771484375 -461.29913330078125
-928.3250122070312 -463.2991027832031
-929.7655639648438 -465.2982177734375
-929.201171875 -467.2972106933594
-929.1050415039062 -469.29718017578125
-928.2430419921875 -471.29656982421875
-927.813720703125 -473.29620361328125
-926.9812622070312 -475.296142578125
-927.29248046875 -477.2961120605469
-925.2930908203125 -479.2961120605469
-923.29736328125 -481.29608154296875
-921.299072265625 -483.2958679199219
-919.2999267578125 -485.2958068847656
-917.30322265625 -487.2955322265625
-915.6190795898438 -489.0395812988281
-914.3436889648438 -490.7811584472656
-912.3692016601562 -492.7214660644531
-910.3934326171875 -494.70977783203125
