-1006.6229248046875 -313.3389892578125
-1004.6302490234375 -312.5766906738281
-1002.6317138671875 -311.4707946777344
-1000.9092407226562 -313.46923828125
-998.9202270507812 -313.4072570800781
-996.9203491210938 -311.6238098144531
-997.5349731445312 -313.5397033691406
-995.5364990234375 -312.1485290527344
-993.63330078125 -314.0599365234375
-991.6351318359375 -314.1321105957031
-989.6353759765625 -312.5020446777344
-988.021484375 -314.4979248046875
-986.0255126953125 -314.8868408203125
-984.0377807617188 -314.12835693359375
-982.0399169921875 -313.6404724121094
-980.2339477539062 -315.6239318847656
-978.3306884765625 -316.5546875
-976.4047241210938 -316.68939208984375
-974.78076171875 -316.3385314941406
-972.8192749023438 -317.86517333984375
-970.843505859375 -319.4917297363281
-968.8436889648438 -318.5624084472656
-966.843994140625 -319.3419189453125
-964.843994140625 -318.5144958496094
-962.8441162109375 -317.06561279296875
-960.8441162109375 -318.988525390625
-958.8441162109375 -320.0429992675781
-956.8441772460938 -322.0187072753906
-954.8441772460938 -323.921875
-952.8441772460938 -325.9180908203125
-950.84423828125 -327.79864501953125
-948.8442993164062 -329.78814697265625
-946.8443603515625 -331.7701721191406
-947.9531860351562 -333.7696228027344
-948.8342895507812 -335.7679748535156
-946.8342895507812 -337.63726806640625
-948.5377807617188 -339.63372802734375
-946.5377807617188 -341.62677001953125
-948.0703125 -343.62579345703125
-948.1507568359375 -345.6147766113281
-948.5758056640625 -347.6145324707031
-946.575927734375 -349.6088562011719
-946.8052978515625 -351.6084289550781
-946.6535034179688 -353.6082458496094
-945.8515014648438 -355.6072998046875
-945.9569702148438 -357.6065368652344
-946.1685791015625 -359.60638427734375
-944.6342163085938 -361.6015930175781
-944.7393798828125 -363.59423828125
-943.751708984375 -365.5908203125
-945.1544189453125 -367.5898742675781
-945.3937377929688 -369.5897216796875
-946.6553955078125 -371.5892333984375
-948.3980712890625 -373.5892028808594
-946.3983154296875 -375.5870666503906
-948.2443237304688 -377.5864562988281
-946.244384765625 -379.5745849609375
-947.4966430664062 -381.5745544433594
-945.963134765625 -383.57373046875
-944.0308227539062 -385.57330322265625
-943.58740234375 -387.5730285644531
-943.70263671875 -389.5711975097656
-941.8003540039062 -391.5710144042969
-942.9208374023438 -393.569580078125
-941.4662475585938 -395.56854248046875
-939.9514770507812 -397.56842041015625
-938.2402954101562 -399.5683898925781
-938.4744873046875 -401.56280517578125
-937.7951049804688 -403.5154113769531
-938.2122802734375 -405.51483154296875
-939.4743041992188 -407.5140075683594
-939.1806030273438 -409.50909423828125
-940.1223754882812 -411.4760437011719
-939.5435791015625 -413.4383239746094
-941.14599609375 -415.43084716796875
-939.26318359375 -417.4289245605469
-940.86962890625 -419.4276428222656
-941.9529418945312 -421.427490234375
-943.02490234375 -423.42730712890625
-942.9561157226562 -425.4254150390625
-944.7687377929688 -427.4251708984375
-945.1928100585938 -429.425048828125
-944.0994873046875 -431.42437744140625
-942.4385375976562 -433.4242248535156
-942.904052734375 -435.4211120605469
-941.5997924804688 -437.42083740234375
-940.0543212890625 -439.42047119140625
-938.0791625976562 -441.37384033203125
-936.3721313476562 -443.37066650390625
-934.8849487304688 -445.36932373046875
-933.3885498046875 -447.3689880371094
-933.9436645507812 -449.3650207519531
-932.3541870117188 -451.362060546875
-930.9241943359375 -453.3604431152344
-931.3094482421875 -455.3596496582031
-930.3400268554688 -457.3529052734375
-929.2320556640625 -459.3505859375
-927.9259033203125 -461.34698486328125
-928.265380859375 -463.3360595703125
-930.1043090820312 -465.3356018066406
-928.9696655273438 -467.3298645019531
-927.8998413085938 -469.2659912109375
-929.1282958984375 -471.2552795410156
-927.6521606445312 -473.2550964355469
-929.588623046875 -475.2537536621094
-929.9397583007812 -477.253662109375
-930.4100341796875 -479.2533264160156
-928.6133422851562 -481.2524108886719
-926.6332397460938 -483.25189208984375
-924.6361694335938 -485.2513122558594
-922.6419067382812 -487.2500915527344
-920.6494140625 -489.18634033203125
-918.72314453125 -491.11602783203125
-916.7930908203125 -492.4468688964844
-914.8255004882812 -494.3650207519531
-914.0623168945312 -496.1617431640625
-912.246826171875 -497.92742919921875
