-1157.33056640625 -545.69677734375
-1159.303466796875 -545.124267578125
-1157.36083984375 -543.1245727539062
-1159.349609375 -541.139892578125
-1157.4739990234375 -539.1400146484375
-1159.10595703125 -537.2485961914062
-1157.1151123046875 -535.248779296875
-1159.02685546875 -533.5410766601562
-1157.0394287109375 -531.5418090820312
-1159.031982421875 -529.67431640625
-1157.0523681640625 -527.6775512695312
-1158.983154296875 -526.427001953125
-1157.00830078125 -524.4271850585938
-1158.9610595703125 -522.708984375
-1157.185546875 -520.709228515625
-1159.1798095703125 -518.8765258789062
-1157.185791015625 -516.876708984375
-1158.51611328125 -514.8936157226562
-1156.5322265625 -512.9085693359375
-1158.3424072265625 -510.95611572265625
-1156.3475341796875 -508.958740234375
-1158.1600341796875 -508.2438659667969
-1156.16259765625 -506.24737548828125
-1157.8013916015625 -504.3484191894531
-1159.5147705078125 -502.47320556640625
-1158.129638671875 -500.4741516113281
-1156.208251953125 -498.4749755859375
-1156.2161865234375 -496.8370666503906
-1156.2119140625 -494.8385314941406
-1155.350830078125 -492.8473205566406
-1155.025146484375 -491.5231628417969
-1155.09521484375 -491.8858947753906
-1154.25390625 -493.24639892578125
-1155.2056884765625 -494.61328125
-1153.3289794921875 -492.6138610839844
-1151.5096435546875 -491.7144775390625
-1149.5966796875 -492.7057800292969
-1147.67333984375 -494.5909729003906
-1145.81396484375 -492.5909729003906
-1143.931640625 -493.2274169921875
-1141.9398193359375 -492.4839172363281
-1139.9423828125 -493.01104736328125
-1137.9556884765625 -493.96868896484375
-1135.9595947265625 -491.9688415527344
-1133.9609375 -491.2055358886719
-1131.9613037109375 -491.893798828125
-1131.226806640625 -492.6932373046875
-1129.6856689453125 -493.8668518066406
-1130.59521484375 -491.8676452636719
-1129.120849609375 -492.1900939941406
-1128.3436279296875 -493.8600769042969
-1127.3035888671875 -491.8601379394531
-1125.8076171875 -493.41943359375
-1123.8094482421875 -491.41998291015625
-1122.1610107421875 -492.435302734375
-1120.4007568359375 -494.0323181152344
-1118.556640625 -492.0326232910156
-1116.6829833984375 -491.58612060546875
-1115.27734375 -491.68731689453125
-1113.2877197265625 -490.42626953125
-1111.291259765625 -489.1230773925781
-1109.3079833984375 -487.1249084472656
-1107.3160400390625 -485.13018798828125
-1109.0113525390625 -483.1460266113281
-1107.01416015625 -481.1460876464844
-1107.298828125 -479.1465759277344
-1105.2989501953125 -477.6347351074219
-1105.8798828125 -477.7777099609375
-1107.7862548828125 -479.1814880371094
-1105.78662109375 -479.3183288574219
-1104.7138671875 -477.33721923828125
-1106.623046875 -478.34893798828125
-1104.62646484375 -476.4977111816406
-1105.3037109375 -478.07720947265625
-1104.837890625 -476.0791320800781
-1106.3902587890625 -477.8848571777344
-1104.390380859375 -476.0083923339844
-1104.889404296875 -477.9815979003906
-1105.570556640625 -479.1681823730469
-1105.0694580078125 -477.1705017089844
-1106.3677978515625 -477.6567077636719
-1104.3681640625 -475.8338928222656
-1105.9661865234375 -474.4409484863281
-1107.82080078125 -475.2008972167969
-1105.8209228515625 -473.206298828125
-1107.719970703125 -473.2407531738281
-1105.72021484375 -471.24359130859375
-1107.6990966796875 -469.8657531738281
-1105.7139892578125 -467.8660888671875
-1107.696533203125 -467.43597412109375
-1105.73046875 -465.43634033203125
-1107.7265625 -463.5724182128906
-1105.736572265625 -461.57244873046875
-1107.6561279296875 -459.90338134765625
-1105.6572265625 -457.90338134765625
-1107.325439453125 -456.25897216796875
-1109.16650390625 -455.50250244140625
-1107.1776123046875 -453.5025634765625
-1109.0625 -452.2735900878906
-1107.090087890625 -450.27569580078125
-1105.0902099609375 -448.3671569824219
-1106.99462890625 -446.7455749511719
-1104.996826171875 -444.7464904785156
-1105.906982421875 -445.5328369140625
-1106.989013671875 -445.9879455566406
-1104.9927978515625 -443.9880065917969
-1106.9700927734375 -442.66131591796875
-1108.4150390625 -443.8735656738281
-1106.4166259765625 -441.8740539550781
-1108.3665771484375 -442.9854431152344
-1106.3665771484375 -440.9859619140625
-1108.21533203125 -439.442626953125
-1106.2164306640625 -437.4426574707031
-1108.2086181640625 -435.9190979003906
-1110.20703125 -435.2793273925781
-1108.314697265625 -433.27960205078125
-1110.0975341796875 -431.545166015625
-1111.7081298828125 -429.6040954589844
-1109.7081298828125 -427.6118469238281
-1111.39111328125 -425.84320068359375
-1109.3985595703125 -423.8432312011719
-1108.9356689453125 -421.84503173828125
-1110.1392822265625 -419.8914489746094
-1111.1705322265625 -418.3164978027344
-1109.170654296875 -416.3174133300781
-1111.15576171875 -414.8740539550781
-1109.15673828125 -412.87469482421875
-1110.82568359375 -411.3298034667969
-1108.8258056640625 -409.3302307128906
-1110.3726806640625 -408.0356140136719
-1112.101806640625 -406.0531311035156
-1110.1024169921875 -404.0535888671875
-1108.517578125 -402.3505859375
-1107.205322265625 -400.41790771484375
-1105.228759765625 -398.42578125
-1105.676025390625 -396.4264831542969
-1103.681884765625 -397.55108642578125
-1103.005859375 -395.5991516113281
-1101.0196533203125 -396.3247985839844
-1099.088134765625 -394.32586669921875
-1097.0899658203125 -395.6137390136719
-1095.6695556640625 -393.62298583984375
-1093.6697998046875 -395.61358642578125
-1092.833984375 -393.6562805175781
-1091.141357421875 -394.012451171875
-1089.141357421875 -395.1932373046875
-1087.298095703125 -393.19549560546875
-1085.2982177734375 -393.3636779785156
-1083.2984619140625 -395.1832580566406
-1081.9002685546875 -393.1846923828125
-1079.9287109375 -394.226318359375
-1077.9393310546875 -395.9795837402344
-1076.3994140625 -393.9804992675781
-1075.278076171875 -391.9819030761719
-1073.2789306640625 -393.72650146484375
-1071.551513671875 -391.7287292480469
