-1157.269775390625 -545.8203735351562
-1159.2662353515625 -543.872802734375
-1157.2666015625 -541.8896484375
-1159.2626953125 -540.063232421875
-1157.2628173828125 -538.263916015625
-1159.25732421875 -539.415771484375
-1157.2576904296875 -537.511962890625
-1159.2572021484375 -536.7213134765625
-1157.2572021484375 -534.7395629882812
-1159.171875 -532.7715454101562
-1157.1737060546875 -530.787109375
-1159.1728515625 -529.095947265625
-1157.1729736328125 -527.1786499023438
-1159.11328125 -525.6795654296875
-1157.11474609375 -523.7172241210938
-1159.103515625 -521.75244140625
-1157.105224609375 -519.8196411132812
-1159.098876953125 -518.0540161132812
-1157.09912109375 -516.0545043945312
-1159.0941162109375 -514.4918823242188
-1157.0941162109375 -512.7526245117188
-1159.09130859375 -510.8346252441406
-1157.0914306640625 -508.8686828613281
-1159.0897216796875 -507.2804870605469
-1157.0897216796875 -505.47027587890625
-1159.088623046875 -503.5328063964844
-1157.0887451171875 -501.5568542480469
-1159.037841796875 -499.6402282714844
-1157.044677734375 -497.73529052734375
-1158.9862060546875 -495.7566833496094
-1157.0062255859375 -493.7733459472656
-1158.1556396484375 -495.0804443359375
-1156.1593017578125 -493.1216125488281
-1157.11669921875 -494.6432800292969
-1155.9876708984375 -492.6562805175781
-1157.8223876953125 -494.4154357910156
-1159.319580078125 -492.4612121582031
-1157.44091796875 -490.4614562988281
-1159.438720703125 -489.7750549316406
-1161.4307861328125 -489.3340759277344
-1159.44873046875 -487.3409118652344
-1161.4305419921875 -485.59698486328125
-1163.3328857421875 -483.6029968261719
-1161.3353271484375 -485.0440368652344
-1163.000732421875 -483.0693359375
-1161.0062255859375 -484.4923400878906
-1162.9090576171875 -482.6203918457031
-1160.91162109375 -484.09661865234375
-1161.350830078125 -482.1922302246094
-1159.3585205078125 -483.8988952636719
-1161.3236083984375 -481.9285888671875
-1159.32763671875 -482.4461364746094
-1158.9866943359375 -480.6389465332031
-1156.987548828125 -481.48529052734375
-1158.978515625 -479.537841796875
-1156.9801025390625 -481.1772155761719
-1158.170166015625 -479.1831970214844
-1156.181396484375 -481.1604309082031
-1158.0247802734375 -479.1773681640625
-1156.0390625 -480.8045654296875
-1155.090576171875 -478.8072509765625
-1153.0980224609375 -480.80029296875
-1151.900390625 -478.8168640136719
-1150.397216796875 -476.90753173828125
-1148.3973388671875 -478.89581298828125
-1146.5313720703125 -476.8990173339844
-1144.5316162109375 -478.8351745605469
-1142.876953125 -476.8441162109375
-1141.302978515625 -478.82501220703125
-1139.3201904296875 -476.82525634765625
-1137.3365478515625 -478.82427978515625
-1136.38916015625 -476.8418884277344
-1134.3980712890625 -478.8394470214844
-1132.42333984375 -476.8395690917969
-1130.4237060546875 -478.8371887207031
-1128.4239501953125 -480.7636413574219
-1126.93603515625 -478.7686767578125
-1124.9375 -480.6788024902344
-1122.99658203125 -478.6802673339844
-1120.99853515625 -480.67620849609375
-1119.3126220703125 -478.8249816894531
-1117.3385009765625 -480.75347900390625
-1115.760498046875 -478.7549743652344
-1113.760986328125 -480.3157043457031
-1113.453369140625 -478.3194885253906
-1111.45361328125 -480.2769470214844
-1109.4613037109375 -478.2798767089844
-1107.4613037109375 -476.7853088378906
-1105.4613037109375 -475.0439758300781
-1107.4578857421875 -475.71783447265625
-1105.4578857421875 -474.8854675292969
-1107.4561767578125 -475.806884765625
-1105.4561767578125 -473.8951721191406
-1107.44970703125 -474.2319641113281
-1105.4501953125 -472.27191162109375
-1107.3992919921875 -470.4797058105469
-1105.4024658203125 -468.4892883300781
-1107.3712158203125 -467.5797119140625
-1105.37158203125 -465.58599853515625
-1107.2994384765625 -463.7168884277344
-1105.302001953125 -461.72601318359375
-1107.17138671875 -460.1629638671875
-1105.1878662109375 -458.1659851074219
-1107.177978515625 -458.307861328125
-1109.1776123046875 -456.3873291015625
-1107.1778564453125 -454.4338684082031
-1109.1531982421875 -452.4604187011719
-1107.1533203125 -450.7278137207031
-1105.1533203125 -448.8004455566406
-1107.1005859375 -446.84259033203125
-1105.1162109375 -444.84552001953125
-1106.9344482421875 -444.7120056152344
-1108.8128662109375 -444.2696838378906
-1106.813232421875 -442.2917175292969
-1108.7515869140625 -443.1431884765625
-1106.751708984375 -441.444091796875
-1108.7325439453125 -443.0472106933594
-1106.7327880859375 -441.0855407714844
-1108.3433837890625 -441.9712219238281
-1106.343505859375 -439.9824523925781
-1108.180419921875 -440.9265441894531
-1106.2119140625 -438.93304443359375
-1108.147705078125 -438.092041015625
-1110.0302734375 -437.0724182128906
-1108.0308837890625 -435.0777587890625
-1109.6856689453125 -433.13519287109375
-1109.874267578125 -431.19268798828125
-1111.6141357421875 -429.205078125
-1109.6142578125 -427.40545654296875
-1110.42041015625 -426.5009765625
-1111.100830078125 -424.6512145996094
-1109.1015625 -422.8158264160156
-1109.985107421875 -421.1992492675781
-1107.9920654296875 -419.45361328125
-1107.0989990234375 -420.6611633300781
-1108.9930419921875 -421.8228454589844
-1110.2904052734375 -421.8804931640625
-1108.3798828125 -419.91949462890625
-1110.259765625 -420.6208801269531
-1108.261474609375 -419.0347900390625
-1110.0904541015625 -418.6568298339844
-1111.0054931640625 -418.50823974609375
-1109.005859375 -416.51519775390625
-1110.6710205078125 -415.0838928222656
-1108.673583984375 -413.1521301269531
-1109.07568359375 -412.1680908203125
-1108.5028076171875 -411.208740234375
-1108.5115966796875 -409.24456787109375
-1106.72998046875 -407.3227844238281
-1108.6898193359375 -405.4111022949219
-1107.1265869140625 -403.5619201660156
-1108.76806640625 -401.7996826171875
-1106.7786865234375 -400.0173645019531
-1104.823486328125 -398.0510559082031
-1102.9599609375 -396.07940673828125
-1100.9627685546875 -396.3971862792969
-1099.0416259765625 -394.4596252441406
-1097.049072265625 -396.0169982910156
-1095.1834716796875 -394.0362548828125
-1093.18408203125 -394.35394287109375
-1091.18408203125 -395.86676025390625
-1089.1937255859375 -393.8726806640625
-1087.1982421875 -394.973876953125
-1085.2037353515625 -393.02545166015625
-1083.2091064453125 -394.8501281738281
-1081.4447021484375 -392.9115905761719
-1079.4454345703125 -394.8917236328125
-1080.7327880859375 -393.20477294921875
-1078.7366943359375 -394.53155517578125
-1077.9063720703125 -392.58135986328125
-1075.906982421875 -393.82708740234375
-1075.9537353515625 -391.897705078125
-1073.9539794921875 -393.8329772949219
-1073.13671875 -391.9055480957031
