-1157.2689208984375 -545.696044921875
-1159.2662353515625 -543.76025390625
-1157.266357421875 -541.7603759765625
-1159.25732421875 -539.8411865234375
-1157.25732421875 -537.8413696289062
-1159.257080078125 -535.883544921875
-1157.257080078125 -533.8836669921875
-1159.103515625 -531.8846435546875
-1157.103515625 -529.8848266601562
-1159.1009521484375 -527.9121704101562
-1157.10107421875 -525.912353515625
-1159.0997314453125 -523.9423828125
-1157.0997314453125 -521.94287109375
-1159.0904541015625 -520.0294799804688
-1157.090576171875 -518.0294799804688
-1159.0863037109375 -516.2311401367188
-1157.0863037109375 -514.2318115234375
-1159.0711669921875 -512.288818359375
-1157.0712890625 -510.2890625
-1159.05859375 -508.3104248046875
-1157.0587158203125 -506.31341552734375
-1159.0225830078125 -504.4526672363281
-1157.0238037109375 -502.4528503417969
-1159.014404296875 -500.4548034667969
-1157.014404296875 -498.4552307128906
-1159.0135498046875 -496.47552490234375
-1157.013671875 -494.4755554199219
-1155.23583984375 -492.49029541015625
-1157.2188720703125 -490.73358154296875
-1159.194091796875 -488.8115539550781
-1161.1741943359375 -486.82196044921875
-1162.952392578125 -484.9666748046875
-1164.6309814453125 -482.9764709472656
-1162.6866455078125 -483.3712158203125
-1161.9219970703125 -482.05462646484375
-1160.08447265625 -483.0445251464844
-1161.2587890625 -481.0697021484375
-1159.5950927734375 -482.32647705078125
-1161.541259765625 -480.3280334472656
-1159.734130859375 -479.8968200683594
-1158.03759765625 -479.0481872558594
-1156.14501953125 -480.1609191894531
-1154.255615234375 -482.093994140625
-1153.74365234375 -480.20574951171875
-1151.74755859375 -478.2086181640625
-1150.7847900390625 -479.0650634765625
-1148.786865234375 -477.0655517578125
-1146.876953125 -478.3101806640625
-1144.8773193359375 -476.31048583984375
-1142.88330078125 -478.0027160644531
-1140.8865966796875 -476.0032958984375
-1142.884521484375 -475.0675354003906
-1140.88525390625 -475.8332214355469
-1142.883056640625 -477.2210388183594
-1144.169189453125 -476.72027587890625
-1142.1744384765625 -475.71380615234375
-1144.0115966796875 -474.0119323730469
-1142.0120849609375 -474.65869140625
-1143.8292236328125 -472.69219970703125
-1141.8292236328125 -471.8316650390625
-1143.7589111328125 -470.2646789550781
-1141.759033203125 -468.3204650878906
-1139.759033203125 -466.3209228515625
-1141.6944580078125 -464.47955322265625
-1139.6944580078125 -462.4797668457031
-1141.647705078125 -460.5923156738281
-1143.57958984375 -459.246826171875
-1141.57958984375 -457.2470397949219
-1143.3753662109375 -455.31805419921875
-1141.3753662109375 -453.31805419921875
-1143.03662109375 -451.4921875
-1141.03662109375 -449.4922180175781
-1140.6239013671875 -447.508544921875
-1141.14013671875 -445.76556396484375
-1143.0697021484375 -443.87701416015625
-1141.0697021484375 -441.8773193359375
-1139.0697021484375 -439.8942565917969
-1140.4820556640625 -437.9271240234375
-1139.27587890625 -435.92779541015625
-1137.2774658203125 -433.9287109375
-1135.44775390625 -435.7330322265625
-1133.44775390625 -433.73309326171875
-1131.449951171875 -435.5779724121094
-1129.4500732421875 -433.57806396484375
-1127.47607421875 -435.1792907714844
-1125.4908447265625 -436.9349670410156
-1123.4923095703125 -434.9351501464844
-1121.492431640625 -432.9364929199219
-1119.492919921875 -434.7221374511719
-1117.4937744140625 -432.7222900390625
-1115.4937744140625 -434.2259216308594
-1113.5177001953125 -432.2264099121094
-1111.5233154296875 -430.22845458984375
-1109.524169921875 -428.22955322265625
-1108.905517578125 -426.28173828125
-1107.1510009765625 -424.4065856933594
-1107.171875 -422.4806823730469
-1106.3599853515625 -420.98077392578125
-1107.2901611328125 -422.2329406738281
-1105.30419921875 -420.2823791503906
-1106.763427734375 -421.05841064453125
-1108.0625 -419.8677673339844
-1109.9327392578125 -418.1958312988281
-1109.783935546875 -416.20513916015625
-1108.4122314453125 -414.2271728515625
-1107.1468505859375 -412.4062194824219
-1108.72705078125 -410.6623840332031
-1107.688232421875 -409.1277770996094
-1106.8712158203125 -407.1677551269531
-1107.1455078125 -405.28216552734375
-1105.1705322265625 -403.3720703125
-1103.22265625 -401.3918762207031
-1101.5302734375 -399.4698791503906
-1099.68359375 -397.5019226074219
-1097.68505859375 -395.502197265625
-1095.695556640625 -395.2095947265625
-1093.7210693359375 -395.97998046875
-1091.7613525390625 -393.9903259277344
-1089.95166015625 -393.2862243652344
-1087.9989013671875 -393.07977294921875
-1086.087890625 -394.9410400390625
-1084.12841796875 -393.0185852050781
-1082.224365234375 -394.8410949707031
-1082.399169921875 -392.8522644042969
-1080.633544921875 -393.43896484375
-1082.2298583984375 -394.6676025390625
-1082.691162109375 -396.6348571777344
-1080.6954345703125 -394.690185546875
-1081.0748291015625 -392.7851867675781
-1079.9222412109375 -393.18359375
-1078.9876708984375 -393.9994201660156
-1077.0816650390625 -392.0527648925781
-1075.589111328125 -393.3603820800781
-1073.6866455078125 -391.44439697265625
