-1159.780517578125 -546.0305786132812
-1157.802978515625 -544.0592651367188
-1159.597900390625 -542.0606079101562
-1160.638427734375 -540.1058959960938
-1158.67529296875 -538.913818359375
-1160.4739990234375 -537.0208129882812
-1159.6209716796875 -535.7384643554688
-1161.29638671875 -533.9296264648438
-1161.0850830078125 -532.1812744140625
-1159.1009521484375 -530.2874755859375
-1157.1131591796875 -528.9010009765625
-1157.1920166015625 -526.923828125
-1159.103759765625 -524.945556640625
-1157.2532958984375 -523.0997314453125
-1159.1922607421875 -521.1110229492188
-1157.2220458984375 -519.1300048828125
-1159.122314453125 -517.1316528320312
-1157.757568359375 -515.1370849609375
-1159.1798095703125 -513.137939453125
-1157.36474609375 -511.1815185546875
-1159.357666015625 -509.1849060058594
-1157.6427001953125 -507.1879577636719
-1157.529541015625 -505.4777526855469
-1159.439208984375 -503.48388671875
-1157.4708251953125 -501.4869079589844
-1158.4990234375 -499.4875793457031
-1157.068603515625 -497.5222473144531
-1158.8179931640625 -495.52728271484375
-1159.2239990234375 -493.5282287597656
-1157.238525390625 -491.5282897949219
-1158.9976806640625 -491.6354675292969
-1160.968017578125 -490.96710205078125
-1160.5650634765625 -488.96759033203125
-1162.4906005859375 -486.977783203125
-1164.4368896484375 -484.9830322265625
-1162.442138671875 -486.9642639160156
-1164.2381591796875 -484.9752197265625
-1162.23828125 -486.67303466796875
-1164.1190185546875 -484.67706298828125
-1162.257568359375 -485.0929870605469
-1164.24951171875 -483.09393310546875
-1162.25244140625 -485.05706787109375
-1163.570068359375 -483.07464599609375
-1161.6123046875 -484.6797790527344
-1163.498779296875 -482.6832580566406
-1161.562744140625 -484.653564453125
-1163.3505859375 -482.69195556640625
-1161.635986328125 -483.7949523925781
-1159.8856201171875 -484.6836242675781
-1161.545654296875 -482.6845397949219
-1159.561279296875 -482.82427978515625
-1161.548583984375 -480.8265380859375
-1159.5533447265625 -482.8099060058594
-1161.546142578125 -480.8175354003906
-1160.2669677734375 -482.5803527832031
-1158.388427734375 -483.4707946777344
-1160.3223876953125 -481.4730224609375
-1158.343505859375 -483.2415771484375
-1160.333740234375 -481.25762939453125
-1158.3402099609375 -483.2171630859375
-1160.3333740234375 -481.2189025878906
-1158.5247802734375 -483.1231384277344
-1159.4700927734375 -481.12994384765625
-1157.47216796875 -483.1213684082031
-1156.4088134765625 -481.1427307128906
-1157.9964599609375 -479.1475830078125
-1156.058837890625 -481.1040954589844
-1155.9735107421875 -479.1047058105469
-1153.9814453125 -480.9701232910156
-1155.949462890625 -478.9706726074219
-1153.959716796875 -480.90826416015625
-1155.289306640625 -478.9261474609375
-1153.2947998046875 -479.91064453125
-1152.69873046875 -477.91070556640625
-1150.7462158203125 -479.6338195800781
-1151.956298828125 -477.6378479003906
-1149.9765625 -479.6302490234375
-1148.373046875 -477.63043212890625
-1146.4061279296875 -478.079833984375
-1144.53955078125 -476.08172607421875
-1142.5443115234375 -477.5318603515625
-1140.8262939453125 -479.3560485839844
-1142.6619873046875 -477.35614013671875
-1143.205810546875 -479.3183898925781
-1141.2193603515625 -477.32000732421875
-1139.9554443359375 -479.3045959472656
-1139.0626220703125 -477.3047790527344
-1137.6634521484375 -479.2604064941406
-1139.4146728515625 -477.2604675292969
-1137.5263671875 -479.00567626953125
-1135.7647705078125 -477.0058288574219
-1133.8846435546875 -478.9919128417969
-1132.062744140625 -476.9937438964844
-1130.122314453125 -478.9542236328125
-1128.4676513671875 -480.8747253417969
-1127.263671875 -478.8757019042969
-1125.6427001953125 -480.74029541015625
-1124.1165771484375 -478.74066162109375
-1122.168701171875 -480.6756591796875
-1122.1268310546875 -478.6773681640625
-1120.13330078125 -480.649169921875
-1118.166748046875 -478.649169921875
-1116.2161865234375 -480.4570007324219
-1114.4527587890625 -478.4583435058594
-1112.581787109375 -480.4461669921875
-1111.449462890625 -478.44622802734375
-1109.4649658203125 -477.2273864746094
-1107.466552734375 -476.90496826171875
-1105.4671630859375 -475.8511657714844
-1107.4248046875 -474.74493408203125
-1105.4312744140625 -472.83990478515625
-1104.978759765625 -471.4327697753906
-1106.7379150390625 -469.44793701171875
-1108.7010498046875 -467.4497375488281
-1106.731689453125 -465.60638427734375
-1106.4766845703125 -463.6084289550781
-1107.6456298828125 -461.6120300292969
-1105.6700439453125 -459.61395263671875
-1107.64501953125 -457.615478515625
-1105.70361328125 -455.6158752441406
-1106.45751953125 -453.6385803222656
-1106.677490234375 -451.6431579589844
-1108.349853515625 -449.7189025878906
-1106.4349365234375 -449.9411315917969
-1108.2760009765625 -447.9428405761719
-1106.2767333984375 -446.1834716796875
-1107.8094482421875 -444.5711975097656
-1105.8126220703125 -442.58807373046875
-1107.648681640625 -440.6383361816406
-1109.630615234375 -438.66168212890625
-1107.7176513671875 -436.6653747558594
-1109.26806640625 -434.7759094238281
-1107.4056396484375 -432.7767028808594
-1106.4210205078125 -430.79339599609375
-1108.07470703125 -428.8149719238281
-1108.4583740234375 -426.85406494140625
-1107.4705810546875 -424.86053466796875
-1108.7900390625 -422.8610534667969
-1110.403076171875 -420.861083984375
-1108.40576171875 -418.8719177246094
-1109.8524169921875 -416.9923095703125
-1108.4556884765625 -414.9938049316406
-1110.40966796875 -413.00677490234375
-1108.7005615234375 -411.0086975097656
-1108.435791015625 -409.011474609375
-1108.0821533203125 -407.01251220703125
-1108.1259765625 -405.01898193359375
-1107.1878662109375 -403.01904296875
-1108.4478759765625 -401.0194091796875
-1110.1727294921875 -399.0194091796875
-1108.1737060546875 -397.0217590332031
-1106.186279296875 -395.02508544921875
-1104.3958740234375 -395.60137939453125
-1102.4293212890625 -394.3760986328125
-1100.4439697265625 -396.34381103515625
-1099.428466796875 -394.34381103515625
-1097.431640625 -395.0455017089844
-1095.4339599609375 -395.6379699707031
-1093.615478515625 -393.6379699707031
-1091.618896484375 -394.3782043457031
-1089.620849609375 -393.585205078125
-1087.620849609375 -392.7516174316406
-1085.622802734375 -391.99176025390625
-1083.6229248046875 -392.1830139160156
-1081.6231689453125 -391.6143798828125
-1079.6241455078125 -392.0440368652344
-1077.624267578125 -392.7145690917969
-1075.6246337890625 -390.7752990722656
-1073.625 -388.8612060546875
