-1157.2977294921875 -545.6968994140625
-1159.213134765625 -543.6970825195312
-1157.25927734375 -541.706787109375
-1159.2122802734375 -539.7128295898438
-1157.228271484375 -537.72314453125
-1159.0279541015625 -535.7284545898438
-1157.2012939453125 -533.7327880859375
-1157.2896728515625 -531.7327880859375
-1159.154296875 -529.8128662109375
-1157.1610107421875 -527.8168334960938
-1159.14306640625 -525.8246459960938
-1157.2972412109375 -523.8599853515625
-1158.447021484375 -521.8612060546875
-1156.5091552734375 -519.8614501953125
-1155.029541015625 -517.8938598632812
-1156.65673828125 -515.9168701171875
-1158.52880859375 -514.6026611328125
-1156.53125 -512.6326904296875
-1158.1871337890625 -510.6331787109375
-1156.190185546875 -508.63555908203125
-1157.6031494140625 -506.8673400878906
-1159.514404296875 -504.8737487792969
-1157.8651123046875 -502.8847961425781
-1159.533203125 -500.88525390625
-1157.7144775390625 -498.8898620605469
-1158.6171875 -496.8901062011719
-1156.76025390625 -494.8994445800781
-1155.6240234375 -492.9017639160156
-1156.96533203125 -491.63580322265625
-1158.744384765625 -490.0435485839844
-1159.9677734375 -488.1378479003906
-1160.494140625 -486.13995361328125
-1160.8541259765625 -484.14117431640625
-1159.1956787109375 -482.1419982910156
-1160.889404296875 -480.1427001953125
-1158.934326171875 -478.7940673828125
-1156.98095703125 -480.1240234375
-1154.9814453125 -480.84832763671875
-1156.0731201171875 -478.84869384765625
-1154.0743408203125 -479.4887390136719
-1152.593017578125 -477.50439453125
-1150.661376953125 -479.2521667480469
-1150.333251953125 -477.25384521484375
-1148.4813232421875 -476.3934326171875
-1146.6837158203125 -477.21881103515625
-1144.6851806640625 -479.01507568359375
-1144.4022216796875 -477.02911376953125
-1142.4063720703125 -476.1845703125
-1144.174072265625 -476.37451171875
-1142.1766357421875 -478.2681884765625
-1142.3603515625 -476.2712097167969
-1143.2540283203125 -474.75909423828125
-1141.259033203125 -474.34515380859375
-1143.2427978515625 -472.6502990722656
-1141.2720947265625 -472.6552734375
-1143.24609375 -470.7016906738281
-1141.250244140625 -468.9061279296875
-1143.0921630859375 -466.9227600097656
-1141.1024169921875 -464.9341125488281
-1142.362548828125 -462.9384765625
-1140.4683837890625 -461.1717529296875
-1142.4066162109375 -459.62664794921875
-1140.5032958984375 -457.6529846191406
-1141.8978271484375 -455.693359375
-1139.9166259765625 -453.7002868652344
-1141.84326171875 -451.8650207519531
-1143.1551513671875 -450.78399658203125
-1141.193603515625 -448.78662109375
-1141.2257080078125 -447.80303955078125
-1142.740478515625 -445.99017333984375
-1140.7479248046875 -444.3250427246094
-1142.52587890625 -442.37750244140625
-1141.353271484375 -442.7353820800781
-1139.3564453125 -440.8916015625
-1141.3221435546875 -438.9505615234375
-1139.3773193359375 -436.9517517089844
-1138.7484130859375 -434.9521484375
-1137.0499267578125 -432.9529113769531
-1135.063232421875 -434.9106750488281
-1133.174560546875 -432.91094970703125
-1131.2745361328125 -434.756591796875
-1129.2779541015625 -436.55462646484375
-1127.9561767578125 -434.5546875
-1126.519287109375 -436.2995910644531
-1124.5574951171875 -434.30609130859375
-1122.66845703125 -435.9397277832031
-1120.8394775390625 -433.9399108886719
-1118.8419189453125 -434.9005432128906
-1118.14892578125 -432.90496826171875
-1116.1490478515625 -431.22320556640625
-1114.152099609375 -429.252685546875
-1112.2559814453125 -427.26263427734375
-1110.256591796875 -425.2676086425781
-1108.672119140625 -423.2716979980469
-1107.5159912109375 -421.3982238769531
-1108.060302734375 -423.099609375
-1107.187744140625 -421.14300537109375
-1105.423583984375 -422.1082763671875
-1106.1800537109375 -420.1172790527344
-1104.4024658203125 -421.86883544921875
-1102.68798828125 -419.8720397949219
-1103.0028076171875 -421.8437805175781
-1104.77001953125 -419.8441162109375
-1104.9141845703125 -420.39434814453125
-1104.0860595703125 -421.982177734375
-1104.375732421875 -419.98284912109375
-1105.8829345703125 -421.920166015625
-1107.7081298828125 -419.96942138671875
-1107.1495361328125 -420.765380859375
-1107.8896484375 -422.277099609375
-1106.164306640625 -420.302490234375
-1107.81005859375 -421.3807373046875
-1106.6712646484375 -422.7854919433594
-1105.16455078125 -420.80615234375
-1105.5076904296875 -422.1618347167969
-1106.7562255859375 -420.3297119140625
-1107.8948974609375 -419.6992492675781
-1108.374267578125 -417.7679138183594
-1107.451171875 -416.0992736816406
-1106.94091796875 -414.3834533691406
-1108.26611328125 -412.5195617675781
-1109.63720703125 -410.61981201171875
-1108.2979736328125 -408.7821044921875
-1107.2022705078125 -407.0845947265625
-1108.6910400390625 -406.2856750488281
-1110.3275146484375 -404.36529541015625
-1108.359130859375 -402.3656921386719
-1110.1815185546875 -400.3988342285156
-1108.2010498046875 -398.4326171875
-1107.534912109375 -396.4397277832031
-1105.7181396484375 -397.6571044921875
-1106.46337890625 -395.6782531738281
-1104.46826171875 -397.5330810546875
-1105.752685546875 -395.55133056640625
-1104.5277099609375 -397.50921630859375
-1106.5037841796875 -395.5539855957031
-1104.5697021484375 -394.1893615722656
-1102.6431884765625 -395.5129699707031
-1100.7783203125 -397.053955078125
-1100.7490234375 -395.0547790527344
-1098.7608642578125 -397.03326416015625
-1096.841064453125 -395.0339050292969
-1094.8465576171875 -395.31976318359375
-1092.852294921875 -393.93621826171875
-1090.88720703125 -392.26171875
-1088.919677734375 -393.2313232421875
-1086.9842529296875 -394.5902099609375
-1085.0848388671875 -392.59027099609375
-1083.1021728515625 -394.412353515625
-1081.1119384765625 -394.64349365234375
-1079.127197265625 -393.86260986328125
-1077.148681640625 -394.7349853515625
-1078.364013671875 -393.0549011230469
-1076.366943359375 -394.5773010253906
-1078.1807861328125 -392.5824890136719
-1076.18115234375 -391.800537109375
-1074.2015380859375 -393.3720703125
-1074.04931640625 -391.3748474121094
-1072.052734375 -393.2188720703125
