-1157.2926025390625 -545.6980590820312
-1159.0274658203125 -543.7137451171875
-1159.6468505859375 -541.71630859375
-1157.7152099609375 -539.7262573242188
-1159.7144775390625 -537.732666015625
-1158.3428955078125 -535.972412109375
-1160.29541015625 -533.977294921875
-1158.3099365234375 -532.1528930664062
-1156.3125 -530.1904296875
-1158.288330078125 -529.0960693359375
-1156.427734375 -527.097900390625
-1158.258544921875 -525.1521606445312
-1156.5623779296875 -523.787109375
-1158.1304931640625 -521.796142578125
-1156.3243408203125 -519.8156127929688
-1158.2613525390625 -518.2928466796875
-1160.1400146484375 -516.3079833984375
-1158.6629638671875 -514.9957275390625
-1156.787353515625 -513.0028076171875
-1157.6995849609375 -511.0548400878906
-1155.720458984375 -509.0858459472656
-1157.707763671875 -507.09857177734375
-1159.680908203125 -505.384765625
-1157.9696044921875 -503.38818359375
-1155.9700927734375 -501.4053649902344
-1157.8131103515625 -499.4080505371094
-1155.849365234375 -497.46722412109375
-1157.145263671875 -495.4730529785156
-1157.765869140625 -493.4732971191406
-1159.0726318359375 -491.7445068359375
-1160.838623046875 -489.77752685546875
-1162.2591552734375 -487.78851318359375
-1163.92724609375 -485.7900085449219
-1161.9324951171875 -486.68328857421875
-1163.8023681640625 -484.7169189453125
-1162.157470703125 -482.89697265625
-1160.3116455078125 -482.1931457519531
-1159.263671875 -480.8230895996094
-1157.2762451171875 -482.4369201660156
-1159.1944580078125 -480.4407653808594
-1158.024658203125 -480.4932556152344
-1156.1768798828125 -479.3832702636719
-1154.5223388671875 -479.1907043457031
-1152.585205078125 -478.7590637207031
-1150.7779541015625 -476.7666320800781
-1148.8980712890625 -478.50067138671875
-1149.64013671875 -476.5050354003906
-1148.23681640625 -478.3137512207031
-1146.3291015625 -476.3147888183594
-1144.39306640625 -477.91790771484375
-1142.4017333984375 -475.9180908203125
-1144.371826171875 -474.448486328125
-1142.7259521484375 -473.4287414550781
-1140.734130859375 -474.56988525390625
-1142.5714111328125 -472.844970703125
-1140.5823974609375 -471.0589904785156
-1142.577880859375 -469.2647705078125
-1140.5794677734375 -467.3460693359375
-1142.5635986328125 -465.5359191894531
-1140.611083984375 -463.595703125
-1142.60107421875 -461.6250305175781
-1140.6085205078125 -459.6282958984375
-1142.5548095703125 -458.1864929199219
-1140.6300048828125 -456.194091796875
-1142.3201904296875 -454.2128601074219
-1140.379150390625 -452.213623046875
-1142.3402099609375 -450.2378845214844
-1140.3480224609375 -448.2445983886719
-1142.2685546875 -446.2630615234375
-1140.2886962890625 -444.4319763183594
-1141.87548828125 -442.6016540527344
-1139.876953125 -440.955322265625
-1141.50341796875 -438.96832275390625
-1139.8621826171875 -436.9732666015625
-1141.80224609375 -434.97412109375
-1139.81005859375 -432.99053955078125
-1137.8116455078125 -431.87908935546875
-1138.9522705078125 -432.76513671875
-1140.662841796875 -434.658935546875
-1138.7080078125 -432.7463073730469
-1137.504150390625 -432.3065490722656
-1135.5941162109375 -433.268310546875
-1134.0863037109375 -435.0860595703125
-1132.134765625 -433.09307861328125
-1133.4569091796875 -433.70068359375
-1131.582275390625 -435.0821838378906
-1129.6441650390625 -433.0896301269531
-1127.64697265625 -435.0110168457031
-1125.674072265625 -436.9797058105469
-1123.680419921875 -434.9826354980469
-1121.68798828125 -432.98333740234375
-1119.6922607421875 -434.9635314941406
-1117.7147216796875 -432.9639587402344
-1115.7147216796875 -430.9660339355469
-1113.71484375 -429.0290222167969
-1111.71533203125 -427.2130432128906
-1109.7181396484375 -425.4013977050781
-1111.685302734375 -423.5055847167969
-1109.6966552734375 -421.7420349121094
-1110.0660400390625 -421.63787841796875
-1108.066162109375 -419.6594543457031
-1106.3114013671875 -419.03070068359375
-1107.56201171875 -419.93145751953125
-1106.7349853515625 -419.0031433105469
-1108.5321044921875 -420.478515625
-1110.5220947265625 -421.2766418457031
-1108.52294921875 -419.28948974609375
-1110.425048828125 -418.4400329589844
-1108.556640625 -419.45220947265625
-1110.0787353515625 -420.7982177734375
-1108.078857421875 -418.7991638183594
-1109.61474609375 -418.1130065917969
-1108.4722900390625 -416.33233642578125
-1110.251953125 -414.91876220703125
-1109.24462890625 -412.94415283203125
-1110.437255859375 -411.0194396972656
-1112.1041259765625 -409.1535339355469
-1110.105224609375 -407.1563720703125
-1109.8905029296875 -405.3480224609375
-1110.208740234375 -403.51715087890625
-1108.208740234375 -401.5208435058594
-1106.720703125 -399.598876953125
-1105.700927734375 -397.59893798828125
-1107.1971435546875 -397.0940856933594
-1105.3466796875 -395.15185546875
-1103.722412109375 -397.134521484375
-1104.640625 -395.16265869140625
-1102.736572265625 -395.6187438964844
-1100.7650146484375 -396.10894775390625
-1098.851318359375 -394.1167297363281
-1096.8531494140625 -396.04241943359375
-1094.9266357421875 -394.04315185546875
-1092.9267578125 -395.54949951171875
-1090.98095703125 -393.56353759765625
-1088.9903564453125 -392.9627380371094
-1086.99169921875 -394.72503662109375
-1086.0516357421875 -392.72503662109375
-1084.052001953125 -394.1954650878906
-1082.0531005859375 -396.0861511230469
-1080.053955078125 -394.0871276855469
-1078.0546875 -393.6629943847656
-1079.9248046875 -391.8236083984375
-1077.9464111328125 -391.53839111328125
-1075.952392578125 -390.4141845703125
-1073.95361328125 -392.0200500488281
-1071.9537353515625 -390.3937683105469
