-1157.27197265625 -545.7015380859375
-1159.262451171875 -543.7049560546875
-1157.2711181640625 -541.705322265625
-1158.5264892578125 -539.7113647460938
-1160.5157470703125 -537.713623046875
-1158.5281982421875 -535.7286376953125
-1156.533447265625 -533.7296752929688
-1157.6632080078125 -531.895751953125
-1155.6632080078125 -529.8961181640625
-1157.65673828125 -527.9188842773438
-1158.7154541015625 -525.9297485351562
-1156.7532958984375 -524.140380859375
-1158.667724609375 -522.2327880859375
-1157.064697265625 -520.2330932617188
-1159.0386962890625 -518.2378540039062
-1157.038818359375 -516.2379760742188
-1158.8726806640625 -514.5344848632812
-1156.8729248046875 -512.5579223632812
-1158.6455078125 -510.5592041015625
-1156.6456298828125 -508.5597229003906
-1158.560302734375 -506.58441162109375
-1156.561767578125 -504.58502197265625
-1157.1956787109375 -502.67901611328125
-1157.1060791015625 -500.6949768066406
-1157.44482421875 -498.71319580078125
-1159.2239990234375 -496.7132873535156
-1157.2255859375 -494.7313537597656
-1155.4193115234375 -492.732177734375
-1156.7816162109375 -491.90594482421875
-1158.7122802734375 -490.4947814941406
-1160.4932861328125 -488.52252197265625
-1162.2618408203125 -486.5885314941406
-1160.7496337890625 -484.5901794433594
-1160.61572265625 -482.5918273925781
-1158.6357421875 -481.3997802734375
-1156.972900390625 -479.75286865234375
-1155.5465087890625 -479.02984619140625
-1153.9462890625 -479.621337890625
-1152.0491943359375 -477.62139892578125
-1150.6240234375 -479.599365234375
-1148.650146484375 -477.650390625
-1147.81298828125 -478.052490234375
-1145.817138671875 -476.0555419921875
-1145.5965576171875 -477.9801940917969
-1143.5965576171875 -475.980224609375
-1142.5570068359375 -477.26025390625
-1144.0423583984375 -478.6708984375
-1142.0426025390625 -476.67254638671875
-1144.041015625 -475.9712829589844
-1142.330810546875 -477.7316589355469
-1140.3314208984375 -475.7325134277344
-1142.2801513671875 -475.2572326660156
-1144.1368408203125 -474.1428527832031
-1142.187255859375 -475.6659240722656
-1144.0894775390625 -477.4138488769531
-1142.3837890625 -477.1175231933594
-1144.14404296875 -476.6041564941406
-1142.328369140625 -476.8845520019531
-1144.275390625 -478.0895080566406
-1142.276123046875 -476.0898132324219
-1144.2694091796875 -474.21514892578125
-1143.1622314453125 -475.88226318359375
-1142.04443359375 -476.41619873046875
-1143.981689453125 -474.769287109375
-1142.07568359375 -475.5105285644531
-1143.3402099609375 -474.1284484863281
-1141.448974609375 -473.1258239746094
-1143.3438720703125 -471.14422607421875
-1141.354248046875 -471.9682312011719
-1143.2432861328125 -470.0823669433594
-1141.365234375 -468.9244079589844
-1143.226806640625 -466.9266357421875
-1141.2274169921875 -465.03485107421875
-1142.199951171875 -463.03912353515625
-1140.2003173828125 -461.4158020019531
-1141.7506103515625 -459.52337646484375
-1142.8126220703125 -457.72723388671875
-1140.813232421875 -455.8435974121094
-1142.7449951171875 -454.22235107421875
-1140.9013671875 -452.4186706542969
-1142.631103515625 -450.4466857910156
-1140.6328125 -448.4710998535156
-1142.4923095703125 -446.5788269042969
-1140.5260009765625 -445.50018310546875
-1142.04052734375 -443.7713623046875
-1140.051025390625 -445.4087219238281
-1141.57861328125 -445.5368347167969
-1143.109375 -443.6369934082031
-1141.1138916015625 -441.7039794921875
-1139.115234375 -439.7542419433594
-1139.3800048828125 -437.86212158203125
-1138.09619140625 -435.8628234863281
-1138.169189453125 -433.8950500488281
-1138.9317626953125 -435.79443359375
-1136.9384765625 -433.7973937988281
-1134.9683837890625 -435.77978515625
-1132.971435546875 -433.7822265625
-1131.1617431640625 -435.6822814941406
-1129.1649169921875 -433.6822814941406
-1127.2021484375 -435.6717224121094
-1125.2027587890625 -433.6723937988281
-1124.932861328125 -435.64422607421875
-1123.416015625 -433.8738098144531
-1121.5455322265625 -435.77996826171875
-1119.548095703125 -433.78106689453125
-1117.5615234375 -433.0071105957031
-1115.562255859375 -432.1439208984375
-1113.566650390625 -430.2445068359375
-1111.566650390625 -428.24700927734375
-1109.5667724609375 -426.24700927734375
-1107.897705078125 -424.248291015625
-1106.9547119140625 -423.8070373535156
-1105.3126220703125 -421.8370056152344
-1103.9381103515625 -419.84075927734375
-1105.8433837890625 -418.5954284667969
-1105.9044189453125 -417.830078125
-1105.5185546875 -418.6882019042969
-1106.9207763671875 -418.1869812011719
-1106.772216796875 -416.48040771484375
-1106.0972900390625 -414.57183837890625
-1104.494873046875 -412.744140625
-1104.45361328125 -410.7731018066406
-1106.39794921875 -408.867919921875
-1106.543212890625 -407.05938720703125
-1104.6451416015625 -405.55322265625
-1103.947998046875 -403.63861083984375
-1101.9742431640625 -401.6386413574219
-1100.209716796875 -399.64697265625
-1098.335205078125 -397.6511535644531
-1096.452880859375 -395.6554260253906
-1094.4532470703125 -393.6554260253906
-1092.45458984375 -394.401123046875
-1090.51513671875 -394.7163391113281
-1088.5174560546875 -393.0749206542969
-1087.054931640625 -391.0946350097656
-1085.05859375 -392.6695251464844
-1083.0621337890625 -390.88385009765625
-1081.0631103515625 -392.4324035644531
-1079.064208984375 -393.70416259765625
-1077.078369140625 -391.9916687011719
-1075.0830078125 -392.7281188964844
-1073.1121826171875 -390.7455749511719
