-1157.3060302734375 -546.2747192382812
-1159.2359619140625 -544.34130859375
-1157.2381591796875 -542.9547119140625
-1159.2188720703125 -541.2777099609375
-1157.234619140625 -540.1029663085938
-1159.2271728515625 -538.2597045898438
-1157.26318359375 -538.3966674804688
-1159.2249755859375 -538.2749633789062
-1157.2310791015625 -537.8788452148438
-1159.2274169921875 -535.9347534179688
-1157.2467041015625 -533.968017578125
-1156.428955078125 -532.39111328125
-1158.38427734375 -530.9946899414062
-1156.3873291015625 -528.9984741210938
-1158.3773193359375 -527.9265747070312
-1156.3817138671875 -525.9441528320312
-1158.23095703125 -524.3738403320312
-1156.2415771484375 -522.40185546875
-1157.92431640625 -520.4292602539062
-1159.654052734375 -518.7752685546875
-1157.6673583984375 -517.1256713867188
-1159.4869384765625 -515.4783935546875
-1157.5159912109375 -517.2786254882812
-1156.00390625 -515.293701171875
-1157.9486083984375 -514.0963134765625
-1158.893310546875 -512.1114501953125
-1156.89453125 -510.1161804199219
-1157.2257080078125 -509.3038635253906
-1158.917724609375 -507.3627014160156
-1156.9200439453125 -505.9000244140625
-1157.1954345703125 -504.62530517578125
-1159.1396484375 -502.7626647949219
-1157.1397705078125 -500.7825012207031
-1159.0362548828125 -498.79986572265625
-1157.037109375 -497.19244384765625
-1156.864990234375 -495.4953918457031
-1155.24169921875 -493.7176208496094
-1157.0245361328125 -495.2544860839844
-1157.890869140625 -493.2589111328125
-1159.88720703125 -494.20947265625
-1157.8878173828125 -492.21209716796875
-1159.7235107421875 -492.8392028808594
-1157.8232421875 -490.8403015136719
-1157.297607421875 -489.4273376464844
-1158.306396484375 -487.48699951171875
-1156.9326171875 -485.5417785644531
-1155.699951171875 -483.5813903808594
-1157.2205810546875 -481.6003723144531
-1156.4765625 -479.6766662597656
-1154.4847412109375 -481.64117431640625
-1153.697265625 -479.6422119140625
-1155.41357421875 -477.64239501953125
-1153.4471435546875 -479.61163330078125
-1153.3682861328125 -477.7953186035156
-1152.022705078125 -479.7768249511719
-1150.759765625 -477.78106689453125
-1149.0394287109375 -478.0697021484375
-1147.09033203125 -476.0719299316406
-1145.1075439453125 -477.9626159667969
-1143.131103515625 -475.96429443359375
-1141.180419921875 -477.4122314453125
-1140.8463134765625 -479.1930236816406
-1140.423583984375 -477.2178649902344
-1139.072265625 -478.9683837890625
-1137.4241943359375 -476.9688720703125
-1137.69873046875 -478.4313049316406
-1135.9732666015625 -476.4327087402344
-1135.2152099609375 -478.32958984375
-1133.739013671875 -480.24481201171875
-1131.7520751953125 -478.2685546875
-1129.7738037109375 -480.22467041015625
-1130.0474853515625 -478.22576904296875
-1128.1156005859375 -480.2253723144531
-1126.9810791015625 -478.2255554199219
-1125.932861328125 -480.20208740234375
-1123.9915771484375 -478.2061462402344
-1122.0023193359375 -479.9129638671875
-1121.6412353515625 -477.9204406738281
-1119.842041015625 -479.83917236328125
-1119.5269775390625 -477.8403625488281
-1117.5396728515625 -479.8178405761719
-1115.67724609375 -477.8179016113281
-1114.078369140625 -479.7995300292969
-1112.534912109375 -477.80010986328125
-1110.5369873046875 -479.393310546875
-1108.59619140625 -481.316650390625
-1106.596435546875 -479.3822021484375
-1106.9931640625 -477.3827209472656
-1104.995849609375 -476.91839599609375
-1105.6671142578125 -475.2076110839844
-1107.34033203125 -473.5372314453125
-1105.3436279296875 -472.22882080078125
-1107.1075439453125 -470.58135986328125
-1105.1123046875 -468.6539611816406
-1106.975830078125 -466.6577453613281
-1108.4149169921875 -464.6604309082031
-1106.4268798828125 -462.6787414550781
-1108.40869140625 -460.6835021972656
-1106.415771484375 -458.71136474609375
-1104.8427734375 -456.7155456542969
-1105.9703369140625 -454.720703125
-1106.517333984375 -452.7507019042969
-1106.07373046875 -450.7620849609375
-1107.8575439453125 -448.7756042480469
-1105.858154296875 -446.83587646484375
-1107.4656982421875 -445.5345153808594
-1105.466064453125 -444.2159118652344
-1107.4415283203125 -442.3117980957031
-1105.4425048828125 -440.4101257324219
-1107.2427978515625 -439.01580810546875
-1108.7349853515625 -437.1347351074219
-1106.7362060546875 -435.1362609863281
-1106.2069091796875 -433.13653564453125
-1105.346923828125 -431.1393127441406
-1104.628173828125 -429.18243408203125
-1106.077880859375 -427.3673400878906
-1106.523681640625 -425.3725891113281
-1105.098876953125 -423.3753356933594
-1106.6849365234375 -421.3808898925781
-1105.175048828125 -422.4288330078125
-1105.321044921875 -420.4294128417969
-1105.5963134765625 -422.0080871582031
-1105.8382568359375 -420.0122375488281
-1104.9957275390625 -418.71142578125
-1106.689453125 -418.4564514160156
-1106.3883056640625 -416.46185302734375
-1105.6746826171875 -414.4873352050781
-1106.1275634765625 -412.50390625
-1105.1943359375 -410.51031494140625
-1107.1246337890625 -408.5506286621094
-1105.150634765625 -406.67572021484375
-1107.0404052734375 -404.6761169433594
-1108.5701904296875 -402.67901611328125
-1108.6640625 -400.6800537109375
-1107.105712890625 -398.680908203125
-1105.234619140625 -396.7000732421875
-1104.15478515625 -394.7022399902344
-1102.5791015625 -396.2539367675781
-1100.7510986328125 -394.2574462890625
-1099.289794921875 -396.24365234375
-1098.603759765625 -394.243896484375
-1097.217529296875 -395.5327453613281
-1095.32470703125 -397.5272521972656
-1094.7239990234375 -395.52752685546875
-1095.653564453125 -393.527587890625
-1094.1737060546875 -395.5198974609375
-1093.0345458984375 -397.51171875
-1091.8621826171875 -395.5118713378906
-1090.673583984375 -393.5190734863281
-1088.692626953125 -395.4902648925781
-1087.4786376953125 -393.4910583496094
-1085.7060546875 -395.4698181152344
-1084.3565673828125 -393.4698486328125
-1082.9183349609375 -395.41790771484375
-1081.0489501953125 -393.4211120605469
-1082.6822509765625 -395.416015625
-1081.3187255859375 -393.4161071777344
-1079.545654296875 -395.3289794921875
-1079.011474609375 -393.3348693847656
-1080.222900390625 -395.3038330078125
-1080.183837890625 -393.3047790527344
-1078.5216064453125 -395.2720031738281
-1080.1405029296875 -393.2807312011719
-1078.16552734375 -394.74639892578125
-1076.550048828125 -392.7502746582031
-1074.667236328125 -394.70550537109375
-1073.3311767578125 -392.7070007324219
