-1088.5404052734375 -310.3106689453125
-1086.5406494140625 -308.31109619140625
-1084.94970703125 -310.3110656738281
-1082.9595947265625 -308.3114318847656
-1083.5357666015625 -310.3114013671875
-1081.5367431640625 -312.31134033203125
-1079.536865234375 -310.3113708496094
-1077.5634765625 -312.31097412109375
-1075.5657958984375 -310.3113098144531
-1073.5799560546875 -312.31121826171875
-1071.58203125 -310.3116455078125
-1069.5831298828125 -312.311279296875
-1067.58447265625 -314.3112487792969
-1065.64501953125 -312.311279296875
-1063.6583251953125 -310.3113708496094
-1061.663818359375 -312.3045959472656
-1059.6751708984375 -310.30462646484375
-1057.6756591796875 -312.30242919921875
-1055.689697265625 -310.3027648925781
-1053.689697265625 -312.2770690917969
-1051.69873046875 -310.2772216796875
-1049.6988525390625 -308.27740478515625
-1047.7615966796875 -306.2774963378906
-1045.7646484375 -304.27752685546875
-1043.8695068359375 -306.1875915527344
-1042.38916015625 -308.1841125488281
-1040.3983154296875 -306.1841125488281
-1038.45068359375 -308.18402099609375
-1036.5089111328125 -310.1827392578125
-1035.8863525390625 -312.1788024902344
-1033.8890380859375 -310.1789245605469
-1031.943603515625 -312.1789245605469
-1029.969970703125 -310.180908203125
-1027.9810791015625 -312.18060302734375
-1025.981201171875 -314.1803283691406
-1023.9854125976562 -312.18084716796875
-1021.9910278320312 -314.1799621582031
-1019.9918212890625 -316.1798400878906
-1018.0576782226562 -314.18280029296875
-1016.0689697265625 -316.182373046875
-1014.0699462890625 -318.1817626953125
-1012.837158203125 -316.1835021972656
-1011.919921875 -314.18353271484375
-1009.9202880859375 -316.180908203125
-1008.0316772460938 -314.1809997558594
-1006.0781860351562 -312.1810302734375
-1004.3392333984375 -310.1811218261719
-1002.4661865234375 -312.1798095703125
-1000.4756469726562 -310.1803283691406
-998.4801025390625 -312.1636657714844
-996.6633911132812 -314.1512756347656
-994.7906494140625 -312.1514587402344
-992.8346557617188 -314.1506042480469
-990.9051513671875 -312.1514587402344
-988.9090576171875 -314.1453552246094
-986.9298095703125 -312.1457824707031
-984.9473266601562 -314.10662841796875
-983.0158081054688 -312.1073303222656
-984.5071411132812 -314.104736328125
-983.4195556640625 -312.1449890136719
-981.556884765625 -314.14019775390625
-979.5712280273438 -316.1348571777344
-977.58837890625 -314.1349792480469
-975.9500122070312 -316.1260986328125
-974.0120239257812 -314.1263122558594
-972.029541015625 -316.0534362792969
-970.33251953125 -314.053955078125
-968.3853759765625 -312.05450439453125
-966.390625 -313.8086853027344
-964.3910522460938 -315.6391296386719
-962.974609375 -313.64080810546875
-960.985107421875 -313.3175354003906
-958.9853515625 -311.31878662109375
-956.9856567382812 -309.3191833496094
-954.9955444335938 -307.3192443847656
-952.99658203125 -305.3193359375
-950.9976196289062 -303.3200378417969
-949.0014038085938 -301.3203430175781
-947.1040649414062 -299.3236389160156
-949.0805053710938 -297.32366943359375
-947.1018676757812 -295.32379150390625
-945.9363403320312 -293.3238525390625
-944.6685180664062 -291.3239440917969
-946.5308837890625 -289.32403564453125
-945.0175170898438 -287.32403564453125
-946.95263671875 -285.32415771484375
-948.2154541015625 -283.3241882324219
-946.2711181640625 -281.3272705078125
-946.986083984375 -279.3272705078125
-948.8828125 -277.32733154296875
-946.9198608398438 -275.33544921875
-946.5619506835938 -273.33544921875
-948.4474487304688 -271.33544921875
-946.4722290039062 -269.3367004394531
-948.3909912109375 -267.3367004394531
-946.5665283203125 -265.3410339355469
-947.84130859375 -263.34112548828125
-945.8474731445312 -261.3453369140625
-946.9017333984375 -259.34539794921875
-948.7274169921875 -257.3454284667969
-946.8822021484375 -255.3575439453125
-947.8648681640625 -253.35760498046875
-945.8740234375 -251.37762451171875
-945.8132934570312 -249.37796020507812
-943.895263671875 -247.37799072265625
-945.7333374023438 -245.37811279296875
-946.5182495117188 -243.37826538085938
-946.3751220703125 -241.3786163330078
-944.8087768554688 -239.37864685058594
-946.7282104492188 -237.37869262695312
-948.3558959960938 -235.37890625
-946.394775390625 -233.3942108154297
-947.7194213867188 -231.3945770263672
-945.9924926757812 -229.6525115966797
-946.7531127929688 -227.65335083007812
-947.249267578125 -225.7161407470703
-945.2842407226562 -223.75833129882812
-946.0807495117188 -221.75857543945312
-944.1373291015625 -219.7618865966797
-942.2635498046875 -217.76248168945312
-943.7720947265625 -215.7677001953125
-942.8092651367188 -213.7848663330078
-941.6959228515625 -211.7904510498047
-943.3519897460938 -209.791259765625
-943.1878051757812 -207.82562255859375
-941.1997680664062 -205.84959411621094
-940.0769653320312 -204.2943572998047
-939.8951416015625 -202.31321716308594
-940.1734619140625 -200.31976318359375
-938.9541015625 -198.47177124023438
-939.218994140625 -196.50418090820312
-938.4647827148438 -194.55474853515625
-940.3895874023438 -193.85366821289062
-938.4744873046875 -191.98049926757812
-936.8652954101562 -190.6772003173828
-937.5504760742188 -189.4923553466797
-938.7564086914062 -187.7663116455078
-937.7735595703125 -186.1400146484375
-936.4505004882812 -184.74929809570312
-936.3306274414062 -185.48171997070312
-936.5162963867188 -183.86756896972656
-936.0486450195312 -183.8569793701172
-935.2307739257812 -182.7940673828125
