-1088.5877685546875 -310.3227233886719
-1086.6468505859375 -308.3231506347656
-1084.6622314453125 -310.3231506347656
-1082.662841796875 -308.3381042480469
-1080.6639404296875 -310.3381042480469
-1078.664306640625 -312.3381042480469
-1077.3104248046875 -310.3421936035156
-1075.3104248046875 -312.3421936035156
-1073.4012451171875 -310.3433837890625
-1071.4012451171875 -312.3433837890625
-1069.485595703125 -310.3456115722656
-1067.4857177734375 -312.3456115722656
-1065.4857177734375 -314.3456115722656
-1063.9503173828125 -312.43524169921875
-1062.050048828125 -310.43701171875
-1060.05029296875 -312.43701171875
-1058.1370849609375 -310.4398193359375
-1056.1370849609375 -312.4398193359375
-1054.1524658203125 -310.4409484863281
-1052.27490234375 -308.443115234375
-1050.27490234375 -310.44305419921875
-1048.3240966796875 -308.4435729980469
-1046.3280029296875 -306.528076171875
-1044.420654296875 -304.5299072265625
-1042.4332275390625 -306.52984619140625
-1040.4415283203125 -308.52972412109375
-1038.6092529296875 -310.5280456542969
-1036.912109375 -308.53765869140625
-1037.29345703125 -310.53765869140625
-1037.446533203125 -308.5994567871094
-1035.52294921875 -310.5991516113281
-1033.526611328125 -312.5989990234375
-1033.4215087890625 -310.6002502441406
-1031.440185546875 -312.60009765625
-1029.4857177734375 -310.6037292480469
-1027.49072265625 -312.6036682128906
-1025.659912109375 -310.6147155761719
-1023.6607666015625 -312.6145935058594
-1021.6609497070312 -314.61456298828125
-1019.6619262695312 -316.61383056640625
-1017.6626586914062 -315.1210632324219
-1015.662841796875 -317.12103271484375
-1013.662841796875 -319.12091064453125
-1014.7931518554688 -317.1426696777344
-1013.1470947265625 -315.3010559082031
-1011.1471557617188 -317.3003234863281
-1011.5704956054688 -315.5483093261719
-1009.601318359375 -313.879150390625
-1010.0933837890625 -311.9744873046875
-1008.0933837890625 -313.9739074707031
-1007.7714233398438 -312.0396728515625
-1005.7714233398438 -314.0396728515625
-1003.7744140625 -312.12640380859375
-1002.5247802734375 -310.17022705078125
-1000.5302734375 -312.1700744628906
-998.6646728515625 -314.1693420410156
-996.9407958984375 -312.1960754394531
-995.0462036132812 -314.1925964355469
-993.0938720703125 -312.1946105957031
-991.1279296875 -314.194091796875
-989.2205810546875 -312.28167724609375
-987.2427368164062 -314.28070068359375
-985.393310546875 -312.45697021484375
-983.3939208984375 -314.4554443359375
-982.1796875 -312.7873229980469
-980.284912109375 -314.78216552734375
-978.4423828125 -312.8492736816406
-976.591064453125 -314.84893798828125
-975.1470336914062 -313.22052001953125
-973.158447265625 -315.22027587890625
-971.2433471679688 -313.32037353515625
-969.2447509765625 -315.3202819824219
-967.7485961914062 -313.53729248046875
-965.7548828125 -315.536865234375
-963.7633666992188 -313.90179443359375
-961.7639770507812 -315.88372802734375
-959.8785400390625 -313.9000244140625
-957.8814086914062 -315.8995361328125
-955.9208374023438 -314.2711486816406
-953.9214477539062 -316.26953125
-951.9745483398438 -315.1639404296875
-950.3641967773438 -313.9146728515625
-948.3642578125 -313.6855773925781
-946.3646240234375 -314.0881652832031
-948.3395385742188 -312.1773376464844
-946.3403930664062 -311.5119934082031
-948.3185424804688 -309.512939453125
-946.3192749023438 -309.6125183105469
-948.3181762695312 -307.6142578125
-946.4263305664062 -308.1531677246094
-948.425048828125 -306.153564453125
-946.43115234375 -305.1141052246094
-948.4298706054688 -303.1144104003906
-946.4315795898438 -301.9243469238281
-948.1727294921875 -299.9337158203125
-946.1851196289062 -300.49798583984375
-948.1832885742188 -298.4990234375
-946.1862182617188 -299.0787658691406
-948.179931640625 -297.08123779296875
-946.187255859375 -295.231689453125
-948.0775756835938 -293.248046875
-946.0791015625 -292.5840759277344
-948.0761108398438 -290.5853271484375
-946.1470947265625 -288.78253173828125
-948.1398315429688 -286.7842102050781
-946.1529541015625 -285.57257080078125
-947.9556274414062 -283.5735778808594
-945.9568481445312 -282.73992919921875
-947.9467163085938 -280.74053955078125
-945.9549560546875 -280.98089599609375
-947.718505859375 -278.985107421875
-945.719482421875 -277.09906005859375
-947.7117919921875 -275.1025390625
-945.8067626953125 -273.8267822265625
-946.7855834960938 -271.8293762207031
-948.296142578125 -269.8329162597656
-946.3032836914062 -268.66094970703125
-947.2131958007812 -266.6620178222656
-945.2147216796875 -264.7257080078125
-945.421630859375 -262.7271728515625
-945.5363159179688 -260.72784423828125
-947.5206298828125 -258.7310791015625
-945.5369873046875 -257.6730041503906
-944.950927734375 -255.6754150390625
-946.0257568359375 -253.6801300048828
-947.5996704101562 -251.68240356445312
-945.6361694335938 -253.3954620361328
-946.696533203125 -251.39605712890625
-948.0977172851562 -249.39755249023438
-946.0977172851562 -250.9188995361328
-948.0177612304688 -248.919189453125
-946.0433959960938 -249.61314392089844
-947.5337524414062 -247.61512756347656
-945.5340576171875 -248.82493591308594
-947.4786376953125 -246.8302459716797
-945.482177734375 -247.86187744140625
-946.5780639648438 -245.86209106445312
-948.1543579101562 -243.8625030517578
-946.1707153320312 -243.9242706298828
-945.7053833007812 -241.9259490966797
-944.9454345703125 -239.9280242919922
-946.64013671875 -237.9281005859375
-945.7410888671875 -235.928466796875
-947.6939697265625 -233.92950439453125
-945.7763671875 -232.37449645996094
-945.24755859375 -230.37457275390625
-943.8179931640625 -228.37486267089844
-942.2877197265625 -226.37657165527344
-941.8499145507812 -224.39657592773438
-941.684814453125 -222.39779663085938
-943.2865600585938 -220.40159606933594
-943.2694091796875 -218.40298461914062
-941.6865844726562 -216.4038543701172
-939.8378295898438 -214.40493774414062
-938.5634155273438 -212.42970275878906
-940.1767578125 -210.4306640625
-940.3723754882812 -208.4566650390625
-942.3603515625 -206.48817443847656
-940.4114990234375 -204.52316284179688
-938.4520874023438 -202.52732849121094
-936.7604370117188 -200.53553771972656
-936.2783813476562 -198.5531463623047
-937.6057739257812 -196.56396484375
-936.5165405273438 -194.59832763671875
-936.1962280273438 -192.60012817382812
-934.4961547851562 -190.61183166503906
-935.4616088867188 -188.62518310546875
-934.3550415039062 -186.65213012695312
-933.2694091796875 -185.01524353027344
