-1088.5389404296875 -310.6986389160156
-1086.7042236328125 -308.7597961425781
-1088.4442138671875 -310.5140686035156
-1086.735595703125 -308.5174560546875
-1086.7020263671875 -310.40869140625
-1084.739013671875 -308.4222717285156
-1086.5928955078125 -310.0976867675781
-1084.59765625 -308.11328125
-1086.481201171875 -310.09454345703125
-1084.490478515625 -308.1108093261719
-1082.972412109375 -310.09429931640625
-1080.9873046875 -311.4397888183594
-1079.13916015625 -309.4440002441406
-1077.259521484375 -311.4359436035156
-1075.2744140625 -309.5407409667969
-1073.6641845703125 -311.5206298828125
-1071.6651611328125 -309.5284729003906
-1069.6712646484375 -311.5193176269531
-1067.705322265625 -313.434814453125
-1067.794921875 -311.46636962890625
-1065.803955078125 -313.4012145996094
-1066.1905517578125 -311.4198913574219
-1066.365234375 -313.4018859863281
-1066.7115478515625 -311.4118957519531
-1064.9920654296875 -312.5407409667969
-1063.423583984375 -310.68536376953125
-1061.8739013671875 -312.6783142089844
-1059.9342041015625 -310.72808837890625
-1057.9842529296875 -312.2051086425781
-1056.0045166015625 -310.23931884765625
-1054.033203125 -312.15240478515625
-1052.22607421875 -310.1547546386719
-1050.23486328125 -308.1919860839844
-1048.239990234375 -306.1998291015625
-1046.24365234375 -307.24273681640625
-1044.2470703125 -305.2427978515625
-1044.3856201171875 -305.22247314453125
-1046.3804931640625 -306.6716003417969
-1044.6219482421875 -304.6819763183594
-1045.8458251953125 -304.37689208984375
-1047.7994384765625 -306.137451171875
-1045.8087158203125 -304.14349365234375
-1047.7528076171875 -304.434814453125
-1045.7642822265625 -305.7425231933594
-1046.913330078125 -307.6121520996094
-1044.946533203125 -305.6124572753906
-1044.08251953125 -307.60589599609375
-1042.09765625 -305.611328125
-1043.9193115234375 -307.4578857421875
-1042.1668701171875 -305.46282958984375
-1042.3529052734375 -307.3045349121094
-1041.2490234375 -309.1889343261719
-1039.630126953125 -307.1922607421875
-1039.0518798828125 -308.9748840332031
-1038.5509033203125 -310.8295593261719
-1036.9217529296875 -308.8747253417969
-1035.3953857421875 -309.2292175292969
-1036.484619140625 -311.1960144042969
-1034.498046875 -309.2123107910156
-1034.8309326171875 -311.0889587402344
-1033.144287109375 -309.08978271484375
-1031.8955078125 -310.5654296875
-1032.829833984375 -312.5631408691406
-1031.013916015625 -310.63623046875
-1029.20361328125 -312.5654296875
-1027.2493896484375 -310.57135009765625
-1027.170654296875 -312.4445495605469
-1025.4039306640625 -314.3955078125
-1023.5167236328125 -312.4497375488281
-1021.69482421875 -314.4305725097656
-1019.7924194335938 -316.1990661621094
-1017.79248046875 -314.3365478515625
-1016.270263671875 -316.2893371582031
-1015.2047119140625 -318.1382751464844
-1016.8743286132812 -316.382568359375
-1014.9121704101562 -318.2916259765625
-1016.2667846679688 -316.54156494140625
-1014.2710571289062 -318.4750061035156
-1015.9252319335938 -316.6484375
-1013.9312133789062 -318.6424560546875
-1013.5582275390625 -317.0361328125
-1015.3935546875 -315.04046630859375
-1013.4091186523438 -317.0402526855469
-1015.3318481445312 -315.0435485839844
-1014.08935546875 -316.9401550292969
-1016.0191650390625 -314.98193359375
-1014.025634765625 -316.52001953125
-1012.6397705078125 -314.5370788574219
-1010.6517333984375 -316.4613952636719
-1011.0864868164062 -314.4754943847656
-1012.5471801757812 -312.47686767578125
-1010.5502319335938 -314.4648742675781
-1011.3746337890625 -312.46954345703125
-1009.3749389648438 -314.46783447265625
-1008.9492797851562 -312.5263366699219
-1006.9700317382812 -314.4876708984375
-1008.711669921875 -312.4964599609375
-1006.7781982421875 -314.4921875
-1006.262939453125 -312.49267578125
-1007.6051025390625 -310.4939270019531
-1005.8238525390625 -311.9942321777344
-1004.7948608398438 -309.99578857421875
-1005.2431640625 -311.9461669921875
-1003.36279296875 -309.9482727050781
-1002.3106689453125 -311.61737060546875
-1002.06982421875 -313.0244445800781
-1000.0809326171875 -311.0262756347656
-1000.557861328125 -312.1919250488281
-998.63916015625 -314.0649108886719
-997.176513671875 -312.070556640625
-999.0884399414062 -313.27490234375
-999.2464599609375 -311.283447265625
-998.1486206054688 -312.30426025390625
-999.6474609375 -314.27764892578125
-997.6727905273438 -312.2804870605469
-999.6336059570312 -311.8681640625
-997.7825317382812 -312.4414978027344
-999.765380859375 -314.3236999511719
-997.7937622070312 -312.32427978515625
-998.019775390625 -314.18865966796875
-997.6455688476562 -312.1900939941406
-999.53076171875 -310.9561767578125
-997.6737670898438 -312.76519775390625
-996.2449951171875 -312.76873779296875
-996.4639892578125 -312.0760498046875
-998.1123657226562 -313.7904357910156
-996.1548461914062 -311.7950744628906
-995.2586669921875 -312.95477294921875
-995.4926147460938 -314.2029724121094
-995.45751953125 -312.2059020996094
-993.8671264648438 -313.08282470703125
-992.380126953125 -315.0599060058594
-990.8093872070312 -313.06256103515625
-989.0869750976562 -314.8641052246094
-987.1948852539062 -313.10760498046875
-988.2250366210938 -313.0174560546875
-987.2744140625 -314.01898193359375
-985.4326171875 -312.03460693359375
-983.6005249023438 -311.224853515625
-985.3817749023438 -312.52978515625
-983.3887939453125 -314.4698181152344
-981.4567260742188 -312.523193359375
-979.7080688476562 -314.4997863769531
-977.7464599609375 -316.26654052734375
-975.9088134765625 -314.27056884765625
-975.7571411132812 -315.4549255371094
-974.3143310546875 -313.4880676269531
-972.4337158203125 -315.17901611328125
-970.4619750976562 -313.1954650878906
-968.9325561523438 -314.6849670410156
-966.935302734375 -312.7030944824219
-964.944580078125 -314.58477783203125
-962.9459838867188 -312.5914001464844
-960.9586181640625 -311.4356689453125
-958.9699096679688 -313.3863220214844
-956.9699096679688 -314.58843994140625
-954.9703369140625 -312.58856201171875
-952.9710693359375 -311.1697082519531
-950.9711303710938 -309.381591796875
-948.9715576171875 -307.397705078125
-946.9742431640625 -305.4001770019531
-948.9077758789062 -303.5125732421875
-946.9078979492188 -301.5238037109375
-948.8616333007812 -299.5336608886719
-946.8624267578125 -297.53424072265625
-948.5460205078125 -295.58001708984375
-946.5501098632812 -293.5859680175781
-948.2095336914062 -291.9123229980469
-946.2097778320312 -289.91461181640625
-947.34130859375 -287.9269714355469
-945.34130859375 -285.92950439453125
-945.4046630859375 -283.9965515136719
-947.0562133789062 -281.9991149902344
-948.6087036132812 -280.0075988769531
-946.609375 -278.0096130371094
-948.4495239257812 -276.0137023925781
-946.4495239257812 -274.0149841308594
-946.3555908203125 -272.0182189941406
-947.29931640625 -270.0478515625
-945.2999267578125 -268.0485534667969
-947.2545776367188 -266.05035400390625
-945.254638671875 -264.0506591796875
-946.2236328125 -262.05242919921875
-946.41357421875 -260.0567321777344
-948.3416137695312 -258.0883483886719
-946.3524780273438 -256.0972900390625
-948.2090454101562 -254.10940551757812
-946.209716796875 -252.1102752685547
-944.6188354492188 -250.18438720703125
-945.3106689453125 -248.28343200683594
-946.2658081054688 -246.31883239746094
-948.1513061523438 -244.353515625
-946.1514892578125 -242.37147521972656
-945.0523071289062 -240.37452697753906
-946.1319580078125 -238.44590759277344
-944.6469116210938 -236.4645538330078
-944.199462890625 -234.4664764404297
-942.2102661132812 -232.46978759765625
-941.521728515625 -230.47084045410156
-943.0634155273438 -228.47398376464844
-944.7840576171875 -228.4751434326172
-944.1620483398438 -229.63316345214844
-944.2486572265625 -227.69175720214844
-942.5494384765625 -228.10574340820312
-941.9873657226562 -227.6907958984375
-940.1724853515625 -225.77586364746094
-938.9386596679688 -223.96714782714844
-937.6290283203125 -222.00051879882812
-937.7520751953125 -220.00506591796875
-936.4146728515625 -218.16592407226562
-938.3526611328125 -216.40069580078125
-937.5067749023438 -214.4931182861328
-936.9375 -212.55838012695312
-936.6167602539062 -210.5713653564453
-938.3939819335938 -208.94277954101562
-937.1209106445312 -207.12808227539062
-935.3189697265625 -205.3048858642578
-934.6207275390625 -204.83285522460938
-933.0164184570312 -202.914794921875
-931.4423217773438 -201.3744354248047
-930.3124389648438 -199.39100646972656
-928.4110717773438 -197.4285430908203
-926.7938232421875 -195.42962646484375
-927.0764770507812 -194.06520080566406
-927.4694213867188 -192.15127563476562
-927.62353515625 -190.16159057617188
-925.98193359375 -188.45895385742188
