-858.7273559570312 -180.61148071289062
-859.552734375 -178.6840362548828
-860.5674438476562 -180.6840057373047
-861.3228759765625 -178.7797393798828
-863.3045654296875 -180.7797088623047
-865.2096557617188 -178.9566650390625
-867.0244750976562 -180.9566192626953
-868.105712890625 -179.27200317382812
-867.0656127929688 -177.28208923339844
-868.9942626953125 -179.28163146972656
-870.8143920898438 -177.41766357421875
-872.1447143554688 -179.41758728027344
-870.9243774414062 -177.5398406982422
-870.619873046875 -179.53961181640625
-872.61669921875 -177.56040954589844
-874.3379516601562 -179.5600128173828
-876.3043823242188 -177.6159210205078
-878.1892700195312 -179.61572265625
-880.08154296875 -177.61679077148438
-880.1702880859375 -179.61520385742188
-881.8399047851562 -177.71713256835938
-881.4581909179688 -179.71697998046875
-882.7348022460938 -177.76913452148438
-884.6637573242188 -179.76858520507812
-885.15185546875 -181.76832580566406
-886.9126586914062 -179.94480895996094
-888.3546752929688 -181.94140625
-890.3304443359375 -180.5021209716797
-892.2958374023438 -182.5013427734375
-890.3900146484375 -184.01742553710938
-890.801513671875 -185.9990234375
-892.7969970703125 -185.74935913085938
-890.9308471679688 -187.72744750976562
-892.9295654296875 -188.40476989746094
-891.2776489257812 -190.29579162597656
-893.2012329101562 -192.2564239501953
-891.8131713867188 -194.22288513183594
-891.5399780273438 -196.08590698242188
-893.006103515625 -198.00003051757812
-894.3072509765625 -199.9991455078125
-892.3577270507812 -201.9607391357422
-894.325927734375 -203.8389434814453
-892.6864624023438 -205.8351593017578
-894.174072265625 -207.82728576660156
-892.3448486328125 -208.33673095703125
-894.2799682617188 -210.01622009277344
-892.668212890625 -211.950439453125
-890.8877563476562 -213.87405395507812
-892.77783203125 -215.66671752929688
-890.9376220703125 -217.6145782470703
-892.9048461914062 -219.61326599121094
-893.65966796875 -221.6066436767578
-893.1199340820312 -223.58544921875
-892.99072265625 -225.5835723876953
-893.9439086914062 -227.58216857910156
-895.808837890625 -225.76513671875
-896.6565551757812 -227.76272583007812
-898.5457153320312 -225.92950439453125
-900.5352783203125 -227.92868041992188
-900.9681396484375 -226.01806640625
-902.7301635742188 -228.017822265625
-904.726806640625 -226.13531494140625
-906.6846923828125 -228.1350555419922
-908.58984375 -226.14488220214844
-910.5028076171875 -228.14476013183594
-911.7688598632812 -227.4755401611328
-913.0607299804688 -225.573486328125
-914.3169555664062 -227.57261657714844
-916.0610961914062 -225.6085662841797
-917.1845092773438 -227.60812377929688
-919.09423828125 -225.66773986816406
-920.8457641601562 -227.6567840576172
-922.1348266601562 -226.74851989746094
-924.1292724609375 -228.7480926513672
-925.8934936523438 -230.02032470703125
-927.8917236328125 -230.45684814453125
-929.8007202148438 -228.7734832763672
-931.7969360351562 -230.63327026367188
-933.7590942382812 -231.7102813720703
-935.7583618164062 -231.84027099609375
-937.7353515625 -233.69052124023438
-939.7345581054688 -235.5170440673828
-941.733154296875 -237.32521057128906
-943.73291015625 -237.60948181152344
-945.7315673828125 -239.29501342773438
-947.731201171875 -241.29339599609375
-948.5662231445312 -242.40892028808594
-949.5997314453125 -244.3933563232422
-951.0609741210938 -246.32534790039062
-952.7382202148438 -248.2885284423828
-954.7193603515625 -250.27813720703125
-953.4320678710938 -252.1830291748047
-954.97265625 -254.00350952148438
-956.6156616210938 -255.88760375976562
-958.0640258789062 -257.86395263671875
-960.0118408203125 -259.7786865234375
-961.8058471679688 -261.73333740234375
-960.2710571289062 -261.4377136230469
-959.2304077148438 -262.67120361328125
-961.029541015625 -264.5785217285156
-962.883544921875 -266.5251159667969
-962.488037109375 -265.66455078125
-963.6217651367188 -264.9784851074219
-964.3680419921875 -266.2794494628906
-965.7334594726562 -265.5764465332031
-965.3181762695312 -266.1605529785156
-965.576416015625 -265.824462890625
-966.4872436523438 -267.7352600097656
-967.438720703125 -265.8837890625
-965.460205078125 -265.89971923828125
-965.1498413085938 -267.7589416503906
-963.8111572265625 -267.09710693359375
-965.5550537109375 -268.57293701171875
-963.8065795898438 -269.8341064453125
-965.7713623046875 -270.89752197265625
-964.5689697265625 -271.3812561035156
-962.9898071289062 -273.08575439453125
-964.5089111328125 -273.56793212890625
-963.490966796875 -273.0917663574219
-962.0103149414062 -271.6442565917969
-963.711669921875 -271.95281982421875
-962.3231811523438 -273.8988342285156
-962.169921875 -275.2911071777344
-962.4632568359375 -274.7516784667969
-962.5095825195312 -274.7453308105469
-963.6647338867188 -276.55242919921875
-962.2728881835938 -277.8251953125
-960.4370727539062 -279.2438049316406
-961.4876098632812 -281.13885498046875
-963.4852294921875 -283.05279541015625
-964.5930786132812 -285.0101318359375
-966.06640625 -286.9759216308594
-968.0421142578125 -288.955322265625
-969.5341186523438 -290.75775146484375
-968.2191162109375 -288.8915710449219
-969.431640625 -289.3477783203125
-970.5390625 -288.5196533203125
-968.922119140625 -287.5022888183594
-968.8846435546875 -289.3252258300781
-966.9739990234375 -289.6307678222656
-966.93017578125 -288.3280334472656
-968.1828002929688 -289.5532531738281
-967.1929321289062 -290.4446716308594
-968.9938354492188 -291.2760314941406
-968.635986328125 -292.7023620605469
-967.5015258789062 -293.3627014160156
-966.1437377929688 -291.9546203613281
-968.0607299804688 -293.8942565917969
-966.66748046875 -295.1187438964844
-965.9515991210938 -296.3760986328125
-966.896728515625 -296.6369323730469
-965.1250610351562 -298.0481262207031
-967.0347290039062 -299.13714599609375
-965.49609375 -299.2452087402344
-965.99365234375 -300.7711181640625
-967.7871704101562 -301.9232482910156
-968.1321411132812 -300.6685791015625
-967.3842163085938 -302.5270080566406
-969.0463256835938 -304.5001525878906
-970.0740966796875 -306.1383056640625
-971.9127197265625 -308.0594177246094
-973.9081420898438 -310.028564453125
-975.9002075195312 -312.0184020996094
-977.9000854492188 -314.0183410644531
-979.89990234375 -316.0080871582031
-981.8994750976562 -314.1276550292969
-983.8843994140625 -316.1080322265625
-985.83544921875 -315.6295471191406
-987.8219604492188 -313.64501953125
-989.8218994140625 -315.6445007324219
-991.8212280273438 -313.71746826171875
-993.8211669921875 -315.3956298828125
-995.821044921875 -313.4013671875
-997.8170166015625 -311.51385498046875
-999.802001953125 -312.80487060546875
-1001.79638671875 -311.44000244140625
-1003.7953491210938 -313.4381103515625
-1005.7953491210938 -312.40716552734375
-1007.7952880859375 -310.8750305175781
-1009.7915649414062 -312.8716735839844
-1011.7791137695312 -314.8680725097656
-1013.7750854492188 -316.86737060546875
-1015.7750854492188 -317.4970397949219
-1017.77490234375 -319.49688720703125
