-859.959228515625 -180.611572265625
-861.9589233398438 -181.22857666015625
-863.9571533203125 -179.65133666992188
-865.9522094726562 -177.814453125
-867.9503784179688 -179.81195068359375
-869.935302734375 -179.80709838867188
-871.9266357421875 -178.65907287597656
-873.9207763671875 -176.75735473632812
-875.839599609375 -178.757080078125
-877.8391723632812 -177.09796142578125
-879.7418823242188 -179.08572387695312
-881.7210083007812 -177.15386962890625
-882.9561767578125 -179.12185668945312
-884.895263671875 -181.117431640625
-886.8952026367188 -179.9462127685547
-888.8374633789062 -181.9366455078125
-890.8372802734375 -183.3690185546875
-892.8365478515625 -182.23080444335938
-892.504150390625 -182.8418426513672
-890.8154296875 -184.79513549804688
-892.8134155273438 -186.1968994140625
-891.0759887695312 -188.1900634765625
-893.0753784179688 -190.15194702148438
-891.899658203125 -192.1504364013672
-893.8994140625 -194.10882568359375
-893.7195434570312 -195.2768096923828
-892.92138671875 -197.27639770507812
-893.506103515625 -199.2598114013672
-892.8238525390625 -201.2165069580078
-893.495361328125 -203.19906616210938
-892.149169921875 -205.1585235595703
-894.1478881835938 -207.13519287109375
-892.9365234375 -209.06651306152344
-892.64697265625 -211.06480407714844
-894.4136352539062 -213.03326416015625
-893.544677734375 -214.98287963867188
-894.0894775390625 -216.9825439453125
-892.4075317382812 -218.96673583984375
-893.4957885742188 -220.96221923828125
-895.015625 -222.94918823242188
-896.0659790039062 -224.94232177734375
-897.9413452148438 -226.94134521484375
-899.7572021484375 -228.9409637451172
-901.757080078125 -227.14996337890625
-903.2025146484375 -229.14501953125
-905.1885375976562 -227.20445251464844
-907.1881103515625 -229.18582153320312
-909.1865844726562 -227.1896209716797
-911.161865234375 -229.18862915039062
-913.1507568359375 -227.2139129638672
-915.0255126953125 -229.19810485839844
-916.9983520507812 -227.20631408691406
-918.9586791992188 -229.1861114501953
-920.9573364257812 -227.18707275390625
-922.9036865234375 -229.1851043701172
-924.9036254882812 -227.20370483398438
-926.9006958007812 -229.20297241210938
-928.89794921875 -230.85226440429688
-930.8976440429688 -231.35891723632812
-932.8930053710938 -233.3441619873047
-934.8930053710938 -235.2557830810547
-936.89111328125 -237.23426818847656
-938.8908081054688 -239.21405029296875
-940.889892578125 -240.82603454589844
-942.8897094726562 -241.36769104003906
-944.8895874023438 -243.36253356933594
-946.8894653320312 -244.75535583496094
-948.8893432617188 -246.74620056152344
-947.1865234375 -248.64266967773438
-949.1864013671875 -250.63955688476562
-949.67138671875 -252.1189727783203
-949.852783203125 -253.89935302734375
-950.2788696289062 -255.67410278320312
-949.7437133789062 -256.3242492675781
-948.7537231445312 -258.1856384277344
-950.2886352539062 -259.04705810546875
-950.931884765625 -260.8746032714844
-950.618408203125 -262.7096252441406
-951.4899291992188 -264.229736328125
-953.302001953125 -265.7225341796875
-954.5982055664062 -267.2921142578125
-953.7609252929688 -269.23828125
-955.2965698242188 -270.5630187988281
-953.7359008789062 -272.4239501953125
-952.3963623046875 -274.24749755859375
-953.7808837890625 -273.85504150390625
-952.1154174804688 -275.7208251953125
-952.6294555664062 -276.3653869628906
-954.5181274414062 -277.6067199707031
-956.4714965820312 -279.587646484375
-955.7626342773438 -281.54351806640625
-955.5861206054688 -283.2015686035156
-956.077392578125 -284.9841003417969
-957.4721069335938 -286.9128112792969
-955.52783203125 -288.78033447265625
-955.9636840820312 -290.14605712890625
-957.0568237304688 -290.246337890625
-958.7305908203125 -289.64306640625
-957.26513671875 -291.5887756347656
-956.4171752929688 -292.9078674316406
-956.6049194335938 -294.8690490722656
-955.856201171875 -295.4358215332031
-957.4297485351562 -297.1907043457031
-956.5746459960938 -299.1512145996094
-957.988525390625 -298.13726806640625
-959.4249877929688 -297.79486083984375
-958.7418823242188 -299.654296875
-959.45849609375 -299.0424499511719
-960.8583984375 -300.4844970703125
-961.4078369140625 -300.8743896484375
-963.2659301757812 -302.54425048828125
-963.5493774414062 -303.3279113769531
-961.61962890625 -305.23590087890625
-961.3402709960938 -307.1929016113281
-963.2990112304688 -308.3921203613281
-965.2576904296875 -310.1717529296875
-967.21875 -312.1695556640625
-968.9849243164062 -313.9302673339844
-970.9825439453125 -315.9248962402344
-972.9813232421875 -313.92498779296875
-974.9114990234375 -315.9244079589844
-976.9110717773438 -313.9386291503906
-978.7438354492188 -315.9002685546875
-980.73828125 -313.9017333984375
-982.501708984375 -315.8973388671875
-984.3516235351562 -314.0148620605469
-986.1018676757812 -316.01324462890625
-988.0934448242188 -314.0160827636719
-990.0888061523438 -312.0163269042969
-992.071044921875 -313.9986267089844
-994.0709228515625 -311.9988098144531
-996.0380249023438 -313.73974609375
-997.999755859375 -311.74420166015625
-999.9849243164062 -313.7432861328125
-1001.9825439453125 -311.7440185546875
-1003.9639892578125 -313.5920715332031
-1005.9636840820312 -311.5930480957031
-1007.963623046875 -309.5932922363281
-1008.5514526367188 -311.2874450683594
-1008.151123046875 -313.2789306640625
-1010.1504516601562 -311.2871398925781
-1011.79443359375 -313.28118896484375
-1012.5118408203125 -315.1081237792969
-1012.4368286132812 -316.8704833984375
-1014.4359741210938 -314.95098876953125
-1014.1629028320312 -316.88018798828125
-1016.1627807617188 -314.92938232421875
-1017.8346557617188 -316.8650207519531
-1019.215087890625 -318.68328857421875
