-859.6234741210938 -180.6095733642578
-861.60009765625 -178.66600036621094
-863.2730712890625 -180.6566162109375
-865.092041015625 -178.71435546875
-867.0914306640625 -180.706787109375
-869.0262451171875 -179.1021728515625
-870.79345703125 -177.44992065429688
-872.7435302734375 -179.42193603515625
-874.6107177734375 -177.4654541015625
-876.52099609375 -179.32177734375
-878.318359375 -177.34848022460938
-880.254638671875 -179.34188842773438
-882.2394409179688 -177.3633270263672
-883.998291015625 -179.19268798828125
-882.7928466796875 -181.1880645751953
-884.731201171875 -179.1923370361328
-883.6851196289062 -181.1780548095703
-885.6348876953125 -179.20872497558594
-886.8677978515625 -181.19496154785156
-888.73095703125 -183.18826293945312
-890.7174682617188 -181.28858947753906
-892.469482421875 -183.2766571044922
-890.543212890625 -184.98898315429688
-892.4749755859375 -183.01626586914062
-891.1285400390625 -184.2379150390625
-893.0132446289062 -182.429443359375
-891.113525390625 -183.5439453125
-893.1061401367188 -181.86978149414062
-891.1149291992188 -182.16204833984375
-893.1114501953125 -184.1503448486328
-892.872802734375 -186.07496643066406
-891.0318603515625 -188.06068420410156
-892.5629272460938 -186.36146545410156
-891.82470703125 -188.28448486328125
-893.7963256835938 -188.20875549316406
-892.5055541992188 -190.1987762451172
-894.50048828125 -191.18807983398438
-894.0914916992188 -192.25022888183594
-892.9367065429688 -194.2472686767578
-891.0400390625 -196.1507110595703
-893.036865234375 -197.94390869140625
-891.8216552734375 -199.92276000976562
-893.784423828125 -200.42092895507812
-891.8123779296875 -202.3146514892578
-893.7970581054688 -202.62535095214844
-892.0711059570312 -204.59234619140625
-894.008544921875 -206.09136962890625
-893.2678833007812 -208.0804901123047
-891.4935913085938 -210.01644897460938
-893.2758178710938 -211.11180114746094
-894.3645629882812 -213.01551818847656
-892.4818115234375 -213.044189453125
-894.4483642578125 -214.59788513183594
-896.2373657226562 -215.97805786132812
-894.6270751953125 -217.6598663330078
-894.7155151367188 -219.64910888671875
-895.1255493164062 -221.58421325683594
-893.5562744140625 -223.50469970703125
-895.2568359375 -225.50242614746094
-896.9423217773438 -227.5020751953125
-897.5897827148438 -225.50535583496094
-899.3251953125 -227.38848876953125
-897.5560913085938 -225.39146423339844
-899.2385864257812 -227.3895721435547
-899.7597045898438 -225.4101104736328
-901.61474609375 -227.4029541015625
-903.57666015625 -225.40440368652344
-905.330322265625 -227.3103790283203
-905.3031005859375 -225.3150177001953
-907.224853515625 -227.31224060058594
-909.2227783203125 -229.30694580078125
-911.191650390625 -227.31155395507812
-910.0771484375 -225.312255859375
-911.6123046875 -227.3053741455078
-913.5285034179688 -225.30984497070312
-915.44921875 -227.2896270751953
-917.3655395507812 -225.35452270507812
-919.2952270507812 -227.31204223632812
-921.036376953125 -225.3146514892578
-920.24169921875 -227.28549194335938
-921.1797485351562 -225.2880096435547
-923.1148681640625 -227.2549285888672
-925.1106567382812 -229.16009521484375
-927.1050415039062 -227.16799926757812
-929.08447265625 -228.95750427246094
-931.0051879882812 -226.96078491210938
-932.7186279296875 -228.80984497070312
-934.7034301757812 -227.09483337402344
-936.670654296875 -228.6432342529297
-938.6599731445312 -227.3467254638672
-940.28466796875 -228.9846954345703
-942.2822265625 -229.1842498779297
-944.2808837890625 -230.27867126464844
-946.2415161132812 -231.95550537109375
-948.2379760742188 -233.6546173095703
-946.4431762695312 -235.63790893554688
-948.4378051757812 -235.57901000976562
-946.5662841796875 -237.50904846191406
-948.564697265625 -238.66156005859375
-946.9552001953125 -240.63673400878906
-948.9520263671875 -242.49598693847656
-947.0067749023438 -244.4930877685547
-948.2171630859375 -245.97189331054688
-946.5170288085938 -247.95913696289062
-948.5107421875 -248.02413940429688
-946.5204467773438 -250.02296447753906
-948.5165405273438 -248.32952880859375
-946.528076171875 -250.2872314453125
-948.5010375976562 -252.2119598388672
-947.1001586914062 -254.0756378173828
-948.0336303710938 -254.68101501464844
-946.166259765625 -256.6663818359375
-947.9310302734375 -257.1884460449219
-945.9324951171875 -259.174560546875
-947.9254150390625 -258.8345642089844
-946.7532348632812 -260.8307800292969
-948.5325927734375 -259.3740539550781
-946.7708129882812 -261.37310791015625
-948.76220703125 -262.9641418457031
-947.1441650390625 -262.5683288574219
-949.002685546875 -263.1488952636719
-950.1056518554688 -264.9547119140625
-948.2237548828125 -266.8369445800781
-946.3660888671875 -268.8302307128906
-948.345947265625 -268.9472961425781
-946.4096069335938 -270.7473449707031
-948.4073486328125 -269.0792541503906
-947.0728759765625 -270.6727294921875
-949.0717163085938 -271.6080017089844
-947.1051635742188 -273.2701721191406
-945.23876953125 -275.164794921875
-947.2324829101562 -274.0653076171875
-948.69189453125 -276.0404357910156
-950.46728515625 -277.8514404296875
-949.02197265625 -279.734619140625
-950.0740356445312 -281.61663818359375
-949.7299194335938 -283.5972900390625
-951.3146362304688 -285.42950439453125
-949.3673095703125 -287.3765563964844
-947.7709350585938 -289.069091796875
-948.9176635742188 -291.05718994140625
-948.9478759765625 -293.0449523925781
-950.2245483398438 -294.7493896484375
-949.1195678710938 -296.7449035644531
-948.0099487304688 -298.4438171386719
-947.9427490234375 -300.3716125488281
-948.1528930664062 -301.9386901855469
-948.4558715820312 -303.7599182128906
-947.0903930664062 -305.5881042480469
-949.0740966796875 -303.82745361328125
-947.689208984375 -305.8077392578125
-949.6502075195312 -303.95013427734375
-947.8030395507812 -305.8934020996094
-949.763916015625 -305.7210693359375
-950.72412109375 -307.5596923828125
-948.7660522460938 -309.5370178222656
-948.8878784179688 -311.5181579589844
-947.2219848632812 -313.5074462890625
-949.2131958007812 -311.6079406738281
-947.888427734375 -313.5858459472656
-949.8855590820312 -312.7894287109375
-951.0339965820312 -314.78826904296875
-952.984619140625 -312.80426025390625
-954.5551147460938 -314.80096435546875
-956.34521484375 -312.8078918457031
-954.7644653320312 -314.8031005859375
-956.7559814453125 -312.8129577636719
-958.6896362304688 -314.65301513671875
-960.687744140625 -312.6795349121094
-962.424560546875 -314.64312744140625
-964.408935546875 -312.64398193359375
-963.5209350585938 -314.61517333984375
-965.4981079101562 -312.6162109375
-967.3344116210938 -314.6015319824219
-968.85107421875 -312.6015625
-970.5603637695312 -314.5897216796875
-969.945556640625 -312.6012878417969
-971.9259643554688 -314.5881652832031
-973.8317260742188 -312.5885925292969
-975.7868041992188 -314.4610595703125
-975.4500732421875 -312.4612121582031
-977.280517578125 -314.3556823730469
-978.4224243164062 -316.3270568847656
-979.5948486328125 -314.3272399902344
-981.4927978515625 -315.84161376953125
-983.2916259765625 -313.8419189453125
-985.1218872070312 -314.13421630859375
-987.11328125 -312.134521484375
-988.612060546875 -313.9595947265625
-990.5732421875 -311.9598388671875
-992.5675048828125 -313.8520202636719
-994.5578002929688 -311.85211181640625
-996.5287475585938 -311.7610168457031
-998.5086059570312 -313.1819763183594
-1000.3026123046875 -311.1820373535156
-1002.1561889648438 -312.6674499511719
-1004.0267333984375 -310.6675109863281
-1006.0223388671875 -309.4824523925781
-1007.9271240234375 -310.4561767578125
-1006.979248046875 -312.3594970703125
-1008.9681396484375 -310.359619140625
-1009.9406127929688 -312.23236083984375
-1009.1190185546875 -314.1636962890625
-1011.1185302734375 -312.16375732421875
-1013.0581665039062 -314.122314453125
-1013.8949584960938 -316.09832763671875
-1014.3811645507812 -318.00250244140625
-1016.38037109375 -316.0025939941406
-1018.3211059570312 -317.9278564453125
