-1145.422119140625 -172.552001953125
-1143.42236328125 -174.45504760742188
-1145.1136474609375 -176.1228790283203
-1143.720458984375 -177.88975524902344
-1144.8883056640625 -179.82229614257812
-1146.774658203125 -181.76669311523438
-1144.98388671875 -183.75582885742188
-1145.45361328125 -185.75367736816406
-1143.49169921875 -187.64328002929688
-1145.3770751953125 -185.7458038330078
-1143.379150390625 -187.41885375976562
-1141.739501953125 -188.30091857910156
-1141.5587158203125 -186.7627716064453
-1142.85400390625 -185.0149383544922
-1144.201416015625 -187.0147705078125
-1144.3406982421875 -186.8813934326172
-1142.392822265625 -184.92079162597656
-1140.883544921875 -186.92019653320312
-1141.5570068359375 -186.0140838623047
-1140.514892578125 -187.9910430908203
-1139.7662353515625 -186.35496520996094
-1138.2252197265625 -184.3957061767578
-1139.1536865234375 -186.38845825195312
-1137.2235107421875 -184.4265594482422
-1138.3494873046875 -186.40750122070312
-1136.43359375 -186.7401123046875
-1134.6805419921875 -185.13783264160156
-1133.1998291015625 -187.1251220703125
-1131.2393798828125 -185.4242401123047
-1129.3287353515625 -187.42311096191406
-1127.3720703125 -185.47244262695312
-1125.9730224609375 -187.46678161621094
-1124.0242919921875 -186.91065979003906
-1122.0711669921875 -185.30662536621094
-1120.189697265625 -187.3042449951172
-1118.2073974609375 -185.7749786376953
-1116.2462158203125 -184.58987426757812
-1117.07666015625 -186.58358764648438
-1115.097412109375 -184.69515991210938
-1114.252685546875 -186.6904296875
-1112.323974609375 -185.66775512695312
-1111.820068359375 -187.6619873046875
-1110.0672607421875 -185.71768188476562
-1108.0875244140625 -187.71609497070312
-1106.121337890625 -185.86782836914062
-1104.125 -187.86199951171875
-1102.2266845703125 -187.22775268554688
-1100.417236328125 -185.25160217285156
-1098.9119873046875 -187.2506103515625
-1096.916748046875 -185.55996704101562
-1094.95654296875 -187.55545043945312
-1095.7708740234375 -186.1217041015625
-1093.7860107421875 -188.12149047851562
-1091.810546875 -186.76336669921875
-1089.8162841796875 -184.81170654296875
-1091.681396484375 -186.8070068359375
-1089.769775390625 -184.89418029785156
-1089.2449951171875 -186.88772583007812
-1087.2564697265625 -185.06512451171875
-1088.92822265625 -187.0518035888672
-1087.03173828125 -185.13560485839844
-1088.128662109375 -187.1291046142578
-1086.7708740234375 -185.56785583496094
-1086.0870361328125 -187.56378173828125
-1084.4886474609375 -185.98463439941406
-1086.07275390625 -187.9766845703125
-1086.9013671875 -186.02981567382812
-1084.989501953125 -188.02432250976562
-1083.0213623046875 -186.0613555908203
-1081.1646728515625 -188.06124877929688
-1081.0263671875 -186.2012481689453
-1081.615478515625 -188.19970703125
-1080.5423583984375 -187.18637084960938
-1078.5426025390625 -185.61502075195312
-1076.9150390625 -187.6145782470703
-1075.1820068359375 -186.44378662109375
-1073.294921875 -184.67230224609375
-1072.8165283203125 -186.6686248779297
-1070.8870849609375 -184.7474365234375
-1070.680908203125 -186.744873046875
-1068.7132568359375 -184.8477325439453
-1066.7515869140625 -186.83401489257812
-1064.7554931640625 -185.29550170898438
-1066.568115234375 -187.2870330810547
-1064.568603515625 -185.99696350097656
-1066.5098876953125 -187.96875
-1064.512939453125 -186.5966033935547
-1065.991943359375 -188.56118774414062
-1063.9931640625 -188.76048278808594
-1065.411376953125 -190.46875
-1063.4337158203125 -191.96995544433594
-1065.122314453125 -193.9442138671875
-1063.1263427734375 -193.51344299316406
-1064.8564453125 -195.31138610839844
-1063.3255615234375 -196.16256713867188
-1065.1207275390625 -198.1136016845703
-1063.1407470703125 -199.58721923828125
-1062.8529052734375 -201.55130004882812
-1064.106201171875 -203.30043029785156
-1062.1102294921875 -204.59454345703125
-1063.765869140625 -205.5903778076172
-1061.7889404296875 -207.07559204101562
-1063.3402099609375 -208.89614868164062
-1065.3128662109375 -210.88270568847656
-1063.43798828125 -212.84974670410156
-1061.442626953125 -214.84739685058594
-1059.443359375 -215.08213806152344
-1057.45458984375 -213.38877868652344
-1055.5235595703125 -215.3885955810547
-1053.580078125 -217.38858032226562
-1051.5802001953125 -218.13372802734375
-1049.580322265625 -218.1466827392578
-1047.5943603515625 -220.1466827392578
-1045.6146240234375 -221.94888305664062
-1044.29345703125 -222.58872985839844
-1045.8131103515625 -221.023681640625
-1043.8538818359375 -219.34048461914062
-1045.5731201171875 -217.86380004882812
-1043.6573486328125 -219.86366271972656
-1044.865234375 -217.8931121826172
-1042.8699951171875 -218.11866760253906
-1040.9501953125 -216.1287841796875
-1038.952880859375 -218.12852478027344
-1036.95361328125 -216.63131713867188
-1034.953857421875 -214.67251586914062
-1033.0169677734375 -216.6724395751953
-1031.0169677734375 -214.790771484375
-1029.0445556640625 -216.790771484375
-1027.044677734375 -216.6112823486328
-1025.044677734375 -214.75035095214844
-1023.0670166015625 -216.75033569335938
-1021.0670776367188 -214.91314697265625
-1019.0706787109375 -216.9131317138672
-1017.0707397460938 -215.39479064941406
-1015.07080078125 -215.38755798339844
-1013.0709228515625 -215.01107788085938
-1011.0709228515625 -215.45361328125
-1009.0709228515625 -213.54176330566406
-1007.1581420898438 -215.54168701171875
-1005.1581420898438 -215.5574493408203
-1003.158203125 -217.44134521484375
-1001.158203125 -217.373046875
-999.158203125 -216.52120971679688
-997.158203125 -218.25030517578125
-995.158203125 -217.7881622314453
-993.1582641601562 -215.94265747070312
-991.1582641601562 -215.12435913085938
-989.17822265625 -217.1243133544922
-987.17822265625 -216.13436889648438
-985.17822265625 -217.19937133789062
-983.17822265625 -215.7032012939453
-981.1823120117188 -217.70303344726562
-979.1823120117188 -217.50155639648438
-977.1823120117188 -219.11061096191406
-975.1823120117188 -218.51133728027344
-973.1823120117188 -217.42987060546875
-971.1823120117188 -218.9645538330078
-969.182373046875 -218.8452606201172
-967.182373046875 -220.45787048339844
-965.1824340820312 -220.59054565429688
-963.1824340820312 -222.07151794433594
-961.1824340820312 -223.65982055664062
-959.1825561523438 -225.61520385742188
-957.1836547851562 -227.5854949951172
-955.1990356445312 -229.56851196289062
-953.200927734375 -231.56488037109375
-951.3444213867188 -233.5630340576172
-949.3547973632812 -235.55926513671875
-947.3865356445312 -237.55491638183594
-945.4029541015625 -239.55294799804688
-943.4169311523438 -239.5814971923828
-941.4190063476562 -241.4440155029297
-939.4633178710938 -241.89903259277344
-938.0685424804688 -243.76722717285156
-938.3150024414062 -242.5657501220703
-939.6605834960938 -240.64157104492188
-937.8729858398438 -240.55935668945312
-935.9547729492188 -240.12387084960938
-933.9628295898438 -241.34071350097656
-932.447998046875 -242.57623291015625
-930.7074584960938 -242.26719665527344
-931.2731323242188 -240.33192443847656
-932.3321533203125 -239.52857971191406
-933.8106079101562 -238.4158935546875
-931.9768676757812 -237.9276580810547
-930.0159912109375 -236.87506103515625
-928.8817138671875 -234.88644409179688
-928.2047729492188 -235.11373901367188
-929.5598754882812 -234.4616241455078
-928.4454345703125 -233.13868713378906
-929.8056030273438 -231.25621032714844
-927.8113403320312 -232.05123901367188
-928.2349243164062 -231.81246948242188
-928.026611328125 -230.0622100830078
-926.7508544921875 -229.40235900878906
-926.20361328125 -229.211669921875
-924.2342529296875 -227.50521850585938
-922.6427001953125 -225.8712615966797
-924.6144409179688 -227.87120056152344
-922.6544799804688 -227.79396057128906
-920.7526245117188 -228.08717346191406
-918.8824462890625 -227.0176239013672
