-1144.955078125 -173.0726318359375
-1143.8348388671875 -174.69638061523438
-1142.3095703125 -176.69094848632812
-1141.306396484375 -178.68978881835938
-1142.8043212890625 -180.68960571289062
-1142.778564453125 -182.6893768310547
-1142.1063232421875 -184.68930053710938
-1140.4195556640625 -186.6890106201172
-1140.6563720703125 -187.09320068359375
-1141.903076171875 -185.75082397460938
-1140.18115234375 -187.7496795654297
-1139.8919677734375 -187.05921936035156
-1138.2144775390625 -185.6402130126953
-1137.6109619140625 -187.6402130126953
-1136.790283203125 -185.89353942871094
-1135.53271484375 -183.94134521484375
-1133.771728515625 -185.94094848632812
-1131.787353515625 -183.9417266845703
-1130.504150390625 -185.93966674804688
-1128.517333984375 -183.9408721923828
-1126.819580078125 -185.94007873535156
-1124.844970703125 -183.94102478027344
-1124.215576171875 -185.93992614746094
-1123.229248046875 -183.94497680664062
-1122.6160888671875 -185.9446258544922
-1120.70166015625 -183.94708251953125
-1118.838134765625 -185.9469451904297
-1117.080810546875 -183.9497833251953
-1116.4854736328125 -185.9462890625
-1114.7174072265625 -183.94639587402344
-1114.3204345703125 -185.94635009765625
-1114.9591064453125 -183.961181640625
-1114.469970703125 -185.9603729248047
-1113.5518798828125 -183.9607391357422
-1111.628662109375 -185.9606170654297
-1109.705810546875 -183.96160888671875
-1110.9112548828125 -185.96112060546875
-1108.91943359375 -183.96438598632812
-1107.8798828125 -185.9641876220703
-1106.6754150390625 -183.96453857421875
-1105.0567626953125 -185.9640655517578
-1104.66064453125 -187.96310424804688
-1103.07177734375 -186.0205841064453
-1103.9552001953125 -188.01922607421875
-1101.9908447265625 -186.0743865966797
-1101.418701171875 -188.0738525390625
-1099.4615478515625 -186.1090850830078
-1097.6505126953125 -188.10769653320312
-1095.9163818359375 -186.12709045410156
-1094.3350830078125 -188.1219482421875
-1092.45458984375 -186.51638793945312
-1090.62109375 -184.52456665039062
-1090.9671630859375 -186.5206298828125
-1088.9923095703125 -184.52366638183594
-1088.859375 -186.52357482910156
-1086.93310546875 -184.53514099121094
-1087.3538818359375 -186.53488159179688
-1085.403076171875 -184.53599548339844
-1084.3238525390625 -186.53097534179688
-1082.7548828125 -184.53118896484375
-1083.2796630859375 -186.52671813964844
-1081.2900390625 -184.5274200439453
-1080.6011962890625 -186.52725219726562
-1078.81298828125 -184.52737426757812
-1078.780029296875 -186.51161193847656
-1077.049560546875 -184.51194763183594
-1077.1962890625 -186.51158142089844
-1077.5296630859375 -184.51199340820312
-1075.7491455078125 -186.51170349121094
-1073.8533935546875 -184.51260375976562
-1072.490478515625 -186.51222229003906
-1070.5333251953125 -184.51287841796875
-1071.4102783203125 -186.51217651367188
-1069.7464599609375 -184.51231384277344
-1071.3553466796875 -186.49972534179688
-1069.883056640625 -184.50103759765625
-1069.708740234375 -186.48941040039062
-1068.0831298828125 -184.49061584472656
-1066.927734375 -186.3367156982422
-1067.3131103515625 -188.3287811279297
-1065.7113037109375 -186.3857421875
-1063.8233642578125 -188.38279724121094
-1062.3758544921875 -189.90841674804688
-1063.3572998046875 -191.7404022216797
-1064.268310546875 -193.69680786132812
-1062.278564453125 -194.5166778564453
-1063.4898681640625 -196.4942626953125
-1062.8221435546875 -198.4645233154297
-1063.7166748046875 -199.1249542236328
-1061.734375 -198.0269317626953
-1063.082275390625 -199.52908325195312
-1064.99267578125 -201.35105895996094
-1063.004638671875 -199.53073120117188
-1062.9976806640625 -201.33074951171875
-1064.451416015625 -203.2390899658203
-1062.6807861328125 -205.2041473388672
-1063.4044189453125 -206.81736755371094
-1064.414794921875 -208.71060180664062
-1063.0433349609375 -210.67034912109375
-1061.378662109375 -212.6702880859375
-1059.5460205078125 -214.66896057128906
-1057.5875244140625 -216.6688232421875
-1055.9422607421875 -214.66883850097656
-1054.257568359375 -216.66844177246094
-1052.3248291015625 -214.66860961914062
-1052.0528564453125 -216.6615753173828
-1050.1314697265625 -218.6605682373047
-1048.23291015625 -220.66036987304688
-1046.5048828125 -219.18807983398438
-1044.64892578125 -217.2341766357422
-1042.6654052734375 -219.23133850097656
-1040.9599609375 -217.2318115234375
-1038.9830322265625 -215.23182678222656
-1036.9986572265625 -217.22677612304688
-1035.0230712890625 -215.2268524169922
-1033.690185546875 -217.2257080078125
-1033.57568359375 -215.22581481933594
-1032.17236328125 -217.22055053710938
-1030.18505859375 -215.22056579589844
-1028.19287109375 -217.2152099609375
-1026.2064208984375 -215.21542358398438
-1024.2869873046875 -217.2031707763672
-1022.2962646484375 -215.20318603515625
-1020.3809814453125 -217.20033264160156
-1018.3861694335938 -215.2006378173828
-1016.3882446289062 -213.20071411132812
-1014.392333984375 -215.17861938476562
-1012.4279174804688 -213.1791229248047
-1010.5921630859375 -211.2158203125
-1009.88037109375 -213.2125244140625
-1007.888671875 -215.21165466308594
-1005.893798828125 -213.21214294433594
-1003.9131469726562 -215.20816040039062
-1001.9931640625 -213.20834350585938
-1000.0441284179688 -215.20782470703125
-998.04638671875 -217.2067413330078
-996.121337890625 -215.20726013183594
-994.133544921875 -217.2052001953125
-992.138671875 -215.20538330078125
-990.1531372070312 -217.20359802246094
-988.1766357421875 -215.20457458496094
-986.1970825195312 -217.15048217773438
-984.2332153320312 -215.15130615234375
-982.3363037109375 -217.15077209472656
-980.3480224609375 -215.15170288085938
-978.3719482421875 -217.13925170898438
-976.3754272460938 -215.14476013183594
-974.3776245117188 -217.123046875
-972.3871459960938 -215.156982421875
-970.3885498046875 -217.00885009765625
-968.3905639648438 -215.03317260742188
-966.4459838867188 -216.81011962890625
-964.6995849609375 -214.81326293945312
-962.7017211914062 -216.81297302246094
-962.3803100585938 -215.04762268066406
-960.397216796875 -217.02975463867188
-959.3280639648438 -215.0672607421875
-957.4271850585938 -216.99169921875
-955.5392456054688 -215.16448974609375
-954.7227172851562 -213.19537353515625
-953.1854858398438 -213.80889892578125
-951.6737060546875 -215.19129943847656
-949.7568969726562 -213.59591674804688
-947.8356323242188 -215.50401306152344
-945.8406982421875 -216.94529724121094
-943.8612060546875 -218.62661743164062
-941.8688354492188 -220.20632934570312
-939.9027099609375 -221.10911560058594
-937.9834594726562 -219.73721313476562
-936.01025390625 -221.60032653808594
-934.08642578125 -220.2122039794922
-932.1317749023438 -221.4137725830078
-930.2510375976562 -220.93280029296875
-929.0193481445312 -222.27310180664062
-928.3560180664062 -223.81983947753906
-927.029052734375 -224.29981994628906
-925.336669921875 -226.25857543945312
-923.6229248046875 -228.2559051513672
-925.021240234375 -226.25924682617188
-923.0809326171875 -228.12757873535156
-921.7943115234375 -226.13189697265625
-920.161865234375 -227.7954559326172
-921.4742431640625 -225.802734375
