-1144.9835205078125 -173.07876586914062
-1142.983642578125 -172.6649169921875
-1141.4017333984375 -174.66482543945312
-1141.0072021484375 -176.66342163085938
-1141.9864501953125 -178.64735412597656
-1141.6282958984375 -180.64669799804688
-1143.044921875 -182.64060974121094
-1142.4652099609375 -184.6404266357422
-1141.795654296875 -186.64036560058594
-1141.963623046875 -184.74856567382812
-1141.083740234375 -186.74855041503906
-1139.1884765625 -184.82960510253906
-1137.390625 -186.82952880859375
-1135.4193115234375 -184.89112854003906
-1133.4404296875 -186.89112854003906
-1131.446533203125 -184.9077911376953
-1129.758056640625 -186.90777587890625
-1127.7607421875 -184.96900939941406
-1126.5452880859375 -186.96888732910156
-1124.5726318359375 -184.97488403320312
-1122.5927734375 -186.97482299804688
-1121.3140869140625 -184.9862518310547
-1119.3555908203125 -186.98623657226562
-1117.359130859375 -185.03282165527344
-1115.3616943359375 -187.03248596191406
-1113.391357421875 -185.0352783203125
-1112.029541015625 -187.0352325439453
-1110.0467529296875 -185.0724639892578
-1108.0587158203125 -187.07244873046875
-1106.06103515625 -185.23353576660156
-1104.26416015625 -187.23350524902344
-1102.2796630859375 -185.23826599121094
-1100.5439453125 -187.23782348632812
-1098.5479736328125 -185.2681121826172
-1097.827392578125 -187.2680206298828
-1095.8388671875 -185.40066528320312
-1093.896484375 -187.400390625
-1091.90966796875 -185.40318298339844
-1089.912109375 -183.4033966064453
-1089.0174560546875 -185.4032440185547
-1089.629638671875 -187.40322875976562
-1087.6368408203125 -185.45213317871094
-1085.861328125 -187.4521026611328
-1083.9813232421875 -185.76113891601562
-1082.0257568359375 -187.76112365722656
-1080.0260009765625 -185.80613708496094
-1078.0633544921875 -187.805908203125
-1076.06689453125 -186.3265838623047
-1074.3426513671875 -188.32656860351562
-1072.343994140625 -186.5289764404297
-1070.3463134765625 -184.53009033203125
-1068.4681396484375 -186.5297393798828
-1066.4705810546875 -184.53298950195312
-1064.4716796875 -186.53236389160156
-1065.39501953125 -188.53231811523438
-1063.395751953125 -186.53334045410156
-1062.5728759765625 -188.53330993652344
-1064.4996337890625 -190.53204345703125
-1062.499755859375 -188.65585327148438
-1064.4423828125 -190.65565490722656
-1062.4423828125 -189.05276489257812
-1064.41162109375 -191.04835510253906
-1062.411865234375 -190.62782287597656
-1063.709716796875 -192.62686157226562
-1064.9964599609375 -194.62289428710938
-1062.9967041015625 -193.9405517578125
-1064.7904052734375 -195.9336700439453
-1062.79052734375 -196.82603454589844
-1063.5467529296875 -198.82472229003906
-1065.5013427734375 -200.21620178222656
-1063.50146484375 -199.6470947265625
-1061.5015869140625 -198.11036682128906
-1061.6695556640625 -200.10304260253906
-1063.419921875 -202.10293579101562
-1065.190673828125 -204.09779357910156
-1063.190673828125 -203.24639892578125
-1062.304443359375 -205.24234008789062
-1064.237548828125 -207.2153778076172
-1062.23779296875 -205.7046661376953
-1064.174560546875 -207.6937255859375
-1062.174560546875 -205.8958740234375
-1064.14404296875 -207.8948974609375
-1062.1441650390625 -208.91433715820312
-1063.88525390625 -210.91429138183594
-1061.8857421875 -212.8699188232422
-1059.935791015625 -214.8697052001953
-1057.9415283203125 -216.86968994140625
-1055.96044921875 -214.86985778808594
-1053.9609375 -216.86985778808594
-1051.96142578125 -214.86988830566406
-1049.972412109375 -216.86972045898438
-1047.9736328125 -218.86941528320312
-1045.9737548828125 -220.86929321289062
-1045.9825439453125 -219.34471130371094
-1044.318359375 -217.95236206054688
-1042.338134765625 -215.9674072265625
-1040.3382568359375 -217.96714782714844
-1038.3681640625 -215.96791076660156
-1036.3682861328125 -213.96998596191406
-1034.4326171875 -215.969970703125
-1032.432861328125 -213.97193908691406
-1030.438232421875 -215.97190856933594
-1028.438232421875 -213.9720916748047
-1026.4383544921875 -215.9720916748047
-1024.4384765625 -213.9765625
-1022.4384765625 -215.97654724121094
-1020.4398803710938 -213.98202514648438
-1018.4398803710938 -215.9777374267578
-1016.440673828125 -213.98086547851562
-1014.440673828125 -215.9794921875
-1012.4407958984375 -214.0041046142578
-1010.4408569335938 -212.28076171875
-1008.4655151367188 -214.28057861328125
-1006.5336303710938 -216.2805633544922
-1004.5336303710938 -214.29196166992188
-1002.5338134765625 -216.291748046875
-1000.5338745117188 -214.3044891357422
-998.533935546875 -216.30447387695312
-996.533935546875 -214.3486785888672
-994.5339965820312 -216.34861755371094
-992.5341796875 -214.41331481933594
-990.5341796875 -216.41159057617188
-988.5343017578125 -214.4220428466797
-986.554443359375 -216.42189025878906
-984.5548095703125 -214.46774291992188
-982.5548095703125 -216.46759033203125
-980.5548095703125 -218.46725463867188
-978.554931640625 -216.48500061035156
-976.554931640625 -218.48487854003906
-974.554931640625 -216.50181579589844
-972.5549926757812 -214.58453369140625
-970.5549926757812 -216.583984375
-968.5550537109375 -215.033203125
-966.5550537109375 -217.0309295654297
-964.5550537109375 -215.0347442626953
-962.5550537109375 -217.02037048339844
-960.5555419921875 -215.03721618652344
-958.5555419921875 -216.96017456054688
-956.5555419921875 -215.05538940429688
-954.5565185546875 -216.85687255859375
-952.5582885742188 -214.85842895507812
-950.5597534179688 -215.33651733398438
-948.5603637695312 -213.34042358398438
-946.5608520507812 -215.11703491210938
-944.5657958984375 -217.09767150878906
-942.5763549804688 -218.47445678710938
-940.5825805664062 -220.42440795898438
-938.5841064453125 -220.9464874267578
-936.7619018554688 -220.91151428222656
-934.7842407226562 -222.41891479492188
-932.8069458007812 -223.74871826171875
-930.8433837890625 -225.58265686035156
-928.8858032226562 -227.51425170898438
-926.974853515625 -229.32984924316406
-924.9776611328125 -227.7218475341797
-922.9969482421875 -227.2858428955078
-920.9989624023438 -229.20803833007812
-919.0009155273438 -227.23680114746094
