-1146.0162353515625 -173.0792694091797
-1144.020751953125 -175.0671844482422
-1145.883056640625 -177.0671844482422
-1143.886962890625 -179.04727172851562
-1145.879150390625 -181.04721069335938
-1143.931640625 -183.0463104248047
-1144.7474365234375 -185.0463104248047
-1145.9151611328125 -187.0463104248047
-1144.0250244140625 -187.41990661621094
-1144.957275390625 -189.32749938964844
-1142.9996337890625 -191.1425323486328
-1144.876953125 -193.1425018310547
-1142.87744140625 -195.02268981933594
-1144.8480224609375 -197.0224151611328
-1142.85400390625 -198.9609832763672
-1143.9996337890625 -200.9609832763672
-1144.8314208984375 -202.96092224121094
-1145.3555908203125 -204.96058654785156
-1143.44287109375 -206.7125244140625
-1145.1314697265625 -208.71250915527344
-1144.0634765625 -210.71249389648438
-1145.8797607421875 -212.71249389648438
-1144.733642578125 -214.71249389648438
-1143.468994140625 -216.71249389648438
-1144.8228759765625 -217.93505859375
-1146.1424560546875 -218.87403869628906
-1144.1461181640625 -219.53369140625
-1146.1180419921875 -221.35147094726562
-1144.4844970703125 -220.72308349609375
-1145.4974365234375 -222.63775634765625
-1143.5184326171875 -222.42271423339844
-1145.401123046875 -224.42022705078125
-1143.4034423828125 -226.16627502441406
-1145.3260498046875 -228.166259765625
-1143.3511962890625 -229.56881713867188
-1145.2630615234375 -231.56826782226562
-1143.2655029296875 -233.44708251953125
-1143.8143310546875 -235.4470672607422
-1142.20556640625 -233.821044921875
-1144.1529541015625 -235.821044921875
-1144.1256103515625 -237.46400451660156
-1145.802001953125 -239.45030212402344
-1147.777099609375 -241.44969177246094
-1149.728759765625 -243.44969177246094
-1148.86279296875 -245.44752502441406
-1147.80712890625 -247.44479370117188
-1145.9266357421875 -249.4444580078125
-1144.248779296875 -251.4444580078125
-1145.7066650390625 -253.4444122314453
-1143.759033203125 -253.2608184814453
-1145.0804443359375 -255.26080322265625
-1146.930908203125 -257.259033203125
-1145.0009765625 -259.2170715332031
-1144.576416015625 -260.911376953125
-1146.37353515625 -262.909912109375
-1148.3621826171875 -264.909912109375
-1150.2930908203125 -266.909912109375
-1148.407470703125 -268.90936279296875
-1150.2421875 -270.9093017578125
-1148.6495361328125 -272.9092712402344
-1150.5692138671875 -274.9092712402344
-1148.837158203125 -276.8692626953125
-1146.853759765625 -278.8551025390625
-1144.854248046875 -279.0655822753906
-1145.415771484375 -281.0655822753906
-1143.41845703125 -280.1896667480469
-1141.87548828125 -282.1896667480469
-1143.4697265625 -284.18902587890625
-1144.772216796875 -286.1884765625
-1142.7738037109375 -285.1669006347656
-1144.4287109375 -287.1385803222656
-1142.4300537109375 -286.02325439453125
-1143.927490234375 -288.0198059082031
-1142.2740478515625 -290.00823974609375
-1143.6197509765625 -292.00421142578125
-1143.1331787109375 -293.9945983886719
-1144.6357421875 -295.99456787109375
-1142.6387939453125 -294.5184020996094
-1141.4329833984375 -296.51837158203125
-1143.2620849609375 -298.34185791015625
-1144.2626953125 -300.28948974609375
-1144.55224609375 -302.24273681640625
-1145.04833984375 -304.24017333984375
-1144.210205078125 -306.2251281738281
-1144.4354248046875 -308.22491455078125
-1143.455078125 -310.22491455078125
-1141.950439453125 -312.2248840332031
-1139.9508056640625 -310.228515625
-1138.71435546875 -312.228515625
-1136.768310546875 -314.2283630371094
-1134.776123046875 -312.2349548339844
-1135.1162109375 -314.23492431640625
-1133.120849609375 -312.2379455566406
-1131.9466552734375 -314.2379150390625
-1130.01904296875 -312.32659912109375
-1128.0245361328125 -310.32928466796875
-1126.185791015625 -312.3292541503906
-1124.187744140625 -310.3334655761719
-1122.8712158203125 -312.33343505859375
-1120.9532470703125 -314.3334045410156
-1118.961669921875 -312.33441162109375
-1117.0423583984375 -314.3343505859375
-1115.0615234375 -312.3356628417969
-1113.0721435546875 -314.3356018066406
-1111.074951171875 -312.33770751953125
-1109.0955810546875 -314.2989807128906
-1107.2933349609375 -312.3800354003906
-1105.296630859375 -310.390625
-1103.3411865234375 -312.3905944824219
-1101.3438720703125 -310.3907470703125
-1099.3453369140625 -308.3940124511719
-1097.5374755859375 -310.3935546875
-1095.5374755859375 -308.39373779296875
-1093.5794677734375 -310.3937072753906
-1091.5826416015625 -312.3932800292969
-1089.584228515625 -310.3949890136719
-1087.5845947265625 -308.3997497558594
-1085.5853271484375 -310.39306640625
-1083.58544921875 -308.3933410644531
-1081.7100830078125 -310.3932800292969
-1080.2181396484375 -312.39324951171875
-1078.218505859375 -310.39508056640625
-1076.2816162109375 -312.3947448730469
-1074.282470703125 -310.4067687988281
-1072.36279296875 -312.4060974121094
-1070.36279296875 -310.4070129394531
-1068.385498046875 -312.40679931640625
-1066.39208984375 -314.3992004394531
-1064.3927001953125 -312.4012145996094
-1062.3944091796875 -310.40203857421875
-1060.697509765625 -312.40118408203125
-1058.6976318359375 -310.4044189453125
-1056.7847900390625 -312.4020080566406
-1054.7857666015625 -310.4062194824219
-1052.7857666015625 -308.4073486328125
-1050.7857666015625 -307.8293762207031
-1048.7861328125 -306.7724609375
-1046.7861328125 -304.7734375
-1046.1767578125 -306.643310546875
-1044.1767578125 -304.6434326171875
-1045.074462890625 -306.5318908691406
-1043.2943115234375 -308.3913269042969
-1041.2943115234375 -306.391845703125
-1039.8323974609375 -308.3824462890625
-1038.3985595703125 -309.5577087402344
-1036.40576171875 -311.485107421875
-1034.4058837890625 -309.5035705566406
-1032.46240234375 -311.5025329589844
-1030.462646484375 -309.5040588378906
-1028.4830322265625 -311.5015563964844
-1026.6910400390625 -313.4924621582031
-1024.691162109375 -311.49652099609375
-1022.697998046875 -313.3482666015625
-1020.6988525390625 -315.33843994140625
-1018.6989135742188 -313.3404235839844
-1016.7271728515625 -314.8939208984375
-1014.7279663085938 -315.08642578125
-1012.7312622070312 -316.3744201660156
-1010.7369384765625 -314.3748474121094
-1008.7377319335938 -312.37518310546875
-1006.7384033203125 -312.222412109375
-1004.738525390625 -310.2303161621094
-1002.7718505859375 -312.186279296875
-1000.7718505859375 -310.1863708496094
-998.9781494140625 -312.07965087890625
-996.9815673828125 -313.840576171875
-994.981689453125 -311.841552734375
-993.0481567382812 -313.3434143066406
-991.0995483398438 -313.471923828125
-989.1366577148438 -315.0585021972656
-987.1367797851562 -313.060546875
-985.1416625976562 -314.2995910644531
-983.141845703125 -312.3003845214844
-981.2618408203125 -313.3119201660156
-979.3244018554688 -314.7611083984375
-977.324462890625 -312.76629638671875
-975.5451049804688 -314.0908203125
-973.609130859375 -312.5790100097656
-971.6182250976562 -312.36181640625
-969.61962890625 -313.0685729980469
-967.64697265625 -312.0169677734375
-965.6664428710938 -310.41119384765625
-963.6664428710938 -308.42657470703125
-961.6726684570312 -306.42791748046875
-959.6732788085938 -304.4281311035156
-957.674072265625 -302.42822265625
-955.6800537109375 -300.4315490722656
-953.6808471679688 -298.431640625
-951.6895751953125 -296.4318542480469
-949.71435546875 -294.4320373535156
-947.731689453125 -292.4322204589844
-945.8223266601562 -290.4407653808594
-944.0032348632812 -288.4429931640625
-942.042236328125 -286.4774169921875
-940.597412109375 -284.5809631347656
-939.7865600585938 -282.5832824707031
-941.2890014648438 -280.59130859375
-940.102783203125 -278.61163330078125
-938.3448486328125 -276.61248779296875
-939.3760986328125 -274.67388916015625
-939.91015625 -272.6837158203125
-938.0247802734375 -270.69146728515625
-936.2720336914062 -268.71380615234375
-934.8875122070312 -266.7172546386719
-936.6695556640625 -264.7836608886719
-934.8687133789062 -262.80596923828125
-932.9688720703125 -260.828857421875
-932.2611694335938 -258.8426513671875
-933.779296875 -256.84307861328125
-931.8206176757812 -254.8970947265625
-930.1572875976562 -252.92337036132812
-928.9793701171875 -250.93267822265625
-930.5538330078125 -248.9515838623047
-931.127197265625 -246.9821014404297
-930.9295043945312 -245.17984008789062
-929.7247924804688 -243.1935577392578
-928.6131591796875 -241.22250366210938
-930.4641723632812 -239.40606689453125
-928.557373046875 -237.47108459472656
-927.254638671875 -235.4730224609375
-927.7214965820312 -233.5290069580078
-926.1033325195312 -231.64773559570312
-924.2528686523438 -229.66552734375
-922.3427734375 -227.66883850097656
-920.399658203125 -225.6704559326172
