-1145.693359375 -171.03199768066406
-1145.9176025390625 -169.0760955810547
-1143.9237060546875 -168.13755798339844
-1142.81005859375 -168.77545166015625
-1143.9107666015625 -170.349609375
-1145.371826171875 -170.94985961914062
-1144.4854736328125 -169.30067443847656
-1145.3836669921875 -169.9449005126953
-1143.4482421875 -167.9794158935547
-1144.2154541015625 -169.0738067626953
-1145.318115234375 -170.15301513671875
-1143.3909912109375 -168.18890380859375
-1144.3798828125 -169.9742431640625
-1145.9422607421875 -171.52981567382812
-1143.96923828125 -173.12586975097656
-1143.96630859375 -171.781494140625
-1142.9725341796875 -173.46507263183594
-1144.5106201171875 -175.4281463623047
-1146.069091796875 -173.8304443359375
-1144.227783203125 -174.20187377929688
-1144.54248046875 -175.51181030273438
-1146.2420654296875 -176.3961181640625
-1144.4742431640625 -176.59234619140625
-1146.0908203125 -178.1392822265625
-1144.1038818359375 -179.3843231201172
-1145.303955078125 -181.1320343017578
-1145.49072265625 -183.0228271484375
-1143.516845703125 -184.99169921875
-1143.584716796875 -186.32638549804688
-1141.9385986328125 -188.16317749023438
-1142.733154296875 -189.26910400390625
-1143.2762451171875 -191.02755737304688
-1142.18212890625 -191.9954833984375
-1142.20068359375 -190.37750244140625
-1140.75244140625 -191.7736053466797
-1141.71923828125 -193.7725372314453
-1140.8177490234375 -195.26602172851562
-1142.4764404296875 -194.97479248046875
-1143.4385986328125 -195.5230712890625
-1142.6092529296875 -197.2985382080078
-1144.4166259765625 -198.13670349121094
-1145.7308349609375 -199.4298095703125
-1144.308349609375 -199.78775024414062
-1143.2786865234375 -199.0625762939453
-1143.0567626953125 -199.34249877929688
-1142.0072021484375 -199.39236450195312
-1143.772216796875 -201.11424255371094
-1145.30322265625 -202.96934509277344
-1145.0262451171875 -201.70169067382812
-1143.153564453125 -201.04360961914062
-1143.8277587890625 -202.61386108398438
-1141.959716796875 -202.89723205566406
-1140.92138671875 -204.78587341308594
-1140.4056396484375 -206.63497924804688
-1142.0076904296875 -208.54898071289062
-1141.38427734375 -207.54522705078125
-1142.79345703125 -209.4867706298828
-1144.167724609375 -211.19415283203125
-1143.707275390625 -212.75540161132812
-1143.8355712890625 -214.49546813964844
-1141.9111328125 -216.32162475585938
-1140.357666015625 -215.0665740966797
-1138.4747314453125 -213.5019073486328
-1139.6148681640625 -214.66432189941406
-1140.160888671875 -216.25733947753906
-1138.300537109375 -214.45018005371094
-1136.3380126953125 -214.34918212890625
-1134.4051513671875 -215.3478240966797
-1133.7373046875 -213.4215087890625
-1132.3826904296875 -215.39047241210938
-1131.5145263671875 -213.4080047607422
-1129.603271484375 -215.3749542236328
-1127.6680908203125 -213.49819946289062
-1125.6839599609375 -214.98440551757812
-1123.819580078125 -215.92181396484375
-1122.0736083984375 -214.43365478515625
-1120.09912109375 -216.38134765625
-1118.1212158203125 -214.40594482421875
-1116.3240966796875 -216.39596557617188
-1115.966552734375 -214.44239807128906
-1114.966796875 -214.12234497070312
-1113.2740478515625 -215.89157104492188
-1111.2763671875 -213.8927459716797
-1112.9964599609375 -215.6795654296875
-1111.018310546875 -213.69129943847656
-1109.03662109375 -215.6408233642578
-1107.061279296875 -213.8211212158203
-1106.473388671875 -215.70346069335938
-1107.1341552734375 -217.6702423095703
-1105.3482666015625 -215.7028350830078
-1107.1785888671875 -216.65440368652344
-1105.3602294921875 -214.67025756835938
-1103.4190673828125 -215.2545166015625
-1102.704833984375 -215.670166015625
-1101.65234375 -217.01048278808594
-1099.678466796875 -215.03208923339844
-1098.4696044921875 -216.25872802734375
-1096.5755615234375 -218.10910034179688
-1094.7850341796875 -216.17466735839844
-1092.785888671875 -217.84873962402344
-1090.7972412109375 -215.85577392578125
-1089.2835693359375 -215.95179748535156
-1087.41455078125 -217.91897583007812
-1085.82177734375 -219.4307098388672
-1083.8592529296875 -217.4313201904297
-1082.88525390625 -219.4267578125
-1080.88818359375 -217.4352264404297
-1079.1011962890625 -217.84658813476562
-1077.1431884765625 -217.20571899414062
-1075.6982421875 -217.9090118408203
-1074.54248046875 -215.91127014160156
-1072.558349609375 -217.6316375732422
-1071.1976318359375 -215.64341735839844
-1069.311279296875 -217.4188690185547
-1067.35693359375 -215.42408752441406
-1065.3656005859375 -213.42523193359375
-1063.4384765625 -214.27796936035156
-1061.4931640625 -216.20433044433594
-1059.5093994140625 -214.25808715820312
-1058.9453125 -215.93887329101562
-1056.960205078125 -213.940185546875
-1054.9700927734375 -215.614990234375
-1053.0218505859375 -216.93289184570312
-1051.0260009765625 -214.93777465820312
-1050.0447998046875 -216.84437561035156
-1048.240966796875 -218.7705841064453
-1046.2412109375 -220.69223022460938
-1044.42578125 -219.75982666015625
-1042.44775390625 -217.7804412841797
-1040.4566650390625 -215.79542541503906
-1038.468505859375 -217.7323455810547
-1036.5208740234375 -215.73570251464844
-1034.52734375 -213.79644775390625
-1032.5728759765625 -215.77432250976562
-1030.6341552734375 -213.77447509765625
-1028.668701171875 -215.6012725830078
-1026.680419921875 -213.60337829589844
-1024.966796875 -215.58816528320312
-1022.9705810546875 -213.5889129638672
-1020.9790649414062 -215.49647521972656
-1018.98779296875 -213.49688720703125
-1017.1275634765625 -214.79933166503906
-1015.198974609375 -212.82391357421875
-1013.25634765625 -214.8118133544922
-1011.2567138671875 -212.8120574951172
-1009.4623413085938 -213.97430419921875
-1007.8482055664062 -215.5141143798828
-1005.8699951171875 -213.51519775390625
-1005.7125854492188 -215.4794464111328
-1003.8562622070312 -213.48106384277344
-1001.9779663085938 -215.19622802734375
-1000.2785034179688 -217.09567260742188
-998.285888671875 -215.098388671875
-996.42041015625 -216.94378662109375
-994.4238891601562 -214.94627380371094
-992.4335327148438 -216.93714904785156
-990.4414672851562 -214.9387664794922
-989.1249389648438 -216.2205810546875
-987.2770385742188 -214.24917602539062
-985.4523315429688 -216.24478149414062
-983.4580078125 -214.27345275878906
-981.5022583007812 -216.26705932617188
-980.0845947265625 -218.26255798339844
-978.0878295898438 -216.27590942382812
-976.3839721679688 -218.27206420898438
-974.3851928710938 -216.2765350341797
-972.3861694335938 -214.3180389404297
-970.51171875 -216.3077392578125
-968.512939453125 -214.30821228027344
-966.546875 -216.2336883544922
-964.547119140625 -214.2460174560547
-963.3759155273438 -216.24549865722656
-961.3759765625 -214.24658203125
-959.3831176757812 -216.24554443359375
-957.3831787109375 -214.24583435058594
-955.4130859375 -215.22801208496094
-953.4131469726562 -213.23193359375
-951.4234008789062 -215.17019653320312
-949.4234008789062 -213.17103576660156
-947.4287109375 -213.51275634765625
-948.7911376953125 -215.04078674316406
-948.7786254882812 -214.26983642578125
-950.0865478515625 -216.25115966796875
-948.0867919921875 -214.25450134277344
-947.8211059570312 -216.1435089111328
-947.8002319335938 -217.9503936767578
-948.67626953125 -219.8067169189453
-946.6764526367188 -217.80807495117188
-944.9727783203125 -219.67648315429688
-943.2445068359375 -221.33816528320312
-941.8628540039062 -223.29747009277344
-940.8707275390625 -224.99017333984375
-938.8960571289062 -226.47117614746094
-937.8892211914062 -228.4133758544922
-935.9695434570312 -229.97271728515625
-935.676513671875 -230.66943359375
-934.44873046875 -230.4419708251953
-935.300048828125 -232.27064514160156
-936.5569458007812 -233.8814697265625
-936.4036254882812 -232.28843688964844
-934.5972900390625 -234.0629425048828
-934.0966186523438 -234.23741149902344
-933.2666625976562 -235.8233642578125
-932.2190551757812 -234.223388671875
-933.2997436523438 -235.91128540039062
-932.53466796875 -234.22935485839844
-931.1737670898438 -234.81341552734375
-932.0601196289062 -233.61622619628906
-931.0850219726562 -235.20103454589844
-929.520263671875 -233.35374450683594
-930.5362548828125 -235.0174560546875
-932.036376953125 -233.5642852783203
-930.33544921875 -232.38525390625
-928.5269165039062 -231.0889434814453
-928.1910400390625 -230.49546813964844
-928.5667114257812 -228.6594696044922
-926.5865478515625 -228.45535278320312
-924.7589721679688 -226.61257934570312
-922.8564453125 -228.5684814453125
-921.0576171875 -226.6511688232422
-920.57177734375 -228.61900329589844
-918.7943115234375 -226.81192016601562
