-1049.9573974609375 -238.0424041748047
-1047.977294921875 -239.99652099609375
-1049.889892578125 -241.9868621826172
-1047.9793701171875 -243.96640014648438
-1049.1241455078125 -245.93663024902344
-1047.2691650390625 -247.92916870117188
-1049.265869140625 -249.89031982421875
-1051.06201171875 -251.82177734375
-1049.095458984375 -252.54934692382812
-1051.0428466796875 -254.2538604736328
-1049.0443115234375 -255.93460083007812
-1047.0513916015625 -257.92755126953125
-1048.9720458984375 -259.9063415527344
-1050.456787109375 -261.6965026855469
-1048.64990234375 -263.6788024902344
-1046.680908203125 -265.5738220214844
-1048.6572265625 -266.9407043457031
-1050.6380615234375 -268.9074401855469
-1048.6490478515625 -270.85528564453125
-1050.555419921875 -272.818603515625
-1048.6343994140625 -274.7824401855469
-1050.615478515625 -276.60015869140625
-1048.6739501953125 -277.9005432128906
-1050.62353515625 -279.8220520019531
-1048.710205078125 -281.7181091308594
-1050.1114501953125 -283.692138671875
-1048.1248779296875 -285.6597900390625
-1049.8101806640625 -287.658447265625
-1047.9229736328125 -289.593017578125
-1045.9298095703125 -291.578857421875
-1047.919189453125 -293.5274658203125
-1045.9195556640625 -295.5157165527344
-1047.5711669921875 -297.1750793457031
-1049.5540771484375 -299.00506591796875
-1047.5782470703125 -300.9872131347656
-1048.8017578125 -302.9782409667969
-1046.876220703125 -304.97344970703125
-1047.8992919921875 -306.9731750488281
-1045.92919921875 -308.9173278808594
-1043.9405517578125 -310.51702880859375
-1042.1402587890625 -309.03253173828125
-1040.1666259765625 -309.6080322265625
-1038.426025390625 -308.9566955566406
-1037.2005615234375 -310.942626953125
-1035.46044921875 -309.9659118652344
-1034.1041259765625 -311.9640808105469
-1032.1231689453125 -310.4452819824219
-1030.333740234375 -312.4387512207031
-1028.42578125 -310.48480224609375
-1027.3594970703125 -312.4841003417969
-1025.3892822265625 -310.4905090332031
-1023.8235473632812 -312.4886474609375
-1022.2457885742188 -314.48809814453125
-1020.268310546875 -313.06756591796875
-1018.3671875 -315.0638122558594
-1016.73828125 -317.0581359863281
-1014.7597045898438 -319.0576477050781
-1016.6626586914062 -319.60406494140625
-1014.6660766601562 -321.49639892578125
-1016.5608520507812 -323.46136474609375
-1018.4580078125 -325.40155029296875
-1016.4600830078125 -326.6245422363281
-1018.3973388671875 -328.5763854980469
-1016.4042358398438 -330.5103454589844
-1017.626708984375 -332.49859619140625
-1015.757080078125 -334.4681701660156
-1014.8580932617188 -336.3825378417969
-1016.3192138671875 -338.0201416015625
-1018.0408935546875 -339.88812255859375
-1016.05712890625 -340.6009521484375
-1017.700927734375 -342.57696533203125
-1015.765625 -343.6007385253906
-1015.5068969726562 -345.3866271972656
-1017.0562744140625 -347.2064514160156
-1015.0618286132812 -348.8697814941406
-1016.1389770507812 -350.82623291015625
-1014.14111328125 -352.64617919921875
-1012.1450805664062 -351.12542724609375
-1014.0957641601562 -353.0964050292969
-1012.21142578125 -351.2724609375
-1011.2720336914062 -349.60455322265625
-1013.238037109375 -349.8981628417969
-1014.3995971679688 -351.6317138671875
-1014.307861328125 -353.47393798828125
-1012.3629760742188 -351.5787048339844
-1014.2179565429688 -353.4827575683594
-1012.2288208007812 -351.9163513183594
-1012.3485717773438 -352.0100402832031
-1012.7565307617188 -353.01312255859375
-1014.2491455078125 -354.7846374511719
-1012.2650756835938 -352.8114318847656
-1013.3877563476562 -354.7392272949219
-1011.4000244140625 -352.7434387207031
-1011.7345581054688 -354.3851318359375
-1009.737548828125 -352.53558349609375
-1010.9557495117188 -354.3318176269531
-1009.3310546875 -356.1983642578125
-1007.3330078125 -354.207275390625
-1007.7736206054688 -355.80401611328125
-1005.8018188476562 -357.71539306640625
-1003.8038940429688 -355.7186279296875
-1001.8106079101562 -357.70745849609375
-999.8163452148438 -355.70806884765625
-998.0569458007812 -357.706787109375
-996.0591430664062 -355.70745849609375
-994.3937377929688 -357.6983947753906
-992.40087890625 -355.69952392578125
-990.425048828125 -357.69378662109375
-988.4373168945312 -355.6947326660156
-986.444091796875 -357.6372985839844
-984.9371337890625 -359.63494873046875
-982.9444580078125 -357.63531494140625
-980.9465942382812 -359.63323974609375
-978.9737548828125 -357.6333923339844
-977.1446533203125 -359.6095886230469
-975.1539916992188 -357.611083984375
-973.2388305664062 -359.4715576171875
-971.24609375 -357.4744873046875
-969.2799682617188 -359.45574951171875
-967.28173828125 -357.63226318359375
-965.2835693359375 -356.0330505371094
-963.2839965820312 -357.98712158203125
-961.2987060546875 -357.361328125
-959.3021240234375 -359.31658935546875
-957.32470703125 -359.34259033203125
-955.3753051757812 -360.84930419921875
-953.5890502929688 -362.78509521484375
-951.9573364257812 -364.77288818359375
-949.969970703125 -366.494140625
-948.0960083007812 -367.7606201171875
-946.103515625 -369.65643310546875
-944.4996337890625 -371.6269836425781
-943.9982299804688 -373.5406799316406
-943.810546875 -375.5216369628906
-941.8724975585938 -377.5121765136719
-940.2163696289062 -379.5113830566406
-940.2216796875 -381.49481201171875
-938.953369140625 -383.4783935546875
-937.4223022460938 -385.4369812011719
-937.7587280273438 -387.1684875488281
-935.955322265625 -389.050537109375
-935.0076904296875 -390.999267578125
-933.6502685546875 -392.79376220703125
-934.2720947265625 -394.280029296875
-933.4339599609375 -396.2443542480469
-934.0076904296875 -396.28021240234375
-935.908203125 -397.4588317871094
-933.938720703125 -399.0302734375
-932.0332641601562 -400.9245300292969
-930.201904296875 -401.9346923828125
-928.2318115234375 -403.8422546386719
