-1050.154052734375 -238.044921875
-1048.15771484375 -239.32484436035156
-1049.9254150390625 -241.3230438232422
-1048.1517333984375 -243.2250213623047
-1049.853759765625 -243.98556518554688
-1047.8707275390625 -245.96011352539062
-1047.34326171875 -247.7339630126953
-1049.2955322265625 -249.72817993164062
-1051.16162109375 -251.72689819335938
-1049.16259765625 -253.70565795898438
-1051.036376953125 -255.68809509277344
-1049.684814453125 -257.6846008300781
-1047.693359375 -259.67742919921875
-1047.381103515625 -261.6764221191406
-1047.3385009765625 -263.6730651855469
-1049.266357421875 -265.6726379394531
-1047.2684326171875 -267.66656494140625
-1049.143310546875 -269.6060485839844
-1049.3765869140625 -271.6015930175781
-1047.4002685546875 -273.278076171875
-1047.2943115234375 -275.27655029296875
-1048.559814453125 -277.27587890625
-1050.469970703125 -279.2751770019531
-1048.5042724609375 -281.2134094238281
-1050.134521484375 -283.2131042480469
-1048.135009765625 -283.876220703125
-1048.679443359375 -285.8761291503906
-1046.6845703125 -287.7735290527344
-1046.0994873046875 -289.77349853515625
-1046.6317138671875 -291.77349853515625
-1045.2352294921875 -293.77099609375
-1045.394775390625 -295.76995849609375
-1047.0760498046875 -297.7685241699219
-1047.6717529296875 -299.7662658691406
-1049.3134765625 -301.7608642578125
-1047.3743896484375 -303.3898620605469
-1045.4853515625 -305.3896789550781
-1044.1783447265625 -307.3896789550781
-1042.2862548828125 -309.3446044921875
-1040.302490234375 -310.4551696777344
-1038.302978515625 -310.5143737792969
-1036.3055419921875 -310.2044982910156
-1034.3988037109375 -312.2043151855469
-1032.4151611328125 -310.25927734375
-1030.547119140625 -312.25909423828125
-1028.5643310546875 -310.3103332519531
-1026.5693359375 -312.3103332519531
-1024.5701904296875 -314.31024169921875
-1022.5736694335938 -315.38671875
-1020.71826171875 -315.3106994628906
-1018.719482421875 -316.87689208984375
-1016.7633666992188 -318.8399658203125
-1014.81005859375 -317.2938537597656
-1012.8446044921875 -319.16363525390625
-1011.1134643554688 -320.7143249511719
-1013.02880859375 -322.4541931152344
-1014.40380859375 -324.3525390625
-1014.0299682617188 -326.3218688964844
-1014.9659423828125 -328.29888916015625
-1014.0916137695312 -329.86273193359375
-1014.609130859375 -331.85076904296875
-1013.4892578125 -333.8331298828125
-1013.2279052734375 -335.82470703125
-1011.839599609375 -337.8193054199219
-1010.3794555664062 -339.7762756347656
-1011.0455322265625 -341.7730712890625
-1012.9365234375 -343.73223876953125
-1013.9598388671875 -345.69390869140625
-1015.8142700195312 -347.6300048828125
-1013.814697265625 -349.3949890136719
-1013.1583251953125 -351.3517761230469
-1013.1482543945312 -353.3355712890625
-1011.1564331054688 -352.21514892578125
-1013.02880859375 -354.17120361328125
-1011.05078125 -353.0220031738281
-1010.9658203125 -355.0079040527344
-1008.96630859375 -353.12176513671875
-1010.3980712890625 -355.0126037597656
-1012.3875732421875 -357.0123596191406
-1010.3880615234375 -355.17620849609375
-1012.3679809570312 -357.1728210449219
-1010.3981323242188 -355.4543151855469
-1008.39892578125 -353.5531921386719
-1007.9642944335938 -355.5408935546875
-1006.666259765625 -357.5401611328125
-1006.8555297851562 -355.5829772949219
-1004.8692626953125 -357.5829772949219
-1003.2168579101562 -355.6261901855469
-1002.3418579101562 -357.6258239746094
-1000.4230346679688 -355.8265075683594
-998.7762451171875 -357.826416015625
-996.8152465820312 -355.8652648925781
-994.825439453125 -357.8652648925781
-992.8349609375 -356.15728759765625
-991.3172607421875 -358.15728759765625
-989.3890991210938 -356.18792724609375
-987.395263671875 -358.18743896484375
-985.407470703125 -356.4479675292969
-983.4597778320312 -358.4479064941406
-981.5863647460938 -356.48468017578125
-979.7637329101562 -358.48455810546875
-977.8363037109375 -357.2340393066406
-975.8576049804688 -359.2340087890625
-973.9148559570312 -357.65960693359375
-972.1626586914062 -359.65875244140625
-970.1627197265625 -358.0065612792969
-968.1627197265625 -356.1800231933594
-966.1640625 -358.1793212890625
-964.1641235351562 -359.5694274902344
-962.164794921875 -360.2975158691406
-960.1864013671875 -360.2922668457031
-958.1866455078125 -360.47723388671875
-956.1954345703125 -361.7044677734375
-954.2008056640625 -363.1871032714844
-952.3253784179688 -364.9762878417969
-950.3453979492188 -366.94256591796875
-948.3519897460938 -368.4222717285156
-946.3577270507812 -370.417236328125
-944.4955444335938 -372.35223388671875
-945.2440795898438 -374.3338623046875
-945.796142578125 -376.27288818359375
-944.3582153320312 -377.8203430175781
-942.4432373046875 -379.8028259277344
-940.83056640625 -381.7880554199219
-939.3470458984375 -383.7586364746094
-937.74560546875 -385.71795654296875
-936.9586791992188 -387.7020263671875
-935.337158203125 -389.59320068359375
-935.263427734375 -391.0487976074219
-933.9700317382812 -392.92486572265625
-932.0761108398438 -394.9227294921875
-930.7923583984375 -396.9226989746094
-929.907958984375 -398.9223937988281
-927.9181518554688 -400.28619384765625
-927.3357543945312 -399.89739990234375
-926.5062255859375 -398.8499755859375
-924.8218994140625 -397.4535217285156
-923.0482177734375 -395.5674743652344
-921.6051635742188 -397.5673828125
