-1046.4061279296875 -238.03680419921875
-1047.62353515625 -240.03099060058594
-1049.160400390625 -242.0213165283203
-1047.2337646484375 -243.9657440185547
-1046.6756591796875 -245.82632446289062
-1048.5828857421875 -247.52984619140625
-1050.20556640625 -249.43756103515625
-1048.222900390625 -251.42361450195312
-1049.2672119140625 -253.3800048828125
-1047.3084716796875 -254.83656311035156
-1047.3365478515625 -256.7376403808594
-1048.754638671875 -258.678466796875
-1050.7354736328125 -260.58697509765625
-1048.9071044921875 -262.5721435546875
-1046.921875 -264.4482116699219
-1046.4849853515625 -266.3565368652344
-1048.0697021484375 -267.19805908203125
-1050.0521240234375 -269.0932312011719
-1048.1373291015625 -271.0473937988281
-1048.532958984375 -273.00921630859375
-1049.2728271484375 -274.999755859375
-1047.3525390625 -275.9714660644531
-1049.066650390625 -277.8790283203125
-1050.895263671875 -279.7649841308594
-1048.9306640625 -281.7227478027344
-1050.7259521484375 -283.6839904785156
-1048.7333984375 -285.597900390625
-1046.7635498046875 -287.49346923828125
-1044.890625 -289.4860534667969
-1043.787841796875 -291.39117431640625
-1045.712890625 -293.18084716796875
-1047.665283203125 -295.0458984375
-1049.4610595703125 -296.9349670410156
-1047.4718017578125 -298.3069152832031
-1049.093017578125 -300.28607177734375
-1047.1192626953125 -302.17657470703125
-1048.3631591796875 -304.17529296875
-1046.3902587890625 -306.1405944824219
-1044.9000244140625 -308.1100769042969
-1042.9742431640625 -306.4385681152344
-1041.3873291015625 -308.4217529296875
-1039.618896484375 -309.81805419921875
-1037.6822509765625 -310.8697509765625
-1035.725830078125 -311.86358642578125
-1033.9091796875 -312.06414794921875
-1032.0186767578125 -310.8092041015625
-1030.5960693359375 -312.74505615234375
-1028.822509765625 -311.1560363769531
-1026.834228515625 -313.1516418457031
-1024.970947265625 -311.52349853515625
-1023.0936279296875 -313.519287109375
-1021.146728515625 -315.4985656738281
-1019.1771850585938 -316.02349853515625
-1017.1995239257812 -318.0085754394531
-1015.2616577148438 -319.1722106933594
-1016.0122680664062 -321.10791015625
-1017.993408203125 -322.5549621582031
-1016.0361938476562 -323.7126159667969
-1016.0994262695312 -325.6053161621094
-1017.814697265625 -327.5426330566406
-1015.82421875 -328.894775390625
-1017.5066528320312 -330.2550354003906
-1015.5081176757812 -331.9573974609375
-1016.2255859375 -333.6781311035156
-1018.2130126953125 -335.5194091796875
-1016.2139282226562 -337.26690673828125
-1015.1318359375 -338.90899658203125
-1016.6989135742188 -338.8636169433594
-1018.3648071289062 -340.6078186035156
-1016.3662719726562 -342.10858154296875
-1014.3707275390625 -341.24993896484375
-1014.5039672851562 -343.14837646484375
-1013.42578125 -344.8842468261719
-1014.6485595703125 -346.4810485839844
-1016.1487426757812 -348.37396240234375
-1014.1561279296875 -350.2811279296875
-1013.2862548828125 -352.1733703613281
-1013.8162841796875 -353.9996337890625
-1011.953369140625 -352.9859619140625
-1012.9348754882812 -354.7939758300781
-1010.9599609375 -353.07965087890625
-1009.7931518554688 -354.96820068359375
-1009.1815185546875 -356.94586181640625
-1007.3822021484375 -357.39471435546875
-1005.5560913085938 -356.17755126953125
-1003.712890625 -358.1648864746094
-1001.8632202148438 -357.3243408203125
-999.8944091796875 -359.31646728515625
-997.9869384765625 -359.2947692871094
-996.5223388671875 -358.76025390625
-995.3894653320312 -357.77850341796875
-993.3937377929688 -356.0733642578125
-991.4100341796875 -358.0687255859375
-990.1522827148438 -356.198974609375
-988.2266845703125 -358.19830322265625
-986.3685302734375 -356.830322265625
-984.3767700195312 -358.7978210449219
-982.381591796875 -356.90087890625
-980.3987426757812 -358.88629150390625
-979.5711059570312 -358.8392028808594
-978.0064086914062 -357.3399963378906
-976.0096435546875 -359.3387756347656
-974.073486328125 -357.8232116699219
-972.3607788085938 -355.8987731933594
-970.3878173828125 -357.8771057128906
-968.4182739257812 -355.96978759765625
-966.4193115234375 -357.9400939941406
-964.4224853515625 -358.5484619140625
-962.4226684570312 -356.7719421386719
-960.4226684570312 -358.74530029296875
-958.4231567382812 -360.19219970703125
-956.4237670898438 -361.6382141113281
-954.423828125 -362.8240966796875
-952.4238891601562 -364.2193908691406
-950.4239501953125 -366.0003967285156
-948.4240112304688 -367.8983459472656
-946.4240112304688 -369.8769836425781
-944.4259033203125 -371.7725524902344
-942.4263305664062 -373.7336120605469
-940.4271240234375 -375.600830078125
-938.4279174804688 -377.49658203125
-936.428466796875 -378.6217956542969
-934.4413452148438 -379.9710998535156
-932.4425659179688 -381.7957763671875
-930.4432983398438 -383.48095703125
-928.4454956054688 -385.4443054199219
-926.5308837890625 -387.4286193847656
-924.6015014648438 -388.908935546875
-922.6535034179688 -390.90081787109375
-920.654052734375 -392.8296813964844
-918.6541137695312 -394.7956237792969
-916.6546630859375 -396.7478332519531
