-1046.9765625 -235.16558837890625
-1045.073974609375 -233.5856170654297
-1043.175537109375 -231.76199340820312
-1042.74169921875 -229.780029296875
-1044.6064453125 -227.7958984375
-1042.982666015625 -225.98556518554688
-1041.5791015625 -224.00221252441406
-1042.45849609375 -222.00253295898438
-1040.5474853515625 -220.02149963378906
-1038.550537109375 -218.0792999267578
-1036.55859375 -216.1624755859375
-1034.845458984375 -214.3179473876953
-1033.0709228515625 -215.85720825195312
-1031.153076171875 -213.881103515625
-1029.1591796875 -215.3092803955078
-1027.1666259765625 -215.77362060546875
-1025.2149658203125 -213.79324340820312
-1023.2201538085938 -215.4943389892578
-1021.240966796875 -213.7118682861328
-1019.3495483398438 -214.64816284179688
-1017.3643188476562 -212.70211791992188
-1015.3726806640625 -214.44378662109375
-1013.376708984375 -212.5339813232422
-1011.4170532226562 -213.3629150390625
-1009.8245239257812 -211.51011657714844
-1008.0736083984375 -211.68931579589844
-1006.4109497070312 -213.56280517578125
-1004.4758911132812 -215.46148681640625
-1002.52783203125 -213.78150939941406
-1000.5471801757812 -214.48809814453125
-998.6123657226562 -216.46435546875
-996.6178588867188 -214.4959716796875
-994.6470947265625 -216.0487823486328
-992.8229370117188 -214.728271484375
-990.9822387695312 -216.51560974121094
-988.9949340820312 -214.80810546875
-987.0050048828125 -216.361083984375
-985.1275634765625 -214.93414306640625
-983.1483154296875 -216.87034606933594
-982.0101318359375 -215.6019287109375
-980.0260620117188 -217.47462463378906
-978.052001953125 -217.78317260742188
-976.27001953125 -218.0114288330078
-974.4903564453125 -218.05799865722656
-972.5137329101562 -218.2678985595703
-971.1527099609375 -216.6489715576172
-969.4357299804688 -215.314208984375
-967.4634399414062 -216.944580078125
-965.5848388671875 -216.08197021484375
-963.9610595703125 -214.19264221191406
-961.963134765625 -215.80984497070312
-960.437744140625 -216.10595703125
-958.7347412109375 -215.3292236328125
-957.6876220703125 -213.5055389404297
-955.7317504882812 -215.45004272460938
-953.7340087890625 -214.78399658203125
-951.7422485351562 -216.7813720703125
-949.783203125 -216.3075408935547
-947.801513671875 -216.42196655273438
-945.9652709960938 -218.32106018066406
-944.0046997070312 -220.1563262939453
-942.08349609375 -222.1439971923828
-940.8262329101562 -223.99925231933594
-940.5806884765625 -225.90924072265625
-939.0806884765625 -227.8905487060547
-937.5498657226562 -229.76853942871094
-938.8046875 -231.04391479492188
-937.4505615234375 -232.4140625
-937.5379028320312 -234.33499145507812
-938.6771240234375 -236.2544403076172
-937.3135375976562 -238.2438507080078
-937.0322875976562 -239.9954376220703
-936.187255859375 -241.94776916503906
-934.5918579101562 -243.9005126953125
-936.2437133789062 -245.8957061767578
-934.8667602539062 -247.81846618652344
-933.0975341796875 -249.5216827392578
-932.3087158203125 -251.4716796875
-934.0928344726562 -253.26060485839844
-933.2803344726562 -255.20816040039062
-933.3694458007812 -257.1987609863281
-934.8474731445312 -259.0594787597656
-934.76416015625 -260.5987548828125
-933.1253051757812 -262.545166015625
-932.0131225585938 -264.3448486328125
-930.9453735351562 -265.64581298828125
-932.5057983398438 -267.34661865234375
-934.150634765625 -269.1004638671875
-933.1737670898438 -270.896240234375
-933.6863403320312 -272.7518005371094
-933.7735595703125 -274.71978759765625
-933.751708984375 -276.4670104980469
-933.2496337890625 -278.39007568359375
-934.2041015625 -280.1611328125
-934.8521728515625 -281.4181213378906
-934.783935546875 -283.3623352050781
-935.8949584960938 -285.35980224609375
-934.2213134765625 -287.27264404296875
-933.1989135742188 -289.0147399902344
-934.8955688476562 -290.93157958984375
-935.9954223632812 -292.897216796875
-936.6062622070312 -294.844970703125
-937.07470703125 -296.80816650390625
-936.8426513671875 -297.9903259277344
-938.2442016601562 -299.8421325683594
-938.1709594726562 -301.5500793457031
-936.6973266601562 -303.4543151855469
-938.4142456054688 -305.3266296386719
-938.07177734375 -307.09368896484375
-936.9723510742188 -308.8835144042969
-937.788330078125 -310.7141418457031
-938.08642578125 -312.2560119628906
-937.4199829101562 -314.0746765136719
-937.6058349609375 -316.06939697265625
-937.2142333984375 -317.9059753417969
-935.3392333984375 -319.7906799316406
-935.7319946289062 -321.7040710449219
-936.697265625 -322.2568664550781
-938.3004760742188 -324.1474914550781
-937.5504760742188 -326.0655822753906
-939.3015747070312 -328.03369140625
-940.4444580078125 -329.9259338378906
-939.3986206054688 -331.88275146484375
-938.9161376953125 -333.83099365234375
-938.0951538085938 -335.77081298828125
-937.0492553710938 -337.59735107421875
-938.4073486328125 -339.58349609375
-939.463623046875 -341.5702209472656
-940.8560180664062 -343.23712158203125
-938.8932495117188 -345.2285461425781
-938.6658935546875 -347.2203063964844
-937.4410400390625 -348.6549987792969
-938.9657592773438 -350.4147033691406
-937.3773193359375 -352.4052429199219
-938.0567016601562 -354.04217529296875
-936.4490356445312 -356.0415954589844
-935.9155883789062 -358.02374267578125
-937.3123779296875 -359.98486328125
-936.177490234375 -361.89453125
-936.32763671875 -363.8813781738281
-934.554931640625 -365.842529296875
-934.135009765625 -367.70294189453125
-933.2003784179688 -369.5621643066406
-932.2730102539062 -371.41107177734375
-932.018798828125 -372.1907958984375
-931.3150024414062 -374.1488037109375
-932.8019409179688 -374.75927734375
-934.1688842773438 -376.6369934082031
-934.7445678710938 -378.6229248046875
-933.0120239257812 -380.5372619628906
-931.6484375 -382.4419860839844
-931.3780517578125 -383.5316467285156
-932.8256225585938 -384.5469055175781
-932.4071044921875 -386.410888671875
-932.823974609375 -387.40069580078125
-931.2242431640625 -388.85919189453125
-931.0130004882812 -390.0978698730469
-929.2144775390625 -391.90509033203125
-930.6052856445312 -392.8605041503906
-930.202392578125 -393.377685546875
-929.4808349609375 -395.14495849609375
-927.9762573242188 -396.59002685546875
-926.19189453125 -398.5040283203125
-924.5015258789062 -396.7960205078125
-922.8665161132812 -397.3684387207031
-921.6388549804688 -397.72393798828125
