-1050.166748046875 -237.8694305419922
-1048.2047119140625 -239.52072143554688
-1050.2015380859375 -241.30026245117188
-1049.1265869140625 -241.6681671142578
-1047.13134765625 -242.59317016601562
-1049.129150390625 -243.10447692871094
-1047.4925537109375 -242.13172912597656
-1049.4920654296875 -244.00003051757812
-1048.635986328125 -245.88194274902344
-1050.6357421875 -246.7965087890625
-1048.7344970703125 -246.37464904785156
-1050.7337646484375 -248.26174926757812
-1048.8875732421875 -249.79490661621094
-1050.8861083984375 -251.25579833984375
-1049.470458984375 -250.9336395263672
-1051.4696044921875 -252.71511840820312
-1049.749755859375 -254.27960205078125
-1047.7559814453125 -255.0935821533203
-1049.7552490234375 -256.9442138671875
-1050.2823486328125 -257.9245300292969
-1048.8037109375 -257.4061279296875
-1050.8035888671875 -259.2605285644531
-1049.2744140625 -260.6568603515625
-1047.3277587890625 -262.2011413574219
-1049.3203125 -264.013671875
-1047.3934326171875 -264.5744934082031
-1049.382080078125 -266.3612365722656
-1047.8729248046875 -268.2671813964844
-1049.8662109375 -270.21234130859375
-1047.88330078125 -271.0655822753906
-1049.8829345703125 -272.8525085449219
-1047.9334716796875 -271.5906982421875
-1049.9046630859375 -273.5
-1047.92822265625 -274.5174255371094
-1049.9183349609375 -276.2124938964844
-1047.9501953125 -277.5877990722656
-1049.8179931640625 -279.272216796875
-1047.8232421875 -281.2473449707031
-1049.814453125 -283.1440734863281
-1047.8397216796875 -284.8895263671875
-1049.8294677734375 -286.4950256347656
-1047.9927978515625 -287.4273376464844
-1046.3353271484375 -288.8543395996094
-1047.7593994140625 -290.810546875
-1045.799072265625 -292.5994567871094
-1047.795654296875 -294.41192626953125
-1049.768310546875 -296.0081787109375
-1047.794677734375 -297.3226623535156
-1049.703857421875 -298.72235107421875
-1047.74609375 -299.3343200683594
-1049.525390625 -300.435302734375
-1047.58203125 -301.9643249511719
-1049.5274658203125 -303.77587890625
-1047.582275390625 -305.6732482910156
-1045.614501953125 -307.6348571777344
-1043.6279296875 -308.3230895996094
-1041.641845703125 -307.66033935546875
-1041.5302734375 -309.583740234375
-1039.7432861328125 -308.3956604003906
-1041.2352294921875 -309.7922668457031
-1039.2579345703125 -308.7226867675781
-1040.8634033203125 -310.7104797363281
-1039.4381103515625 -311.09136962890625
-1037.97705078125 -311.3504333496094
-1036.222900390625 -310.9743957519531
-1035.2166748046875 -311.6205749511719
-1035.7987060546875 -311.533203125
-1036.6820068359375 -310.5589599609375
-1034.83984375 -309.10931396484375
-1034.084716796875 -311.07843017578125
-1032.1754150390625 -311.5272521972656
-1030.189697265625 -309.8631591796875
-1030.51025390625 -311.738037109375
-1029.39404296875 -310.8887634277344
-1028.21337890625 -312.8751525878906
-1026.71142578125 -313.6069030761719
-1024.7606201171875 -313.640869140625
-1023.2122192382812 -312.1252136230469
-1021.253662109375 -314.11407470703125
-1021.015869140625 -316.0110778808594
-1020.06591796875 -317.3625183105469
-1018.0703125 -318.88970947265625
-1016.0723876953125 -319.0993957519531
-1017.9677734375 -321.06451416015625
-1016.190185546875 -322.834716796875
-1017.286865234375 -324.3905029296875
-1015.28857421875 -325.9331359863281
-1017.2815551757812 -327.8609619140625
-1015.293701171875 -329.4154357910156
-1017.2349243164062 -331.3515625
-1015.2378540039062 -333.0585632324219
-1017.1937866210938 -334.2063293457031
-1015.2022094726562 -335.5843200683594
-1017.200927734375 -337.55181884765625
-1015.209716796875 -338.1466369628906
-1017.15478515625 -338.6520080566406
-1015.183837890625 -340.25189208984375
-1017.1743774414062 -341.8283996582031
-1015.2847900390625 -342.3251953125
-1016.7203979492188 -344.0685119628906
-1014.7330322265625 -342.5190124511719
-1016.627685546875 -341.8797607421875
-1014.654296875 -343.513671875
-1015.7230224609375 -344.8811950683594
-1013.732421875 -345.0497131347656
-1015.7045288085938 -347.0429382324219
-1013.70703125 -348.76824951171875
-1015.4594116210938 -350.51922607421875
-1013.523193359375 -349.9135437011719
-1015.37255859375 -351.5287780761719
-1013.421142578125 -350.04974365234375
-1012.6969604492188 -351.8935546875
-1014.6541748046875 -353.45233154296875
-1012.6658935546875 -351.889892578125
-1014.5010986328125 -352.5411682128906
-1012.5377197265625 -350.71514892578125
-1014.3800048828125 -352.33502197265625
-1012.5732421875 -351.1122131347656
-1014.568115234375 -352.2431640625
-1012.6775512695312 -354.0572204589844
-1010.69970703125 -354.2759094238281
-1012.6358032226562 -355.8454895019531
-1010.7035522460938 -353.9315185546875
-1012.6543579101562 -355.8811340332031
-1010.6962890625 -354.50006103515625
-1012.6783447265625 -356.0892028808594
-1010.7398681640625 -357.23004150390625
-1008.8472900390625 -356.1805725097656
-1007.0185546875 -354.863525390625
-1007.5040893554688 -356.8620300292969
-1005.779296875 -357.3548889160156
-1005.71484375 -357.2317199707031
-1004.2574462890625 -355.2665710449219
-1003.0371704101562 -357.25848388671875
-1001.090087890625 -359.2400207519531
-999.4174194335938 -358.23748779296875
-997.4314575195312 -357.2444763183594
-995.636474609375 -359.225341796875
-996.1626586914062 -357.8923034667969
-994.6655883789062 -355.93896484375
-992.7019653320312 -357.9378356933594
-991.5779418945312 -356.0740661621094
-989.7730712890625 -358.0670471191406
-989.4392700195312 -356.3371276855469
-987.4439697265625 -358.3349609375
-985.853515625 -356.90191650390625
-983.9296875 -358.89959716796875
-982.6632690429688 -357.0692443847656
-980.8528442382812 -359.06170654296875
-982.18310546875 -357.40802001953125
-980.1994018554688 -359.3692626953125
-978.398193359375 -357.39453125
-976.4006958007812 -359.38201904296875
-977.1853637695312 -357.4079895019531
-975.3078002929688 -359.40423583984375
-974.8071899414062 -357.5545959472656
-972.8155517578125 -359.5487976074219
-970.863525390625 -357.63427734375
-968.8931274414062 -355.7463684082031
-966.8935546875 -357.4888000488281
-964.8939208984375 -359.3627014160156
-962.8939819335938 -360.3645324707031
-960.8970947265625 -360.6950378417969
-958.8972778320312 -361.06072998046875
-956.9026489257812 -360.7076721191406
-954.9048461914062 -362.6302490234375
-952.9049072265625 -363.92474365234375
-950.90576171875 -365.3448486328125
-948.9058227539062 -366.9093933105469
-946.90625 -368.8765563964844
-946.3775024414062 -370.6836242675781
-944.4541625976562 -372.11151123046875
-943.5767211914062 -374.0886535644531
-942.4132690429688 -375.87835693359375
-940.45703125 -377.79449462890625
-938.63818359375 -379.3687438964844
-936.7772827148438 -380.32952880859375
-935.0427856445312 -382.17962646484375
-933.8604736328125 -384.14208984375
-934.1149291992188 -386.042724609375
-932.3014526367188 -387.90179443359375
-932.91455078125 -389.84393310546875
-931.8147583007812 -391.7039489746094
-930.0452270507812 -392.34356689453125
-931.4324951171875 -394.19573974609375
-930.2997436523438 -396.076171875
-928.3272094726562 -398.04541015625
-926.8253173828125 -399.67529296875
-925.7741088867188 -399.5498046875
-925.6961669921875 -397.84710693359375
-923.713623046875 -397.8529357910156
-922.6728515625 -396.9622497558594
-922.29345703125 -395.4145202636719
-920.355224609375 -397.322021484375
