-1050.1571044921875 -238.04371643066406
-1048.159912109375 -239.834716796875
-1050.15478515625 -241.83302307128906
-1048.1549072265625 -243.78585815429688
-1048.7498779296875 -243.0362091064453
-1046.7503662109375 -244.56936645507812
-1045.29052734375 -244.91302490234375
-1045.871337890625 -243.82862854003906
-1044.1253662109375 -245.59095764160156
-1046.07861328125 -245.8800811767578
-1048.0596923828125 -246.09283447265625
-1050.0526123046875 -247.980224609375
-1048.05322265625 -249.37982177734375
-1049.9754638671875 -250.78616333007812
-1047.9769287109375 -252.74365234375
-1049.975341796875 -254.72848510742188
-1047.9801025390625 -256.31524658203125
-1049.9793701171875 -257.5698547363281
-1047.9801025390625 -259.5648193359375
-1049.9400634765625 -261.1412048339844
-1047.9442138671875 -262.9792785644531
-1049.746826171875 -264.95184326171875
-1047.747802734375 -265.8547668457031
-1049.218505859375 -264.6143493652344
-1047.21875 -266.60308837890625
-1049.2174072265625 -267.9606018066406
-1047.220947265625 -269.47698974609375
-1049.2117919921875 -271.10345458984375
-1047.2120361328125 -272.7587890625
-1048.8973388671875 -274.41448974609375
-1050.873779296875 -276.3717346191406
-1048.8746337890625 -278.12591552734375
-1050.8603515625 -278.8000183105469
-1048.86181640625 -280.7835998535156
-1050.8421630859375 -282.75506591796875
-1048.846923828125 -283.17864990234375
-1048.920166015625 -285.1744079589844
-1046.9215087890625 -287.11297607421875
-1046.043701171875 -289.1126403808594
-1044.1912841796875 -291.1119384765625
-1045.94091796875 -292.99774169921875
-1047.9027099609375 -294.8740539550781
-1049.16259765625 -296.7541198730469
-1047.1673583984375 -298.2895202636719
-1048.91552734375 -300.0370178222656
-1046.916259765625 -301.7735290527344
-1048.7877197265625 -303.7498474121094
-1046.7896728515625 -304.5675048828125
-1047.433837890625 -306.5663757324219
-1045.433837890625 -306.2953186035156
-1043.6842041015625 -308.2928161621094
-1041.6844482421875 -307.83441162109375
-1039.7109375 -309.8289489746094
-1037.7298583984375 -310.3047790527344
-1035.7584228515625 -310.7034606933594
-1033.8013916015625 -311.45849609375
-1031.80517578125 -310.7270812988281
-1029.8077392578125 -312.7267761230469
-1027.88671875 -310.9161071777344
-1025.8956298828125 -312.915771484375
-1023.8961791992188 -311.5545349121094
-1021.8963623046875 -313.5540466308594
-1019.8966064453125 -315.5303955078125
-1017.8972778320312 -317.5284423828125
-1015.8992309570312 -318.9852600097656
-1016.22314453125 -319.6142272949219
-1014.4351806640625 -320.0884094238281
-1016.138671875 -320.73974609375
-1016.8079223632812 -322.553466796875
-1014.8121948242188 -324.3465576171875
-1016.6002197265625 -324.5169372558594
-1018.4895629882812 -325.34320068359375
-1016.4943237304688 -326.6700744628906
-1018.342529296875 -326.37994384765625
-1016.3460693359375 -327.71875
-1016.5623779296875 -329.00897216796875
-1018.3349609375 -329.1856384277344
-1016.3372802734375 -331.01483154296875
-1016.2017822265625 -332.6046447753906
-1016.2142333984375 -334.1084289550781
-1018.1182861328125 -334.8815002441406
-1016.1218872070312 -336.1221923828125
-1017.1414794921875 -337.62872314453125
-1015.146240234375 -338.3434143066406
-1016.8279418945312 -340.080810546875
-1014.8292236328125 -341.16009521484375
-1015.8695068359375 -342.252197265625
-1015.2759399414062 -342.69769287109375
-1016.9388427734375 -344.4001159667969
-1014.9390869140625 -344.0049743652344
-1015.362548828125 -345.5898132324219
-1015.1466674804688 -346.2731018066406
-1017.0380859375 -346.0326232910156
-1015.0389404296875 -346.93243408203125
-1016.9349365234375 -346.10174560546875
-1014.940185546875 -344.80255126953125
-1014.6765747070312 -346.5142517089844
-1014.642578125 -346.61492919921875
-1015.496337890625 -348.3173522949219
-1013.49951171875 -349.5492858886719
-1015.1547241210938 -351.0534362792969
-1013.1582641601562 -349.4864501953125
-1013.5563354492188 -349.17291259765625
-1015.3858032226562 -349.9485168457031
-1015.6930541992188 -351.3829345703125
-1013.6934204101562 -350.2575378417969
-1014.8197631835938 -351.7021179199219
-1012.8231201171875 -351.2104187011719
-1013.9494018554688 -349.6318664550781
-1014.1779174804688 -351.2764892578125
-1015.6322631835938 -352.8371276855469
-1013.6426391601562 -350.9270324707031
-1013.1627197265625 -351.7298889160156
-1014.86669921875 -353.5010986328125
-1012.8851928710938 -351.7996826171875
-1013.6896362304688 -353.6060485839844
-1011.6964721679688 -352.2156066894531
-1013.4227905273438 -353.47869873046875
-1011.4375610351562 -352.21697998046875
-1009.876220703125 -353.9912109375
-1011.383544921875 -355.7898864746094
-1009.3869018554688 -354.1435546875
-1010.1068725585938 -355.9222106933594
-1008.1077880859375 -354.8606872558594
-1008.5016479492188 -356.8573303222656
-1006.5228271484375 -356.4413146972656
-1004.9368286132812 -358.43804931640625
-1003.0829467773438 -356.4950866699219
-1001.1243896484375 -358.4916687011719
-999.1599731445312 -358.67559814453125
-997.8069458007812 -356.8530578613281
-995.8692626953125 -358.8515625
-994.2411499023438 -357.50714111328125
-992.3026123046875 -359.50421142578125
-990.4323120117188 -359.49969482421875
-988.9059448242188 -357.7933654785156
-987.02587890625 -356.6600646972656
-985.0423583984375 -358.5511474609375
-983.2861938476562 -356.74114990234375
-981.3697509765625 -358.7196350097656
-980.091064453125 -356.7861633300781
-978.095947265625 -358.7855224609375
-976.4421997070312 -357.1213073730469
-974.5975952148438 -359.1109924316406
-973.8577270507812 -357.66796875
-971.8612670898438 -359.66766357421875
-969.99365234375 -358.02191162109375
-968.0225830078125 -356.93804931640625
-966.024658203125 -358.9093933105469
-964.068603515625 -359.9595947265625
-962.0780029296875 -360.9581298828125
-960.085205078125 -360.9880065917969
-958.0894165039062 -362.5250549316406
-956.1038818359375 -362.5661315917969
-954.1097412109375 -364.3769836425781
-952.113037109375 -365.4989013671875
-950.1187744140625 -367.1799621582031
-948.1771240234375 -369.1370544433594
-946.1774291992188 -371.0933837890625
-944.179931640625 -372.31304931640625
-942.3055419921875 -374.2791748046875
-941.2149658203125 -376.05120849609375
-939.4268798828125 -377.8682556152344
-937.4884643554688 -379.84722900390625
-935.547607421875 -380.95269775390625
-933.6790161132812 -382.94952392578125
-935.2762451171875 -383.13885498046875
-933.8419189453125 -384.28533935546875
-933.5032348632812 -386.1200256347656
-932.022705078125 -387.0281982421875
-932.1231689453125 -388.6988830566406
-933.2152709960938 -390.5400390625
-931.8413696289062 -392.073486328125
-933.4880981445312 -393.6832275390625
-934.4445190429688 -395.61273193359375
-932.971435546875 -397.5525817871094
-931.8823852539062 -399.0902099609375
-930.6163330078125 -398.8915710449219
-930.2392578125 -397.5588684082031
-928.5989990234375 -396.21270751953125
-928.1697998046875 -398.1957702636719
-926.2214965820312 -396.80706787109375
-924.3172607421875 -398.8031921386719
