-1050.113037109375 -238.04083251953125
-1050.0439453125 -240.04025268554688
-1051.5006103515625 -242.0385284423828
-1051.77734375 -244.03758239746094
-1051.6624755859375 -246.0283660888672
-1050.483154296875 -248.02764892578125
-1048.576416015625 -250.01828002929688
-1050.5428466796875 -251.7716522216797
-1048.8701171875 -253.749755859375
-1050.7694091796875 -255.71392822265625
-1049.087158203125 -257.70758056640625
-1050.3731689453125 -259.7066345214844
-1049.81201171875 -261.6980895996094
-1049.2305908203125 -263.6482849121094
-1050.2220458984375 -265.64349365234375
-1049.82275390625 -267.63287353515625
-1049.8408203125 -269.6136474609375
-1049.0213623046875 -271.6025695800781
-1050.9908447265625 -273.3966064453125
-1049.651123046875 -275.3802490234375
-1048.58203125 -277.343994140625
-1050.5224609375 -279.25347900390625
-1049.673583984375 -281.2308349609375
-1049.36962890625 -283.2253723144531
-1048.5048828125 -285.2020263671875
-1046.8077392578125 -287.1943359375
-1048.485595703125 -289.19085693359375
-1049.1434326171875 -291.1749267578125
-1047.23388671875 -293.16375732421875
-1048.9423828125 -294.7897033691406
-1047.30322265625 -296.7540588378906
-1049.0784912109375 -298.6923828125
-1048.2606201171875 -300.6897888183594
-1046.48291015625 -302.4620666503906
-1048.45263671875 -304.2110290527344
-1047.751953125 -306.2094421386719
-1045.7965087890625 -307.9260559082031
-1043.8209228515625 -309.75848388671875
-1041.9290771484375 -311.6912841796875
-1040.2042236328125 -310.83392333984375
-1039.173828125 -311.63006591796875
-1037.2216796875 -313.27374267578125
-1035.9827880859375 -311.6484069824219
-1035.2154541015625 -313.2621154785156
-1033.3134765625 -312.2793273925781
-1031.4818115234375 -312.9245300292969
-1029.6439208984375 -313.5413513183594
-1027.98291015625 -314.5631408691406
-1026.52490234375 -312.9908142089844
-1026.33203125 -312.5174255371094
-1024.6929931640625 -314.48431396484375
-1022.7670288085938 -316.0559997558594
-1020.8656005859375 -317.806396484375
-1018.9307861328125 -319.79534912109375
-1017.1709594726562 -321.3885192871094
-1016.7572021484375 -323.3072204589844
-1015.5857543945312 -325.1224365234375
-1017.0753173828125 -326.9452209472656
-1015.4154052734375 -328.8526611328125
-1016.8811645507812 -330.684814453125
-1015.0665283203125 -332.6719970703125
-1016.7658081054688 -334.54461669921875
-1018.7312622070312 -336.53424072265625
-1016.8030395507812 -338.49896240234375
-1015.3480834960938 -340.490234375
-1017.3275756835938 -341.7420349121094
-1015.3397827148438 -342.5785827636719
-1017.0717163085938 -344.22967529296875
-1015.1688842773438 -345.21905517578125
-1016.482421875 -347.09771728515625
-1014.48779296875 -348.9986572265625
-1015.7615966796875 -350.887451171875
-1013.8318481445312 -352.7377624511719
-1011.8406982421875 -353.28778076171875
-1013.2122802734375 -353.6795654296875
-1011.2308959960938 -355.30523681640625
-1009.23876953125 -353.3704833984375
-1011.179443359375 -354.62042236328125
-1011.3078002929688 -355.9720458984375
-1009.5753173828125 -354.439697265625
-1011.4879150390625 -356.0055847167969
-1010.2796020507812 -355.57806396484375
-1008.2921752929688 -354.9115905761719
-1009.9085693359375 -356.90130615234375
-1009.1363525390625 -354.9090881347656
-1010.9069213867188 -356.6621398925781
-1008.9284057617188 -356.92626953125
-1007.1813354492188 -355.11761474609375
-1008.1875610351562 -357.0766296386719
-1006.2265014648438 -355.2756652832031
-1004.448974609375 -357.2754821777344
-1002.4706420898438 -359.2723083496094
-1000.5411987304688 -357.4271545410156
-998.6094970703125 -359.4165344238281
-997.2325439453125 -357.6666564941406
-995.2439575195312 -356.0419006347656
-993.2732543945312 -358.0401916503906
-991.4014892578125 -356.072265625
-989.4338989257812 -358.0566711425781
-987.48291015625 -356.86334228515625
-985.5421752929688 -358.8620300292969
-983.5681762695312 -357.4925842285156
-981.5760498046875 -359.49053955078125
-981.0247802734375 -357.5006408691406
-979.113525390625 -359.46905517578125
-977.1177978515625 -357.5041198730469
-975.3771362304688 -359.50341796875
-973.3921508789062 -357.626953125
-971.402099609375 -359.6233825683594
-969.4439697265625 -358.55029296875
-967.445068359375 -357.1648254394531
-965.4661865234375 -359.0209045410156
-963.4735107421875 -360.9468078613281
-961.4840087890625 -362.509765625
-959.5176391601562 -364.4736328125
-957.5606079101562 -366.4683532714844
-955.587646484375 -368.4564208984375
-953.6465454101562 -370.4556884765625
-951.8529663085938 -372.45440673828125
-950.0046997070312 -374.45391845703125
-948.1015014648438 -376.4538269042969
-946.313720703125 -378.4537048339844
-944.4217529296875 -380.44110107421875
-945.197021484375 -382.1819763183594
-945.4872436523438 -384.0858154296875
-944.6038208007812 -386.0556335449219
-942.8602294921875 -388.0199890136719
-941.6487426757812 -389.9665222167969
-940.568359375 -389.862060546875
-941.4989013671875 -391.5691833496094
-939.5822143554688 -392.0813293457031
-939.0198974609375 -392.4415283203125
-937.5618286132812 -391.8852233886719
-936.0972900390625 -393.0041809082031
-934.64990234375 -394.72076416015625
-933.2352294921875 -395.92828369140625
-934.32421875 -394.6994934082031
-933.2135620117188 -393.15081787109375
-933.0089721679688 -393.2826232910156
-933.7971801757812 -394.78753662109375
-933.3575439453125 -393.5545349121094
-933.3226928710938 -393.3424987792969
-935.0292358398438 -394.9004211425781
-935.4879150390625 -395.3700866699219
-936.9202880859375 -395.3348083496094
-936.232421875 -394.1098327636719
-936.3045043945312 -395.3238220214844
-935.7284545898438 -394.1229248046875
-937.2112426757812 -395.8901062011719
-939.0013427734375 -396.236083984375
-939.4566650390625 -396.55963134765625
-940.373779296875 -395.05474853515625
-938.5650024414062 -396.4346618652344
-937.9447021484375 -395.3334655761719
-937.846435546875 -396.01019287109375
-938.4092407226562 -397.4104309082031
-939.6687622070312 -397.9822082519531
-940.052978515625 -399.6502380371094
-938.7945556640625 -399.94549560546875
-937.0303344726562 -401.0585021972656
-935.2808837890625 -399.9105224609375
-933.6088256835938 -400.654296875
-932.2205810546875 -402.1039123535156
-932.6595458984375 -400.7309875488281
-930.8450317382812 -401.4114685058594
-929.2074584960938 -399.72491455078125
-927.5070190429688 -398.2038269042969
-925.8551635742188 -396.4322204589844
-927.104248046875 -398.3536071777344
-927.1021728515625 -398.581298828125
-925.6300048828125 -397.823486328125
-923.9058837890625 -399.1763610839844
