-954.8465576171875 -253.10610961914062
-952.8499145507812 -255.10264587402344
-950.8523559570312 -257.08355712890625
-948.8748168945312 -259.05419921875
-946.8814697265625 -261.04388427734375
-948.8814697265625 -263.0438537597656
-946.8878173828125 -264.75445556640625
-948.8877563476562 -266.75445556640625
-946.8884887695312 -268.6763916015625
-948.8884887695312 -270.6763916015625
-946.9285888671875 -272.66375732421875
-948.9285888671875 -274.66375732421875
-946.9287719726562 -276.6477966308594
-948.9287719726562 -278.6475524902344
-946.9305419921875 -280.6018981933594
-948.9305419921875 -282.6018981933594
-946.9357299804688 -284.5852966308594
-948.9357299804688 -286.5852966308594
-946.9458618164062 -288.4849853515625
-948.9458618164062 -290.4848937988281
-946.947021484375 -292.4587097167969
-948.9469604492188 -294.4587097167969
-947.0515747070312 -296.4213562011719
-949.0515747070312 -298.4213562011719
-947.0516967773438 -300.41644287109375
-949.0516967773438 -302.4163818359375
-947.0557861328125 -304.4107971191406
-949.0557861328125 -306.4103698730469
-947.0615234375 -308.3934020996094
-949.0615234375 -310.3934020996094
-947.1021728515625 -312.3894958496094
-949.1021728515625 -314.3894348144531
-947.721923828125 -316.375244140625
-949.7218627929688 -318.375
-947.7341918945312 -319.5425720214844
-949.7340698242188 -321.5425720214844
-947.7377319335938 -323.3562316894531
-949.7376098632812 -325.356201171875
-947.75830078125 -327.3041687011719
-949.75830078125 -329.30413818359375
-947.7637329101562 -331.28936767578125
-949.7637329101562 -333.28936767578125
-947.7686157226562 -335.2735595703125
-949.7686157226562 -337.2735290527344
-947.8917236328125 -339.0235595703125
-949.8912963867188 -341.0235595703125
-947.9183349609375 -342.984130859375
-949.9182739257812 -344.9841003417969
-947.9506225585938 -346.9661560058594
-949.9506225585938 -348.9661560058594
-947.9571533203125 -350.9109191894531
-949.9571533203125 -352.910888671875
-948.2131958007812 -354.8274841308594
-950.2129516601562 -356.8274841308594
-948.2262573242188 -358.8261413574219
-950.2255859375 -360.82611083984375
-948.2301635742188 -362.6932067871094
-946.23193359375 -364.6917419433594
-948.231689453125 -366.6910400390625
-946.3480224609375 -368.683837890625
-948.3478393554688 -370.68377685546875
-946.355712890625 -372.6626892089844
-948.3544311523438 -374.6626892089844
-946.3610229492188 -376.5978698730469
-948.3610229492188 -378.59783935546875
-946.3770141601562 -380.58673095703125
-948.37548828125 -382.58673095703125
-946.3850708007812 -384.5736999511719
-948.3848266601562 -386.5736999511719
-946.5588989257812 -388.5554504394531
-948.5578002929688 -390.5553894042969
-946.6085815429688 -392.5411682128906
-948.6058349609375 -394.541015625
-946.7518310546875 -396.4798583984375
-948.7500610351562 -398.47979736328125
-946.7802124023438 -400.45440673828125
-948.7801513671875 -402.4542541503906
-946.7899169921875 -404.1726989746094
-948.7891235351562 -406.16595458984375
-946.7904663085938 -407.9503479003906
-948.7867431640625 -409.9493408203125
-950.7866821289062 -411.9486083984375
-948.80419921875 -413.9202880859375
-950.8004760742188 -415.916259765625
-948.9468994140625 -417.91253662109375
-950.9464721679688 -419.9020690917969
-949.0662231445312 -421.90045166015625
-951.0567626953125 -423.8929138183594
-949.3516235351562 -425.855224609375
-951.3343505859375 -427.855224609375
-949.7760620117188 -429.6254577636719
-947.895751953125 -430.8985900878906
-949.8953247070312 -432.89849853515625
-948.3386840820312 -434.1335754394531
-950.3350830078125 -436.13330078125
-948.3565673828125 -438.1178283691406
-947.7282104492188 -440.1087646484375
-945.775390625 -441.97320556640625
-947.7456665039062 -443.9721984863281
-948.3816528320312 -445.86334228515625
-946.93896484375 -446.23388671875
-944.9750366210938 -448.0661926269531
-946.9298095703125 -450.06610107421875
-944.9932250976562 -452.0570068359375
-946.968017578125 -454.0567626953125
-944.97705078125 -456.0263366699219
-946.9744873046875 -458.017578125
-945.0809936523438 -460.0010986328125
-947.0341796875 -461.99517822265625
-949.0047607421875 -463.9946594238281
-947.74755859375 -465.970458984375
-949.4183959960938 -467.7543029785156
-947.4358520507812 -469.73345947265625
-946.18359375 -471.4441833496094
-948.1771850585938 -473.4427795410156
-946.837158203125 -475.41619873046875
-948.8328857421875 -477.4072570800781
-948.8005981445312 -479.2994689941406
-946.9834594726562 -481.2403869628906
-948.9832153320312 -483.2386779785156
-947.3496704101562 -485.2250671386719
-946.1871948242188 -487.2191162109375
-948.18017578125 -489.20751953125
-950.1641845703125 -491.2065124511719
-948.7076416015625 -493.1683349609375
-950.7035522460938 -495.16729736328125
-952.7015380859375 -497.15484619140625
-954.6982421875 -498.7917785644531
-956.4244995117188 -500.5948791503906
-955.723876953125 -502.2982482910156
-957.6778564453125 -502.8236999511719
-958.1323852539062 -504.5390319824219
-956.70654296875 -506.3670349121094
-958.1358642578125 -508.1936340332031
-959.9345703125 -509.5696105957031
-959.4891357421875 -511.20703125
-960.7532348632812 -511.4150390625
-962.2806396484375 -511.78851318359375
-961.2955322265625 -513.7074584960938
-959.5613403320312 -515.6832275390625
-958.0773315429688 -517.591064453125
-959.6355590820312 -519.5093383789062
-960.6439819335938 -520.156005859375
-961.3742065429688 -522.0291137695312
-960.4822387695312 -523.3442993164062
-962.2823486328125 -524.2446899414062
-963.3734130859375 -524.9262084960938
-962.9873657226562 -526.7930297851562
-964.622314453125 -527.2311401367188
-965.9655151367188 -528.3178100585938
-965.5447387695312 -529.6298828125
-964.1821899414062 -531.504638671875
-965.8147583007812 -531.3082275390625
-966.1019287109375 -532.8724365234375
-966.6624755859375 -531.5853271484375
-967.3871459960938 -530.848876953125
-966.217041015625 -529.9827880859375
-964.8688354492188 -530.9619140625
-963.5374145507812 -531.611572265625
-963.7303466796875 -532.9953002929688
-963.0692138671875 -534.9556274414062
-964.0291748046875 -536.5308227539062
-964.0910034179688 -534.987060546875
-964.9862670898438 -536.2625122070312
-966.2515869140625 -537.2066650390625
-966.7632446289062 -538.0774536132812
-968.2017822265625 -537.586181640625
-967.9236450195312 -538.5654296875
-966.0801391601562 -540.1712646484375
-966.292236328125 -541.4390869140625
-968.2916870117188 -541.6670532226562
-969.0380859375 -543.625244140625
-971.0287475585938 -542.9901733398438
-973.0264892578125 -541.1867065429688
-971.4810180664062 -543.041748046875
-973.4796752929688 -541.0675659179688
-972.6088256835938 -543.0604248046875
-973.506103515625 -544.9823608398438
-975.4810791015625 -543.1297607421875
-976.5263061523438 -545.1203002929688
-978.5018310546875 -545.2522583007812
-980.5001220703125 -543.3251953125
-981.6717529296875 -545.0068969726562
-983.6680908203125 -544.6028442382812
-985.6671752929688 -545.17724609375
-987.6629028320312 -544.1517944335938
-989.4905395507812 -546.115966796875
-991.4652099609375 -545.5777587890625
-993.44580078125 -547.573486328125
-993.750244140625 -546.2916870117188
-995.36669921875 -546.3717651367188
-995.126708984375 -545.6222534179688
-997.0867309570312 -543.7156372070312
-995.2996826171875 -545.6951904296875
-996.8081665039062 -544.3718872070312
-998.8018188476562 -543.360107421875
-998.515869140625 -545.3539428710938
-1000.42041015625 -544.5923461914062
-1002.418701171875 -543.3463745117188
-1001.8157348632812 -545.291259765625
-1003.5745239257812 -545.2001953125
-1005.5594482421875 -543.771728515625
-1007.5587158203125 -545.531982421875
-1009.556396484375 -544.0825805664062
-1011.55517578125 -543.8115844726562
-1013.5467529296875 -544.496337890625
-1015.5172729492188 -543.3242797851562
