-954.8577270507812 -253.10977172851562
-952.8734130859375 -255.10943603515625
-950.8758544921875 -257.10943603515625
-948.9051513671875 -259.1092529296875
-946.9109497070312 -261.1091003417969
-948.9109497070312 -263.1091003417969
-946.9130859375 -265.10906982421875
-948.9112548828125 -267.10906982421875
-946.9217529296875 -269.10894775390625
-948.92138671875 -271.10894775390625
-946.9244384765625 -273.10888671875
-948.9242553710938 -275.10888671875
-946.9842529296875 -277.10858154296875
-948.9841918945312 -279.10858154296875
-947.0638427734375 -281.1082458496094
-949.0637817382812 -283.1082458496094
-947.0903930664062 -285.10821533203125
-949.0903930664062 -287.10821533203125
-947.0984497070312 -289.10809326171875
-949.0980834960938 -291.10809326171875
-947.12109375 -293.1080322265625
-949.1209716796875 -295.10797119140625
-947.1435546875 -297.1077575683594
-949.1434326171875 -299.1077575683594
-947.2334594726562 -301.1077575683594
-949.23291015625 -303.10772705078125
-947.375244140625 -305.10760498046875
-949.3741455078125 -307.10760498046875
-947.3788452148438 -309.1075744628906
-949.3787841796875 -311.1075744628906
-947.4201049804688 -313.1074523925781
-949.4199829101562 -315.1074523925781
-947.4371337890625 -317.10614013671875
-949.4341430664062 -319.1061096191406
-947.4402465820312 -321.1029052734375
-949.4368286132812 -323.1029052734375
-947.6634521484375 -325.1026306152344
-949.6632690429688 -327.1026306152344
-947.7297973632812 -329.10260009765625
-949.7297973632812 -331.1025085449219
-947.7391357421875 -333.1021423339844
-949.739013671875 -335.1021423339844
-947.7516479492188 -337.1000671386719
-949.7513427734375 -339.1000671386719
-947.7586669921875 -341.09912109375
-949.7586669921875 -343.0990905761719
-947.773681640625 -345.09893798828125
-949.7736206054688 -347.09893798828125
-947.7804565429688 -349.09893798828125
-949.7792358398438 -351.09893798828125
-947.8233032226562 -353.09820556640625
-949.8233032226562 -355.09814453125
-947.8248901367188 -357.097900390625
-949.8248291015625 -359.097900390625
-947.8876953125 -361.0945739746094
-949.8876342773438 -363.09454345703125
-947.9033813476562 -365.09271240234375
-949.9032592773438 -367.0926818847656
-947.9234008789062 -369.0906066894531
-949.9234008789062 -371.090576171875
-947.9307861328125 -373.0899658203125
-946.0125122070312 -375.08636474609375
-948.0125122070312 -377.08636474609375
-946.356201171875 -379.08538818359375
-948.3560791015625 -381.08538818359375
-946.451416015625 -383.08514404296875
-948.4508056640625 -385.08514404296875
-946.5736083984375 -387.07965087890625
-948.5653076171875 -389.07965087890625
-946.6386108398438 -391.0791015625
-948.6385498046875 -393.0791015625
-948.003662109375 -395.0788879394531
-946.4625244140625 -397.0782470703125
-948.4620361328125 -399.0782470703125
-946.5018920898438 -401.06671142578125
-948.5018310546875 -403.0666809082031
-946.5348510742188 -405.06585693359375
-948.5348510742188 -407.0657653808594
-947.150146484375 -409.06488037109375
-949.1497192382812 -411.0648498535156
-951.1394653320312 -413.0648498535156
-949.3067626953125 -415.05712890625
-951.3062133789062 -417.0570983886719
-949.7822875976562 -419.0127258300781
-951.7819213867188 -421.01263427734375
-952.8314819335938 -422.9919738769531
-951.3175048828125 -424.95782470703125
-950.9736938476562 -426.9389953613281
-949.7445068359375 -428.9342956542969
-949.78173828125 -430.8856201171875
-947.9630126953125 -432.7814025878906
-949.961669921875 -434.7812194824219
-948.0714111328125 -436.7725524902344
-947.0145263671875 -438.75482177734375
-949.0117797851562 -440.75469970703125
-950.7584838867188 -442.7497253417969
-949.48779296875 -444.7286376953125
-948.9320068359375 -446.4750671386719
-949.6017456054688 -448.46685791015625
-951.2767333984375 -450.43756103515625
-950.6087646484375 -452.4054260253906
-949.60498046875 -454.3968811035156
-950.6190185546875 -456.2977600097656
-951.5375366210938 -458.2856750488281
-952.8162231445312 -460.2818298339844
-954.0439453125 -462.19793701171875
-955.46435546875 -463.64044189453125
-955.7249755859375 -465.58624267578125
-954.8211059570312 -467.5553894042969
-955.0611572265625 -469.5475769042969
-955.492431640625 -471.53863525390625
-957.2965087890625 -473.4284973144531
-959.0247192382812 -475.41510009765625
-960.6343383789062 -477.17779541015625
-962.0546875 -479.1753845214844
-964.047119140625 -481.1749572753906
-966.0370483398438 -483.1748962402344
-968.0245361328125 -485.1744384765625
-970.006591796875 -487.1744079589844
-972.0045776367188 -489.17401123046875
-974.0029907226562 -491.17388916015625
-975.8985595703125 -491.7944641113281
-977.7078247070312 -493.27752685546875
-979.7002563476562 -493.0096130371094
-981.683837890625 -494.3451232910156
-983.6777954101562 -493.84954833984375
-985.4228515625 -494.8103332519531
-987.370361328125 -494.1889953613281
-989.367431640625 -495.52734375
-991.124267578125 -496.8978576660156
-993.1239013671875 -495.2601623535156
-994.9286499023438 -495.8681335449219
-996.828857421875 -497.778076171875
-998.8099975585938 -497.5739440917969
-1000.6995849609375 -496.32843017578125
-1002.585693359375 -497.177001953125
-1004.1818237304688 -495.9667663574219
-1005.9146118164062 -497.86529541015625
-1007.73193359375 -498.6995544433594
-1009.6702270507812 -498.3690490722656
-1008.83642578125 -498.4912109375
-1010.833740234375 -499.6790466308594
-1012.6103515625 -501.2897033691406
-1010.7291259765625 -502.3554992675781
-1008.7736206054688 -503.5450439453125
-1010.7698364257812 -502.23223876953125
-1009.1336669921875 -503.74932861328125
-1011.1329956054688 -505.1719055175781
-1010.3421630859375 -506.5049743652344
-1012.3421020507812 -508.0235290527344
