-955.8524780273438 -253.1101837158203
-954.0758666992188 -255.10316467285156
-952.07861328125 -257.1006164550781
-950.5477905273438 -259.0997314453125
-948.6027221679688 -261.0989074707031
-946.8687133789062 -263.09869384765625
-948.8684692382812 -265.0975341796875
-946.92626953125 -267.0975036621094
-948.9258422851562 -269.097412109375
-946.9723510742188 -271.0965881347656
-948.8889770507812 -273.0965576171875
-947.0618286132812 -275.0953674316406
-949.0510864257812 -277.0945129394531
-947.3934326171875 -279.0934143066406
-945.4429931640625 -281.0924987792969
-947.4423828125 -283.0909118652344
-945.5145874023438 -285.0906982421875
-947.5130615234375 -287.08990478515625
-945.6806640625 -289.0894470214844
-947.6640014648438 -291.0893859863281
-945.6723022460938 -293.0888366699219
-947.665771484375 -295.0887145996094
-949.6550903320312 -297.08758544921875
-951.3992309570312 -299.0875244140625
-951.5977783203125 -301.0871276855469
-949.9953002929688 -303.0845031738281
-948.2977294921875 -305.0843200683594
-950.0084838867188 -307.08416748046875
-948.2063598632812 -309.08349609375
-946.6982421875 -311.08258056640625
-948.6947631835938 -313.0796203613281
-949.055419921875 -315.0789489746094
-947.2725830078125 -317.0640869140625
-949.2686157226562 -319.04608154296875
-948.9005126953125 -321.0457458496094
-947.2323608398438 -323.044921875
-949.2304077148438 -325.0430603027344
-949.5128784179688 -327.04046630859375
-947.5294799804688 -329.0310363769531
-949.4971313476562 -331.0292053222656
-949.0765991210938 -333.02911376953125
-947.503662109375 -335.0289001464844
-949.4872436523438 -337.0226745605469
-947.9926147460938 -339.0225524902344
-949.9901123046875 -341.0182800292969
-948.184326171875 -343.0163269042969
-950.087158203125 -345.012939453125
-948.5618286132812 -347.0081481933594
-948.4115600585938 -349.00799560546875
-947.7723388671875 -351.0052185058594
-949.6680908203125 -353.0038146972656
-951.3289184570312 -355.0007629394531
-951.7302856445312 -356.991943359375
-950.4104614257812 -358.9906005859375
-949.2491455078125 -360.9865417480469
-947.6549072265625 -362.9832458496094
-949.6542358398438 -364.9827880859375
-951.3782958984375 -366.98052978515625
-949.794677734375 -368.98004150390625
-949.6795654296875 -370.9790954589844
-950.8746948242188 -372.97491455078125
-951.4522094726562 -374.9748229980469
-952.1546630859375 -376.9725036621094
-953.5457153320312 -378.9583435058594
-955.210693359375 -380.94354248046875
-953.5084228515625 -382.93359375
-953.0632934570312 -384.9309387207031
-951.6134033203125 -386.90771484375
-949.7431640625 -388.9017333984375
-951.7000122070312 -390.9006652832031
-950.5895385742188 -392.86761474609375
-951.47216796875 -394.8673095703125
-951.9174194335938 -396.8638000488281
-953.3353271484375 -398.8617858886719
-951.4903564453125 -400.8362121582031
-950.7757568359375 -402.8283996582031
-951.887451171875 -404.80853271484375
-952.7498168945312 -406.7862854003906
-953.9930419921875 -408.7620544433594
-955.6538696289062 -410.74615478515625
-957.4055786132812 -412.7356262207031
-955.5977172851562 -414.7293701171875
-955.4413452148438 -416.70654296875
-953.9501342773438 -418.69915771484375
-952.4368896484375 -420.6704406738281
-953.621337890625 -422.6477966308594
-955.5438232421875 -424.6424865722656
-957.02587890625 -426.59051513671875
-955.7415161132812 -428.5561828613281
-953.8704833984375 -430.53662109375
-955.1619262695312 -432.506103515625
-953.5043334960938 -434.3633728027344
-954.6234741210938 -436.3271484375
-956.2636108398438 -438.230224609375
-954.8917236328125 -440.2065124511719
-956.7744750976562 -441.9592590332031
-955.918701171875 -443.94171142578125
-957.6445922851562 -445.9351501464844
-959.2216796875 -447.9007263183594
-960.1359252929688 -449.88848876953125
-959.2339477539062 -451.84173583984375
-960.8739013671875 -453.8098449707031
-961.172119140625 -455.7532958984375
-959.3263549804688 -457.5964050292969
-957.7748413085938 -459.5954895019531
-955.97265625 -461.5801696777344
-957.0282592773438 -463.50439453125
-958.7232666015625 -465.4918212890625
-956.9555053710938 -467.4228820800781
-958.768798828125 -469.41546630859375
-959.951171875 -471.292236328125
-958.6664428710938 -473.2207336425781
-957.198486328125 -474.730224609375
-956.1403198242188 -476.65753173828125
-956.3993530273438 -478.4264831542969
-957.2800903320312 -480.3478698730469
-959.2117309570312 -482.3331298828125
-960.5448608398438 -484.3285217285156
-962.3924560546875 -486.31768798828125
-962.6672973632812 -488.31683349609375
-963.77685546875 -490.3154602050781
-965.369384765625 -492.2715759277344
-967.3692626953125 -490.3761291503906
-967.7427368164062 -492.3734130859375
-969.7418823242188 -490.4660949707031
-971.738525390625 -491.54937744140625
-973.7338256835938 -492.09442138671875
-975.733642578125 -492.0490417480469
-977.7249145507812 -493.9581604003906
-979.7243041992188 -495.8470764160156
-981.7241821289062 -497.420166015625
-983.7222290039062 -497.5587158203125
-985.7200317382812 -499.2434997558594
-987.719482421875 -500.4850158691406
-989.7163696289062 -501.8243408203125
-991.71630859375 -500.71783447265625
-993.7141723632812 -498.88043212890625
-995.7080078125 -499.7117614746094
-997.7078857421875 -500.5912780761719
-999.7067260742188 -499.2352294921875
-1001.7064819335938 -500.5865173339844
-1002.8232421875 -501.6911315917969
-1004.82275390625 -500.4544372558594
-1006.8187866210938 -502.1247253417969
-1008.7989501953125 -502.1300964355469
-1010.7960205078125 -504.0926818847656
-1012.7597045898438 -506.0906677246094
-1010.801025390625 -507.2508239746094
-1012.5599975585938 -509.24981689453125
