-955.432373046875 -253.11001586914062
-953.4893798828125 -255.10887145996094
-951.5740356445312 -257.1040954589844
-951.1983642578125 -259.0955810546875
-949.2874755859375 -261.0955505371094
-947.8114013671875 -263.0926208496094
-945.8341674804688 -265.0913391113281
-947.8184204101562 -267.09124755859375
-945.8492431640625 -269.0894775390625
-947.8450927734375 -271.08929443359375
-945.9971923828125 -273.08880615234375
-947.99609375 -275.0863952636719
-946.1927490234375 -277.0863037109375
-948.1926879882812 -279.0861511230469
-946.660400390625 -281.08599853515625
-948.62109375 -283.0859375
-947.345947265625 -285.08477783203125
-945.7122802734375 -287.0819396972656
-947.70849609375 -289.0814208984375
-945.8348999023438 -291.0808410644531
-947.8330078125 -293.0807189941406
-945.9266357421875 -295.0805358886719
-947.9174194335938 -297.0804443359375
-946.1052856445312 -299.07977294921875
-948.1050415039062 -301.0796813964844
-946.9838256835938 -303.07958984375
-948.9740600585938 -305.0792236328125
-947.260009765625 -307.07672119140625
-949.2584228515625 -309.07659912109375
-948.253173828125 -311.07635498046875
-948.4909057617188 -313.0761413574219
-946.5413208007812 -315.0746765136719
-948.5401000976562 -317.07208251953125
-947.407958984375 -319.0719299316406
-949.40576171875 -321.06866455078125
-947.60595703125 -323.0201416015625
-949.5762329101562 -325.02008056640625
-947.8589477539062 -327.01995849609375
-949.8424682617188 -329.0186767578125
-947.8763427734375 -330.9992980957031
-949.7420654296875 -332.9990539550781
-948.44482421875 -334.9964294433594
-946.7071533203125 -336.9075927734375
-948.6445922851562 -338.9061279296875
-947.6957397460938 -340.9053649902344
-949.6929321289062 -342.9052429199219
-949.1074829101562 -344.9039611816406
-947.1548461914062 -346.9035339355469
-947.782958984375 -348.9026184082031
-949.7703857421875 -350.9025573730469
-947.806640625 -352.8988037109375
-949.646728515625 -354.8978576660156
-949.0272827148438 -356.8959045410156
-947.3175659179688 -358.89459228515625
-949.3076782226562 -360.89251708984375
-947.986328125 -362.892333984375
-949.980224609375 -364.8912048339844
-951.5484619140625 -366.8896179199219
-950.3720703125 -368.8857116699219
-948.5728759765625 -370.8831481933594
-948.4837646484375 -372.8822021484375
-947.25732421875 -374.8726806640625
-945.5812377929688 -376.8526306152344
-947.534423828125 -378.8524475097656
-949.5326538085938 -380.8465270996094
-947.907470703125 -382.84588623046875
-948.3464965820312 -384.84466552734375
-946.9393920898438 -386.8349609375
-948.9382934570312 -388.8344421386719
-950.4044189453125 -390.83306884765625
-950.5592651367188 -392.8300476074219
-951.504638671875 -394.82708740234375
-953.354736328125 -396.8232116699219
-951.3646850585938 -398.8126220703125
-949.38134765625 -400.8069763183594
-949.16162109375 -402.8044128417969
-947.413330078125 -404.7955627441406
-949.1908569335938 -406.79180908203125
-948.1694946289062 -408.7477722167969
-950.0484619140625 -410.7465515136719
-948.899658203125 -412.74029541015625
-950.8594970703125 -414.73907470703125
-949.8720703125 -416.72772216796875
-951.8338012695312 -418.7261657714844
-950.5119018554688 -420.7040710449219
-949.7835083007812 -422.69378662109375
-951.7244873046875 -424.69256591796875
-952.6121215820312 -426.685791015625
-951.4360961914062 -428.65228271484375
-950.016357421875 -430.6248779296875
-951.8516845703125 -432.6212158203125
-952.3681030273438 -434.61285400390625
-951.4120483398438 -436.6115417480469
-950.6441650390625 -438.6048583984375
-951.1729125976562 -440.4378662109375
-951.535400390625 -442.4283752441406
-950.8990478515625 -444.36053466796875
-952.347412109375 -446.33892822265625
-953.6405029296875 -448.25775146484375
-953.6451416015625 -448.8815612792969
-954.1990356445312 -450.86651611328125
-952.861328125 -452.8125
-953.3283081054688 -454.80035400390625
-953.4561157226562 -456.77349853515625
-951.5792236328125 -458.7015686035156
-952.5960693359375 -460.57891845703125
-953.953125 -462.5591735839844
-952.48681640625 -464.499267578125
-951.4159545898438 -466.4331970214844
-952.902099609375 -467.7101745605469
-954.0241088867188 -469.673583984375
-953.4906616210938 -471.64044189453125
-955.1531982421875 -473.22308349609375
-954.05322265625 -475.2150573730469
-955.6255493164062 -477.1650085449219
-956.4364013671875 -479.0619812011719
-957.6774291992188 -481.0489196777344
-957.628662109375 -482.79400634765625
-959.5355834960938 -484.792236328125
-960.5505981445312 -486.7733154296875
-961.8208618164062 -488.58575439453125
-963.7832641601562 -490.58154296875
-965.7200317382812 -492.5766906738281
-967.719970703125 -490.5953369140625
-969.088623046875 -492.59490966796875
-971.0884399414062 -492.0000915527344
-973.0880737304688 -492.1056213378906
-975.0848388671875 -491.6680908203125
-977.0819091796875 -493.4515075683594
-979.0809326171875 -494.12359619140625
-981.0771484375 -495.80419921875
-983.0156860351562 -496.96527099609375
-985.0149536132812 -496.0457458496094
-987.01171875 -498.02960205078125
-989.0101318359375 -499.2940368652344
-990.9439697265625 -497.4931335449219
-992.9293823242188 -499.2644348144531
-994.9288330078125 -498.14801025390625
-996.8990478515625 -498.23004150390625
-998.893798828125 -497.84326171875
-1000.8565063476562 -499.48187255859375
-1002.8439331054688 -500.55242919921875
-1004.8411254882812 -498.6361389160156
-1006.8341064453125 -499.7483215332031
-1008.63916015625 -498.3950500488281
-1010.6293334960938 -500.3856201171875
-1009.1653442382812 -501.08270263671875
-1011.1085205078125 -503.0279235839844
-1009.1150512695312 -504.9443359375
-1011.03515625 -506.8723449707031
-1012.4943237304688 -508.8720703125
