-956.41650390625 -253.11013793945312
-954.4439697265625 -255.110107421875
-952.4853515625 -257.1100769042969
-950.5950317382812 -259.10986328125
-948.9130859375 -261.10986328125
-946.9549560546875 -263.1098327636719
-948.9548950195312 -265.1098327636719
-947.304931640625 -267.10980224609375
-945.6453857421875 -269.1097412109375
-947.6453857421875 -271.1097412109375
-945.7875366210938 -273.1095886230469
-947.787353515625 -275.1095886230469
-945.8944702148438 -277.10955810546875
-947.8944702148438 -279.1094055175781
-947.8334350585938 -281.109375
-945.8983154296875 -283.109375
-947.8983154296875 -285.109375
-946.5490112304688 -287.109375
-948.5489501953125 -289.109375
-946.655029296875 -291.1092834472656
-948.655029296875 -293.1092834472656
-946.7122802734375 -295.1092529296875
-948.7122802734375 -297.1092529296875
-948.0736694335938 -299.1092529296875
-946.2265014648438 -301.10888671875
-948.2264404296875 -303.10888671875
-946.740234375 -305.1086730957031
-948.7400512695312 -307.108642578125
-946.8333740234375 -309.108642578125
-948.8333740234375 -311.108642578125
-946.9747314453125 -313.108642578125
-948.974609375 -315.1086120605469
-947.016357421875 -317.1085510253906
-949.016357421875 -319.1085510253906
-948.3867797851562 -321.10845947265625
-950.38671875 -323.10845947265625
-949.2031860351562 -325.1084289550781
-947.3827514648438 -327.1084289550781
-949.3826293945312 -329.1084289550781
-947.3974609375 -331.1068420410156
-949.3974609375 -333.1068420410156
-947.9118041992188 -335.1067810058594
-949.9117431640625 -337.1067810058594
-950.0586547851562 -339.10675048828125
-950.0443725585938 -341.10675048828125
-948.437255859375 -343.106689453125
-947.6193237304688 -345.1064147949219
-949.6193237304688 -347.10638427734375
-948.0812377929688 -349.1062927246094
-950.0812377929688 -351.1062927246094
-948.3497314453125 -353.1060791015625
-946.3887329101562 -355.105712890625
-948.3887329101562 -357.105712890625
-950.3885498046875 -359.105712890625
-950.0264892578125 -361.1021423339844
-951.0165405273438 -363.1018371582031
-949.11376953125 -365.1015319824219
-947.4136352539062 -367.1011657714844
-949.4127807617188 -369.10113525390625
-947.798583984375 -371.1008605957031
-949.7982788085938 -373.1008605957031
-949.08056640625 -375.1006774902344
-948.32373046875 -377.1005859375
-948.4329223632812 -379.1005554199219
-949.1710205078125 -381.09918212890625
-948.6618041992188 -383.0987548828125
-946.8196411132812 -385.0987243652344
-948.7998657226562 -387.09869384765625
-947.439208984375 -389.0986633300781
-949.4390869140625 -391.0986328125
-949.4180297851562 -393.0986328125
-947.8206787109375 -395.0986022949219
-949.8206787109375 -397.0986022949219
-951.218994140625 -399.0953063964844
-949.3767700195312 -401.09197998046875
-950.033203125 -403.0913391113281
-950.9793701171875 -405.0912170410156
-952.5250854492188 -407.0867614746094
-950.5858764648438 -409.0859069824219
-950.1116333007812 -411.08544921875
-948.7757568359375 -413.0771179199219
-950.7756958007812 -415.07708740234375
-951.3609619140625 -417.0710144042969
-949.6061401367188 -419.0694885253906
-951.6058349609375 -421.0694580078125
-950.0410766601562 -423.0676574707031
-950.7257080078125 -425.0670166015625
-948.8681030273438 -427.0624084472656
-950.8637084960938 -429.06219482421875
-952.21923828125 -431.0614013671875
-952.4025268554688 -433.05841064453125
-951.5126953125 -435.0511474609375
-952.7499389648438 -437.048828125
-953.9657592773438 -439.0412902832031
-954.1820068359375 -441.03863525390625
-954.060791015625 -443.0368347167969
-955.8255004882812 -445.0340881347656
-956.5724487304688 -446.8708801269531
-956.5157470703125 -448.8204345703125
-957.2323608398438 -450.7946472167969
-958.7512817382812 -452.67791748046875
-957.7208862304688 -454.6568908691406
-959.370361328125 -456.6221008300781
-959.3984985351562 -458.62078857421875
-957.9479370117188 -460.61602783203125
-956.409423828125 -462.6121520996094
-958.2714233398438 -464.58905029296875
-960.1973876953125 -466.5833435058594
-960.6008911132812 -468.5689392089844
-962.02001953125 -470.3174133300781
-962.0938720703125 -472.3102111816406
-962.176513671875 -474.2637939453125
-961.6293334960938 -476.2581787109375
-960.3207397460938 -478.2192077636719
-960.8165283203125 -480.2189636230469
-962.6712646484375 -482.2188720703125
-964.4064331054688 -484.21881103515625
-966.404052734375 -486.2187805175781
-968.3513793945312 -488.2186584472656
-970.3433227539062 -490.21856689453125
-972.3428344726562 -492.2185363769531
-973.4742431640625 -490.32061767578125
-975.4713745117188 -489.54083251953125
-977.4637451171875 -491.54083251953125
-979.45703125 -490.1724548339844
-981.4452514648438 -489.58062744140625
-983.34423828125 -490.6923828125
-985.328125 -491.51239013671875
-987.257080078125 -489.721923828125
-989.1798706054688 -491.2908630371094
-991.0896606445312 -493.07147216796875
-993.050048828125 -494.11981201171875
-995.0078125 -493.2900390625
-996.9614868164062 -495.2081604003906
-998.9546508789062 -496.2652587890625
-1000.8776245117188 -496.92138671875
-1002.6940307617188 -498.3338317871094
-1004.575927734375 -498.5101013183594
-1005.6051025390625 -497.9560241699219
-1007.521240234375 -498.4408264160156
-1007.897705078125 -498.80322265625
-1009.8488159179688 -500.3294982910156
-1011.477294921875 -501.9454040527344
-1011.1437377929688 -503.6795654296875
-1009.9780883789062 -505.64630126953125
-1011.9742431640625 -506.6616516113281
-1010.1436157226562 -508.62548828125
-1012.1434326171875 -510.391845703125
