-954.8707275390625 -253.10995483398438
-952.9700317382812 -255.10995483398438
-951.720947265625 -257.1099548339844
-949.8870849609375 -259.1099548339844
-947.8884887695312 -261.10992431640625
-945.9036254882812 -263.10992431640625
-947.9036254882812 -265.10992431640625
-946.2894897460938 -267.10992431640625
-948.2894897460938 -269.10992431640625
-946.4429321289062 -271.10992431640625
-948.4429321289062 -273.10992431640625
-946.4886474609375 -275.1098937988281
-948.4886474609375 -277.1098937988281
-946.5572509765625 -279.1098937988281
-948.5572509765625 -281.1098937988281
-946.57421875 -283.10986328125
-948.57421875 -285.1098327636719
-946.6429443359375 -287.1098327636719
-948.6429443359375 -289.1098327636719
-946.8297729492188 -291.1098327636719
-948.8297729492188 -293.1098327636719
-946.9385375976562 -295.10980224609375
-948.9385375976562 -297.10980224609375
-946.9737548828125 -299.10980224609375
-948.9737548828125 -301.1097412109375
-947.02685546875 -303.1097412109375
-949.02685546875 -305.1097106933594
-947.0844116210938 -307.1097106933594
-949.0844116210938 -309.1097106933594
-947.324462890625 -311.1097106933594
-949.324462890625 -313.1097106933594
-947.6198120117188 -315.1097106933594
-949.6198120117188 -317.10968017578125
-947.7670288085938 -319.1084899902344
-949.7670288085938 -321.1084899902344
-947.7700805664062 -323.1083984375
-949.7700805664062 -325.1083679199219
-947.88671875 -327.1083679199219
-949.88671875 -329.1083679199219
-948.0923461914062 -331.10833740234375
-950.0923461914062 -333.10833740234375
-948.2158203125 -335.1083068847656
-950.2157592773438 -337.1083068847656
-948.2310180664062 -339.10797119140625
-950.2310180664062 -341.10797119140625
-948.2420043945312 -343.10772705078125
-950.2420043945312 -345.10772705078125
-948.263427734375 -347.1076965332031
-946.2706909179688 -349.107666015625
-948.2706909179688 -351.107666015625
-946.3004150390625 -353.1076354980469
-948.3004150390625 -355.1076354980469
-950.3004150390625 -357.1076354980469
-948.5942993164062 -359.1075744628906
-947.0305786132812 -361.1073913574219
-949.030517578125 -363.1073913574219
-947.141357421875 -365.1065673828125
-949.141357421875 -367.1065673828125
-947.614990234375 -369.1061706542969
-949.614990234375 -371.10614013671875
-947.6541137695312 -373.1060791015625
-945.759033203125 -375.1060791015625
-947.759033203125 -377.1060485839844
-948.3695068359375 -379.1059875488281
-946.3812866210938 -381.1042785644531
-948.3812866210938 -383.1042785644531
-948.4100952148438 -385.1040954589844
-947.4909057617188 -387.1029968261719
-949.4908447265625 -389.1029968261719
-947.5003051757812 -391.1026611328125
-949.5003051757812 -393.1026611328125
-949.7633056640625 -395.1026611328125
-948.8196411132812 -397.1026306152344
-946.9920043945312 -399.0995788574219
-948.9920043945312 -401.09954833984375
-947.5187377929688 -403.0534362792969
-947.0574951171875 -405.0513916015625
-949.0574951171875 -407.0512390136719
-950.3790893554688 -409.0511779785156
-949.4332275390625 -411.0450134277344
-947.4685668945312 -413.0446472167969
-949.4685668945312 -415.0446472167969
-951.4685668945312 -417.04461669921875
-951.0393676757812 -419.0421447753906
-949.5269775390625 -421.0420227050781
-951.5269165039062 -423.0420227050781
-951.915283203125 -425.0418701171875
-949.9656982421875 -427.0217590332031
-951.6494140625 -429.0162658691406
-950.0857543945312 -431.0160827636719
-949.845458984375 -433.0047302246094
-951.4207763671875 -435.00390625
-949.5784912109375 -437.001220703125
-948.2696533203125 -438.9931945800781
-946.6343994140625 -440.9829406738281
-948.63134765625 -442.98291015625
-948.9800415039062 -444.9632568359375
-948.2899169921875 -446.943603515625
-948.5977783203125 -448.9327087402344
-949.4096069335938 -450.9170837402344
-948.4452514648438 -452.9132080078125
-946.67919921875 -454.905517578125
-944.7863159179688 -456.9017028808594
-946.7810668945312 -458.9015808105469
-948.7809448242188 -460.9012451171875
-947.3897705078125 -462.4856872558594
-948.3097534179688 -464.4586181640625
-949.5940551757812 -466.4320983886719
-951.2855834960938 -468.4146423339844
-953.0032958984375 -470.2107238769531
-952.2023315429688 -472.1837463378906
-953.5435180664062 -474.15557861328125
-951.9788818359375 -476.1244812011719
-953.9547729492188 -478.0443420410156
-955.9225463867188 -479.9035339355469
-957.1058349609375 -481.6655578613281
-957.2852783203125 -483.6431579589844
-958.8958129882812 -485.6430358886719
-960.8619995117188 -487.6429443359375
-962.8570556640625 -489.6421203613281
-964.8541259765625 -491.6403503417969
-966.8233032226562 -490.7796936035156
-968.8231811523438 -492.7796630859375
-970.770263671875 -493.7442321777344
-972.35205078125 -492.5509338378906
-974.3301391601562 -494.228515625
-976.3023071289062 -494.61102294921875
-978.281982421875 -495.59771728515625
-980.1322021484375 -496.7161865234375
-982.121337890625 -496.5478515625
-984.0808715820312 -497.2057189941406
-986.0513305664062 -497.66412353515625
-988.0048828125 -495.8060302734375
-989.9566650390625 -497.5557556152344
-991.9344482421875 -498.2373962402344
-993.90478515625 -499.27813720703125
-995.8932495117188 -497.8125305175781
-997.2537841796875 -498.1090087890625
-997.7838745117188 -499.0440368652344
-999.6205444335938 -499.5679016113281
-1001.1737060546875 -500.25421142578125
-1003.1340942382812 -500.35260009765625
-1005.1101684570312 -498.5060729980469
-1007.0023193359375 -500.13140869140625
-1008.9833374023438 -500.8605041503906
-1010.9747924804688 -502.798583984375
-1009.4373779296875 -504.7778625488281
-1011.4373168945312 -506.59381103515625
-1010.28466796875 -508.4991760253906
-1012.2846069335938 -510.4819641113281
