-954.8375854492188 -253.1102752685547
-952.8375854492188 -255.1102752685547
-950.837646484375 -257.1102600097656
-948.837646484375 -259.1102600097656
-946.837646484375 -261.1102600097656
-948.837158203125 -263.1102600097656
-946.837158203125 -265.1102600097656
-948.8309326171875 -267.1102600097656
-946.8309326171875 -269.1102600097656
-948.8260498046875 -271.1102600097656
-946.8260498046875 -273.1102600097656
-948.8252563476562 -275.1102600097656
-946.8252563476562 -277.1102600097656
-948.82470703125 -279.1102600097656
-946.82470703125 -281.1102600097656
-948.8242797851562 -283.1102600097656
-946.8242797851562 -285.1102600097656
-948.8241577148438 -287.1102600097656
-946.8241577148438 -289.1102600097656
-948.81787109375 -291.1102600097656
-946.8179321289062 -293.1102600097656
-948.8004150390625 -295.1102600097656
-946.8004150390625 -297.1102600097656
-948.8004150390625 -299.1102600097656
-946.8004150390625 -301.1102600097656
-948.7979125976562 -303.1102600097656
-946.7979736328125 -305.1102600097656
-948.7969970703125 -307.1102600097656
-946.7969970703125 -309.1102600097656
-948.7864379882812 -311.1102600097656
-946.7864379882812 -313.1102600097656
-948.7847900390625 -315.1102600097656
-946.7847900390625 -317.1102294921875
-948.7846069335938 -319.1102294921875
-946.7848510742188 -321.1102294921875
-948.7847900390625 -323.1102294921875
-946.7847900390625 -325.1102294921875
-948.7770385742188 -327.1102294921875
-946.7771606445312 -329.1102294921875
-948.7481079101562 -331.1102294921875
-946.7481689453125 -333.1102294921875
-948.747802734375 -335.1102294921875
-946.7481079101562 -337.11016845703125
-948.7459106445312 -339.11016845703125
-946.74609375 -341.11016845703125
-948.7460327148438 -343.11016845703125
-946.74609375 -345.11016845703125
-948.745361328125 -347.11016845703125
-946.7454223632812 -349.1101379394531
-948.744873046875 -351.1101379394531
-946.7450561523438 -353.1100769042969
-948.7449340820312 -355.1100769042969
-946.7449951171875 -357.1100769042969
-948.7447509765625 -359.1100769042969
-946.7447509765625 -361.1099853515625
-948.7438354492188 -363.1099853515625
-946.7439575195312 -365.1099548339844
-948.7417602539062 -367.1099548339844
-946.7482299804688 -369.1097106933594
-948.747802734375 -371.1097106933594
-946.747802734375 -373.1096496582031
-948.7467041015625 -375.1096496582031
-946.7577514648438 -377.10955810546875
-948.756103515625 -379.10955810546875
-946.7564086914062 -381.1095275878906
-948.7552490234375 -383.1095275878906
-946.7553100585938 -385.10943603515625
-948.7551879882812 -387.10943603515625
-946.7565307617188 -389.109130859375
-948.7555541992188 -391.109130859375
-946.7556762695312 -393.1091003417969
-948.7538452148438 -395.1091003417969
-946.7606811523438 -397.1090393066406
-948.7500610351562 -399.1090393066406
-946.7559814453125 -401.1085205078125
-948.7557373046875 -403.1085205078125
-946.87646484375 -405.1078186035156
-948.87646484375 -407.1078186035156
-946.8933715820312 -409.1077575683594
-948.8929443359375 -411.1077575683594
-950.8929443359375 -413.1077575683594
-948.8937377929688 -415.1074523925781
-950.8922119140625 -417.1074523925781
-948.9688720703125 -419.1070251464844
-950.9686279296875 -421.1070251464844
-948.9778442382812 -423.10693359375
-950.9699096679688 -425.10693359375
-948.9707641601562 -427.10455322265625
-950.9596557617188 -429.10455322265625
-949.5020751953125 -431.1037292480469
-947.5172729492188 -433.1010437011719
-949.5043334960938 -435.1010437011719
-947.9675903320312 -437.09967041015625
-945.9956665039062 -439.0654296875
-947.9952392578125 -441.0653991699219
-946.2100830078125 -443.05615234375
-948.2042236328125 -445.05560302734375
-948.4580688476562 -446.6620788574219
-946.53125 -448.4319763183594
-944.6582641601562 -450.391845703125
-946.6578979492188 -452.39178466796875
-946.775634765625 -454.38250732421875
-946.2503662109375 -456.37945556640625
-948.238525390625 -458.3785705566406
-949.8296508789062 -460.3778381347656
-948.5736083984375 -462.3775939941406
-947.8428344726562 -464.2412414550781
-947.5524291992188 -466.1554260253906
-947.8956909179688 -467.9693603515625
-947.6953125 -469.8416442871094
-946.7649536132812 -471.5801696777344
-948.7433471679688 -473.57635498046875
-948.9478759765625 -475.5629577636719
-949.8186645507812 -477.5462646484375
-951.116943359375 -479.5399169921875
-949.220947265625 -481.5343933105469
-948.8549194335938 -483.4798889160156
-949.5228271484375 -485.4422912597656
-948.3920288085938 -487.3799743652344
-950.2205200195312 -489.3551025390625
-951.6580200195312 -491.34979248046875
-953.5640869140625 -493.345703125
-955.5604858398438 -491.37603759765625
-957.1669311523438 -493.3602294921875
-959.1597290039062 -491.380859375
-961.061279296875 -493.3799743652344
-963.0067749023438 -492.74835205078125
-965.0020751953125 -491.3055114746094
-966.8803100585938 -491.11126708984375
-968.8071899414062 -489.3581848144531
-970.8057861328125 -491.3562316894531
-972.7521362304688 -492.67694091796875
-974.7440185546875 -490.94329833984375
-976.6549682617188 -492.74810791015625
-978.6539306640625 -492.6553955078125
-980.65380859375 -494.0444030761719
-982.653564453125 -495.01690673828125
-984.6521606445312 -496.55108642578125
-986.6489868164062 -495.86572265625
-988.6322021484375 -497.0790100097656
-990.5926513671875 -496.4134216308594
-992.5914916992188 -495.08575439453125
-994.5841674804688 -496.9983825683594
-996.554443359375 -498.1958312988281
-998.5523681640625 -499.2452087402344
-1000.4999389648438 -498.43988037109375
-1002.4637451171875 -499.1863708496094
-1004.4127197265625 -498.5077819824219
-1006.4032592773438 -500.39605712890625
-1008.4014282226562 -500.5193786621094
-1010.3984375 -502.2841796875
-1008.4906005859375 -504.1955871582031
-1010.4893798828125 -504.712646484375
-1012.4888305664062 -506.6894836425781
-1010.5598754882812 -508.6731262207031
-1012.5572509765625 -510.653564453125
