-1189.6953125 -214.27505493164062
-1191.695068359375 -212.35569763183594
-1193.6920166015625 -214.12217712402344
-1195.6888427734375 -212.59756469726562
-1197.6875 -212.3414306640625
-1199.6873779296875 -213.30299377441406
-1201.6873779296875 -211.52867126464844
-1203.6871337890625 -209.6398162841797
-1205.68701171875 -207.67979431152344
-1207.6868896484375 -205.96800231933594
-1209.686767578125 -203.98736572265625
-1211.684326171875 -202.03114318847656
-1213.67626953125 -200.0630340576172
-1215.67626953125 -198.16322326660156
-1217.6746826171875 -196.16342163085938
-1219.671875 -194.17459106445312
-1221.6397705078125 -192.2029266357422
-1223.6395263671875 -190.2216033935547
-1225.616455078125 -188.2233428955078
-1227.2823486328125 -186.22357177734375
-1229.092041015625 -184.22894287109375
-1230.4188232421875 -182.2290496826172
-1231.704345703125 -180.22909545898438
-1233.4730224609375 -178.22926330566406
-1235.4656982421875 -176.22933959960938
-1237.45654296875 -174.23031616210938
-1237.6634521484375 -172.23046875
-1238.8702392578125 -170.23049926757812
-1240.8653564453125 -168.23057556152344
-1242.8341064453125 -166.2316131591797
-1244.5384521484375 -164.23582458496094
-1246.5047607421875 -162.23782348632812
-1248.3746337890625 -160.24459838867188
-1246.375 -158.24459838867188
-1246.6395263671875 -156.2473602294922
-1248.585205078125 -154.24740600585938
-1246.5867919921875 -152.24740600585938
-1248.5828857421875 -150.25341796875
-1246.5836181640625 -148.25343322753906
-1247.1341552734375 -146.25379943847656
-1249.1212158203125 -144.25567626953125
-1247.125 -142.25567626953125
-1248.9334716796875 -140.25640869140625
-1246.9451904296875 -138.25640869140625
-1248.944091796875 -136.2593536376953
-1246.9451904296875 -134.2593536376953
-1248.49169921875 -132.26052856445312
-1246.4932861328125 -130.26052856445312
-1246.6761474609375 -128.2646942138672
-1248.4110107421875 -126.27621459960938
-1246.4130859375 -124.27621459960938
-1248.409423828125 -122.28338623046875
-1246.4111328125 -120.28338623046875
-1248.376220703125 -118.28363800048828
-1246.3765869140625 -116.28363800048828
-1248.015869140625 -114.28376770019531
-1249.0557861328125 -112.32994079589844
-1247.0562744140625 -110.32994079589844
-1249.047607421875 -108.33404541015625
-1247.0728759765625 -106.33404541015625
-1248.9609375 -104.33450317382812
-1246.961181640625 -102.33450317382812
-1248.9473876953125 -100.33794403076172
-1246.9521484375 -98.33794403076172
-1248.9456787109375 -96.36990356445312
-1246.9620361328125 -94.36990356445312
-1248.345458984375 -92.38027954101562
-1250.001953125 -90.38121032714844
-1248.0023193359375 -88.38121032714844
-1249.8167724609375 -86.40995025634766
-1247.82666015625 -84.40995025634766
-1248.9552001953125 -82.6928482055664
-1250.3004150390625 -80.85096740722656
-1248.306884765625 -78.85096740722656
-1250.26806640625 -76.95877838134766
-1248.268310546875 -74.95877838134766
-1250.255615234375 -73.50341796875
-1248.260986328125 -71.50341796875
-1250.2200927734375 -69.55953979492188
-1248.2200927734375 -67.55953979492188
-1250.1055908203125 -65.56038665771484
-1248.1103515625 -63.56038284301758
-1250.0955810546875 -62.23958969116211
-1248.09912109375 -60.239593505859375
-1249.944091796875 -59.75709915161133
-1247.9473876953125 -57.75709915161133
-1246.047119140625 -55.90049743652344
-1246.214599609375 -53.94683837890625
-1244.978759765625 -52.20564651489258
-1246.22802734375 -50.69816207885742
-1247.6226806640625 -51.67992401123047
-1249.42724609375 -50.544212341308594
-1247.428466796875 -48.544212341308594
-1248.3104248046875 -46.92097091674805
-1246.3115234375 -44.92097091674805
-1247.5535888671875 -46.435367584228516
-1249.055419921875 -45.668617248535156
-1247.0635986328125 -43.668617248535156
-1245.138916015625 -41.936492919921875
-1244.9210205078125 -41.493385314941406
-1246.81396484375 -39.76357650756836
-1247.7742919921875 -38.72724914550781
-1249.359130859375 -36.99100112915039
-1247.359375 -34.99100112915039
-1246.56591796875 -33.482177734375
-1248.2291259765625 -31.576412200927734
-1246.229248046875 -29.576412200927734
-1248.128662109375 -30.036331176757812
-1248.0341796875 -30.575485229492188
-1248.48193359375 -31.65380859375
-1246.4820556640625 -29.65380859375
-1244.705078125 -30.550323486328125
-1245.6151123046875 -28.568584442138672
-1246.748779296875 -27.357160568237305
-1247.3714599609375 -29.134714126586914
-1246.9522705078125 -27.38432502746582
-1245.776123046875 -25.750343322753906
-1245.5728759765625 -25.50948715209961
-1247.0068359375 -23.572376251220703
-1248.8875732421875 -21.76081657409668
-1246.887939453125 -19.76081657409668
-1248.7581787109375 -18.5350399017334
-1246.7581787109375 -16.5350399017334
-1246.091796875 -16.43290138244629
-1247.78759765625 -14.542147636413574
-1246.4810791015625 -13.454182624816895
-1247.2071533203125 -13.270406723022461
-1248.3621826171875 -14.349459648132324
-1246.3629150390625 -12.34946060180664
-1246.6885986328125 -10.57649040222168
-1247.900146484375 -9.878164291381836
-1249.567626953125 -11.472434997558594
-1247.5697021484375 -9.472434997558594
-1247.7130126953125 -9.041058540344238
-1247.7027587890625 -7.169106960296631
-1249.206787109375 -8.220860481262207
-1247.2069091796875 -6.220860004425049
-1246.8868408203125 -6.660510540008545
-1245.7564697265625 -6.749279975891113
-1247.5133056640625 -7.757078647613525
-1249.4688720703125 -7.493626117706299
-1247.4697265625 -5.493626117706299
-1249.3936767578125 -7.336225509643555
-1247.393798828125 -5.336225509643555
-1249.101806640625 -3.834904909133911
-1247.1064453125 -1.8349056243896484
-1247.4864501953125 -0.46011069416999817
-1248.256103515625 0.8616616129875183
-1246.873779296875 0.11689426749944687
-1245.328125 0.6745370030403137
-1243.980224609375 1.9130817651748657
-1245.855712890625 0.45777997374534607
-1244.0338134765625 -1.08145010471344
-1242.686767578125 -0.12169859558343887
-1243.10986328125 1.5142725706100464
-1242.2122802734375 0.742323100566864
-1242.009521484375 2.214942216873169
-1243.7115478515625 1.9422677755355835
-1242.4708251953125 3.055678367614746
-1242.4713134765625 3.682130813598633
-1241.1551513671875 2.005016803741455
-1239.7952880859375 2.9996914863586426
-1237.894287109375 2.506408929824829
-1237.2803955078125 4.300338268280029
-1235.32470703125 4.312004089355469
-1234.1031494140625 5.642973899841309
-1232.710205078125 6.344964027404785
-1233.96875 6.129122257232666
-1232.034423828125 7.613962650299072
-1230.066650390625 8.043132781982422
-1230.759033203125 9.784428596496582
-1229.3441162109375 7.799867630004883
-1230.7481689453125 7.594270706176758
-1229.871826171875 6.568193435668945
-1228.1947021484375 8.17564582824707
-1226.2314453125 9.328475952148438
-1224.379638671875 8.723114013671875
-1222.46337890625 8.755476951599121
-1221.071533203125 10.496095657348633
-1219.096435546875 12.476114273071289
-1218.1435546875 13.60197639465332
-1216.4300537109375 14.707712173461914
-1214.4827880859375 16.537078857421875
-1212.748779296875 18.512184143066406
-1212.0711669921875 20.332822799682617
-1211.04833984375 21.13165855407715
-1210.121337890625 22.607759475708008
-1208.80712890625 24.06295394897461
-1207.4835205078125 26.02979850769043
-1206.2996826171875 28.024742126464844
-1207.2943115234375 29.437355041503906
-1206.3509521484375 31.402517318725586
-1206.5294189453125 32.71965026855469
-1206.273193359375 34.56073760986328
