-1192.2935791015625 -214.27684020996094
-1194.291259765625 -215.53680419921875
-1196.1876220703125 -216.2583465576172
-1197.2373046875 -214.8088836669922
-1199.1434326171875 -214.87432861328125
-1199.243408203125 -213.75730895996094
-1201.23779296875 -212.81170654296875
-1203.2344970703125 -210.868896484375
-1205.2012939453125 -208.9404754638672
-1207.200927734375 -206.9490509033203
-1209.2000732421875 -205.0197296142578
-1211.162353515625 -203.0653076171875
-1213.1148681640625 -201.0714874267578
-1215.0982666015625 -199.46334838867188
-1216.928955078125 -197.9820556640625
-1218.890869140625 -196.2926788330078
-1220.890380859375 -194.4221649169922
-1222.872802734375 -192.42221069335938
-1224.869384765625 -190.42225646972656
-1226.85205078125 -188.42738342285156
-1228.4111328125 -186.42884826660156
-1229.8741455078125 -184.4363250732422
-1230.3282470703125 -182.44989013671875
-1231.7669677734375 -180.4517059326172
-1231.9381103515625 -178.45252990722656
-1233.8316650390625 -176.45660400390625
-1235.6640625 -174.45704650878906
-1237.33349609375 -172.458251953125
-1239.2613525390625 -170.50888061523438
-1239.6834716796875 -168.52879333496094
-1241.5882568359375 -166.53543090820312
-1243.1961669921875 -164.53614807128906
-1245.119873046875 -162.53689575195312
-1247.075439453125 -160.53700256347656
-1247.1434326171875 -158.5519256591797
-1249.076904296875 -156.59945678710938
-1248.39501953125 -154.5995330810547
-1246.5745849609375 -152.5995330810547
-1247.740966796875 -150.59959411621094
-1249.7318115234375 -148.60142517089844
-1248.6494140625 -146.60142517089844
-1249.779296875 -144.60162353515625
-1249.9578857421875 -142.60165405273438
-1250.4266357421875 -140.6016845703125
-1250.0789794921875 -138.6017303466797
-1251.736328125 -136.6017303466797
-1250.497314453125 -134.6017303466797
-1251.440185546875 -132.60174560546875
-1250.8299560546875 -130.60174560546875
-1251.4698486328125 -128.60174560546875
-1253.220703125 -126.60174560546875
-1251.557861328125 -124.60176086425781
-1250.5194091796875 -122.60176086425781
-1251.3834228515625 -120.60176086425781
-1250.4024658203125 -118.60176086425781
-1248.5794677734375 -116.601806640625
-1247.4869384765625 -114.6019515991211
-1248.8135986328125 -112.62122344970703
-1247.5369873046875 -110.6212387084961
-1249.5181884765625 -108.62313842773438
-1250.0709228515625 -106.62313842773438
-1248.338623046875 -104.62316131591797
-1250.1571044921875 -102.6330337524414
-1248.18408203125 -100.63306427001953
-1250.1280517578125 -98.63406372070312
-1248.5390625 -96.63406372070312
-1250.42822265625 -94.64673614501953
-1248.97705078125 -92.64673614501953
-1249.41259765625 -90.64942169189453
-1247.57568359375 -88.64942932128906
-1246.37548828125 -86.65104675292969
-1246.6536865234375 -84.6649398803711
-1247.2587890625 -82.68521118164062
-1248.1820068359375 -80.70084381103516
-1247.3646240234375 -78.74574279785156
-1249.046875 -76.75160217285156
-1247.5321044921875 -74.75161743164062
-1247.6292724609375 -72.77141571044922
-1249.544677734375 -70.78667449951172
-1247.5748291015625 -68.78667449951172
-1247.670166015625 -66.79158782958984
-1248.160400390625 -64.80422973632812
-1249.981201171875 -62.87312316894531
-1248.051025390625 -60.87312698364258
-1248.2645263671875 -58.89584732055664
-1247.05712890625 -56.94927978515625
-1245.5018310546875 -54.9503288269043
-1247.363037109375 -52.95628356933594
-1248.8218994140625 -51.10588836669922
-1246.921142578125 -49.10588836669922
-1246.0523681640625 -47.1146125793457
-1247.228759765625 -45.19157409667969
-1248.7872314453125 -43.46467590332031
-1246.792236328125 -41.46467590332031
-1245.10302734375 -39.47021484375
-1243.8701171875 -37.47119140625
-1244.4293212890625 -35.47389221191406
-1242.6580810546875 -33.75697708129883
-1241.9547119140625 -31.859834671020508
-1243.4256591796875 -29.87792205810547
-1242.922607421875 -27.97369956970215
-1244.27783203125 -27.441089630126953
-1242.310302734375 -25.490495681762695
-1240.5628662109375 -23.52444076538086
-1238.576904296875 -21.553565979003906
-1236.599365234375 -19.76956558227539
-1237.5689697265625 -17.781005859375
-1236.130615234375 -16.0112361907959
-1234.4273681640625 -14.019861221313477
-1232.4783935546875 -12.051822662353516
-1230.719482421875 -10.133596420288086
-1228.7781982421875 -8.156859397888184
-1226.787353515625 -6.158527851104736
-1224.8265380859375 -4.168361186981201
-1223.2095947265625 -2.2190258502960205
-1221.447021484375 -0.5900915265083313
-1219.453125 1.4086580276489258
-1217.4534912109375 3.3337316513061523
-1215.4619140625 5.3330979347229
-1213.4747314453125 7.328648090362549
-1211.56494140625 9.319061279296875
-1209.6025390625 11.31578540802002
-1207.7130126953125 13.312943458557129
-1208.1907958984375 15.151087760925293
-1206.2569580078125 16.883535385131836
-1205.7501220703125 18.743606567382812
-1203.767578125 20.738933563232422
-1204.3189697265625 22.523759841918945
-1204.8060302734375 24.49367332458496
-1203.9202880859375 26.482566833496094
-1205.7208251953125 28.473628997802734
-1206.246337890625 30.469860076904297
-1207.4697265625 32.457061767578125
-1206.5052490234375 34.45683288574219
-1204.7130126953125 36.4559326171875
