-1188.5010986328125 -214.28216552734375
-1190.4969482421875 -216.279052734375
-1188.73291015625 -214.2881622314453
-1190.72705078125 -216.2856903076172
-1188.72900390625 -214.528076171875
-1190.723876953125 -216.51670837402344
-1188.853271484375 -214.5279998779297
-1190.8516845703125 -216.463623046875
-1188.869384765625 -214.46987915039062
-1190.869140625 -216.45401000976562
-1188.8819580078125 -214.45758056640625
-1190.8814697265625 -216.41986083984375
-1189.03759765625 -214.55018615722656
-1190.576904296875 -216.54640197753906
-1188.91943359375 -214.5497589111328
-1190.85888671875 -216.51980590820312
-1188.86181640625 -214.52134704589844
-1190.7496337890625 -215.63729858398438
-1188.7955322265625 -213.64076232910156
-1190.79541015625 -215.58712768554688
-1192.7821044921875 -217.33596801757812
-1190.7874755859375 -215.33697509765625
-1192.7861328125 -217.2000274658203
-1190.8057861328125 -215.21182250976562
-1192.80517578125 -217.19749450683594
-1192.2674560546875 -215.1990509033203
-1194.26416015625 -217.1611785888672
-1192.3140869140625 -215.39822387695312
-1194.3128662109375 -217.28514099121094
-1192.333251953125 -215.2918243408203
-1194.3231201171875 -217.25205993652344
-1193.47021484375 -215.26675415039062
-1195.451904296875 -217.2207794189453
-1193.56640625 -215.22154235839844
-1195.559326171875 -216.96267700195312
-1193.6080322265625 -214.98162841796875
-1195.60693359375 -216.923828125
-1193.7626953125 -214.92776489257812
-1195.75048828125 -216.12261962890625
-1197.6767578125 -217.98435974121094
-1199.1380615234375 -215.9894561767578
-1201.137939453125 -217.8995819091797
-1202.0877685546875 -215.9849090576172
-1204.0877685546875 -217.97813415527344
-1206.0877685546875 -219.37034606933594
-1208.07763671875 -217.37673950195312
-1210.07763671875 -218.11474609375
-1212.07763671875 -219.9976806640625
-1214.0706787109375 -217.9986572265625
-1216.0706787109375 -219.73622131347656
-1218.070068359375 -221.47622680664062
-1220.069580078125 -219.47901916503906
-1222.0694580078125 -219.3278045654297
-1224.0693359375 -218.29823303222656
-1226.055908203125 -217.7185516357422
-1228.04638671875 -216.23928833007812
-1230.04248046875 -215.24465942382812
-1232.0325927734375 -213.30311584472656
-1234.0325927734375 -211.35787963867188
-1236.03076171875 -209.35848999023438
-1237.89208984375 -207.3600616455078
-1239.8916015625 -205.37403869628906
-1241.887451171875 -203.37506103515625
-1243.868408203125 -201.38197326660156
-1245.853271484375 -199.38601684570312
-1247.7886962890625 -197.3976593017578
-1248.570556640625 -195.39846801757812
-1248.1485595703125 -193.39894104003906
-1249.64208984375 -191.3991241455078
-1247.64208984375 -189.39923095703125
-1248.163330078125 -187.39996337890625
-1250.1361083984375 -185.41000366210938
-1248.1361083984375 -183.41001892089844
-1249.9237060546875 -181.41006469726562
-1247.9237060546875 -179.4100799560547
-1249.1513671875 -177.4101104736328
-1247.1514892578125 -175.41014099121094
-1248.5853271484375 -173.41104125976562
-1246.5853271484375 -171.4111328125
-1248.4793701171875 -169.41146850585938
-1246.4793701171875 -167.41148376464844
-1247.5303955078125 -165.41209411621094
-1249.099365234375 -163.42208862304688
-1247.099365234375 -161.4221954345703
-1247.443359375 -159.42222595214844
-1249.307373046875 -157.423583984375
-1247.307373046875 -155.4236602783203
-1248.9425048828125 -153.42379760742188
-1246.9425048828125 -151.42401123046875
-1247.7008056640625 -149.42526245117188
-1249.375244140625 -147.42665100097656
-1247.375244140625 -145.42666625976562
-1247.465576171875 -143.4268035888672
-1249.405029296875 -141.42730712890625
-1247.405029296875 -139.4273223876953
-1249.3446044921875 -137.42941284179688
-1247.3446044921875 -135.42941284179688
-1249.29541015625 -133.43016052246094
-1247.29541015625 -131.4302215576172
-1247.229248046875 -129.4305419921875
-1249.2147216796875 -128.28126525878906
-1247.2147216796875 -126.28128814697266
-1248.60107421875 -124.74479675292969
-1246.60107421875 -122.7457046508789
-1248.3870849609375 -120.74652099609375
-1246.3870849609375 -118.74652862548828
-1248.04443359375 -116.7626953125
-1249.8365478515625 -114.77111053466797
-1247.8365478515625 -112.7712173461914
-1248.0006103515625 -110.77550506591797
-1246.0006103515625 -108.77555847167969
-1245.7520751953125 -106.88652038574219
-1246.9349365234375 -105.0299072265625
-1248.75732421875 -103.04290771484375
-1246.75732421875 -101.0429458618164
-1247.292236328125 -99.16635131835938
-1248.6634521484375 -97.16761016845703
-1248.10595703125 -95.20819091796875
-1249.496337890625 -93.21134185791016
-1247.500244140625 -91.21143341064453
-1247.3040771484375 -89.23457336425781
-1249.1041259765625 -87.29643249511719
-1249.30126953125 -85.31277465820312
-1247.3013916015625 -83.31279754638672
-1246.9144287109375 -81.34613800048828
-1248.3138427734375 -79.52764892578125
-1249.4884033203125 -77.57723236083984
-1247.4884033203125 -75.57723236083984
-1245.94775390625 -73.62736511230469
-1246.3262939453125 -72.50835418701172
-1245.011962890625 -70.53216552734375
-1244.346435546875 -68.8171157836914
-1245.947021484375 -66.87124633789062
-1245.236083984375 -65.41804504394531
-1247.030517578125 -63.9664421081543
-1247.1915283203125 -63.09688949584961
-1248.677001953125 -61.206668853759766
-1246.677001953125 -59.206668853759766
-1244.8743896484375 -57.227230072021484
-1244.0789794921875 -56.10321807861328
-1242.2142333984375 -57.43500900268555
-1241.354248046875 -55.50042724609375
-1241.85009765625 -53.605690002441406
-1241.790283203125 -52.15616989135742
-1240.9818115234375 -50.32503128051758
-1242.6800537109375 -48.57952117919922
-1241.8104248046875 -46.59710693359375
-1240.744140625 -44.81024169921875
-1239.7943115234375 -42.818458557128906
-1240.0648193359375 -40.946834564208984
-1238.176513671875 -40.14783477783203
-1237.1514892578125 -38.240848541259766
-1236.9420166015625 -36.403446197509766
-1235.28759765625 -34.42589569091797
-1233.4847412109375 -32.43299102783203
-1231.6634521484375 -30.507991790771484
-1231.28662109375 -28.75025749206543
-1229.3216552734375 -26.75141143798828
-1227.5892333984375 -24.978548049926758
-1227.0181884765625 -23.0042724609375
-1225.0902099609375 -21.453887939453125
-1225.583984375 -19.516021728515625
-1223.875 -18.216609954833984
-1225.417724609375 -16.32239532470703
-1223.4254150390625 -14.42234992980957
-1224.43359375 -12.842653274536133
-1222.445068359375 -13.335119247436523
-1224.0732421875 -11.398104667663574
-1222.206298828125 -10.19620132446289
-1220.2235107421875 -9.034077644348145
-1219.11962890625 -10.108650207519531
-1218.5582275390625 -8.721200942993164
-1218.650634765625 -7.629037857055664
-1217.0914306640625 -7.137589931488037
-1215.230224609375 -5.149136066436768
-1213.2496337890625 -3.2149534225463867
-1211.82763671875 -1.2225853204727173
-1210.799560546875 0.5809256434440613
-1209.0848388671875 2.430309295654297
-1208.9698486328125 4.087790012359619
-1207.8255615234375 5.991328716278076
-1206.2562255859375 7.826042175292969
-1207.1617431640625 9.793912887573242
-1205.44775390625 11.678874969482422
-1203.4808349609375 13.6780424118042
-1205.4244384765625 12.074793815612793
-1205.331298828125 14.062992095947266
-1205.7808837890625 13.31640338897705
-1206.7901611328125 12.974583625793457
-1208.5489501953125 13.325241088867188
-1208.7789306640625 14.503424644470215
-1207.1015625 15.423932075500488
-1205.724609375 13.680761337280273
-1207.3638916015625 12.068269729614258
-1206.1744384765625 14.056382179260254
-1208.059326171875 15.949109077453613
-1209.321533203125 16.215782165527344
-1208.3519287109375 17.56824493408203
-1207.3319091796875 19.478675842285156
-1205.4261474609375 18.95142364501953
-1203.848388671875 20.94973373413086
-1202.0877685546875 22.46143913269043
-1203.9444580078125 20.637964248657227
-1205.5887451171875 21.317089080810547
-1206.14794921875 23.289426803588867
-1208.0521240234375 25.206106185913086
-1206.0816650390625 26.959871292114258
-1206.0352783203125 28.929773330688477
-1205.03466796875 29.260520935058594
-1206.32373046875 30.595869064331055
-1205.4527587890625 32.558799743652344
-1205.4989013671875 34.28854751586914
