-1191.2415771484375 -215.3558349609375
-1193.2406005859375 -213.64077758789062
-1195.23974609375 -213.5247802734375
-1197.23388671875 -212.69012451171875
-1199.225830078125 -212.65757751464844
-1201.21826171875 -211.50033569335938
-1203.21826171875 -210.46096801757812
-1205.21826171875 -208.80099487304688
-1207.21826171875 -206.81805419921875
-1209.21826171875 -204.84397888183594
-1211.2176513671875 -203.03726196289062
-1213.217529296875 -201.0477294921875
-1215.2174072265625 -199.05519104003906
-1217.21728515625 -197.06629943847656
-1219.2169189453125 -195.06703186035156
-1221.2169189453125 -193.07388305664062
-1223.21630859375 -191.0803985595703
-1225.2086181640625 -189.1022491455078
-1227.20849609375 -187.10691833496094
-1229.208251953125 -185.11251831054688
-1231.19384765625 -183.11282348632812
-1233.1932373046875 -181.13552856445312
-1235.1915283203125 -179.13720703125
-1237.1912841796875 -177.1372528076172
-1239.190673828125 -175.1405792236328
-1241.1776123046875 -173.14065551757812
-1243.10791015625 -171.1409454345703
-1245.0885009765625 -169.14108276367188
-1247.0836181640625 -167.14112854003906
-1249.0711669921875 -165.14112854003906
-1247.077392578125 -163.6138916015625
-1248.9449462890625 -161.6138916015625
-1246.9490966796875 -159.6558074951172
-1248.7755126953125 -157.6558074951172
-1246.8956298828125 -156.04393005371094
-1248.8887939453125 -154.04396057128906
-1246.8917236328125 -152.15576171875
-1248.6883544921875 -150.15579223632812
-1246.6944580078125 -148.23497009277344
-1247.599609375 -146.23497009277344
-1249.557373046875 -144.2350616455078
-1247.5765380859375 -142.4210662841797
-1249.3067626953125 -140.42108154296875
-1247.3153076171875 -139.70384216308594
-1249.1689453125 -137.70384216308594
-1247.1748046875 -136.00169372558594
-1247.920654296875 -134.001708984375
-1247.6031494140625 -132.00270080566406
-1249.5631103515625 -130.00270080566406
-1247.568115234375 -128.61412048339844
-1248.1817626953125 -126.61412811279297
-1246.2039794921875 -125.2150650024414
-1248.0924072265625 -123.21507263183594
-1246.2291259765625 -121.28893280029297
-1247.815673828125 -119.28893280029297
-1248.48486328125 -117.2889404296875
-1246.4862060546875 -115.44096374511719
-1245.8018798828125 -113.44097137451172
-1245.38134765625 -111.44100952148438
-1247.279052734375 -109.44102478027344
-1249.143798828125 -107.44111633300781
-1247.198486328125 -105.66697692871094
-1249.037841796875 -103.6669921875
-1247.3388671875 -104.60517883300781
-1247.1873779296875 -102.60519409179688
-1247.845703125 -100.60520935058594
-1249.552734375 -98.60526275634766
-1247.6693115234375 -96.62393951416016
-1248.4921875 -94.62394714355469
-1247.8951416015625 -92.6240005493164
-1247.49609375 -90.62400817871094
-1247.145263671875 -88.6240463256836
-1247.5596923828125 -86.62406921386719
-1247.8028564453125 -84.62407684326172
-1246.2496337890625 -82.62408447265625
-1248.139892578125 -80.62409973144531
-1248.6748046875 -78.62411499023438
-1249.89111328125 -76.62416076660156
-1247.9061279296875 -76.03023529052734
-1247.4832763671875 -74.03026580810547
-1246.8712158203125 -72.03028869628906
-1246.6910400390625 -70.03067016601562
-1245.6368408203125 -68.03069305419922
-1243.8123779296875 -66.03076171875
-1243.380126953125 -64.03087615966797
-1242.1898193359375 -62.0311279296875
-1241.2760009765625 -60.03124237060547
-1241.763671875 -58.03151321411133
-1241.804931640625 -56.03183364868164
-1240.054443359375 -54.03242492675781
-1239.355712890625 -52.03271484375
-1237.3590087890625 -50.03276443481445
-1238.9788818359375 -48.033329010009766
-1237.9749755859375 -46.03355407714844
-1236.2191162109375 -44.0357551574707
-1234.517822265625 -42.03596878051758
-1233.420654296875 -40.03600311279297
-1231.719482421875 -38.03624725341797
-1233.382080078125 -36.03638458251953
-1231.7542724609375 -34.036800384521484
-1230.1251220703125 -32.03755569458008
-1232.049560546875 -30.038509368896484
-1232.7342529296875 -28.038799285888672
-1230.79833984375 -26.043325424194336
-1229.0830078125 -24.043909072875977
-1227.1009521484375 -22.043977737426758
-1226.37255859375 -20.044635772705078
-1224.4005126953125 -18.04486083984375
-1222.8914794921875 -16.045787811279297
-1223.0172119140625 -14.047111511230469
-1221.9295654296875 -12.047794342041016
-1220.332275390625 -10.05187702178955
-1222.23779296875 -8.05206298828125
-1223.807861328125 -6.054943084716797
-1222.527587890625 -4.055511951446533
-1223.321044921875 -2.0556576251983643
-1221.42041015625 -0.05644131079316139
-1220.2386474609375 1.931895136833191
-1218.6636962890625 3.822342872619629
-1218.27978515625 5.800787448883057
-1217.1341552734375 7.799623012542725
-1215.8037109375 9.797755241394043
-1215.845947265625 11.795525550842285
-1213.86767578125 13.78592586517334
-1212.801513671875 15.752866744995117
-1211.3463134765625 17.724315643310547
-1210.4620361328125 19.705873489379883
-1211.7362060546875 21.697629928588867
-1209.770751953125 23.693382263183594
-1210.7066650390625 25.65068817138672
-1211.1217041015625 27.627792358398438
-1210.1998291015625 29.595623016357422
-1209.9691162109375 31.592464447021484
-1208.7886962890625 33.569889068603516
-1207.4532470703125 35.567230224609375
