-821.025390625 -314.3104248046875
-821.4794311523438 -312.3212890625
-823.448486328125 -314.3212585449219
-824.4006958007812 -312.3561706542969
-826.1690673828125 -310.63250732421875
-825.9285888671875 -312.6324462890625
-827.4278564453125 -310.6474304199219
-826.617431640625 -312.64715576171875
-828.52978515625 -310.649169921875
-826.7990112304688 -312.6294250488281
-828.2447509765625 -310.7199401855469
-829.6426391601562 -312.71990966796875
-831.6397705078125 -310.7319641113281
-833.5045776367188 -312.73187255859375
-834.060791015625 -314.73187255859375
-836.0087280273438 -312.7431945800781
-837.6669921875 -314.74249267578125
-839.4458618164062 -312.8082580566406
-840.6082763671875 -314.80804443359375
-841.9641723632812 -312.9150085449219
-841.3522338867188 -314.9150085449219
-843.1483154296875 -312.9270324707031
-844.5220947265625 -314.9266662597656
-845.8789672851562 -312.9278869628906
-845.37939453125 -314.9273681640625
-847.0012817382812 -313.0666809082031
-848.5701904296875 -311.0995788574219
-849.7022705078125 -313.0994567871094
-851.5643920898438 -311.1361389160156
-853.0614013671875 -313.1361083984375
-854.8347778320312 -311.2673645019531
-856.8115844726562 -313.2670593261719
-858.8021240234375 -311.3182067871094
-859.4005737304688 -313.31817626953125
-861.1215209960938 -311.40155029296875
-862.9456787109375 -313.40155029296875
-864.9238891601562 -311.4546203613281
-866.514404296875 -313.4521789550781
-868.4710693359375 -311.5605163574219
-870.198486328125 -313.5603332519531
-871.9871215820312 -311.5621337890625
-870.408203125 -313.5595703125
-872.379638671875 -311.55975341796875
-874.3477783203125 -313.5588073730469
-876.3440551757812 -311.5742492675781
-875.4143676757812 -313.5704345703125
-877.166259765625 -311.5765686035156
-878.6658935546875 -313.57366943359375
-880.664306640625 -311.57757568359375
-880.1094360351562 -313.5765686035156
-882.0725708007812 -311.6895446777344
-881.6978759765625 -313.6842041015625
-883.6065673828125 -311.6850280761719
-882.8810424804688 -313.68414306640625
-884.848876953125 -311.6890563964844
-885.05859375 -313.68719482421875
-886.9911499023438 -311.69415283203125
-885.42724609375 -313.6941223144531
-887.2032470703125 -311.7142028808594
-887.4567260742188 -313.7137145996094
-889.2850341796875 -311.7530517578125
-888.2221069335938 -313.7516784667969
-890.1381225585938 -311.78619384765625
-890.3296508789062 -313.78521728515625
-892.2807006835938 -311.96734619140625
-892.6317138671875 -313.96527099609375
-894.6253662109375 -311.9787902832031
-895.0662231445312 -313.9784240722656
-897.0643920898438 -311.9853210449219
-896.48583984375 -313.983642578125
-896.6141357421875 -312.1714782714844
-897.8865966796875 -314.1709289550781
-897.3740844726562 -312.2425231933594
-898.122314453125 -314.242431640625
-899.2649536132812 -312.71588134765625
-899.400390625 -310.7251892089844
-900.5648193359375 -312.7244873046875
-902.0259399414062 -310.7273254394531
-902.3348388671875 -312.71649169921875
-904.305419921875 -310.8699645996094
-904.3634643554688 -312.86962890625
-905.4904174804688 -310.8710021972656
-907.4605712890625 -312.8680419921875
-909.3905029296875 -310.87457275390625
-910.3694458007812 -312.87451171875
-912.2218627929688 -310.88238525390625
-913.6822509765625 -312.8816833496094
-915.5565185546875 -310.8955078125
-917.3822631835938 -312.887939453125
-919.3724365234375 -310.8934326171875
-921.070068359375 -312.8922119140625
-923.041259765625 -310.9886474609375
-924.69873046875 -312.9868469238281
-926.6975708007812 -310.99041748046875
-928.1083374023438 -312.9844970703125
-930.1083374023438 -311.0118713378906
-932.1074829101562 -313.0074157714844
-934.1074829101562 -311.03118896484375
-936.0982666015625 -313.0289611816406
-938.09814453125 -311.0334167480469
-940.0181274414062 -313.0234375
-942.0181274414062 -311.2197570800781
-944.0110473632812 -313.2127380371094
-946.0110473632812 -312.5587158203125
-948.0109252929688 -310.8459167480469
-949.6299438476562 -311.4674377441406
-951.49609375 -313.398193359375
-953.45703125 -315.07537841796875
-955.3595581054688 -313.092041015625
-955.5870361328125 -314.99066162109375
-957.5529174804688 -313.0267333984375
-959.5112915039062 -315.0257568359375
-961.3793334960938 -313.062744140625
-962.2940063476562 -315.0491027832031
-964.14599609375 -313.0556640625
-964.8984985351562 -315.0487976074219
-966.8944091796875 -313.0760803222656
-966.427734375 -315.07269287109375
-968.3820190429688 -313.0757141113281
-969.6007690429688 -314.981689453125
-970.927490234375 -312.9922790527344
-971.88330078125 -314.9888916015625
-973.8817138671875 -312.989013671875
-975.0440673828125 -314.9707336425781
-977.0368041992188 -312.9749450683594
-978.9786987304688 -314.965087890625
-980.9599609375 -312.969970703125
-982.7709350585938 -314.9674072265625
-984.7705078125 -312.99346923828125
-986.0592041015625 -314.99261474609375
-988.050048828125 -313.0086364746094
-988.6929931640625 -315.00018310546875
-990.6915893554688 -313.001953125
-991.8126220703125 -314.7685852050781
-993.8123779296875 -312.7779235839844
-995.456298828125 -314.7718811035156
-997.44921875 -312.7812805175781
-999.2921752929688 -314.7635803222656
-1001.2868041992188 -312.7882385253906
-1003.2853393554688 -310.79022216796875
-1004.7599487304688 -312.7816162109375
-1006.7589721679688 -310.8091735839844
-1008.4714965820312 -312.7337341308594
-1008.7097778320312 -314.4896545410156
-1010.7089233398438 -312.49896240234375
-1012.3798217773438 -313.9334716796875
-1013.5357055664062 -315.67578125
-1015.0562133789062 -317.66937255859375
-1017.0562133789062 -315.95159912109375
-1017.8348999023438 -317.45361328125
-1019.6192626953125 -315.4859619140625
-1018.855224609375 -317.2345275878906
-1020.7951049804688 -315.3901672363281
-1022.3263549804688 -313.3914794921875
-1022.8118896484375 -315.34295654296875
-1024.49951171875 -313.35675048828125
-1026.439697265625 -311.3606262207031
-1028.190673828125 -311.7550964355469
-1027.86474609375 -313.62652587890625
-1029.7930908203125 -311.6269836425781
-1031.339111328125 -313.611572265625
-1033.3236083984375 -311.6141357421875
-1035.2877197265625 -309.6193542480469
-1036.67724609375 -311.27392578125
-1038.676513671875 -309.27508544921875
-1040.6510009765625 -311.21282958984375
-1042.6485595703125 -309.2169494628906
-1044.6484375 -307.2223205566406
-1046.6466064453125 -305.22247314453125
-1048.6463623046875 -306.983642578125
-1050.636962890625 -304.9836730957031
-1051.1156005859375 -303.1405029296875
-1052.320068359375 -301.1846618652344
-1051.7828369140625 -299.3249816894531
-1053.6138916015625 -297.3495788574219
-1052.5631103515625 -295.4435119628906
-1053.5765380859375 -293.449951171875
-1055.3726806640625 -291.4783630371094
-1056.0894775390625 -291.83734130859375
-1058.0732421875 -289.8428039550781
