-824.1885986328125 -314.310302734375
-825.856201171875 -312.3106994628906
-827.7864379882812 -310.31097412109375
-829.3073120117188 -312.21661376953125
-831.1007690429688 -314.20172119140625
-833.0903930664062 -312.2037658691406
-834.5398559570312 -314.2024230957031
-836.5364990234375 -312.2034912109375
-838.5186157226562 -314.202392578125
-840.4940795898438 -312.2066955566406
-842.2667846679688 -314.2044677734375
-844.2601928710938 -312.2046203613281
-846.026123046875 -314.1596984863281
-848.02392578125 -312.15985107421875
-849.9730834960938 -314.1595764160156
-851.9514770507812 -312.1598205566406
-853.9332885742188 -314.153076171875
-855.9254150390625 -312.1531677246094
-857.8880004882812 -310.15380859375
-859.5907592773438 -312.1531677246094
-861.5790405273438 -310.15692138671875
-863.0916748046875 -312.15533447265625
-865.0765380859375 -310.1614074707031
-866.9635009765625 -312.14990234375
-868.961669921875 -310.1662292480469
-868.9959106445312 -312.1538391113281
-870.888671875 -310.154052734375
-872.803466796875 -312.1538391113281
-874.7986450195312 -310.15576171875
-874.8865966796875 -312.14959716796875
-876.7172241210938 -313.76434326171875
-878.7062377929688 -311.771728515625
-879.8685302734375 -313.7660827636719
-881.863037109375 -311.76611328125
-883.7645263671875 -313.7658996582031
-885.7241821289062 -311.76812744140625
-886.9799194335938 -313.7469787597656
-888.9335327148438 -311.7480773925781
-889.5997924804688 -313.7467346191406
-891.5966796875 -311.74749755859375
-893.5757446289062 -313.6756591796875
-895.4732055664062 -311.7233581542969
-897.3187255859375 -313.6707763671875
-898.7615966796875 -311.6828308105469
-900.7155151367188 -313.6805114746094
-901.3811645507812 -311.6943664550781
-903.1918334960938 -309.6947021484375
-904.3640747070312 -311.6932678222656
-906.3329467773438 -309.69573974609375
-907.0187377929688 -311.673828125
-908.5526123046875 -309.67706298828125
-909.8706665039062 -311.67425537109375
-911.8098754882812 -309.6885681152344
-913.2858276367188 -311.6719970703125
-914.5272827148438 -313.6704406738281
-916.4967651367188 -311.685791015625
-917.8204345703125 -313.6772155761719
-919.5735473632812 -311.6908264160156
-921.45556640625 -313.6857604980469
-923.24658203125 -311.6876525878906
-925.2283935546875 -313.68560791015625
-927.1025390625 -311.78521728515625
-929.0971069335938 -313.78387451171875
-931.0889282226562 -311.9533386230469
-933.0762939453125 -313.9471130371094
-935.0761108398438 -313.48016357421875
-937.0750732421875 -311.5168151855469
-939.074462890625 -313.5160827636719
-941.0740966796875 -311.7947082519531
-943.0738525390625 -313.7879333496094
-945.0737915039062 -313.58795166015625
-947.07373046875 -311.6407165527344
-949.0734252929688 -313.6339111328125
-950.4987182617188 -315.15728759765625
-952.4514770507812 -313.1573486328125
-954.101806640625 -314.56494140625
-955.9484252929688 -312.56500244140625
-957.629150390625 -314.5576477050781
-959.516845703125 -312.5589599609375
-960.4036865234375 -314.4621887207031
-961.77978515625 -312.4632873535156
-963.5172729492188 -314.4619445800781
-965.4344482421875 -312.4619445800781
-967.3702392578125 -314.45697021484375
-969.3565063476562 -312.45721435546875
-971.1720581054688 -313.8027648925781
-972.6561279296875 -315.7641906738281
-974.2530517578125 -313.7870178222656
-975.5889892578125 -315.78424072265625
-977.583984375 -313.7940368652344
-979.49365234375 -315.7903137207031
-981.4742431640625 -313.8001708984375
-983.3132934570312 -315.79949951171875
-985.3016967773438 -313.80206298828125
-987.2960205078125 -315.8004455566406
-989.2844848632812 -313.80621337890625
-991.2212524414062 -315.7958984375
-993.1983032226562 -313.7969665527344
-995.1056518554688 -311.7983703613281
-997.0988159179688 -313.7980041503906
-999.0986938476562 -311.7999572753906
-1001.0950927734375 -313.79742431640625
-1003.0545043945312 -311.7978820800781
-1005.0506591796875 -313.78240966796875
-1007.04931640625 -311.8110656738281
-1009.0184326171875 -313.7750244140625
-1011.017578125 -312.3045959472656
-1012.9332275390625 -314.2998046875
-1014.9236450195312 -316.2991943359375
-1016.884033203125 -318.2972106933594
-1015.9052124023438 -316.301025390625
-1017.8201293945312 -318.29986572265625
-1019.4354858398438 -316.30218505859375
-1020.860107421875 -314.3045959472656
-1022.7531127929688 -316.2732849121094
-1022.0718994140625 -314.2745361328125
-1024.01806640625 -316.2729797363281
-1025.9317626953125 -314.31732177734375
-1027.83984375 -312.32281494140625
-1029.8104248046875 -310.47607421875
-1031.808349609375 -312.4713134765625
-1033.8043212890625 -310.5008850097656
-1035.803955078125 -312.4947814941406
-1037.8017578125 -310.51318359375
-1039.77490234375 -308.5438232421875
-1041.774658203125 -310.4833679199219
-1043.7662353515625 -308.4966735839844
-1044.99755859375 -306.531005859375
-1046.994873046875 -308.5288391113281
-1048.9580078125 -306.5657043457031
-1049.1700439453125 -304.710205078125
-1050.576416015625 -303.4162902832031
-1052.5162353515625 -303.2294921875
-1052.6812744140625 -301.5358581542969
-1053.46240234375 -299.669189453125
-1054.6068115234375 -297.6806945800781
-1055.1273193359375 -296.85186767578125
-1054.6715087890625 -295.22540283203125
-1056.208740234375 -293.9469299316406
-1056.00341796875 -294.1437072753906
-1055.2598876953125 -292.4235534667969
-1056.555419921875 -290.6590270996094
