-824.1649780273438 -314.3074035644531
-825.3615112304688 -312.31903076171875
-827.3589477539062 -310.3377380371094
-829.3526611328125 -312.31817626953125
-831.3487548828125 -314.3168640136719
-833.33984375 -312.32098388671875
-835.324462890625 -314.2991638183594
-837.2252197265625 -312.2998352050781
-839.1334838867188 -314.23291015625
-841.130859375 -312.23297119140625
-843.1026611328125 -314.1615905761719
-845.077392578125 -312.16314697265625
-847.0526123046875 -314.1495056152344
-849.037109375 -312.15045166015625
-851.0301513671875 -314.1434326171875
-853.02734375 -312.1441955566406
-853.7994995117188 -314.13702392578125
-855.7940673828125 -312.13714599609375
-857.7905883789062 -310.13720703125
-859.7770385742188 -312.1259765625
-861.7760009765625 -310.1269226074219
-863.7733154296875 -312.113525390625
-865.771240234375 -310.11376953125
-867.7500610351562 -312.08740234375
-869.7494506835938 -310.0877380371094
-871.7406616210938 -312.0799560546875
-873.7396850585938 -310.0802917480469
-875.7383422851562 -312.04644775390625
-877.7379760742188 -314.0235900878906
-879.7369995117188 -312.0238952636719
-881.73583984375 -313.9256591796875
-883.6956787109375 -311.92572021484375
-885.6650390625 -313.88922119140625
-887.6629638671875 -311.8892517089844
-889.6329956054688 -313.75311279296875
-891.6303100585938 -311.753173828125
-893.62841796875 -313.7464599609375
-895.6276245117188 -311.7497253417969
-897.6212158203125 -313.70819091796875
-895.7264404296875 -311.708251953125
-897.7220458984375 -313.7003173828125
-899.0045166015625 -311.7015686035156
-901.0031127929688 -313.6377258300781
-902.0951538085938 -311.6380920410156
-904.069091796875 -309.63818359375
-906.0390625 -311.57415771484375
-908.0115356445312 -309.5741882324219
-909.9983520507812 -311.54290771484375
-911.9974365234375 -309.5429382324219
-913.9296264648438 -311.5267028808594
-915.9263305664062 -313.5133361816406
-917.888671875 -311.5133972167969
-919.8877563476562 -313.3297119140625
-921.8873901367188 -311.3297424316406
-923.8742065429688 -313.23553466796875
-925.85888671875 -311.2401123046875
-927.8568725585938 -313.229736328125
-929.8135375976562 -311.25958251953125
-931.8131713867188 -313.15985107421875
-933.8130493164062 -311.21923828125
-935.793212890625 -312.8867492675781
-937.7928466796875 -311.5977478027344
-939.7921752929688 -313.4611511230469
-941.7919311523438 -313.80706787109375
-943.7918090820312 -313.6045837402344
-945.7908935546875 -312.7709045410156
-947.790771484375 -311.867919921875
-949.7857055664062 -311.1340637207031
-951.7821044921875 -310.69952392578125
-953.7698974609375 -310.2510986328125
-955.7222290039062 -311.96697998046875
-957.7200317382812 -313.7311096191406
-959.7191772460938 -314.95684814453125
-961.7186279296875 -312.95684814453125
-963.71435546875 -314.943359375
-965.70361328125 -312.9434509277344
-967.703369140625 -314.86053466796875
-969.65673828125 -312.8605651855469
-971.65673828125 -314.84600830078125
-973.3176879882812 -312.8460388183594
-975.3131713867188 -313.8648986816406
-977.3131103515625 -315.8388977050781
-979.2811279296875 -313.8392028808594
-981.279296875 -315.8318786621094
-983.2616577148438 -313.8318786621094
-985.2584228515625 -315.7954406738281
-987.2301025390625 -313.7954406738281
-989.2156372070312 -315.7304992675781
-991.2091064453125 -313.7310791015625
-993.2084350585938 -315.43341064453125
-995.2051391601562 -313.4334411621094
-997.102783203125 -315.3977355957031
-999.0789184570312 -313.39776611328125
-1001.0455932617188 -311.3977966308594
-1003.040283203125 -312.55450439453125
-1004.9696655273438 -310.5545654296875
-1006.9683837890625 -312.5357360839844
-1008.0997924804688 -310.5404052734375
-1010.0697631835938 -311.7954406738281
-1012.0693969726562 -312.9322814941406
-1014.0693359375 -314.8778076171875
-1016.0645141601562 -316.015625
-1018.063720703125 -318.0111389160156
-1019.6373291015625 -316.013916015625
-1021.6085815429688 -314.01397705078125
-1023.6080322265625 -314.30596923828125
-1025.4755859375 -312.3066101074219
-1027.472412109375 -314.2560119628906
-1028.9803466796875 -312.2561340332031
-1028.935791015625 -310.2597961425781
-1030.932373046875 -312.1890563964844
-1032.745849609375 -310.19451904296875
-1034.7413330078125 -311.8097839355469
-1036.69677734375 -309.81121826171875
-1038.6953125 -311.6973876953125
-1038.8197021484375 -309.6976013183594
-1040.367919921875 -307.69927978515625
-1042.1993408203125 -309.22930908203125
-1040.8743896484375 -307.2302551269531
-1042.86865234375 -309.1753845214844
-1043.8670654296875 -307.1780090332031
-1045.8602294921875 -308.2846984863281
-1047.837646484375 -306.28955078125
-1047.7733154296875 -304.2982177734375
-1049.583984375 -302.3551025390625
-1051.521728515625 -300.39361572265625
-1053.2982177734375 -298.5114440917969
-1053.088134765625 -296.5677490234375
-1054.53759765625 -294.5813903808594
-1053.019287109375 -292.9585876464844
-1054.058349609375 -290.9659118652344
-1056.0352783203125 -292.9472351074219
-1054.33056640625 -290.989013671875
-1053.2371826171875 -292.9860534667969
-1053.6983642578125 -291.0356140136719
-1053.7835693359375 -292.4989013671875
-1055.363525390625 -293.86114501953125
-1053.51953125 -291.91552734375
-1055.44970703125 -293.7792663574219
-1054.277099609375 -291.7880554199219
-1055.8173828125 -293.7638854980469
-1054.45458984375 -291.804443359375
-1056.16650390625 -293.7446594238281
-1054.9383544921875 -291.880859375
-1056.8388671875 -293.3727722167969
-1054.9217529296875 -291.6490783691406
-1056.6651611328125 -292.3695068359375
-1054.909423828125 -290.3987121582031
-1056.7049560546875 -292.3341369628906
-1054.70751953125 -290.34210205078125
-1056.517578125 -292.2210693359375
-1054.5264892578125 -290.2877502441406
-1056.3450927734375 -291.8907470703125
-1054.50830078125 -289.9047546386719
