-824.1275024414062 -314.3103332519531
-826.1220092773438 -312.318359375
-828.121826171875 -310.31854248046875
-827.8189086914062 -312.31829833984375
-829.813232421875 -310.3185119628906
-830.4529418945312 -312.3177490234375
-832.4087524414062 -314.3175964355469
-834.4033203125 -312.3177490234375
-836.3291015625 -314.3175354003906
-838.3278198242188 -312.3183898925781
-840.3009033203125 -314.3179626464844
-842.3002319335938 -312.318603515625
-844.0545654296875 -314.31817626953125
-846.0538330078125 -312.3185729980469
-847.7968139648438 -314.3184814453125
-849.7950439453125 -312.3185119628906
-851.7853393554688 -314.31756591796875
-853.7849731445312 -312.3196105957031
-855.7418212890625 -314.317626953125
-857.740966796875 -312.3176574707031
-859.7409057617188 -310.3176574707031
-861.7308959960938 -312.31451416015625
-863.7305908203125 -310.3146057128906
-865.7260131835938 -312.31378173828125
-867.7258911132812 -310.3138427734375
-869.72509765625 -312.3135681152344
-871.7249755859375 -310.3135986328125
-873.7183227539062 -312.31060791015625
-875.7183227539062 -310.3106689453125
-877.55810546875 -312.310546875
-879.5557250976562 -314.2978515625
-881.5556030273438 -312.2978820800781
-883.5546264648438 -314.295654296875
-885.5545043945312 -312.2957458496094
-887.5501098632812 -314.28863525390625
-889.5501098632812 -312.2890319824219
-891.5492553710938 -314.2823486328125
-893.549072265625 -312.28277587890625
-895.548583984375 -314.2677917480469
-897.3587646484375 -312.2681884765625
-899.3563232421875 -314.26739501953125
-900.710693359375 -312.2708740234375
-902.710693359375 -310.2709045410156
-904.7021484375 -312.27032470703125
-906.7021484375 -310.2703552246094
-908.7014770507812 -312.2689208984375
-910.7012329101562 -310.2689208984375
-912.7005615234375 -312.2677307128906
-914.6995849609375 -310.2677307128906
-916.6802368164062 -312.2677307128906
-918.6802368164062 -310.2677307128906
-920.6774291992188 -312.2666015625
-922.6774291992188 -310.2666015625
-924.676513671875 -312.2648010253906
-926.676513671875 -310.26483154296875
-928.6755981445312 -312.2308044433594
-930.6728515625 -314.2205810546875
-932.6727905273438 -312.2206726074219
-934.6720581054688 -311.9453125
-936.671875 -309.9757385253906
-938.6718139648438 -308.10687255859375
-940.6717529296875 -306.1685485839844
-942.6709594726562 -304.21221923828125
-944.6709594726562 -302.21728515625
-946.6708984375 -300.22021484375
-948.670654296875 -298.22198486328125
-950.669677734375 -298.0328063964844
-952.6692504882812 -297.2045593261719
-954.6663208007812 -297.4384460449219
-956.6070556640625 -297.9184265136719
-958.58837890625 -298.8757629394531
-960.398193359375 -300.7241516113281
-962.160888671875 -302.54376220703125
-964.1378173828125 -303.8801574707031
-965.771728515625 -305.4673156738281
-967.2239379882812 -307.2822265625
-969.1312866210938 -309.24420166015625
-971.1265258789062 -311.1317138671875
-973.1215209960938 -313.12542724609375
-975.121337890625 -314.8605651855469
-977.1211547851562 -312.8605651855469
-979.1195068359375 -314.8396911621094
-981.1194458007812 -312.8396911621094
-983.1181640625 -314.78485107421875
-985.1181030273438 -312.78485107421875
-987.110595703125 -314.58154296875
-989.1105346679688 -312.58154296875
-991.1104736328125 -314.44879150390625
-993.1101684570312 -312.44879150390625
-995.1080322265625 -313.97802734375
-997.1080322265625 -311.97802734375
-999.1051635742188 -313.46990966796875
-1001.1050415039062 -311.46990966796875
-1003.1036376953125 -313.0158386230469
-1005.1034545898438 -311.0158386230469
-1007.1011962890625 -309.4579162597656
-1009.0960693359375 -311.3265686035156
-1011.095458984375 -312.4389953613281
-1013.0912475585938 -313.4874572753906
-1015.089111328125 -314.2730712890625
-1017.078125 -316.2294616699219
-1019.0757446289062 -317.5922546386719
-1018.3536987304688 -315.71270751953125
-1020.3528442382812 -316.7024230957031
-1020.4564208984375 -314.7113037109375
-1022.4285888671875 -315.1600036621094
-1022.9540405273438 -313.16033935546875
-1024.9036865234375 -313.8735046386719
-1026.8338623046875 -311.8735046386719
-1028.828125 -311.0195617675781
-1030.8262939453125 -312.9196472167969
-1032.813720703125 -310.91973876953125
-1034.802734375 -311.69952392578125
-1036.7889404296875 -309.69952392578125
-1038.7530517578125 -309.66229248046875
-1040.7431640625 -307.6623229980469
-1042.7197265625 -306.77783203125
-1044.7122802734375 -306.0214538574219
-1046.6988525390625 -304.03704833984375
-1048.697998046875 -302.0386657714844
-1048.09912109375 -300.0614929199219
-1047.1251220703125 -298.0682678222656
-1049.11083984375 -296.06866455078125
-1049.06787109375 -294.219970703125
-1051.033203125 -295.9105529785156
-1049.451904296875 -294.0762634277344
-1051.343994140625 -296.06512451171875
-1050.994873046875 -294.0902099609375
-1049.0733642578125 -292.1456604003906
-1051.0084228515625 -293.9979248046875
-1049.2401123046875 -292.6361389160156
-1051.2060546875 -294.51409912109375
-1049.6087646484375 -292.59197998046875
-1051.44189453125 -293.7863464355469
-1052.5643310546875 -291.80120849609375
-1054.375244140625 -293.5393981933594
-1054.1697998046875 -291.82818603515625
-1056.0516357421875 -293.6064147949219
-1054.503173828125 -291.8200378417969
-1055.0814208984375 -292.8514709472656
-1053.9964599609375 -290.9996337890625
-1055.89794921875 -291.649169921875
-1057.8798828125 -292.7103271484375
-1056.4591064453125 -290.7113037109375
