-824.1940307617188 -314.29168701171875
-825.8890380859375 -312.3222351074219
-827.8662109375 -310.3255920410156
-829.7194213867188 -312.3252258300781
-831.717041015625 -314.30792236328125
-833.6068115234375 -312.3126525878906
-835.6058959960938 -314.31158447265625
-837.4134521484375 -312.3139343261719
-839.4130859375 -314.2302551269531
-840.740478515625 -312.23175048828125
-842.7351684570312 -314.2283630371094
-844.723388671875 -312.25177001953125
-846.7232666015625 -314.2500915527344
-848.5355224609375 -312.2550964355469
-850.5355224609375 -314.24749755859375
-851.8966674804688 -312.2477111816406
-853.8953247070312 -314.2304992675781
-855.7875366210938 -312.2507019042969
-857.1844482421875 -310.2510681152344
-859.178955078125 -312.23162841796875
-861.1759643554688 -310.2446594238281
-863.1513671875 -312.23455810546875
-865.0748291015625 -310.2355041503906
-867.0748291015625 -312.2341003417969
-869.0676879882812 -310.235107421875
-871.0444946289062 -312.2332458496094
-873.0389404296875 -310.2353820800781
-875.0083618164062 -312.21673583984375
-876.9920654296875 -314.2164611816406
-878.814697265625 -312.2176513671875
-880.8123168945312 -314.1982116699219
-882.5625 -312.19830322265625
-884.5618896484375 -314.1934814453125
-886.3416137695312 -312.1942138671875
-888.2992553710938 -314.1872253417969
-890.2881469726562 -312.18841552734375
-892.284912109375 -314.17926025390625
-894.2422485351562 -312.17999267578125
-896.23291015625 -314.17449951171875
-896.6817626953125 -312.1788330078125
-898.6798706054688 -314.1767272949219
-899.003662109375 -312.1920166015625
-900.9525146484375 -314.1908874511719
-902.6255493164062 -312.2019958496094
-904.4725952148438 -310.2106018066406
-906.0430908203125 -312.2101135253906
-908.0126342773438 -310.2120056152344
-910.0123901367188 -312.20556640625
-911.7562255859375 -310.2059020996094
-913.751708984375 -312.2039489746094
-915.7392578125 -310.20477294921875
-917.7390747070312 -312.0249328613281
-919.5928344726562 -310.0386047363281
-921.5927734375 -312.0375671386719
-923.5838012695312 -310.0433654785156
-925.5826416015625 -312.0394287109375
-927.5807495117188 -314.026611328125
-929.5798950195312 -312.029541015625
-931.5792236328125 -314.0202941894531
-933.5792236328125 -312.02496337890625
-935.5792236328125 -314.019287109375
-937.5776977539062 -312.1960144042969
-939.5776977539062 -314.1617431640625
-941.57763671875 -312.1903381347656
-943.57763671875 -314.01605224609375
-945.57763671875 -312.01751708984375
-947.5775756835938 -313.3807067871094
-949.5775756835938 -311.3837585449219
-951.5650024414062 -312.2930603027344
-953.5379028320312 -314.2115478515625
-955.5239868164062 -316.1188049316406
-957.5239868164062 -314.11968994140625
-959.5223999023438 -316.0900573730469
-961.5191650390625 -314.0907897949219
-963.51904296875 -316.08843994140625
-965.5185546875 -314.0899658203125
-967.5185546875 -312.0954895019531
-969.5173950195312 -314.08807373046875
-971.5164794921875 -312.0881042480469
-973.515380859375 -314.0876159667969
-975.5150146484375 -316.0873107910156
-977.5148315429688 -314.0911560058594
-979.5147094726562 -316.0834655761719
-981.5144653320312 -314.08795166015625
-983.5142822265625 -316.06549072265625
-985.5142822265625 -314.0655517578125
-987.5142822265625 -312.0677795410156
-989.5137939453125 -314.03057861328125
-991.5137939453125 -312.031982421875
-993.5136108398438 -314.0220642089844
-995.5136108398438 -312.0220642089844
-997.5135498046875 -314.0201416015625
-999.5134887695312 -312.0201721191406
-1001.513427734375 -313.9905700683594
-1003.513427734375 -311.9906005859375
-1005.513427734375 -313.59222412109375
-1007.513427734375 -311.59228515625
-1009.5127563476562 -313.589599609375
-1011.5127563476562 -311.58966064453125
-1013.5091552734375 -313.5219421386719
-1015.5087890625 -315.5148620605469
-1017.508544921875 -317.4554748535156
-1019.4556274414062 -315.561767578125
-1021.45556640625 -317.4281921386719
-1023.3580932617188 -315.4396057128906
-1025.3416748046875 -313.4467468261719
-1027.34130859375 -311.4468688964844
-1029.34130859375 -313.33184814453125
-1031.34130859375 -311.33184814453125
-1033.34130859375 -313.2223815917969
-1035.34130859375 -311.22247314453125
-1037.34130859375 -309.22314453125
-1039.34130859375 -310.5115051269531
-1041.34130859375 -308.5115051269531
-1043.34130859375 -306.51153564453125
-1045.34130859375 -304.7972412109375
-1047.34130859375 -303.0041198730469
-1049.34130859375 -301.0138244628906
-1051.321533203125 -299.0245056152344
-1053.313720703125 -297.12518310546875
-1052.8082275390625 -295.29443359375
-1054.489013671875 -293.31048583984375
-1055.7752685546875 -291.34771728515625
-1057.5567626953125 -293.3333740234375
-1055.58349609375 -291.3656921386719
-1057.400634765625 -293.3464660644531
-1056.7745361328125 -291.3792419433594
