-823.7049560546875 -314.3098449707031
-825.6209716796875 -312.31427001953125
-827.6206665039062 -310.31427001953125
-829.4183349609375 -312.3126220703125
-831.405517578125 -314.3125
-833.4050903320312 -312.3125305175781
-835.4020385742188 -314.3109436035156
-837.4016723632812 -312.3111267089844
-838.6660766601562 -314.3108825683594
-840.6649169921875 -312.3128967285156
-842.6430053710938 -314.30889892578125
-844.6428833007812 -312.3183288574219
-846.5922241210938 -314.3182067871094
-848.591552734375 -312.318359375
-850.5681762695312 -314.31787109375
-852.5302124023438 -312.3179016113281
-854.3729248046875 -314.31732177734375
-856.3726806640625 -312.31732177734375
-858.3726196289062 -310.3173828125
-859.6057739257812 -312.3070068359375
-861.6056518554688 -310.307861328125
-863.3897705078125 -312.30718994140625
-865.3894653320312 -310.3077697753906
-867.3623046875 -312.30548095703125
-869.3621826171875 -310.3055114746094
-871.3285522460938 -312.3050537109375
-873.3281860351562 -310.3056945800781
-874.1326293945312 -312.2575988769531
-875.7677001953125 -314.2535400390625
-877.7662963867188 -312.2626647949219
-879.5870971679688 -314.25494384765625
-881.5867919921875 -312.255126953125
-883.5611572265625 -314.2535400390625
-885.5595092773438 -312.25384521484375
-887.5191040039062 -314.25201416015625
-889.5183715820312 -312.2530212402344
-888.4220581054688 -314.25164794921875
-890.4204711914062 -312.25189208984375
-892.2106323242188 -314.25177001953125
-894.210205078125 -312.2536315917969
-896.1820068359375 -314.231689453125
-896.626708984375 -312.2320251464844
-898.3440551757812 -314.2301940917969
-900.2047119140625 -312.2523498535156
-902.19921875 -310.2524108886719
-904.1378173828125 -312.24127197265625
-906.1377563476562 -310.24444580078125
-907.7490234375 -312.2263488769531
-909.7479248046875 -310.22637939453125
-911.6920166015625 -312.2261047363281
-913.6917724609375 -310.23626708984375
-915.6173706054688 -312.2357177734375
-917.6170654296875 -310.2379455566406
-919.4490356445312 -312.23638916015625
-921.448974609375 -310.2528381347656
-923.308349609375 -312.252685546875
-925.308349609375 -310.2621765136719
-927.1340942382812 -312.2604675292969
-929.1339111328125 -314.260009765625
-931.1339111328125 -313.01458740234375
-933.1338500976562 -311.61083984375
-935.1176147460938 -313.6108093261719
-937.1176147460938 -312.77020263671875
-939.1176147460938 -311.4446105957031
-941.1156616210938 -313.44451904296875
-943.1156616210938 -314.29608154296875
-945.1156616210938 -316.08721923828125
-947.1156616210938 -317.8544616699219
-949.1156616210938 -319.75836181640625
-951.1041259765625 -317.7748107910156
-953.085693359375 -315.7805480957031
-954.8521728515625 -313.78143310546875
-956.5907592773438 -315.7622375488281
-958.5853271484375 -313.7626037597656
-960.3822631835938 -315.7528991699219
-962.3807983398438 -313.7528991699219
-964.21923828125 -315.7516784667969
-966.2190551757812 -313.75482177734375
-965.8865356445312 -315.7522888183594
-967.8840942382812 -313.7551574707031
-968.861572265625 -315.7447204589844
-970.861328125 -313.74517822265625
-972.7798461914062 -315.7450256347656
-974.7796630859375 -313.7451477050781
-976.661376953125 -315.7450866699219
-978.6611938476562 -313.7465515136719
-980.6322631835938 -315.746337890625
-982.6322021484375 -313.7473449707031
-984.6239013671875 -315.74725341796875
-986.6237182617188 -314.15216064453125
-988.6236572265625 -312.1531982421875
-990.2384033203125 -314.1512145996094
-992.2379150390625 -312.1532287597656
-994.1817626953125 -314.1445617675781
-996.181640625 -312.1833190917969
-997.9369506835938 -314.1828308105469
-999.9368896484375 -312.182861328125
-1001.9059448242188 -314.1813049316406
-1003.9058837890625 -312.18206787109375
-1005.9058227539062 -310.18682861328125
-1007.8985595703125 -312.18670654296875
-1007.6265258789062 -314.18115234375
-1009.6265258789062 -312.19091796875
-1011.258056640625 -314.19061279296875
-1012.4188842773438 -316.1905517578125
-1014.4188842773438 -315.88348388671875
-1014.3148803710938 -317.8825378417969
-1016.3148803710938 -319.5303039550781
-1018.3148803710938 -318.84552001953125
-1018.593017578125 -316.8693542480469
-1020.5703125 -314.8746337890625
-1022.522705078125 -316.87188720703125
-1024.197509765625 -314.94970703125
-1026.107421875 -312.95257568359375
-1028.107177734375 -310.9587707519531
-1030.1002197265625 -312.9585876464844
-1032.1002197265625 -310.9636535644531
-1034.036376953125 -312.9602355957031
-1036.0362548828125 -310.96234130859375
-1038.0362548828125 -308.96240234375
-1039.9974365234375 -310.9617919921875
-1041.997314453125 -308.96209716796875
-1043.997314453125 -306.96734619140625
-1045.9952392578125 -308.9504699707031
-1047.9952392578125 -306.9530334472656
-1049.9952392578125 -304.953125
-1051.295654296875 -303.1963195800781
-1051.685546875 -303.04815673828125
-1050.0318603515625 -301.0778503417969
-1051.931396484375 -299.3458251953125
-1053.4503173828125 -297.4070739746094
-1054.6510009765625 -295.74310302734375
-1054.8651123046875 -294.39642333984375
-1056.2283935546875 -292.58636474609375
-1058.1781005859375 -290.7664489746094
