-834.1874389648438 -117.30992126464844
-833.0956420898438 -119.24832916259766
-834.9180908203125 -120.4834213256836
-834.7864990234375 -122.40626525878906
-833.7283935546875 -124.28668975830078
-833.6836547851562 -123.46768188476562
-835.412353515625 -123.00363159179688
-836.66259765625 -124.25308227539062
-837.6669311523438 -126.22016143798828
-835.882568359375 -128.12245178222656
-835.4932250976562 -130.1162109375
-836.0576171875 -132.08326721191406
-836.7186889648438 -134.02471923828125
-836.8364868164062 -136.0230255126953
-836.183837890625 -138.015625
-837.4092407226562 -139.9645233154297
-838.218505859375 -141.90151977539062
-838.3051147460938 -143.880615234375
-839.7871704101562 -145.8365020751953
-837.809814453125 -147.5052032470703
-838.2215576171875 -149.49368286132812
-838.9259643554688 -151.48495483398438
-837.1722412109375 -153.36798095703125
-838.4805908203125 -155.28248596191406
-837.83984375 -157.26107788085938
-837.6053466796875 -158.94557189941406
-838.1185913085938 -160.68408203125
-836.6270751953125 -162.5684051513672
-836.1848754882812 -164.46041870117188
-838.0948486328125 -166.39100646972656
-836.7487182617188 -168.3763885498047
-838.42919921875 -170.3653564453125
-838.7490234375 -172.36170959472656
-840.4611206054688 -174.35411071777344
-842.1641845703125 -176.3420867919922
-844.0941162109375 -178.32017517089844
-846.085205078125 -180.3004150390625
-848.0701904296875 -178.3004150390625
-850.0570068359375 -180.26576232910156
-852.0512084960938 -178.26576232910156
-853.9990844726562 -180.24124145507812
-855.9984130859375 -178.24124145507812
-857.521240234375 -180.23524475097656
-859.518798828125 -178.23524475097656
-861.4278564453125 -180.20242309570312
-863.4227905273438 -178.2024383544922
-865.316162109375 -180.1869354248047
-867.3146362304688 -178.1869354248047
-868.0457153320312 -180.1127471923828
-870.0449829101562 -178.11276245117188
-872.0370483398438 -180.10057067871094
-874.0368041992188 -178.10057067871094
-876.0338134765625 -180.08277893066406
-878.0336303710938 -178.08277893066406
-879.9147338867188 -179.9591827392578
-881.9146118164062 -177.9591827392578
-883.906982421875 -179.95907592773438
-885.9063110351562 -181.9585723876953
-887.9061279296875 -179.9585723876953
-889.89697265625 -181.94483947753906
-891.8861694335938 -183.9378204345703
-893.0338745117188 -185.83770751953125
-893.64794921875 -187.81048583984375
-891.7662963867188 -189.76222229003906
-893.7642211914062 -187.8662567138672
-893.240478515625 -189.7342987060547
-895.0704345703125 -191.68142700195312
-893.6022338867188 -193.64181518554688
-895.2971801757812 -195.42398071289062
-893.6201171875 -196.71559143066406
-893.6962890625 -198.69781494140625
-892.8114624023438 -200.33132934570312
-891.9606323242188 -202.07630920410156
-893.956298828125 -200.08065795898438
-892.95068359375 -202.0176239013672
-892.5789184570312 -203.71800231933594
-894.576171875 -201.71878051757812
-895.509765625 -202.95436096191406
-893.6270751953125 -203.7308807373047
-893.2689819335938 -205.44236755371094
-893.846923828125 -207.00738525390625
-895.7174682617188 -205.8478546142578
-894.162353515625 -207.7572479248047
-895.767822265625 -206.369140625
-896.82958984375 -208.3545379638672
-894.83544921875 -207.91029357910156
-893.2735595703125 -206.5806427001953
-894.7990112304688 -208.5005645751953
-896.4650268554688 -207.6290740966797
-894.5407104492188 -205.7489013671875
-893.7391967773438 -207.70175170898438
-895.1582641601562 -207.35191345214844
-895.3114624023438 -205.72711181640625
-895.2636108398438 -207.49244689941406
-894.7522583007812 -205.87298583984375
-895.27099609375 -207.7928009033203
-895.5810546875 -206.6053924560547
-893.8378295898438 -208.59384155273438
-893.5341796875 -209.5457000732422
-894.7329711914062 -211.35874938964844
-894.039794921875 -212.6154327392578
-894.34521484375 -214.4385223388672
-895.9751586914062 -215.1019287109375
-894.0097045898438 -216.58670043945312
-892.4745483398438 -218.523681640625
-892.5402221679688 -220.12307739257812
-894.5143432617188 -222.04612731933594
-893.7217407226562 -224.04434204101562
-895.6420288085938 -226.04322814941406
-897.6417846679688 -228.03668212890625
-899.6417846679688 -226.03668212890625
-901.6416015625 -228.0255584716797
-903.6416015625 -226.0255584716797
-905.6408081054688 -227.87469482421875
-907.6408081054688 -225.87469482421875
-909.6408081054688 -227.61642456054688
-911.6408081054688 -225.61642456054688
-913.6407470703125 -227.4651641845703
-915.6407470703125 -225.4651641845703
-917.6406860351562 -227.39292907714844
-919.6406860351562 -225.39292907714844
-921.6403198242188 -227.33505249023438
-923.6403198242188 -225.33505249023438
-925.6400146484375 -226.56201171875
-927.6400146484375 -226.3251495361328
-929.6398315429688 -225.31056213378906
-931.63916015625 -223.96337890625
-933.63916015625 -221.96780395507812
-935.6390380859375 -219.9678955078125
-937.6390380859375 -217.96792602539062
-939.6390380859375 -215.96792602539062
-941.6390380859375 -213.96798706054688
-943.6389770507812 -211.96798706054688
-945.6389770507812 -209.96835327148438
-947.6389770507812 -207.96856689453125
-949.6389770507812 -205.96861267089844
-951.6389770507812 -207.96334838867188
-953.6389770507812 -209.95285034179688
-955.6389770507812 -211.95225524902344
-957.6389770507812 -213.95220947265625
-959.6389770507812 -215.9521484375
-961.6389770507812 -213.95216369628906
-963.638916015625 -215.95204162597656
-965.638916015625 -213.9521026611328
-967.638916015625 -215.95130920410156
-969.638916015625 -213.95138549804688
-971.6381225585938 -215.95115661621094
-973.6381225585938 -213.95115661621094
-975.6380004882812 -215.9464569091797
-977.6380004882812 -217.93856811523438
-979.6380004882812 -215.93856811523438
-981.6380004882812 -217.92898559570312
-983.6380004882812 -215.9290008544922
-985.6380004882812 -217.9205780029297
-987.6380004882812 -215.9205780029297
-989.6380004882812 -217.91397094726562
-991.637939453125 -215.91397094726562
-993.637939453125 -213.9139862060547
-995.6378173828125 -215.90911865234375
-997.6376953125 -213.9091339111328
-999.6363525390625 -215.90321350097656
-1001.6362915039062 -213.90322875976562
-1003.6356811523438 -215.8675537109375
-1005.6353759765625 -213.8676300048828
-1007.6353149414062 -215.62867736816406
-1009.63525390625 -213.62872314453125
-1011.6341552734375 -212.9617462158203
-1013.6341552734375 -212.07496643066406
-1015.599853515625 -214.07476806640625
-1017.5997314453125 -212.07481384277344
-1019.5890502929688 -214.07113647460938
-1021.5833740234375 -216.07052612304688
-1023.5830688476562 -214.07054138183594
-1025.58251953125 -216.06439208984375
-1027.5816650390625 -214.06439208984375
-1029.5810546875 -215.92474365234375
-1031.5809326171875 -213.9248046875
-1033.5804443359375 -215.8861541748047
-1035.579833984375 -213.8861541748047
-1037.5789794921875 -215.80714416503906
-1039.578369140625 -213.80715942382812
-1041.3238525390625 -215.80126953125
-1043.322509765625 -217.80047607421875
-1045.3201904296875 -215.80059814453125
-1047.3197021484375 -217.79031372070312
-1049.31884765625 -219.78257751464844
-1051.2476806640625 -221.56979370117188
-1052.69140625 -223.50469970703125
-1053.2835693359375 -225.48829650878906
-1054.1314697265625 -227.4686737060547
-1053.668701171875 -229.3258819580078
-1052.3814697265625 -231.32139587402344
-1053.4515380859375 -233.30418395996094
-1052.2122802734375 -235.28868103027344
-1052.0751953125 -237.28741455078125
-1051.744140625 -239.2418670654297
-1051.3016357421875 -241.23696899414062
-1052.295166015625 -243.16909790039062
-1052.93115234375 -245.1492156982422
-1052.6402587890625 -247.02145385742188
-1050.8970947265625 -248.9878387451172
-1051.27099609375 -250.9545440673828
-1053.135009765625 -252.9334259033203
-1054.84228515625 -251.7247314453125
-1053.1846923828125 -253.70411682128906
-1054.7547607421875 -253.0998077392578
-1056.2017822265625 -251.85604858398438
-1054.428955078125 -253.83799743652344
-1054.69140625 -254.25706481933594
-1054.2584228515625 -255.72169494628906
-1052.669677734375 -257.61004638671875
-1051.7618408203125 -259.6038513183594
