-834.4559936523438 -118.46979522705078
-832.6312866210938 -120.46732330322266
-834.5537719726562 -122.4620361328125
-832.5839233398438 -124.4554214477539
-834.5792846679688 -126.45342254638672
-832.7989501953125 -128.44459533691406
-834.776611328125 -130.43624877929688
-832.8799438476562 -132.43331909179688
-834.6372680664062 -134.43310546875
-832.7117309570312 -136.42271423339844
-834.6541748046875 -138.42262268066406
-832.7409057617188 -140.41983032226562
-834.6968383789062 -142.4113006591797
-834.3123779296875 -144.41009521484375
-832.4055786132812 -146.39328002929688
-834.3121337890625 -148.3925018310547
-833.115234375 -150.3721160888672
-835.0968627929688 -152.3694610595703
-834.319091796875 -154.3651885986328
-832.4560546875 -156.3626251220703
-834.4176635742188 -158.36204528808594
-832.562255859375 -160.35617065429688
-834.4970092773438 -162.35525512695312
-833.171875 -164.34994506835938
-834.740478515625 -166.34375
-833.484130859375 -168.34112548828125
-835.4261474609375 -170.33258056640625
-835.7870483398438 -172.3291473388672
-836.3504638671875 -174.32733154296875
-837.4820556640625 -176.3232879638672
-839.1797485351562 -178.32293701171875
-841.0426025390625 -180.32266235351562
-843.0301513671875 -178.54010009765625
-844.9459838867188 -180.5302276611328
-846.8965454101562 -178.6809844970703
-848.8775634765625 -180.6808319091797
-850.7056884765625 -179.45680236816406
-852.6925659179688 -181.45657348632812
-854.4945068359375 -179.6316680908203
-856.4221801757812 -181.62852478027344
-858.3719482421875 -179.74826049804688
-860.3690185546875 -181.74710083007812
-862.2446899414062 -179.9299774169922
-864.1923828125 -178.5615234375
-866.1901245117188 -180.56063842773438
-868.0941772460938 -179.04759216308594
-870.0738525390625 -177.5495147705078
-872.0718383789062 -179.54859924316406
-874.0533447265625 -181.10250854492188
-875.9400634765625 -179.2445068359375
-877.9313354492188 -179.2279510498047
-879.91015625 -177.43870544433594
-879.409912109375 -179.43727111816406
-881.1143188476562 -181.07826232910156
-882.5960083007812 -179.871826171875
-884.288330078125 -181.87069702148438
-885.7835083007812 -179.91766357421875
-887.4754028320312 -181.91612243652344
-889.4599609375 -182.82662963867188
-891.3975830078125 -182.43377685546875
-889.5191650390625 -184.42225646972656
-891.4913330078125 -183.63046264648438
-889.5613403320312 -185.61387634277344
-891.5209350585938 -187.5908660888672
-893.5145874023438 -189.5812530517578
-891.5762329101562 -191.58106994628906
-893.5675048828125 -193.57940673828125
-892.002197265625 -195.54168701171875
-893.9764404296875 -197.39932250976562
-892.0144653320312 -199.3970184326172
-893.9541625976562 -201.39564514160156
-891.9832153320312 -203.39019775390625
-893.8170166015625 -205.38043212890625
-893.8895874023438 -207.37940979003906
-891.9362182617188 -209.3110809326172
-893.8765869140625 -211.31080627441406
-893.7654418945312 -213.3006134033203
-892.6726684570312 -215.28993225097656
-893.9417114257812 -217.28843688964844
-892.1190795898438 -219.28323364257812
-894.1141967773438 -221.2642059326172
-896.073974609375 -223.26394653320312
-898.0718383789062 -225.2615966796875
-900.0636596679688 -227.26092529296875
-902.0625 -229.24440002441406
-904.0604858398438 -227.307373046875
-906.0565795898438 -229.3057098388672
-908.053955078125 -227.3657989501953
-910.0538940429688 -225.59786987304688
-912.046875 -227.59727478027344
-914.046142578125 -225.61524963378906
-916.0421752929688 -227.60699462890625
-918.0421142578125 -225.75125122070312
-920.0416870117188 -227.7509765625
-922.0413818359375 -225.77130126953125
-924.0371704101562 -227.7544403076172
-926.0333251953125 -228.09385681152344
-928.032470703125 -230.0787811279297
-930.030517578125 -231.4981689453125
-932.0283813476562 -233.42018127441406
-934.022705078125 -235.41677856445312
-935.9827880859375 -237.41578674316406
-937.9797973632812 -239.3138427734375
-939.9747924804688 -241.30369567871094
-941.9636840820312 -243.25364685058594
-943.955322265625 -245.25306701660156
-945.8876342773438 -247.25161743164062
-947.8837890625 -249.24017333984375
-949.8682861328125 -251.1876983642578
-951.8671264648438 -253.1844940185547
-953.8668212890625 -254.67550659179688
-955.8637084960938 -256.56683349609375
-957.856689453125 -258.53521728515625
-959.8285522460938 -260.5289306640625
-961.8285522460938 -262.3163146972656
-963.8283081054688 -264.029052734375
-965.8262939453125 -265.99853515625
-967.737548828125 -267.650390625
-968.797607421875 -269.4328308105469
-969.6530151367188 -271.3097229003906
-969.5953369140625 -273.2604675292969
-970.6875610351562 -275.0580749511719
-969.9947509765625 -276.9667663574219
-971.49853515625 -278.9443359375
-970.2168579101562 -280.5174560546875
-968.555419921875 -282.4932556152344
-967.6006469726562 -284.3002624511719
-969.5311279296875 -286.1341247558594
-968.578857421875 -288.01983642578125
-967.3731689453125 -290.0118103027344
-967.9253540039062 -291.97265625
-968.49658203125 -293.48553466796875
-967.4859619140625 -295.36114501953125
-968.0648193359375 -296.55279541015625
-966.6040649414062 -297.3638610839844
-967.9234008789062 -298.2979431152344
-969.142333984375 -300.1592102050781
-968.0478515625 -301.54107666015625
-969.2440185546875 -303.05645751953125
-968.2174682617188 -304.6732177734375
-967.651611328125 -305.6368408203125
-968.6692504882812 -307.3135681152344
-969.278564453125 -307.8634033203125
-971.2225341796875 -309.7950439453125
-973.1150512695312 -310.32403564453125
-974.6987915039062 -310.4269714355469
-976.62060546875 -312.29644775390625
-978.2196044921875 -310.9055480957031
-980.1564331054688 -310.8961181640625
-982.0512084960938 -310.3990783691406
-984.0355834960938 -310.2725830078125
-986.0196533203125 -309.8421325683594
-987.8772583007812 -311.20196533203125
-989.3416748046875 -309.25201416015625
-990.2698364257812 -310.59246826171875
-992.09375 -310.17315673828125
-993.8583984375 -309.8356628417969
-995.839599609375 -309.9251403808594
-997.7616577148438 -308.13372802734375
-999.1622314453125 -306.8006286621094
-1001.0866088867188 -304.99029541015625
-1000.8779296875 -303.3898010253906
-1002.4202880859375 -302.07049560546875
-1004.4124145507812 -300.9764709472656
-1006.4074096679688 -298.9912414550781
-1004.4141845703125 -300.7794189453125
-1006.3631591796875 -298.8077087402344
-1004.3656005859375 -297.4007568359375
-1006.3562622070312 -295.45062255859375
-1004.3908081054688 -294.84295654296875
-1006.3905029296875 -292.926513671875
