-834.4282836914062 -118.35726928710938
-836.4125366210938 -120.24752044677734
-837.0347900390625 -122.20862579345703
-838.6327514648438 -124.17555236816406
-839.5277099609375 -126.1580581665039
-838.6565551757812 -128.10438537597656
-839.9804077148438 -130.08004760742188
-840.9915771484375 -132.05917358398438
-839.7343139648438 -133.99447631835938
-839.149658203125 -135.9401092529297
-838.4682006835938 -137.93153381347656
-839.8989868164062 -139.9284210205078
-839.8895263671875 -141.90953063964844
-839.8866577148438 -143.89483642578125
-839.2529907226562 -145.8899688720703
-838.0909423828125 -147.86163330078125
-839.3482055664062 -149.84811401367188
-840.9820556640625 -151.83160400390625
-839.4996948242188 -153.82220458984375
-841.2908935546875 -155.81398010253906
-841.839111328125 -157.04078674316406
-840.3504028320312 -158.94093322753906
-841.1232299804688 -160.89073181152344
-840.0557250976562 -162.70501708984375
-840.3587036132812 -164.69912719726562
-838.6192016601562 -166.6919708251953
-840.0348510742188 -168.68753051757812
-838.3265380859375 -170.60829162597656
-838.5780639648438 -172.60147094726562
-840.5624389648438 -174.59800720214844
-842.529296875 -176.59475708007812
-844.5283813476562 -178.5500946044922
-846.5086669921875 -180.1184539794922
-848.4845581054688 -178.1185760498047
-850.4235229492188 -179.91400146484375
-852.421630859375 -181.8145294189453
-854.288818359375 -179.8146209716797
-856.2874755859375 -181.69024658203125
-858.2782592773438 -179.69024658203125
-860.2748413085938 -181.68484497070312
-862.2073974609375 -179.68507385253906
-864.2068481445312 -181.67152404785156
-866.1992797851562 -179.67166137695312
-868.1296997070312 -177.6719207763672
-870.129638671875 -179.66404724121094
-872.1244506835938 -177.66409301757812
-874.1232299804688 -179.65573120117188
-876.050048828125 -177.65621948242188
-878.0485229492188 -179.53932189941406
-880.022705078125 -177.5394287109375
-882.0191650390625 -179.53927612304688
-884.0186157226562 -181.53921508789062
-886.017822265625 -179.53921508789062
-888.0161743164062 -181.53578186035156
-890.0159301757812 -183.5335235595703
-892.0014038085938 -181.53402709960938
-894.0014038085938 -183.53042602539062
-893.87109375 -185.4761505126953
-894.1904296875 -187.4676971435547
-894.7496337890625 -189.46722412109375
-896.2919311523438 -191.43272399902344
-894.474609375 -193.426513671875
-895.6124267578125 -195.26272583007812
-894.1987915039062 -197.24107360839844
-894.4024658203125 -199.23912048339844
-893.0283203125 -201.23788452148438
-894.8750610351562 -203.23123168945312
-894.3538818359375 -205.20889282226562
-895.5170288085938 -207.20083618164062
-895.1295776367188 -208.74850463867188
-895.8352661132812 -210.52899169921875
-896.332275390625 -212.47787475585938
-896.1705932617188 -214.4691619873047
-895.4471435546875 -216.36085510253906
-894.7750854492188 -218.35704040527344
-895.2599487304688 -220.22445678710938
-897.148193359375 -222.2229766845703
-899.0654907226562 -224.2213592529297
-901.0654296875 -226.21571350097656
-903.0634765625 -228.17108154296875
-905.0634765625 -226.17108154296875
-907.063232421875 -228.11605834960938
-909.063232421875 -226.11607360839844
-911.0618896484375 -228.0909423828125
-913.0618896484375 -226.0909423828125
-915.0618896484375 -228.0879364013672
-917.0618896484375 -226.0879364013672
-919.0618896484375 -227.9884490966797
-921.0618896484375 -225.9884490966797
-923.0618286132812 -227.9773406982422
-925.0618286132812 -225.9773406982422
-927.0618286132812 -227.93231201171875
-929.0618286132812 -225.93231201171875
-931.0614624023438 -226.60958862304688
-933.0614624023438 -224.63491821289062
-935.0614013671875 -222.6350555419922
-937.0614013671875 -220.6351318359375
-939.0614013671875 -218.63519287109375
-941.0614013671875 -216.63523864746094
-943.0614013671875 -214.6352996826172
-945.0614013671875 -212.63531494140625
-947.0613403320312 -210.63534545898438
-949.0613403320312 -208.63552856445312
-951.0613403320312 -206.63587951660156
-953.06103515625 -208.6358642578125
-955.0609130859375 -210.63584899902344
-957.0608520507812 -212.63584899902344
-959.0608520507812 -214.63584899902344
-961.0608520507812 -216.63584899902344
-963.0608520507812 -214.6380615234375
-965.0608520507812 -216.6380615234375
-967.060791015625 -214.64393615722656
-969.0606079101562 -216.64393615722656
-971.0606079101562 -214.64447021484375
-973.0598754882812 -216.64447021484375
-975.0598754882812 -214.64451599121094
-977.0598754882812 -216.64451599121094
-979.0598754882812 -214.64453125
-981.0598754882812 -216.6444091796875
-983.0598754882812 -218.64437866210938
-985.0595703125 -216.64442443847656
-987.0594482421875 -214.6444549560547
-989.059326171875 -216.64430236816406
-991.0590209960938 -214.6444854736328
-993.0589599609375 -216.64349365234375
-995.058837890625 -214.64427185058594
-997.058837890625 -216.64425659179688
-999.058349609375 -214.64427185058594
-1001.058349609375 -216.64425659179688
-1003.0582275390625 -214.6444854736328
-1005.0582275390625 -216.64443969726562
-1007.057861328125 -214.6446075439453
-1009.0577392578125 -212.64462280273438
-1011.0577392578125 -214.64154052734375
-1013.0576171875 -212.6416778564453
-1015.055419921875 -210.6419219970703
-1017.0293579101562 -212.6419219970703
-1019.029052734375 -214.6419219970703
-1021.0287475585938 -212.64198303222656
-1023.005859375 -214.64198303222656
-1025.0057373046875 -216.64198303222656
-1027.0054931640625 -214.64273071289062
-1029.0054931640625 -216.64259338378906
-1031.00439453125 -214.6455535888672
-1033.00341796875 -216.64549255371094
-1035.0025634765625 -214.6473846435547
-1037.0025634765625 -216.64730834960938
-1039.0023193359375 -214.65069580078125
-1041.0013427734375 -216.6506805419922
-1043.0009765625 -214.6519012451172
-1045.000732421875 -216.6519012451172
-1047.0006103515625 -218.65184020996094
-1048.9990234375 -220.65182495117188
-1050.689697265625 -222.6514892578125
-1050.9310302734375 -224.65135192871094
-1052.4071044921875 -226.6512908935547
-1052.1419677734375 -228.65121459960938
-1051.4705810546875 -230.65118408203125
-1052.079345703125 -232.65098571777344
-1050.9268798828125 -234.65097045898438
-1049.666259765625 -236.6509246826172
-1050.9071044921875 -238.65052795410156
-1052.039794921875 -240.65020751953125
-1053.37158203125 -242.65017700195312
-1051.927490234375 -244.6493682861328
-1051.3616943359375 -246.6493682861328
-1050.2503662109375 -248.64927673339844
-1049.3922119140625 -250.64926147460938
-1051.3922119140625 -248.8072052001953
-1049.716796875 -250.80699157714844
-1051.716796875 -248.8151397705078
-1050.62939453125 -250.81442260742188
-1052.27587890625 -252.8143768310547
-1053.5721435546875 -254.77476501464844
-1051.6046142578125 -256.7743835449219
-1050.494384765625 -258.77392578125
