-834.5511474609375 -116.67113494873047
-833.8268432617188 -118.52227783203125
-833.779541015625 -119.38644409179688
-835.51025390625 -120.74991607666016
-835.0009765625 -122.72947692871094
-833.0468139648438 -124.63449096679688
-835.0429077148438 -126.2453842163086
-833.6939086914062 -128.21597290039062
-835.5676879882812 -128.22906494140625
-834.9658813476562 -130.1699981689453
-836.2027587890625 -132.14019775390625
-836.883056640625 -134.12448120117188
-835.20849609375 -136.0938262939453
-836.7056274414062 -137.0110321044922
-837.9544677734375 -138.73214721679688
-836.80029296875 -140.52536010742188
-837.4242553710938 -142.48773193359375
-838.8765869140625 -144.40432739257812
-837.1978149414062 -146.37252807617188
-835.558837890625 -148.3042449951172
-834.4199829101562 -149.0843963623047
-836.2407836914062 -151.01788330078125
-837.027587890625 -152.81246948242188
-837.7678833007812 -154.79998779296875
-838.7910766601562 -156.7582244873047
-837.5740356445312 -158.7435760498047
-836.4752197265625 -160.58460998535156
-836.5623168945312 -162.22271728515625
-836.456787109375 -163.8868408203125
-836.5072631835938 -165.73873901367188
-837.3556518554688 -166.3418426513672
-839.2542724609375 -168.14231872558594
-839.9600830078125 -169.97299194335938
-838.4774780273438 -171.96897888183594
-840.1759643554688 -173.96058654785156
-842.0191040039062 -175.94857788085938
-844.0159301757812 -177.876708984375
-846.0156860351562 -178.6710968017578
-848.0155029296875 -178.7400360107422
-850.015380859375 -180.17027282714844
-852.0138549804688 -178.1706085205078
-854.0132446289062 -179.79612731933594
-856.01318359375 -178.490966796875
-858.0128173828125 -177.99400329589844
-860.0117797851562 -179.92088317871094
-862.0117797851562 -179.65875244140625
-864.0117797851562 -180.0828399658203
-866.0040283203125 -178.08302307128906
-868.0039672851562 -177.4731903076172
-870.003173828125 -177.4573211669922
-872.003173828125 -176.32774353027344
-874.0029296875 -177.5088653564453
-876.0029296875 -179.16453552246094
-878.0027465820312 -177.16455078125
-880.002685546875 -176.5896759033203
-882.0025024414062 -178.46044921875
-884.002197265625 -179.892822265625
-886.002197265625 -181.7804412841797
-887.99658203125 -179.78054809570312
-889.9963989257812 -181.5143585205078
-891.9963989257812 -181.19602966308594
-893.9963989257812 -182.11032104492188
-892.452880859375 -180.21832275390625
-894.4528198242188 -181.29147338867188
-896.4390258789062 -182.40098571777344
-894.9804077148438 -180.45579528808594
-896.9163818359375 -182.0157928466797
-895.0999755859375 -180.07118225097656
-896.7196655273438 -180.92323303222656
-898.2772216796875 -181.98358154296875
-897.8709716796875 -180.0518341064453
-897.8490600585938 -182.03077697753906
-899.3876953125 -180.03233337402344
-901.2938842773438 -181.9042205810547
-902.6279296875 -179.92152404785156
-904.4639892578125 -181.75604248046875
-906.2611083984375 -179.7624969482422
-908.2525634765625 -181.2488250732422
-910.25 -183.02755737304688
-911.9164428710938 -181.0975799560547
-913.902587890625 -183.07235717773438
-915.1631469726562 -181.09365844726562
-917.147216796875 -182.99557495117188
-916.819580078125 -181.03640747070312
-918.8097534179688 -183.0063934326172
-920.3721313476562 -181.08717346191406
-922.3541259765625 -182.92613220214844
-924.3409423828125 -180.96975708007812
-926.3328857421875 -182.8165283203125
-928.3328857421875 -180.834716796875
-930.3328857421875 -180.57260131835938
-932.3328857421875 -178.73731994628906
-934.3328857421875 -176.78720092773438
-936.3328857421875 -174.99095153808594
-938.3328857421875 -173.00546264648438
-940.3328857421875 -171.0599365234375
-942.3328857421875 -169.2265625
-944.3328857421875 -167.30575561523438
-946.3328247070312 -165.51512145996094
-948.3328247070312 -163.64865112304688
-950.3326416015625 -165.2530975341797
-952.2801513671875 -167.17739868164062
-954.2796630859375 -169.10093688964844
-956.2791748046875 -171.05307006835938
-958.277099609375 -172.7119903564453
-960.2758178710938 -173.16566467285156
-962.2322998046875 -173.60096740722656
-964.0421142578125 -175.4278106689453
-962.38427734375 -177.20396423339844
-964.3419189453125 -178.4810333251953
-966.0424194335938 -180.21640014648438
-967.7850952148438 -182.11903381347656
-969.7551879882812 -184.11276245117188
-968.0281982421875 -186.04782104492188
-966.2310180664062 -184.60205078125
-967.1381225585938 -186.47549438476562
-966.919677734375 -185.6465301513672
-965.97216796875 -184.88243103027344
-967.20458984375 -186.8221893310547
-967.2825927734375 -185.68081665039062
-966.4412841796875 -187.6324462890625
-967.2986450195312 -186.34352111816406
-968.1890258789062 -186.0274658203125
-967.8885498046875 -187.27978515625
-968.7218627929688 -187.5607147216797
-967.2645263671875 -186.54530334472656
-967.5831298828125 -187.3882598876953
-968.3583984375 -187.72506713867188
-967.4800415039062 -187.3802490234375
-965.984130859375 -189.05300903320312
-965.4525146484375 -190.75509643554688
-966.366943359375 -191.39788818359375
-967.6444091796875 -193.15582275390625
-967.282958984375 -193.76760864257812
-968.1847534179688 -195.31301879882812
-968.4653930664062 -197.2523651123047
-970.0180053710938 -198.5712890625
-971.7330322265625 -200.5680389404297
-971.4602661132812 -202.37078857421875
-973.4041137695312 -204.3684844970703
-975.4002685546875 -206.3651123046875
-976.8316650390625 -208.17916870117188
-978.8252563476562 -210.04563903808594
-980.8116455078125 -212.0168914794922
-982.8109130859375 -213.93966674804688
-984.8109130859375 -215.86026000976562
-986.8108520507812 -217.84901428222656
-988.8106079101562 -215.84979248046875
-990.80859375 -213.8536376953125
-992.806396484375 -215.3760528564453
-994.8062133789062 -217.3754119873047
-996.8020629882812 -215.38128662109375
-998.8013916015625 -217.37881469726562
-1000.7852172851562 -215.43276977539062
-1002.7848510742188 -217.41683959960938
-1004.7833862304688 -216.67666625976562
-1006.7750244140625 -214.678466796875
-1008.7742309570312 -212.68194580078125
-1010.773681640625 -214.3889923095703
-1012.7723388671875 -212.39404296875
-1014.7718505859375 -213.7421112060547
-1016.7672119140625 -211.910888671875
-1018.669921875 -213.90921020507812
-1020.665771484375 -215.88836669921875
-1022.6560668945312 -213.94789123535156
-1024.6524658203125 -215.9121551513672
-1026.637939453125 -213.96417236328125
-1028.6202392578125 -215.9459991455078
-1030.614990234375 -213.9734344482422
-1032.612548828125 -215.96466064453125
-1034.565185546875 -213.97161865234375
-1036.55859375 -215.96807861328125
-1038.5367431640625 -213.97840881347656
-1040.410400390625 -215.97763061523438
-1042.40234375 -217.97352600097656
-1044.3984375 -215.99620056152344
-1046.3233642578125 -217.9917755126953
-1048.322509765625 -219.96255493164062
-1050.3223876953125 -218.3013458251953
-1052.295166015625 -220.29380798339844
-1050.5504150390625 -220.97537231445312
-1052.3858642578125 -222.9109649658203
-1052.5772705078125 -224.59445190429688
-1052.9395751953125 -226.293212890625
-1051.19189453125 -227.9954833984375
-1050.36669921875 -229.92929077148438
-1050.0369873046875 -231.836669921875
-1048.9669189453125 -233.82803344726562
-1050.9669189453125 -232.10635375976562
-1049.656005859375 -234.0294647216797
-1050.6834716796875 -235.98309326171875
-1051.4156494140625 -237.9272918701172
-1051.41796875 -239.8677520751953
-1049.91748046875 -241.8189697265625
-1048.4727783203125 -243.28384399414062
-1050.39013671875 -245.26327514648438
-1052.0220947265625 -246.4683837890625
-1050.2857666015625 -248.10037231445312
-1050.223388671875 -249.7923583984375
-1048.420166015625 -251.7718963623047
-1050.4195556640625 -251.52511596679688
-1049.400390625 -249.94509887695312
-1051.4000244140625 -248.16770935058594
-1052.281494140625 -250.04112243652344
-1051.7843017578125 -251.81370544433594
-1052.8590087890625 -251.20819091796875
-1050.9278564453125 -253.139404296875
-1049.522705078125 -252.87380981445312
-1049.5406494140625 -254.5094451904297
