-834.3031005859375 -118.09558868408203
-835.331298828125 -119.9746322631836
-836.5390625 -121.74217224121094
-836.2880859375 -123.6948013305664
-836.9755859375 -125.68681335449219
-835.1513061523438 -127.6777114868164
-836.4302978515625 -129.6488800048828
-837.9559326171875 -131.63108825683594
-836.451416015625 -133.53472900390625
-838.18359375 -135.5152130126953
-838.4047241210938 -137.5095672607422
-837.6635131835938 -139.5070037841797
-838.8742065429688 -141.49029541015625
-839.81005859375 -143.4837188720703
-840.1390380859375 -145.47842407226562
-838.9674682617188 -147.45628356933594
-840.7780151367188 -149.1392364501953
-838.9512939453125 -151.0436553955078
-839.4116821289062 -152.9577178955078
-840.2747802734375 -154.94024658203125
-838.8211669921875 -156.88616943359375
-838.1182861328125 -158.63973999023438
-839.5479736328125 -160.3826446533203
-837.80078125 -162.2257537841797
-839.6256713867188 -164.20448303222656
-837.8153686523438 -166.18557739257812
-837.0696411132812 -168.13470458984375
-836.0614624023438 -170.12022399902344
-836.4200439453125 -172.04440307617188
-838.1903686523438 -174.03831481933594
-840.177490234375 -176.0362548828125
-842.163818359375 -178.0345001220703
-844.1635131835938 -180.03048706054688
-846.13134765625 -178.03057861328125
-848.1261596679688 -179.96673583984375
-850.1259155273438 -181.87876892089844
-852.1203002929688 -179.87884521484375
-854.1196899414062 -181.67947387695312
-856.0821533203125 -179.6794891357422
-858.08203125 -181.67819213867188
-860.0733642578125 -179.67820739746094
-862.0729370117188 -181.6376190185547
-864.0711059570312 -179.63787841796875
-866.0687255859375 -177.637939453125
-868.0667114257812 -179.5704345703125
-870.0667114257812 -177.57046508789062
-872.066650390625 -179.56703186035156
-874.0658569335938 -177.5671844482422
-876.0652465820312 -179.56004333496094
-878.0636596679688 -177.56008911132812
-880.0635986328125 -179.4376983642578
-882.0618896484375 -177.4378662109375
-883.7416381835938 -179.4378662109375
-885.7411499023438 -181.43783569335938
-887.7410278320312 -179.43789672851562
-889.7407836914062 -181.4378204345703
-891.74072265625 -183.4375457763672
-893.7124633789062 -185.43739318847656
-895.1751098632812 -187.43711853027344
-893.9848022460938 -189.43695068359375
-895.1986694335938 -191.4368133544922
-894.18798828125 -193.4367218017578
-895.9937744140625 -195.43556213378906
-894.104248046875 -197.43235778808594
-893.749755859375 -199.4319305419922
-893.1827392578125 -201.4318084716797
-894.0736083984375 -203.43031311035156
-895.0431518554688 -205.42355346679688
-894.9485473632812 -207.42335510253906
-895.6006469726562 -209.41464233398438
-895.3839111328125 -211.41148376464844
-896.7125854492188 -213.4091339111328
-894.9163208007812 -215.3096466064453
-893.5867309570312 -217.30679321289062
-895.11767578125 -219.3059539794922
-896.2848510742188 -221.305908203125
-898.0496826171875 -223.30589294433594
-900.0384521484375 -225.30581665039062
-902.0384521484375 -227.30499267578125
-904.0384521484375 -225.30499267578125
-906.038330078125 -227.30462646484375
-908.038330078125 -225.30462646484375
-910.0382080078125 -227.30455017089844
-912.0382080078125 -225.30458068847656
-914.0381469726562 -227.30435180664062
-916.0381469726562 -229.30410766601562
-918.0381469726562 -227.3041229248047
-920.0381469726562 -229.3040313720703
-922.0381469726562 -227.30430603027344
-924.0381469726562 -225.30430603027344
-926.0380859375 -227.30380249023438
-928.0380859375 -229.2960662841797
-930.0380859375 -227.29776000976562
-932.0380859375 -228.87673950195312
-934.0380859375 -226.87686157226562
-936.0380859375 -225.10374450683594
-938.0380859375 -223.1219482421875
-940.0380859375 -221.12353515625
-942.0380859375 -219.12391662597656
-944.0380859375 -217.1250457763672
-946.0380859375 -215.12599182128906
-948.0380859375 -213.1265411376953
-950.0380859375 -211.1331329345703
-952.0380859375 -213.1331329345703
-954.0380859375 -215.1331329345703
-956.0380249023438 -216.37686157226562
-958.0379028320312 -216.06619262695312
-960.0379028320312 -215.0479278564453
-962.037841796875 -217.0479278564453
-964.037841796875 -215.09654235839844
-966.037841796875 -217.09654235839844
-968.037841796875 -215.30389404296875
-970.037841796875 -217.30389404296875
-972.037841796875 -215.3175506591797
-974.037841796875 -217.3175506591797
-976.037841796875 -215.32162475585938
-978.037841796875 -217.32162475585938
-980.037841796875 -215.332275390625
-982.037841796875 -217.332275390625
-984.0377807617188 -215.3412322998047
-986.0377807617188 -217.3412322998047
-988.0377807617188 -215.36851501464844
-990.0377807617188 -217.36849975585938
-992.0377807617188 -215.37457275390625
-994.0377807617188 -217.37457275390625
-996.0377807617188 -215.40025329589844
-998.0377197265625 -217.40025329589844
-1000.0377197265625 -215.4824676513672
-1002.0377197265625 -217.4824676513672
-1004.0346069335938 -216.1588592529297
-1006.034423828125 -214.2277069091797
-1008.034423828125 -216.2277069091797
-1010.0343627929688 -214.24014282226562
-1012.0343017578125 -212.24107360839844
-1014.0343017578125 -214.24050903320312
-1016.0342407226562 -212.26470947265625
-1018.0340576171875 -214.26470947265625
-1020.033935546875 -216.26470947265625
-1022.033935546875 -214.6610870361328
-1024.0338134765625 -216.6610870361328
-1026.0338134765625 -214.9849853515625
-1028.0338134765625 -216.9849853515625
-1030.032958984375 -215.02906799316406
-1032.0328369140625 -217.02906799316406
-1034.0328369140625 -215.08486938476562
-1036.0328369140625 -217.08485412597656
-1038.0321044921875 -215.1267852783203
-1040.031005859375 -217.1267852783203
-1042.03076171875 -215.18470764160156
-1044.03076171875 -217.18470764160156
-1046.03076171875 -219.18470764160156
-1048.03076171875 -218.99404907226562
-1050.03076171875 -220.99403381347656
-1051.8536376953125 -222.99403381347656
-1052.9447021484375 -224.99403381347656
-1053.0621337890625 -226.9940185546875
-1054.4510498046875 -228.99398803710938
-1052.6646728515625 -230.99398803710938
-1051.5572509765625 -232.99395751953125
-1052.00146484375 -234.9939422607422
-1052.88720703125 -236.99392700195312
-1054.1661376953125 -238.993896484375
-1054.8408203125 -240.99388122558594
-1053.3035888671875 -242.99386596679688
-1053.78076171875 -244.9938507080078
-1053.7723388671875 -246.9938201904297
-1052.3389892578125 -248.99380493164062
-1051.0194091796875 -250.99380493164062
-1050.2645263671875 -252.99380493164062
-1051.952880859375 -254.9934539794922
-1052.8470458984375 -256.9934387207031
-1052.339111328125 -258.9933776855469
