-1044.2847900390625 -303.0118713378906
-1042.2850341796875 -305.0091247558594
-1040.2855224609375 -307.00677490234375
-1038.287109375 -309.002197265625
-1036.288330078125 -311.0020751953125
-1034.288330078125 -309.02008056640625
-1032.28857421875 -311.0186767578125
-1030.28857421875 -313.0181884765625
-1028.294921875 -311.02532958984375
-1026.2965087890625 -313.0238037109375
-1024.29736328125 -311.0259704589844
-1022.3018188476562 -313.02581787109375
-1020.30517578125 -315.0248718261719
-1018.3058471679688 -317.0224914550781
-1016.3065185546875 -315.10791015625
-1014.3073120117188 -317.1062927246094
-1012.31103515625 -315.2327575683594
-1010.315673828125 -313.2823181152344
-1008.3157348632812 -315.2375183105469
-1006.3272705078125 -313.2427978515625
-1004.327392578125 -311.2698669433594
-1002.3309936523438 -313.2696228027344
-1000.3311767578125 -311.60955810546875
-998.3312377929688 -313.6082458496094
-996.3319702148438 -311.76507568359375
-994.3363647460938 -313.7615051269531
-992.3385009765625 -312.0666198730469
-990.338623046875 -313.8232421875
-988.3386840820312 -315.8229675292969
-986.3416137695312 -313.8556213378906
-984.3416748046875 -315.849853515625
-982.3446044921875 -313.85400390625
-980.3449096679688 -315.8437194824219
-978.3470458984375 -313.8533630371094
-976.34765625 -315.8500061035156
-974.3483276367188 -313.8508605957031
-972.348388671875 -315.4452819824219
-970.351318359375 -313.4513854980469
-968.3513793945312 -315.425048828125
-966.3557739257812 -313.46209716796875
-964.35595703125 -315.4339599609375
-962.3576049804688 -313.4481201171875
-960.3576049804688 -315.2409362792969
-958.357666015625 -313.2413330078125
-956.357666015625 -315.16802978515625
-954.4146118164062 -313.1703796386719
-952.414794921875 -313.32989501953125
-950.4148559570312 -315.05419921875
-948.4149169921875 -313.05499267578125
-946.4165649414062 -311.064453125
-944.4366455078125 -310.1002502441406
-942.4374389648438 -311.2835998535156
-940.4423217773438 -313.2767639160156
-938.4544677734375 -312.57330322265625
-936.4593505859375 -313.6936950683594
-934.466796875 -311.7569274902344
-932.623291015625 -313.73651123046875
-930.7052001953125 -311.9053955078125
-928.7102661132812 -313.88409423828125
-926.7103271484375 -311.8880310058594
-924.7125854492188 -313.86767578125
-922.7670288085938 -311.8702087402344
-920.7901611328125 -313.8697509765625
-918.7984619140625 -311.9329833984375
-916.799072265625 -309.93731689453125
-914.7999267578125 -311.8984069824219
-912.7999877929688 -313.8919677734375
-910.802001953125 -311.893310546875
-908.8021240234375 -309.9062194824219
-906.80322265625 -311.83929443359375
-904.8583374023438 -309.86566162109375
-903.05810546875 -311.83477783203125
-901.0582885742188 -309.9727478027344
-899.0645141601562 -311.953857421875
-897.0655517578125 -313.941650390625
-895.065673828125 -311.94171142578125
-893.0657958984375 -313.52471923828125
-891.359375 -311.5623779296875
-889.3594970703125 -313.5142517089844
-887.3609619140625 -311.5286560058594
-885.36279296875 -313.52191162109375
-883.3773803710938 -311.580810546875
-881.37744140625 -313.5665283203125
-879.3787231445312 -311.58209228515625
-877.37890625 -313.5742492675781
-875.3790283203125 -311.5746154785156
-873.3792114257812 -313.30413818359375
-871.3880615234375 -311.3061218261719
-869.3923950195312 -313.30364990234375
-867.400390625 -311.30792236328125
-865.4014892578125 -312.9285888671875
-863.5545654296875 -310.9338684082031
-861.5596923828125 -312.8277282714844
-860.117431640625 -310.8285827636719
-858.1175537109375 -312.0552673339844
-856.12841796875 -310.0555725097656
-855.6549072265625 -312.0378723144531
-853.7093505859375 -314.0126037597656
-851.7281494140625 -312.0153503417969
-849.7291259765625 -314.0037536621094
-847.9886474609375 -312.0056457519531
-845.989013671875 -313.92877197265625
-844.4619750976562 -311.935791015625
-842.4642944335938 -313.92352294921875
-840.5228271484375 -311.9442443847656
-838.5239868164062 -311.9758605957031
-836.5249633789062 -313.6304626464844
-834.5474853515625 -311.6319580078125
-832.54833984375 -313.3621826171875
-830.6254272460938 -311.3625793457031
-828.6262817382812 -313.3511047363281
-827.2918090820312 -311.351806640625
-825.2921752929688 -311.87640380859375
-823.2921752929688 -313.56488037109375
-821.30810546875 -311.5650939941406
-820.2424926757812 -313.4254150390625
-818.4838256835938 -311.4263610839844
-816.4849243164062 -313.14154052734375
-814.4864501953125 -314.80029296875
-812.5422973632812 -312.8011779785156
-810.5448608398438 -314.5965270996094
-809.0074462890625 -312.59698486328125
-807.008544921875 -313.5036926269531
-805.8630981445312 -311.50372314453125
-803.8633422851562 -313.20477294921875
-801.8665161132812 -312.3246765136719
