-1044.3870849609375 -303.0119323730469
-1042.4327392578125 -305.0118713378906
-1040.433837890625 -307.0118713378906
-1038.43701171875 -309.0118103027344
-1036.4423828125 -311.01165771484375
-1034.444580078125 -309.0134582519531
-1032.4447021484375 -311.013427734375
-1030.4451904296875 -313.0133972167969
-1028.44677734375 -311.01849365234375
-1026.44921875 -313.01849365234375
-1024.4493408203125 -311.02154541015625
-1022.4583129882812 -313.02154541015625
-1020.4612426757812 -315.02154541015625
-1018.4616088867188 -317.0214538574219
-1016.4620971679688 -315.0283203125
-1014.4624633789062 -317.0281982421875
-1012.5009765625 -315.05755615234375
-1010.5012817382812 -317.0575256347656
-1008.5110473632812 -315.0579833984375
-1006.5162353515625 -313.058837890625
-1004.5185546875 -311.058837890625
-1002.51904296875 -313.0588073730469
-1000.5238647460938 -311.0594177246094
-998.5258178710938 -313.0593566894531
-996.530517578125 -311.0594482421875
-994.5339965820312 -313.05914306640625
-992.5603637695312 -315.05908203125
-990.5613403320312 -313.0592346191406
-988.5623779296875 -315.05828857421875
-986.5631103515625 -313.0585021972656
-984.564208984375 -315.058349609375
-982.6158447265625 -313.06011962890625
-980.6190185546875 -315.06005859375
-978.6309204101562 -313.0602722167969
-976.6328735351562 -315.0601501464844
-974.637939453125 -313.060302734375
-972.6380615234375 -315.0600280761719
-970.6444702148438 -313.0605163574219
-968.646484375 -315.0567932128906
-966.6471557617188 -313.056884765625
-964.6488647460938 -315.0450744628906
-962.6519775390625 -313.04534912109375
-960.9042358398438 -314.8157043457031
-958.9044799804688 -312.8162536621094
-956.9091796875 -311.858154296875
-954.9100952148438 -310.0516052246094
-952.9378662109375 -308.05804443359375
-950.9600219726562 -306.0585632324219
-949.03125 -304.0661315917969
-947.0403442382812 -302.0675048828125
-946.0657348632812 -300.5008544921875
-944.433837890625 -298.8647155761719
-942.697021484375 -297.6763000488281
-940.8152465820312 -297.44049072265625
-938.9346923828125 -298.3258056640625
-937.0946044921875 -298.6983337402344
-935.2300415039062 -297.9952087402344
-935.1517944335938 -299.5851745605469
-934.318603515625 -300.2599182128906
-932.8379516601562 -301.94036865234375
-932.0375366210938 -302.65057373046875
-930.1923828125 -304.59771728515625
-928.6297607421875 -306.58233642578125
-926.6942138671875 -308.5816955566406
-924.8232421875 -310.58160400390625
-922.9500732421875 -312.5810546875
-920.955078125 -310.5810852050781
-918.9649047851562 -312.5802001953125
-917.3712768554688 -310.58050537109375
-915.3818359375 -312.5784606933594
-913.41552734375 -310.57855224609375
-911.419189453125 -312.560302734375
-909.4279174804688 -310.5604248046875
-907.4379272460938 -312.55340576171875
-905.4856567382812 -310.5535583496094
-903.4934692382812 -312.5255126953125
-901.5985107421875 -310.5258483886719
-899.642333984375 -312.5238037109375
-897.6528930664062 -310.52392578125
-895.6554565429688 -312.517578125
-893.6575927734375 -314.51519775390625
-892.6097412109375 -312.5152282714844
-890.6256713867188 -314.4757080078125
-889.2339477539062 -312.4758605957031
-887.2574462890625 -310.47589111328125
-885.3462524414062 -312.4750671386719
-883.3671875 -314.4588623046875
-881.3978881835938 -312.4590759277344
-879.3999633789062 -314.1214599609375
-877.517333984375 -312.12158203125
-875.519775390625 -314.08935546875
-873.594970703125 -312.0893859863281
-871.6343994140625 -312.7594299316406
-869.7311401367188 -310.75946044921875
-867.7991943359375 -312.7413330078125
-866.6017456054688 -310.741455078125
-864.616455078125 -312.7303466796875
-863.7485961914062 -310.7308654785156
-861.75341796875 -312.67681884765625
-862.2288208007812 -310.6768798828125
-860.23046875 -312.4559020996094
-858.30029296875 -310.45611572265625
-856.30712890625 -312.27545166015625
-854.9595336914062 -310.27618408203125
-853.401611328125 -312.2734069824219
-851.482177734375 -314.24273681640625
-849.6643676757812 -312.2453918457031
-847.6758422851562 -314.22021484375
-846.4315795898438 -312.2202453613281
-844.6759033203125 -314.2115478515625
-843.8841552734375 -312.21197509765625
-841.9107666015625 -314.18927001953125
-839.9545288085938 -312.1905517578125
-837.9556274414062 -314.1439514160156
-836.1658325195312 -312.14398193359375
-834.198974609375 -314.0364685058594
-833.19287109375 -312.0370788574219
-831.2227172851562 -314.01495361328125
-832.0990600585938 -312.015380859375
-830.111572265625 -313.9990539550781
-832.024169921875 -312.0101623535156
-830.0294799804688 -314.00665283203125
-828.923828125 -312.0110778808594
-826.9715576171875 -313.98968505859375
-825.2931518554688 -311.9897155761719
-823.4762573242188 -309.9900817871094
-821.4791870117188 -309.1036376953125
-821.2672119140625 -311.1029968261719
-819.5352783203125 -312.8772277832031
-817.5736083984375 -314.6902770996094
-816.5079345703125 -312.6904296875
-814.5458984375 -314.4900817871094
-813.5427856445312 -312.4901123046875
-811.5612182617188 -314.0848083496094
-812.7738647460938 -312.0849914550781
-810.8038330078125 -312.7184143066406
-808.9058227539062 -314.6372985839844
-809.8003540039062 -312.6373596191406
-808.1112670898438 -314.2184753417969
-808.5807495117188 -312.2184753417969
-806.82373046875 -313.45074462890625
-804.8239135742188 -315.1056213378906
-804.320068359375 -313.10565185546875
-802.5040893554688 -315.0293273925781
-802.5108642578125 -313.0295715332031
