-1044.2919921875 -302.8133544921875
-1042.2960205078125 -304.7872619628906
-1040.331787109375 -306.787109375
-1038.3321533203125 -308.78607177734375
-1036.333740234375 -310.78558349609375
-1034.333740234375 -308.7862548828125
-1032.3343505859375 -310.78607177734375
-1030.3433837890625 -312.78289794921875
-1028.34765625 -310.78875732421875
-1026.3670654296875 -312.781982421875
-1024.37158203125 -310.80206298828125
-1022.373779296875 -312.7982177734375
-1020.4781494140625 -314.7510986328125
-1018.48876953125 -316.74853515625
-1016.4904174804688 -314.8004455566406
-1014.5016479492188 -316.7998352050781
-1012.501708984375 -318.7992248535156
-1010.5559692382812 -316.8701477050781
-1008.621337890625 -314.8711853027344
-1006.6233520507812 -312.87420654296875
-1004.640380859375 -310.87518310546875
-1002.6409912109375 -312.872802734375
-1000.6473999023438 -310.8764953613281
-998.6593017578125 -312.8760986328125
-996.6599731445312 -310.8783264160156
-994.6676635742188 -312.87451171875
-992.68017578125 -314.86419677734375
-990.6842651367188 -312.86676025390625
-988.6875610351562 -314.86480712890625
-986.6891479492188 -312.8663635253906
-984.6942749023438 -314.805908203125
-982.7261962890625 -313.1712646484375
-980.7271118164062 -315.17047119140625
-978.728271484375 -313.1731872558594
-976.7305297851562 -315.17205810546875
-974.7332153320312 -313.2193908691406
-972.7352905273438 -315.21612548828125
-970.7427978515625 -313.2497253417969
-968.7428588867188 -315.2449035644531
-966.746826171875 -313.24560546875
-964.7567138671875 -315.2315368652344
-962.7572021484375 -313.247314453125
-960.7576293945312 -315.2467956542969
-958.7584838867188 -313.2747497558594
-956.7586059570312 -315.257080078125
-954.7587280273438 -313.3918151855469
-952.7587890625 -315.3816223144531
-950.7605590820312 -313.4441833496094
-948.7630615234375 -315.302490234375
-946.7632446289062 -313.3687744140625
-944.8123168945312 -311.4763488769531
-942.9702758789062 -312.6343688964844
-940.9752197265625 -310.7906188964844
-939.0209350585938 -310.6106262207031
-937.1907958984375 -311.9722595214844
-935.263916015625 -313.6905517578125
-933.271240234375 -311.70159912109375
-931.3011474609375 -313.6875915527344
-929.31298828125 -311.6888732910156
-927.3135375976562 -313.6656494140625
-925.4080200195312 -311.7105407714844
-923.4092407226562 -313.70831298828125
-921.5177001953125 -311.7188415527344
-919.5231323242188 -313.71478271484375
-917.5265502929688 -311.77020263671875
-915.5269165039062 -313.7417297363281
-913.52734375 -311.80267333984375
-911.5278930664062 -313.79583740234375
-909.560302734375 -312.07745361328125
-907.5670776367188 -310.12091064453125
-905.578125 -312.1192932128906
-903.5787353515625 -310.2190856933594
-901.5841674804688 -312.13690185546875
-899.585205078125 -310.1695861816406
-897.6178588867188 -312.0820617675781
-895.6240234375 -314.0676574707031
-893.6244506835938 -312.0877685546875
-891.6259155273438 -314.0755310058594
-889.6302490234375 -312.08331298828125
-887.6666870117188 -314.0758972167969
-885.6784057617188 -312.08636474609375
-883.7177124023438 -314.0602111816406
-881.7185668945312 -312.0657958984375
-879.7710571289062 -314.0627746582031
-877.7965087890625 -312.1363220214844
-875.8053588867188 -314.1259765625
-873.851806640625 -312.1380615234375
-871.8519287109375 -314.1201171875
-870.0997314453125 -312.1600341796875
-868.1134643554688 -310.1898193359375
-866.1162109375 -312.186279296875
-864.17041015625 -310.18798828125
-862.1808471679688 -312.18646240234375
-860.25439453125 -310.2334289550781
-858.2577514648438 -312.1816711425781
-856.2598266601562 -310.1878662109375
-854.273193359375 -312.0234375
-852.2767944335938 -313.9580383300781
-850.2815551757812 -311.958984375
-848.2828979492188 -313.95220947265625
-846.283447265625 -311.952880859375
-844.2838134765625 -313.65203857421875
-842.3328857421875 -311.7013244628906
-840.3595581054688 -312.99285888671875
-838.382568359375 -314.7950744628906
-836.5447998046875 -312.7975769042969
-834.5486450195312 -314.7873840332031
-832.5900268554688 -312.7975158691406
-830.59375 -314.7021484375
-828.8636474609375 -312.741943359375
-827.1195068359375 -310.8096008300781
-825.1199951171875 -312.67083740234375
-823.1777954101562 -310.6998291015625
-821.2900390625 -312.5761413574219
-819.3138427734375 -314.5173034667969
-818.66162109375 -312.750244140625
-816.6644897460938 -314.5408630371094
-815.629150390625 -312.54681396484375
-813.6575927734375 -314.3316650390625
-815.2249145507812 -312.3549499511719
-813.2581176757812 -313.98211669921875
-813.9141235351562 -312.0829162597656
-811.9872436523438 -313.85400390625
-813.5643920898438 -312.0672607421875
-811.5692138671875 -314.0189208984375
-812.9005126953125 -312.0692138671875
-810.91455078125 -313.9369812011719
-811.8659057617188 -311.98193359375
-809.8836669921875 -313.8072814941406
-809.9415283203125 -311.8096618652344
-807.9500122070312 -313.6763916015625
-809.407958984375 -311.7106628417969
-807.4397583007812 -313.4769287109375
-808.9259033203125 -311.4885559082031
-806.9696655273438 -313.4742736816406
-806.9525146484375 -311.4762878417969
-804.9747314453125 -313.4610595703125
-803.0091552734375 -315.3153076171875
-803.4987182617188 -313.33343505859375
-801.5338745117188 -315.3147888183594
-802.0682983398438 -313.3172912597656
