-1044.2840576171875 -303.010009765625
-1042.2840576171875 -304.9958801269531
-1040.2840576171875 -306.9720153808594
-1038.2840576171875 -308.94769287109375
-1036.2840576171875 -310.89910888671875
-1034.2840576171875 -309.1208190917969
-1032.2840576171875 -311.07183837890625
-1030.2840576171875 -312.9541320800781
-1028.2840576171875 -310.9981689453125
-1026.2840576171875 -312.99395751953125
-1024.2840576171875 -311.03155517578125
-1022.2840576171875 -312.9149169921875
-1020.2840576171875 -314.7169494628906
-1018.2840576171875 -316.55926513671875
-1016.2840576171875 -318.29656982421875
-1014.2840576171875 -316.38427734375
-1012.2840576171875 -318.0382995605469
-1010.2840576171875 -316.1032409667969
-1008.2840576171875 -314.15185546875
-1006.2840576171875 -312.5242919921875
-1004.2841186523438 -310.55120849609375
-1002.2841186523438 -312.484130859375
-1000.2841186523438 -310.4889221191406
-998.2841186523438 -312.4510192871094
-996.2841186523438 -313.5146789550781
-994.2841186523438 -311.854736328125
-992.2841186523438 -313.85467529296875
-990.2841186523438 -311.8592224121094
-988.2841186523438 -313.854248046875
-986.2841186523438 -315.8475646972656
-984.2841796875 -313.98065185546875
-982.2841796875 -315.97955322265625
-980.2841796875 -315.8335876464844
-978.2841796875 -313.83984375
-976.2841796875 -315.7843933105469
-974.2841796875 -315.6479797363281
-972.2841796875 -313.6512451171875
-970.2841796875 -315.58795166015625
-968.2841796875 -313.9361572265625
-966.2841796875 -315.9279479980469
-964.2841796875 -313.9288330078125
-962.2841796875 -315.8880615234375
-960.2841796875 -314.1959228515625
-958.2841796875 -316.18505859375
-956.2841796875 -314.6200866699219
-954.2841796875 -312.6222839355469
-952.2841796875 -314.6062316894531
-950.2841796875 -312.6590881347656
-948.2841796875 -314.3136291503906
-946.2860107421875 -312.32501220703125
-944.29150390625 -314.3216857910156
-942.3084716796875 -312.3483581542969
-940.314208984375 -314.32025146484375
-938.3198852539062 -312.3618469238281
-936.3198852539062 -314.3046875
-934.3198852539062 -312.30816650390625
-932.3201904296875 -313.70953369140625
-930.3203125 -311.7399597167969
-928.3203125 -313.7373352050781
-926.3215942382812 -311.9052734375
-924.32275390625 -313.8702087402344
-922.32275390625 -311.95489501953125
-920.3228149414062 -313.92742919921875
-918.3228149414062 -311.931884765625
-916.3228149414062 -309.93377685546875
-914.3228149414062 -311.86090087890625
-912.3228149414062 -313.8591003417969
-910.3228149414062 -311.869873046875
-908.3228149414062 -309.8807067871094
-906.3228149414062 -311.5122985839844
-904.3228149414062 -310.8855895996094
-902.3228149414062 -312.7008972167969
-900.3229370117188 -310.7217102050781
-898.3229370117188 -312.720458984375
-896.3229370117188 -310.84326171875
-894.3229370117188 -312.8202819824219
-892.3229370117188 -314.810791015625
-890.3229370117188 -312.8262634277344
-888.3229370117188 -310.8280334472656
-886.3229370117188 -312.77581787109375
-884.3229370117188 -310.9949645996094
-882.3229370117188 -312.95892333984375
-880.322998046875 -311.5587158203125
-878.322998046875 -313.3532409667969
-876.322998046875 -311.4066467285156
-874.322998046875 -313.3135986328125
-872.322998046875 -311.48919677734375
-870.322998046875 -312.7643737792969
-868.322998046875 -310.7699279785156
-866.322998046875 -312.7628173828125
-864.322998046875 -310.93011474609375
-862.322998046875 -312.8924255371094
-860.322998046875 -311.14508056640625
-858.322998046875 -313.083984375
-856.322998046875 -311.221923828125
-854.322998046875 -313.2188720703125
-852.3230590820312 -311.38525390625
-850.3230590820312 -313.3374938964844
-848.3230590820312 -311.36956787109375
-846.3230590820312 -313.1172790527344
-844.3230590820312 -311.14617919921875
-842.3232421875 -313.0457458496094
-840.3232421875 -315.04571533203125
-838.3232421875 -315.2822265625
-836.3232421875 -313.3679504394531
-834.3232421875 -311.3695373535156
-832.3233032226562 -313.3367614746094
-830.3233032226562 -311.6570129394531
-828.3233642578125 -313.4648742675781
-826.3250732421875 -311.5167541503906
-824.3250732421875 -313.5081787109375
-822.3251342773438 -311.51910400390625
-820.3252563476562 -313.3730773925781
-818.3252563476562 -311.5215148925781
-816.3253784179688 -313.4280700683594
-814.325439453125 -315.31365966796875
-812.325439453125 -314.30072021484375
-810.325439453125 -312.34454345703125
-808.325439453125 -314.34039306640625
-806.325439453125 -312.4131774902344
-804.325439453125 -314.4122314453125
-802.3255004882812 -313.0678405761719
