-982.2948608398438 -395.0494079589844
-984.2098388671875 -396.9928894042969
-986.184814453125 -394.99310302734375
-988.155517578125 -396.9736022949219
-990.1513061523438 -394.9737548828125
-992.1431884765625 -396.8517761230469
-994.142822265625 -394.8534851074219
-996.1318969726562 -396.5570983886719
-998.12646484375 -394.55712890625
-999.9190673828125 -396.2728271484375
-1001.9042358398438 -394.27288818359375
-1003.7561645507812 -396.23699951171875
-1005.7452392578125 -394.2370910644531
-1007.7244262695312 -395.9210510253906
-1009.713134765625 -393.9210510253906
-1011.7114868164062 -395.7974548339844
-1013.7100830078125 -393.7974548339844
-1015.7058715820312 -395.7737731933594
-1017.7012939453125 -393.7738342285156
-1019.7003173828125 -395.71038818359375
-1021.6967163085938 -397.5144958496094
-1023.6546020507812 -395.5145263671875
-1025.57421875 -393.5145263671875
-1027.316162109375 -395.48333740234375
-1029.2982177734375 -393.48333740234375
-1031.2562255859375 -395.1708679199219
-1033.247802734375 -393.1708679199219
-1035.2335205078125 -393.9920349121094
-1037.2315673828125 -395.1043395996094
-1039.165283203125 -393.1043701171875
-1041.1634521484375 -393.4022216796875
-1043.1600341796875 -393.8307800292969
-1045.1480712890625 -395.7411193847656
-1047.1240234375 -393.7412414550781
-1049.054443359375 -395.582763671875
-1051.0478515625 -393.5827941894531
-1052.99853515625 -395.4893493652344
-1054.9656982421875 -393.4893798828125
-1056.944091796875 -394.305419921875
-1058.941162109375 -395.3272705078125
-1060.933349609375 -393.3274230957031
-1062.928955078125 -394.6867980957031
-1064.910888671875 -394.04931640625
-1066.1187744140625 -392.04931640625
-1068.1041259765625 -390.2218322753906
-1070.10400390625 -388.22235107421875
-1069.18115234375 -386.3150329589844
-1071.18115234375 -384.3161926269531
-1069.224853515625 -382.32867431640625
-1071.224853515625 -380.3299255371094
-1069.2427978515625 -378.3319091796875
-1071.24267578125 -376.33221435546875
-1069.435302734375 -374.3368225097656
-1071.435302734375 -372.3423156738281
-1069.5333251953125 -370.385009765625
-1071.5330810546875 -368.4021301269531
-1069.556640625 -366.431396484375
-1071.556396484375 -364.43206787109375
-1069.6282958984375 -362.4550476074219
-1071.6282958984375 -360.4567565917969
-1069.86865234375 -358.8028564453125
-1071.86865234375 -356.80377197265625
-1069.9571533203125 -354.87451171875
-1071.9571533203125 -352.8751525878906
-1070.05078125 -350.88165283203125
-1072.05078125 -348.88177490234375
-1070.088623046875 -346.883544921875
-1072.088134765625 -344.88421630859375
-1074.056396484375 -346.7062683105469
-1072.0577392578125 -344.7155456542969
-1073.587890625 -346.64166259765625
-1071.65869140625 -344.7715759277344
-1073.0379638671875 -346.6787414550781
-1071.050537109375 -344.7339172363281
-1072.859375 -346.3985595703125
-1070.873046875 -344.40185546875
-1071.4910888671875 -345.6106262207031
-1069.5980224609375 -343.667724609375
-1067.960693359375 -342.40234375
-1069.9605712890625 -340.40277099609375
-1067.9732666015625 -338.4949645996094
-1069.972412109375 -336.4960021972656
-1068.859375 -336.36944580078125
-1067.0318603515625 -334.6445617675781
-1069.031494140625 -332.6448059082031
-1067.0899658203125 -330.73065185546875
-1069.0859375 -328.7312927246094
-1067.1630859375 -326.7379455566406
-1069.1630859375 -324.7383117675781
-1067.1956787109375 -322.9034729003906
-1069.1947021484375 -320.9037170410156
-1067.256591796875 -318.978759765625
-1069.25537109375 -316.9787902832031
-1067.4898681640625 -314.9803771972656
-1069.48779296875 -312.98046875
-1070.96728515625 -310.98052978515625
-1072.94677734375 -312.84454345703125
-1074.305908203125 -310.8445739746094
-1076.3055419921875 -312.7187805175781
-1078.3001708984375 -310.7188415527344
-1080.2879638671875 -310.32586669921875
-1082.285400390625 -312.1264343261719
-1084.2723388671875 -310.1264343261719
-1086.2685546875 -309.8144836425781
-1088.266357421875 -307.81451416015625
-1090.2581787109375 -309.759521484375
-1092.220458984375 -311.6921081542969
-1094.18505859375 -309.6922302246094
-1096.16748046875 -310.04852294921875
-1098.1668701171875 -309.82135009765625
-1100.165771484375 -310.0136413574219
-1102.1605224609375 -311.31256103515625
-1104.13720703125 -309.3125915527344
-1106.1368408203125 -309.0469970703125
-1108.1361083984375 -309.9225769042969
-1110.1351318359375 -308.56787109375
-1112.1317138671875 -306.5899963378906
-1110.4981689453125 -304.8980712890625
-1112.4976806640625 -303.2269287109375
-1110.93115234375 -302.9100036621094
-1112.9310302734375 -300.91412353515625
-1111.4163818359375 -298.9167785644531
-1113.415771484375 -296.91705322265625
-1111.6636962890625 -295.6060485839844
-1113.66357421875 -293.6061706542969
-1114.8670654296875 -295.3617858886719
-1113.114013671875 -293.45025634765625
-1111.85205078125 -292.7015380859375
-1113.8519287109375 -290.70458984375
-1112.35546875 -290.2807922363281
-1114.35546875 -288.281005859375
-1112.363525390625 -286.48809814453125
-1114.363037109375 -284.4883117675781
-1112.438232421875 -282.7406311035156
-1110.4693603515625 -281.0370178222656
-1112.44580078125 -279.0370178222656
-1112.1033935546875 -277.0414123535156
-1114.0723876953125 -278.3292236328125
-1115.5654296875 -276.3417663574219
-1117.5250244140625 -274.3419189453125
-1119.5242919921875 -276.3101806640625
-1119.65234375 -274.3101806640625
-1121.651123046875 -276.2345886230469
-1123.6427001953125 -274.2345886230469
-1125.632080078125 -276.21710205078125
-1127.25048828125 -277.9484558105469
-1129.182861328125 -275.94873046875
-1131.0579833984375 -277.9201965332031
-1132.7347412109375 -275.9202575683594
-1134.63427734375 -277.885009765625
-1136.5760498046875 -275.88507080078125
-1138.5745849609375 -277.7427673339844
-1140.1502685546875 -275.7428894042969
-1142.142578125 -277.7037048339844
-1144.13525390625 -279.63751220703125
-1146.13134765625 -281.5013732910156
-1144.4078369140625 -279.5803527832031
-1146.4063720703125 -281.56927490234375
-1145.0679931640625 -279.6073913574219
-1147.0675048828125 -280.7298278808594
-1145.905029296875 -279.04962158203125
-1147.8988037109375 -280.9118957519531
-1146.405029296875 -278.9420471191406
-1147.12548828125 -276.9585266113281
-1149.1251220703125 -277.197998046875
-1147.68994140625 -275.41387939453125
-1149.689697265625 -274.2336730957031
-1150.0177001953125 -272.2340087890625
-1152.0142822265625 -274.21563720703125
-1152.5860595703125 -272.2157287597656
-1154.5853271484375 -274.1893310546875
-1155.9278564453125 -272.1894226074219
-1157.9261474609375 -274.17364501953125
-1159.3770751953125 -272.1739196777344
-1161.3631591796875 -274.0604248046875
-1160.687744140625 -272.060546875
-1162.6868896484375 -274.054443359375
-1163.9547119140625 -272.0545349121094
-1165.953369140625 -273.9710693359375
-1167.8421630859375 -271.9711608886719
-1166.309326171875 -270.35992431640625
-1168.3087158203125 -268.892578125
-1166.4482421875 -268.68572998046875
-1168.4478759765625 -266.78875732421875
-1166.8204345703125 -265.7315979003906
-1168.818359375 -264.6327819824219
-1167.1839599609375 -262.8009338378906
-1169.183837890625 -260.8580017089844
-1167.7613525390625 -259.0180358886719
-1169.4603271484375 -257.01861572265625
-1168.61767578125 -258.8787536621094
-1167.0892333984375 -257.19146728515625
-1169.0740966796875 -255.1953887939453
-1167.753173828125 -256.5533142089844
-1166.847412109375 -254.8955535888672
-1168.845703125 -252.8972625732422
