-982.3298950195312 -395.0495300292969
-984.3155517578125 -395.3487243652344
-986.0570678710938 -395.46307373046875
-988.0254516601562 -395.5559387207031
-989.982177734375 -397.18292236328125
-991.9188232421875 -395.1878967285156
-993.89990234375 -393.1932373046875
-995.6307373046875 -394.3685302734375
-997.4144287109375 -394.4969482421875
-999.357666015625 -396.2980651855469
-1001.3488159179688 -394.3005065917969
-1003.2767944335938 -395.46563720703125
-1005.2069702148438 -393.46612548828125
-1007.1843872070312 -393.8873291015625
-1009.18359375 -394.0381164550781
-1011.0938110351562 -394.3944091796875
-1012.9219360351562 -396.0819091796875
-1014.898193359375 -394.1069641113281
-1015.8556518554688 -393.4939270019531
-1017.813720703125 -392.88323974609375
-1019.6829833984375 -394.0868835449219
-1021.65185546875 -395.2339172363281
-1023.474609375 -396.4308776855469
-1025.3343505859375 -394.43304443359375
-1027.0869140625 -392.9809265136719
-1025.486083984375 -392.9084777832031
-1023.5319213867188 -392.8418884277344
-1025.48828125 -394.5848083496094
-1027.4052734375 -392.5892028808594
-1027.0306396484375 -393.1214599609375
-1025.1297607421875 -394.9796447753906
-1027.079345703125 -393.0226745605469
-1026.612060546875 -393.88104248046875
-1026.300537109375 -394.2554626464844
-1028.23291015625 -392.4516906738281
-1026.5390625 -393.76690673828125
-1026.813232421875 -394.93658447265625
-1028.6507568359375 -392.9945373535156
-1026.73486328125 -393.06927490234375
-1024.8236083984375 -394.96881103515625
-1026.3746337890625 -392.9887390136719
-1025.1932373046875 -392.2730712890625
-1024.6370849609375 -394.1441345214844
-1025.6673583984375 -392.14703369140625
-1024.3057861328125 -390.90887451171875
-1026.3006591796875 -389.344970703125
-1024.3487548828125 -388.989501953125
-1026.34326171875 -387.15032958984375
-1024.3524169921875 -385.82232666015625
-1026.3505859375 -383.8747863769531
-1024.4949951171875 -383.9883117675781
-1022.5357666015625 -383.1759948730469
-1024.53466796875 -381.3549499511719
-1022.564697265625 -379.467529296875
-1024.560302734375 -377.49127197265625
-1023.7610473632812 -375.4932556152344
-1025.7598876953125 -373.6874084472656
-1024.70166015625 -371.8794860839844
-1025.093017578125 -372.6156311035156
-1023.53466796875 -370.7123718261719
-1021.8052368164062 -372.46527099609375
-1023.8051147460938 -370.576416015625
-1021.8884887695312 -368.9548645019531
-1023.8878173828125 -367.16998291015625
-1021.96240234375 -368.4938049316406
-1023.9592895507812 -367.15838623046875
-1022.0007934570312 -365.1694030761719
-1023.998779296875 -363.19073486328125
-1022.9161376953125 -361.3297424316406
-1021.0911254882812 -359.3717346191406
-1023.0382080078125 -357.3886413574219
-1021.415771484375 -355.4062194824219
-1019.4410400390625 -353.4376525878906
-1017.48193359375 -352.67974853515625
-1016.85205078125 -350.6950988769531
-1015.201904296875 -348.7486572265625
-1017.2012939453125 -346.8067932128906
-1015.3284301757812 -345.0592956542969
-1017.3276977539062 -343.16070556640625
-1019.0675659179688 -341.1619873046875
-1020.9863891601562 -339.1620178222656
-1019.053466796875 -337.1841125488281
-1017.89306640625 -335.3273010253906
-1016.5580444335938 -333.3775329589844
-1018.5579223632812 -331.60430908203125
-1017.4019165039062 -329.6771240234375
-1018.1968994140625 -327.68243408203125
-1017.5995483398438 -325.71734619140625
-1018.7044677734375 -323.7265625
-1016.9365844726562 -321.8282775878906
-1015.3569946289062 -319.8380126953125
-1017.35205078125 -317.8586120605469
-1018.3557739257812 -315.86297607421875
-1020.3482055664062 -316.4087829589844
-1021.6004028320312 -314.4115905761719
-1023.5300903320312 -313.0411682128906
-1025.5289306640625 -311.32049560546875
-1027.4903564453125 -310.83740234375
-1029.197509765625 -312.3717041015625
-1031.1806640625 -310.3724060058594
-1033.17919921875 -312.2782287597656
-1035.1671142578125 -310.2801818847656
-1037.15234375 -311.45965576171875
-1039.1229248046875 -309.4618225097656
-1041.120849609375 -307.4624938964844
-1043.117431640625 -307.03692626953125
-1045.115234375 -305.55548095703125
-1047.114990234375 -303.6168212890625
-1049.114990234375 -301.6419982910156
-1047.392333984375 -299.6431884765625
-1049.392333984375 -297.6498107910156
-1047.5511474609375 -295.71160888671875
-1049.5511474609375 -293.7189636230469
-1051.364990234375 -293.532470703125
-1053.1119384765625 -294.2550964355469
-1051.7584228515625 -292.6399230957031
-1053.541259765625 -294.2658386230469
-1051.5758056640625 -292.26715087890625
-1053.4910888671875 -293.2843322753906
-1051.5247802734375 -291.3032531738281
-1052.7679443359375 -292.37200927734375
-1054.68408203125 -293.7061462402344
-1052.6884765625 -291.7077941894531
-1052.2152099609375 -292.9402770996094
-1054.1287841796875 -294.7850341796875
-1052.1549072265625 -292.7864074707031
-1051.39404296875 -293.62493896484375
-1050.266845703125 -291.6396484375
-1052.138427734375 -290.7171325683594
-1052.0079345703125 -291.2167053222656
-1051.84912109375 -292.8645935058594
-1052.2823486328125 -294.84759521484375
-1050.3614501953125 -292.93963623046875
-1051.887939453125 -294.1171569824219
-1050.356201171875 -292.1222229003906
-1052.2420654296875 -292.17230224609375
-1052.6209716796875 -293.9198913574219
-1050.6275634765625 -291.9582214355469
-1052.072021484375 -293.7696228027344
-1050.2652587890625 -291.77008056640625
-1052.183837890625 -292.2141418457031
-1050.9102783203125 -292.9404296875
-1051.0745849609375 -294.81488037109375
-1050.265380859375 -292.83544921875
-1051.8123779296875 -292.4725341796875
-1053.3692626953125 -294.4402160644531
-1051.3902587890625 -292.48529052734375
-1051.1207275390625 -293.9975280761719
-1049.98828125 -292.0842590332031
-1051.447998046875 -291.1487731933594
-1050.7613525390625 -292.9506530761719
-1052.4630126953125 -293.7179870605469
-1050.5484619140625 -291.7829284667969
-1048.9276123046875 -291.7384338378906
-1049.9127197265625 -290.6782531738281
-1051.34765625 -290.36767578125
-1052.4329833984375 -289.5765686035156
-1051.2294921875 -288.4554748535156
-1049.2657470703125 -287.2027282714844
-1047.810302734375 -285.2479553222656
-1049.809814453125 -283.6717529296875
-1047.9296875 -281.67181396484375
-1049.9296875 -279.91131591796875
-1047.986083984375 -277.9132385253906
-1049.9859619140625 -275.96148681640625
-1048.0906982421875 -273.9622802734375
-1050.0906982421875 -271.9641418457031
-1048.6470947265625 -269.9649353027344
-1050.6468505859375 -268.04608154296875
-1048.8310546875 -266.0500183105469
-1047.008544921875 -264.0614929199219
-1049.008544921875 -262.1986389160156
-1049.3433837890625 -260.20001220703125
-1047.3839111328125 -258.2264404296875
-1049.3837890625 -256.238037109375
-1047.535888671875 -254.3448028564453
-1049.535400390625 -252.47042846679688
-1049.057861328125 -250.47171020507812
-1051.057861328125 -248.49993896484375
-1051.048095703125 -246.50672912597656
-1052.75 -244.51806640625
-1052.9700927734375 -242.524169921875
-1052.601806640625 -240.53602600097656
-1051.0118408203125 -238.62086486816406
-1051.9171142578125 -236.65362548828125
-1052.2696533203125 -234.72421264648438
-1052.0927734375 -232.8242950439453
-1050.7928466796875 -230.86643981933594
-1052.47705078125 -228.86744689941406
-1053.38134765625 -226.87620544433594
-1053.707763671875 -224.87860107421875
-1053.587646484375 -222.92239379882812
-1052.2861328125 -220.92697143554688
-1052.5721435546875 -218.92933654785156
-1054.4571533203125 -216.93153381347656
-1056.45703125 -214.93222045898438
-1058.4547119140625 -214.16090393066406
-1060.4547119140625 -212.3022003173828
-1062.45458984375 -214.02523803710938
-1064.45458984375 -212.22268676757812
-1066.197021484375 -212.67446899414062
-1068.1968994140625 -212.32086181640625
-1070.1959228515625 -214.25350952148438
-1072.1942138671875 -212.60324096679688
-1074.1834716796875 -214.4357452392578
-1076.18310546875 -214.72483825683594
-1078.1822509765625 -214.71420288085938
-1080.1807861328125 -215.36451721191406
-1082.18017578125 -214.24554443359375
-1084.179931640625 -212.81649780273438
-1086.1793212890625 -214.53712463378906
-1088.17919921875 -212.9290008544922
-1090.1783447265625 -211.44947814941406
-1092.175537109375 -213.4241943359375
-1094.1732177734375 -212.62843322753906
-1096.1729736328125 -214.3878936767578
-1098.1728515625 -215.836669921875
-1100.1580810546875 -214.64329528808594
-1102.157470703125 -213.15589904785156
-1104.156005859375 -213.3302001953125
-1106.1558837890625 -214.47442626953125
-1108.1558837890625 -213.9501190185547
-1110.15576171875 -212.39654541015625
-1112.1546630859375 -213.5887908935547
-1114.1546630859375 -215.2911834716797
-1116.1546630859375 -213.29885864257812
-1118.153076171875 -215.19679260253906
-1120.1529541015625 -214.3386688232422
-1122.1519775390625 -212.5096893310547
-1124.1473388671875 -213.254150390625
-1126.1439208984375 -212.41461181640625
-1128.143310546875 -213.73524475097656
-1130.142333984375 -212.48287963867188
-1132.14208984375 -213.63595581054688
-1134.1412353515625 -214.46719360351562
-1136.1295166015625 -213.116943359375
-1138.0909423828125 -214.9791717529297
-1140.08740234375 -215.5440673828125
-1142.087158203125 -213.81790161132812
-1144.087158203125 -214.0030517578125
-1146.087158203125 -214.60604858398438
-1148.087158203125 -215.12741088867188
-1150.0211181640625 -216.67303466796875
-1151.869384765625 -214.71580505371094
-1153.7567138671875 -213.08175659179688
-1155.6807861328125 -213.36366271972656
-1157.672607421875 -214.76512145996094
-1159.6708984375 -213.51658630371094
