-982.3501586914062 -395.04931640625
-984.3501586914062 -397.010986328125
-986.30859375 -395.0116271972656
-988.30859375 -396.9707336425781
-990.28857421875 -394.9721984863281
-992.2884521484375 -396.4532165527344
-994.2705688476562 -394.4532165527344
-996.2705078125 -396.0161437988281
-998.0018310546875 -394.01837158203125
-1000.0018310546875 -395.9322814941406
-1001.8534545898438 -393.9324951171875
-1003.8533325195312 -395.8212890625
-1005.7893676757812 -393.8213806152344
-1007.789306640625 -395.78045654296875
-1009.7054443359375 -393.7812194824219
-1011.7053833007812 -395.76885986328125
-1013.6715698242188 -393.7690734863281
-1015.6715087890625 -395.5264892578125
-1017.6319580078125 -393.5274658203125
-1019.6318969726562 -395.5244445800781
-1021.6284790039062 -396.2030944824219
-1022.5565795898438 -394.2054138183594
-1024.5565185546875 -394.26165771484375
-1026.510986328125 -392.2639465332031
-1028.5050048828125 -394.25799560546875
-1030.5025634765625 -396.2272644042969
-1032.2000732421875 -394.2294006347656
-1034.1968994140625 -396.0577087402344
-1035.14013671875 -394.0602111816406
-1037.13916015625 -395.9625549316406
-1038.8970947265625 -393.9627685546875
-1040.89697265625 -394.5390625
-1042.8948974609375 -396.4629821777344
-1043.442626953125 -394.46356201171875
-1045.44189453125 -395.51007080078125
-1046.8587646484375 -393.51116943359375
-1048.8521728515625 -395.4952697753906
-1048.7886962890625 -393.4954528808594
-1050.7684326171875 -395.47235107421875
-1051.9993896484375 -393.4725646972656
-1053.998046875 -395.3836975097656
-1054.2750244140625 -393.3851013183594
-1056.2740478515625 -395.3544921875
-1057.4649658203125 -393.3576354980469
-1059.463623046875 -395.23272705078125
-1061.462646484375 -393.5408935546875
-1063.3865966796875 -395.2728271484375
-1061.7860107421875 -393.2823791503906
-1063.7843017578125 -394.93804931640625
-1064.221435546875 -392.971923828125
-1066.2073974609375 -391.5063171386719
-1068.205810546875 -389.7820739746094
-1070.20556640625 -387.8050842285156
-1068.2088623046875 -385.931884765625
-1070.1973876953125 -383.93304443359375
-1072.197265625 -381.93426513671875
-1070.1982421875 -380.03619384765625
-1072.1937255859375 -378.0411376953125
-1070.1939697265625 -376.0964050292969
-1072.1873779296875 -374.0968933105469
-1070.188720703125 -372.1350402832031
-1072.188720703125 -370.13916015625
-1070.188720703125 -368.1540222167969
-1072.18505859375 -366.1544494628906
-1070.1851806640625 -364.4883117675781
-1072.1842041015625 -362.4885559082031
-1070.1868896484375 -360.6404724121094
-1072.1861572265625 -358.6409606933594
-1070.186279296875 -356.8852844238281
-1072.1861572265625 -354.88580322265625
-1070.1861572265625 -353.25677490234375
-1072.18603515625 -351.25714111328125
-1070.1861572265625 -349.36376953125
-1072.1754150390625 -347.3641052246094
-1070.1761474609375 -345.4368896484375
-1072.1705322265625 -343.4368896484375
-1073.3450927734375 -345.4206237792969
-1071.34521484375 -343.743408203125
-1070.448486328125 -345.4614562988281
-1072.4437255859375 -343.4616394042969
-1074.042236328125 -345.3871765136719
-1072.042236328125 -343.4049072265625
-1073.74072265625 -345.393310546875
-1071.7449951171875 -343.8870544433594
-1073.5543212890625 -345.8539733886719
-1071.5543212890625 -344.1033630371094
-1073.0286865234375 -346.0864562988281
-1071.02880859375 -344.1365966796875
-1071.70703125 -345.73577880859375
-1069.707275390625 -343.9560852050781
-1067.8980712890625 -345.8205871582031
-1069.8916015625 -343.8209228515625
-1068.3804931640625 -344.30914306640625
-1070.3369140625 -342.30963134765625
-1068.3450927734375 -343.23028564453125
-1070.2274169921875 -341.2307434082031
-1068.2274169921875 -339.4263000488281
-1070.2265625 -337.4263610839844
-1068.22705078125 -335.5674743652344
-1070.22607421875 -333.5674743652344
-1068.226318359375 -331.8038330078125
-1070.216552734375 -329.80438232421875
-1068.2169189453125 -327.89849853515625
-1070.21484375 -325.8989562988281
-1068.2149658203125 -324.0503845214844
-1070.214599609375 -322.0506286621094
-1068.2188720703125 -320.3677673339844
-1070.2138671875 -318.368896484375
-1068.2144775390625 -316.48785400390625
-1070.1768798828125 -314.4879455566406
-1071.85546875 -312.48797607421875
-1072.7958984375 -310.48828125
-1074.794189453125 -311.6100769042969
-1076.427490234375 -309.610107421875
-1078.3892822265625 -311.42462158203125
-1080.375 -309.4248352050781
-1082.3570556640625 -308.4619140625
-1084.334716796875 -310.320068359375
-1086.2769775390625 -308.3202209472656
-1088.27685546875 -306.32763671875
-1089.9647216796875 -308.1457824707031
-1091.6746826171875 -309.86798095703125
-1093.620361328125 -311.1408386230469
-1095.573974609375 -309.140869140625
-1097.552734375 -309.36639404296875
-1099.5501708984375 -308.1390075683594
-1101.3714599609375 -307.669921875
-1103.3612060546875 -306.9954528808594
-1105.3367919921875 -307.8742370605469
-1107.3209228515625 -307.4598083496094
-1109.3154296875 -307.3031921386719
-1111.3115234375 -305.4190979003906
-1113.309814453125 -303.4191589355469
-1111.31591796875 -301.57183837890625
-1113.3157958984375 -299.5718688964844
-1111.318603515625 -297.7823486328125
-1113.313232421875 -295.78240966796875
-1111.3145751953125 -293.8051452636719
-1113.3109130859375 -291.8052062988281
-1111.31201171875 -289.8087158203125
-1113.3115234375 -287.80877685546875
-1111.31982421875 -285.89453125
-1113.2987060546875 -283.8945617675781
-1111.3013916015625 -281.9239807128906
-1113.2626953125 -279.9239807128906
-1111.280517578125 -277.9302062988281
-1113.25439453125 -276.04638671875
-1115.2540283203125 -274.8610534667969
-1117.226318359375 -275.8722229003906
-1118.949951171875 -273.87225341796875
-1120.8861083984375 -275.49322509765625
-1122.8858642578125 -277.1299743652344
-1124.834228515625 -275.1299743652344
-1122.8616943359375 -276.537841796875
-1124.8477783203125 -274.5378723144531
-1122.8829345703125 -272.9691467285156
-1124.87646484375 -273.84259033203125
-1126.8499755859375 -275.22686767578125
-1127.8985595703125 -277.200439453125
-1129.0592041015625 -275.2004699707031
-1130.9698486328125 -276.8262634277344
-1132.9560546875 -277.0032653808594
-1134.398193359375 -276.4267578125
-1136.3955078125 -277.2608947753906
-1138.3887939453125 -275.2609558105469
-1140.339599609375 -273.8363342285156
-1141.8394775390625 -274.2622985839844
-1143.768798828125 -274.5487060546875
-1145.6898193359375 -276.34326171875
-1147.679443359375 -274.40582275390625
-1149.6351318359375 -272.4064025878906
-1149.67578125 -274.32269287109375
-1147.8870849609375 -272.33270263671875
-1149.886474609375 -270.3328857421875
-1147.889404296875 -272.148193359375
-1149.7423095703125 -270.1483154296875
-1147.7523193359375 -269.8075866699219
-1149.750244140625 -267.8076171875
-1147.7510986328125 -265.9759826660156
-1149.7239990234375 -263.97601318359375
-1147.72509765625 -262.2402038574219
-1149.7237548828125 -260.2402648925781
-1147.7281494140625 -258.79510498046875
-1145.73583984375 -256.9079284667969
-1147.696044921875 -254.90792846679688
-1145.699462890625 -252.93560791015625
-1143.7064208984375 -251.01800537109375
-1145.7044677734375 -249.01806640625
-1147.6768798828125 -247.02491760253906
-1145.683349609375 -245.59645080566406
-1147.5904541015625 -243.69845581054688
-1149.5296630859375 -241.69851684570312
-1147.52978515625 -239.77487182617188
-1149.5003662109375 -237.77505493164062
-1147.501220703125 -236.01341247558594
-1145.5015869140625 -235.57716369628906
-1147.4820556640625 -233.57723999023438
-1145.482421875 -231.6802978515625
-1143.48583984375 -230.17559814453125
-1145.4698486328125 -228.17559814453125
-1143.4725341796875 -226.8621063232422
-1145.4140625 -224.8621368408203
-1143.425537109375 -223.71798706054688
-1145.3377685546875 -221.71861267089844
-1147.336669921875 -219.71983337402344
-1147.606689453125 -217.72021484375
-1149.561279296875 -215.72169494628906
-1151.2213134765625 -213.72190856933594
-1153.2135009765625 -212.30108642578125
-1155.1041259765625 -211.4470977783203
-1157.053955078125 -211.04049682617188
-1159.010986328125 -209.39353942871094
-1160.957763671875 -210.74227905273438
