-978.9635620117188 -395.04913330078125
-976.964599609375 -396.9281921386719
-975.0587158203125 -394.9281921386719
-973.060302734375 -396.3915100097656
-971.0792846679688 -394.39154052734375
-969.0792846679688 -395.9897766113281
-967.5086059570312 -393.9897766113281
-965.5086059570312 -392.4991760253906
-963.5087890625 -390.7149353027344
-961.5088500976562 -388.72686767578125
-959.5088500976562 -386.7286071777344
-957.509033203125 -384.7334289550781
-955.5106811523438 -382.74530029296875
-953.511962890625 -380.7454528808594
-951.5300903320312 -378.7454833984375
-949.71337890625 -376.74859619140625
-948.5843505859375 -374.7492980957031
-946.7244873046875 -372.7493896484375
-948.6812133789062 -370.9053039550781
-946.7640991210938 -368.91290283203125
-948.7513427734375 -366.928466796875
-947.0336303710938 -364.928955078125
-949.026611328125 -362.9337158203125
-947.0934448242188 -360.9355163574219
-949.0914916992188 -358.9408874511719
-948.6385498046875 -356.9410095214844
-947.142822265625 -354.94134521484375
-949.13916015625 -352.9491882324219
-947.7977294921875 -350.9583435058594
-949.7860717773438 -348.9644775390625
-951.316650390625 -346.96490478515625
-950.7603149414062 -344.9651794433594
-951.89892578125 -342.96539306640625
-951.07373046875 -340.9661865234375
-950.1837768554688 -338.96624755859375
-948.9093017578125 -336.9671325683594
-949.601806640625 -334.9686584472656
-947.7609252929688 -332.97125244140625
-949.75634765625 -330.9742431640625
-948.3455200195312 -328.97509765625
-950.3431396484375 -326.977783203125
-949.0311889648438 -324.9779968261719
-949.8352661132812 -322.978271484375
-951.2723999023438 -320.9786682128906
-949.9058227539062 -318.9792785644531
-948.2037353515625 -316.9792785644531
-950.0941772460938 -314.98095703125
-952.0372314453125 -312.98101806640625
-953.9727172851562 -312.1559753417969
-955.9591064453125 -310.4952087402344
-956.6658935546875 -309.2015686035156
-956.6476440429688 -307.2206726074219
-957.8853759765625 -305.2880554199219
-958.4857177734375 -303.29071044921875
-958.4342651367188 -301.3223876953125
-957.2455444335938 -299.3243103027344
-958.367919921875 -297.3257141113281
-957.4501953125 -295.3854064941406
-956.6312866210938 -293.3896484375
-956.8239135742188 -291.400390625
-956.7009887695312 -289.4027404785156
-954.9659423828125 -287.4073181152344
-955.346435546875 -285.4406433105469
-954.5640258789062 -283.45257568359375
-954.9275512695312 -281.46270751953125
-954.8972778320312 -279.4671936035156
-954.185302734375 -277.4684753417969
-955.2828369140625 -275.48077392578125
-956.906982421875 -273.4861145019531
-956.6926879882812 -271.4864501953125
-957.3140869140625 -269.4908752441406
-957.02099609375 -267.49365234375
-958.1845703125 -265.4948425292969
-959.921142578125 -263.4955139160156
-960.5485229492188 -261.4960632324219
-962.0838012695312 -259.4968566894531
-963.6390991210938 -258.17547607421875
-964.1644287109375 -256.4700622558594
-964.6399536132812 -255.77459716796875
-965.488037109375 -253.77813720703125
-964.7777709960938 -251.80299377441406
-963.4503784179688 -249.82022094726562
-961.79052734375 -247.84054565429688
-963.142578125 -247.66354370117188
-961.8619384765625 -245.9432830810547
-960.6162719726562 -244.3066864013672
-961.5094604492188 -242.3088836669922
-960.5126953125 -240.33450317382812
-962.154296875 -238.33460998535156
-960.2789916992188 -236.33544921875
-960.5406494140625 -234.35662841796875
-960.1972045898438 -232.360107421875
-959.5936279296875 -230.4185791015625
-959.2860107421875 -228.41966247558594
-958.6469116210938 -226.42257690429688
-960.2976684570312 -224.4246826171875
-961.2017211914062 -222.42514038085938
-962.9765014648438 -220.42515563964844
-964.9522705078125 -218.42515563964844
-966.9014892578125 -216.42515563964844
-968.8309326171875 -214.42515563964844
-970.812744140625 -215.63597106933594
-972.8058471679688 -215.83377075195312
-974.7731323242188 -217.61541748046875
-976.7613525390625 -215.6154327392578
-978.7520141601562 -217.21438598632812
-980.7366943359375 -215.21438598632812
-982.7136840820312 -216.5531768798828
-984.6812133789062 -218.28367614746094
-986.3798217773438 -216.28367614746094
-987.18408203125 -214.28369140625
-989.1434326171875 -214.45603942871094
-991.0087280273438 -214.91932678222656
-992.9881591796875 -216.6944122314453
-992.5402221679688 -214.6944122314453
-994.1653442382812 -216.63023376464844
-996.1285400390625 -214.6302490234375
-998.1176147460938 -216.0814208984375
-1000.1011962890625 -214.0814208984375
-1001.9976806640625 -215.95799255371094
-1003.9544067382812 -213.95799255371094
-1005.94140625 -215.84861755371094
-1007.8707885742188 -213.84861755371094
-1009.8485107421875 -214.3461151123047
-1011.8191528320312 -212.34613037109375
-1013.79150390625 -211.48594665527344
-1015.11767578125 -213.47927856445312
-1017.111083984375 -211.4793243408203
-1018.9644775390625 -211.34837341308594
-1020.8255004882812 -213.34239196777344
-1021.97900390625 -215.31968688964844
-1023.1588745117188 -213.31971740722656
-1024.975341796875 -214.8780975341797
-1026.921875 -216.6272430419922
-1028.87939453125 -214.6272430419922
-1029.6444091796875 -215.2635040283203
-1030.141845703125 -217.2095489501953
-1032.094482421875 -215.2095489501953
-1034.031982421875 -217.08981323242188
-1036.0291748046875 -215.08982849121094
-1037.99072265625 -216.712158203125
-1039.91357421875 -214.712158203125
-1040.7269287109375 -216.69479370117188
-1042.6580810546875 -214.69479370117188
-1044.4493408203125 -216.59365844726562
-1046.347412109375 -218.30052185058594
-1046.6702880859375 -219.43263244628906
-1048.448486328125 -217.4381103515625
-1050.316650390625 -219.39927673339844
-1048.724609375 -217.41458129882812
-1050.552001953125 -219.34083557128906
-1049.3787841796875 -217.3604278564453
-1051.125 -219.02333068847656
-1049.291748046875 -217.02467346191406
-1050.1326904296875 -218.96463012695312
-1050.0362548828125 -216.96514892578125
-1051.12451171875 -218.9314727783203
-1049.13037109375 -216.93161010742188
-1051.1029052734375 -218.7684783935547
-1050.791748046875 -216.7692108154297
-1052.5556640625 -218.58935546875
-1051.162841796875 -216.58938598632812
-1053.030517578125 -218.5480499267578
-1054.197998046875 -216.54864501953125
-1055.9786376953125 -214.54869079589844
-1057.1658935546875 -216.39967346191406
-1059.1641845703125 -214.39967346191406
-1060.5550537109375 -216.27769470214844
-1062.4420166015625 -214.27772521972656
-1064.43310546875 -216.24179077148438
-1066.0299072265625 -214.2418212890625
-1065.9593505859375 -216.12774658203125
-1067.796142578125 -214.1277618408203
-1067.6705322265625 -215.673095703125
-1069.6654052734375 -213.67337036132812
-1071.483642578125 -215.6561279296875
-1073.33642578125 -217.63758850097656
-1075.3218994140625 -215.63771057128906
-1075.8624267578125 -217.61900329589844
-1077.8544921875 -215.6201171875
-1078.3843994140625 -217.4993133544922
-1080.3524169921875 -219.47598266601562
-1082.3150634765625 -217.47622680664062
-1084.210205078125 -219.46685791015625
-1086.201171875 -217.4673614501953
-1088.188232421875 -219.4398956298828
-1090.1500244140625 -217.43994140625
-1090.197265625 -219.4271240234375
-1091.9737548828125 -217.42721557617188
-1093.909912109375 -219.41583251953125
-1095.5938720703125 -217.4159393310547
-1096.9476318359375 -215.41595458984375
-1098.947265625 -217.26876831054688
-1100.8494873046875 -215.26943969726562
-1102.6959228515625 -217.1748504638672
-1104.6671142578125 -215.17486572265625
-1106.0115966796875 -217.15243530273438
-1107.7423095703125 -215.1527557373047
-1109.6982421875 -217.15203857421875
-1111.695068359375 -215.1521453857422
-1113.3829345703125 -217.1110382080078
-1115.259521484375 -215.11106872558594
-1116.4532470703125 -217.10586547851562
-1118.4505615234375 -215.1212158203125
-1120.4114990234375 -217.02877807617188
-1120.02685546875 -215.02896118164062
-1121.8197021484375 -217.01101684570312
-1122.06005859375 -215.0113525390625
-1123.7738037109375 -217.0010986328125
-1125.6883544921875 -215.00155639648438
-1126.7220458984375 -216.9789276123047
-1127.971923828125 -214.97894287109375
-1129.944091796875 -212.97900390625
-1131.917724609375 -214.9769287109375
-1133.092041015625 -212.97732543945312
-1134.6483154296875 -214.97227478027344
-1136.5892333984375 -212.97268676757812
-1138.448974609375 -214.9719696044922
-1140.3782958984375 -216.9700164794922
-1142.329345703125 -214.97105407714844
-1144.126708984375 -216.96546936035156
-1145.962158203125 -215.1810302734375
-1147.9462890625 -213.2410430908203
-1147.8992919921875 -215.23841857910156
-1149.87109375 -213.24253845214844
-1150.340087890625 -215.24209594726562
-1151.8365478515625 -213.24514770507812
-1153.7784423828125 -215.24468994140625
-1155.7406005859375 -213.26243591308594
-1157.25146484375 -215.26144409179688
-1159.2142333984375 -213.28378295898438
