-982.3648681640625 -395.05047607421875
-984.355224609375 -397.0307312011719
-986.3048095703125 -395.03094482421875
-987.9087524414062 -397.0171813964844
-989.896240234375 -395.0172424316406
-991.8511962890625 -396.8820495605469
-993.8446655273438 -394.88232421875
-995.5709228515625 -396.8726501464844
-997.5610961914062 -394.8728942871094
-999.183349609375 -396.39434814453125
-1001.1248168945312 -394.3950500488281
-1002.82373046875 -396.3392028808594
-1004.7652587890625 -394.3395690917969
-1006.0201416015625 -396.243408203125
-1007.9772338867188 -394.24639892578125
-1009.9652099609375 -396.1153869628906
-1011.9580078125 -394.1160583496094
-1013.8794555664062 -395.9480895996094
-1015.8613891601562 -393.94818115234375
-1017.8363647460938 -395.9376220703125
-1019.824462890625 -393.94122314453125
-1021.6747436523438 -395.3005676269531
-1023.6500854492188 -396.5124816894531
-1025.63671875 -394.5126647949219
-1027.6083984375 -392.5132751464844
-1029.3265380859375 -394.3103942871094
-1031.2918701171875 -395.8623352050781
-1033.2501220703125 -393.8626708984375
-1035.2440185546875 -395.4097595214844
-1037.232177734375 -393.41021728515625
-1039.2158203125 -395.11688232421875
-1041.1722412109375 -393.11737060546875
-1043.144775390625 -394.83221435546875
-1045.1419677734375 -392.8323669433594
-1047.136962890625 -394.26788330078125
-1049.1007080078125 -395.19140625
-1051.10009765625 -393.19146728515625
-1053.084228515625 -395.0882263183594
-1055.082275390625 -393.08843994140625
-1057.08203125 -394.52911376953125
-1059.0797119140625 -395.9492492675781
-1061.078369140625 -393.950927734375
-1063.056884765625 -395.4884948730469
-1064.7327880859375 -393.4900207519531
-1066.70068359375 -391.490234375
-1068.7000732421875 -389.93707275390625
-1070.699951171875 -388.0298767089844
-1069.417236328125 -386.0308532714844
-1071.417236328125 -384.03271484375
-1069.84765625 -382.0335998535156
-1071.84765625 -380.0359191894531
-1069.9281005859375 -378.0361633300781
-1071.9281005859375 -376.0399169921875
-1069.9957275390625 -374.0421142578125
-1068.02197265625 -372.04364013671875
-1070.021240234375 -370.91241455078125
-1072.0198974609375 -368.9265441894531
-1070.12548828125 -366.9287414550781
-1072.1251220703125 -364.92901611328125
-1070.238037109375 -362.9302673339844
-1072.2379150390625 -360.94256591796875
-1070.5159912109375 -358.9430847167969
-1072.514892578125 -356.9495544433594
-1070.56884765625 -354.94976806640625
-1072.5687255859375 -352.9508972167969
-1070.6236572265625 -350.9509582519531
-1072.623291015625 -348.9640197753906
-1070.739990234375 -346.96441650390625
-1072.7369384765625 -344.9653625488281
-1070.9288330078125 -342.9663391113281
-1068.98095703125 -340.9806213378906
-1067.0252685546875 -338.9829406738281
-1069.0247802734375 -336.9836120605469
-1067.1859130859375 -334.9837951660156
-1069.1807861328125 -332.9841003417969
-1067.2562255859375 -330.9886169433594
-1069.2545166015625 -328.9909362792969
-1067.260009765625 -326.9909973144531
-1069.25732421875 -324.9963073730469
-1067.2779541015625 -322.9969482421875
-1069.2777099609375 -320.9991149902344
-1067.41357421875 -318.99969482421875
-1069.41259765625 -317.00518798828125
-1068.260009765625 -315.0052185058594
-1069.6351318359375 -313.0055236816406
-1071.43310546875 -311.00579833984375
-1072.042724609375 -311.9566955566406
-1073.98291015625 -309.9569396972656
-1075.9383544921875 -310.3927001953125
-1077.8126220703125 -311.0074462890625
-1079.6571044921875 -310.15673828125
-1081.6226806640625 -310.0065612792969
-1083.5806884765625 -309.8401184082031
-1085.5723876953125 -308.20751953125
-1087.5711669921875 -306.2464599609375
-1088.8504638671875 -307.3563232421875
-1088.8934326171875 -305.52862548828125
-1089.6011962890625 -304.13543701171875
-1091.15478515625 -305.2615966796875
-1091.4810791015625 -305.5245361328125
-1093.0975341796875 -303.9919738769531
-1094.4732666015625 -305.56451416015625
-1096.3935546875 -306.5234375
-1098.3387451171875 -306.7252502441406
-1100.29248046875 -304.9808654785156
-1101.9720458984375 -306.4380798339844
-1103.94189453125 -307.46710205078125
-1105.9317626953125 -306.6847229003906
-1107.1470947265625 -305.41253662109375
-1109.142822265625 -305.7859191894531
-1111.1414794921875 -303.8080139160156
-1113.140869140625 -301.81097412109375
-1112.096435546875 -299.8115539550781
-1114.0960693359375 -297.81341552734375
-1112.4979248046875 -295.8143615722656
-1114.496826171875 -293.8147888183594
-1113.0372314453125 -291.8210144042969
-1112.0645751953125 -289.8222961425781
-1114.064208984375 -287.8374328613281
-1114.4019775390625 -285.842041015625
-1113.3812255859375 -283.84307861328125
-1113.1224365234375 -281.84716796875
-1113.065673828125 -279.85687255859375
-1113.1041259765625 -277.857421875
-1114.5888671875 -275.8580627441406
-1116.5880126953125 -276.3919372558594
-1118.2916259765625 -274.3919982910156
-1120.291015625 -275.0592346191406
-1122.281494140625 -274.68719482421875
-1124.2685546875 -274.9984130859375
-1126.2615966796875 -276.4674987792969
-1128.1015625 -275.0356140136719
-1130.0347900390625 -276.07989501953125
-1132.0308837890625 -276.23199462890625
-1134.025634765625 -275.52508544921875
-1135.9981689453125 -276.80999755859375
-1137.997314453125 -275.1996765136719
-1139.9920654296875 -276.0260314941406
-1141.9876708984375 -275.4494934082031
-1143.979248046875 -276.22406005859375
-1145.9537353515625 -276.736083984375
-1147.9534912109375 -275.8803405761719
-1147.6263427734375 -273.8834533691406
-1149.622802734375 -271.9058837890625
-1148.9483642578125 -271.07177734375
-1149.58935546875 -269.0840148925781
-1147.8125 -267.0863037109375
-1149.8062744140625 -265.089111328125
-1148.205322265625 -263.1053466796875
-1150.185546875 -261.14007568359375
-1148.3267822265625 -259.1424255371094
-1149.1009521484375 -257.1542053222656
-1147.928466796875 -255.1624755859375
-1147.8441162109375 -253.1648712158203
-1149.5084228515625 -251.16641235351562
-1151.014404296875 -249.16651916503906
-1152.9715576171875 -249.36187744140625
-1154.961181640625 -250.6615447998047
-1154.747314453125 -248.66168212890625
-1156.707275390625 -249.8663330078125
-1158.705810546875 -251.3043975830078
-1159.7098388671875 -249.30538940429688
-1161.6043701171875 -250.91790771484375
-1161.924560546875 -248.91885375976562
