-982.352783203125 -395.07598876953125
-984.35205078125 -397.0624084472656
-986.34375 -395.0732116699219
-988.33642578125 -396.9109802246094
-990.3281860351562 -395.2232666015625
-992.326171875 -397.1921691894531
-994.3123168945312 -395.2156677246094
-996.3069458007812 -393.2369384765625
-998.306884765625 -395.05206298828125
-1000.3027954101562 -393.0778503417969
-1002.300537109375 -395.0094909667969
-1004.29736328125 -393.0442199707031
-1006.2972412109375 -394.4027404785156
-1008.2969970703125 -396.3531494140625
-1010.2837524414062 -394.3737487792969
-1012.280029296875 -395.9574279785156
-1014.2164306640625 -394.02203369140625
-1016.2159423828125 -395.9226989746094
-1018.2098999023438 -393.9314880371094
-1020.20947265625 -395.90960693359375
-1022.2084350585938 -397.8507080078125
-1024.193359375 -396.4247131347656
-1026.1920166015625 -394.5010070800781
-1028.1868896484375 -392.509521484375
-1030.1865234375 -394.0067138671875
-1032.184326171875 -395.7374572753906
-1034.18359375 -393.7539978027344
-1036.18212890625 -395.4683532714844
-1038.16748046875 -393.61767578125
-1040.1671142578125 -395.1058654785156
-1042.134521484375 -393.1186828613281
-1044.130859375 -394.2951354980469
-1046.0885009765625 -396.092041015625
-1048.0435791015625 -394.3166809082031
-1050.0364990234375 -396.2568054199219
-1052.02490234375 -394.2799072265625
-1053.8466796875 -396.24188232421875
-1055.844970703125 -394.59619140625
-1057.8314208984375 -396.33966064453125
-1059.813720703125 -394.425537109375
-1061.812744140625 -396.39068603515625
-1063.710205078125 -394.5008850097656
-1065.5618896484375 -392.6357116699219
-1067.550537109375 -393.2311706542969
-1069.5411376953125 -391.46014404296875
-1071.5338134765625 -389.4851379394531
-1071.8056640625 -390.4989318847656
-1072.4329833984375 -392.2602844238281
-1074.4024658203125 -390.56341552734375
-1076.353271484375 -391.3607177734375
-1078.2261962890625 -393.10101318359375
-1080.2000732421875 -395.0220947265625
-1082.1829833984375 -393.12725830078125
-1084.1785888671875 -394.3339538574219
-1086.09130859375 -395.32745361328125
-1088.009521484375 -393.355224609375
-1089.9466552734375 -395.09100341796875
-1091.916748046875 -393.23638916015625
-1093.8829345703125 -394.7834777832031
-1095.878662109375 -395.1011047363281
-1097.6666259765625 -396.9136657714844
-1099.21142578125 -394.9939880371094
-1101.181640625 -395.0220947265625
-1103.1510009765625 -394.2179870605469
-1104.7235107421875 -393.93121337890625
-1106.71630859375 -392.00543212890625
-1108.6846923828125 -391.50286865234375
-1110.5784912109375 -389.5794982910156
-1112.5491943359375 -387.72467041015625
-1112.5885009765625 -385.76837158203125
-1111.6036376953125 -383.8243713378906
-1113.1053466796875 -381.8386535644531
-1111.378662109375 -379.89068603515625
-1113.2020263671875 -377.8934631347656
-1114.9940185546875 -375.8974304199219
-1114.3521728515625 -374.4188232421875
-1113.222900390625 -372.4674072265625
-1114.676513671875 -370.5597839355469
-1113.744140625 -368.84124755859375
-1114.36474609375 -366.9936828613281
-1112.649169921875 -365.0542907714844
-1112.9500732421875 -363.34344482421875
-1111.7816162109375 -361.50042724609375
-1112.503173828125 -359.5152587890625
-1113.6336669921875 -357.5434265136719
-1111.6522216796875 -355.85589599609375
-1111.103271484375 -353.957763671875
-1112.8668212890625 -352.1047668457031
-1113.801513671875 -350.30950927734375
-1111.9439697265625 -348.84454345703125
-1112.8145751953125 -346.8934020996094
-1114.54296875 -344.9892272949219
-1113.1678466796875 -343.59930419921875
-1112.369873046875 -341.6471252441406
-1113.9598388671875 -339.9495544433594
-1112.2418212890625 -337.9576416015625
-1113.908203125 -336.0210876464844
-1113.35595703125 -334.05828857421875
-1112.806640625 -332.157470703125
-1114.3572998046875 -330.197265625
-1113.718017578125 -328.4922180175781
-1111.80712890625 -326.6307678222656
-1113.6864013671875 -324.7247314453125
-1113.59326171875 -323.2445068359375
-1112.8270263671875 -321.44091796875
-1114.242431640625 -319.64630126953125
-1113.491943359375 -318.8388671875
-1112.9630126953125 -316.9515075683594
-1114.6827392578125 -314.9741516113281
-1115.9395751953125 -312.97833251953125
-1117.8646240234375 -314.1204833984375
-1119.749267578125 -312.13104248046875
-1121.727294921875 -313.1472473144531
-1123.3594970703125 -311.2146301269531
-1124.09228515625 -310.6027526855469
-1125.7845458984375 -312.4000244140625
-1127.60107421875 -310.44207763671875
-1129.3709716796875 -309.8260803222656
-1131.1474609375 -310.1753234863281
-1132.74462890625 -310.4050598144531
-1134.6759033203125 -310.70928955078125
-1136.6370849609375 -309.20294189453125
-1138.62353515625 -309.2615051269531
-1140.505859375 -307.60906982421875
-1142.4307861328125 -307.2337341308594
-1144.366943359375 -306.33343505859375
-1146.3509521484375 -304.65203857421875
-1148.3173828125 -302.71630859375
-1147.5091552734375 -302.4554138183594
-1147.9478759765625 -300.7239990234375
-1146.093505859375 -300.5388488769531
-1144.15283203125 -299.22235107421875
-1146.1273193359375 -297.3813171386719
-1144.1846923828125 -295.46002197265625
-1142.768310546875 -293.4815673828125
-1143.99462890625 -291.6070556640625
-1145.9915771484375 -289.7149658203125
-1144.109619140625 -288.3705749511719
-1146.013427734375 -286.65777587890625
-1144.3499755859375 -284.93194580078125
-1142.378173828125 -283.0704345703125
-1144.2791748046875 -281.1526794433594
-1146.2340087890625 -279.7196350097656
-1144.345703125 -277.9130554199219
-1146.20361328125 -278.43780517578125
-1148.171630859375 -276.957763671875
-1146.185546875 -275.0072937011719
-1148.008544921875 -273.39801025390625
-1149.9888916015625 -271.4535827636719
-1148.2236328125 -273.4176940917969
-1150.1904296875 -271.99700927734375
-1149.1376953125 -270.9373474121094
-1147.4161376953125 -271.46051025390625
-1149.41162109375 -270.2061767578125
-1147.449462890625 -270.8870849609375
-1149.298828125 -268.90191650390625
-1147.315185546875 -268.91107177734375
-1149.295654296875 -267.4280090332031
-1147.3038330078125 -265.7514343261719
-1149.1292724609375 -264.36566162109375
-1147.140625 -262.8123474121094
-1149.1063232421875 -260.9893493652344
-1147.1138916015625 -261.23870849609375
-1148.9447021484375 -260.7578430175781
-1146.993408203125 -259.34130859375
-1148.6824951171875 -257.5294494628906
-1146.9541015625 -255.85775756835938
-1145.83544921875 -253.9304962158203
-1144.7861328125 -251.9722137451172
-1146.7696533203125 -250.6004638671875
-1148.462158203125 -248.60226440429688
-1149.828125 -250.57373046875
-1150.9486083984375 -249.19105529785156
-1151.5377197265625 -250.16831970214844
-1153.2738037109375 -251.40521240234375
-1152.1546630859375 -249.4339141845703
-1153.7801513671875 -251.0320587158203
-1153.0897216796875 -249.10873413085938
-1154.4093017578125 -250.32025146484375
-1153.218505859375 -248.32778930664062
-1152.4693603515625 -248.90625
-1154.2288818359375 -250.7026824951172
-1152.65966796875 -248.7164764404297
-1154.465087890625 -250.656005859375
-1153.34765625 -248.69699096679688
-1154.98388671875 -250.14553833007812
-1156.843017578125 -251.1959228515625
-1156.62841796875 -249.21351623535156
-1158.6151123046875 -250.91583251953125
-1157.153076171875 -248.92813110351562
-1158.82666015625 -250.71743774414062
-1157.3773193359375 -248.78945922851562
-1157.0870361328125 -250.15562438964844
-1158.7593994140625 -249.23501586914062
-1159.8515625 -247.60658264160156
-1160.171875 -249.51161193847656
-1160.1807861328125 -250.7692413330078
-1158.3773193359375 -249.64329528808594
-1160.1163330078125 -250.5693817138672
-1158.2398681640625 -248.71261596679688
-1160.0765380859375 -249.72543334960938
-1161.7432861328125 -249.57444763183594
-1163.2474365234375 -251.28147888183594
-1161.692138671875 -249.2978973388672
-1163.4932861328125 -249.28050231933594
