-982.3527221679688 -395.04913330078125
-984.3137817382812 -397.0416259765625
-986.294677734375 -395.0416259765625
-988.1129760742188 -397.0375061035156
-990.1087036132812 -395.0375061035156
-992.1083374023438 -397.0238952636719
-994.0879516601562 -395.02392578125
-996.0859985351562 -396.9927673339844
-998.0857543945312 -394.9927673339844
-1000.0679931640625 -396.9797668457031
-1002.0595092773438 -394.9797668457031
-1004.0593872070312 -392.9797668457031
-1006.0227661132812 -394.9537353515625
-1008.0210571289062 -392.9537658691406
-1010.0147705078125 -394.92156982421875
-1011.98583984375 -392.9216003417969
-1013.9854736328125 -394.91607666015625
-1015.7500610351562 -392.91632080078125
-1017.7227172851562 -394.7279357910156
-1019.4679565429688 -396.7178039550781
-1021.4642944335938 -394.71783447265625
-1023.4577026367188 -396.49444580078125
-1025.4376220703125 -394.49444580078125
-1027.317626953125 -392.4944763183594
-1029.1605224609375 -394.4634094238281
-1031.13427734375 -392.4634094238281
-1033.1185302734375 -394.3251953125
-1035.0687255859375 -396.2213134765625
-1037.05908203125 -394.2213134765625
-1039.0311279296875 -395.9791564941406
-1041.0213623046875 -393.9791564941406
-1042.999755859375 -395.7701110839844
-1044.9915771484375 -393.7701110839844
-1046.953125 -395.7095947265625
-1048.9521484375 -393.7095947265625
-1050.892578125 -395.64080810546875
-1052.86474609375 -393.6408386230469
-1054.8382568359375 -395.1076354980469
-1056.830810546875 -393.1076354980469
-1058.829833984375 -394.78485107421875
-1060.6796875 -395.1270446777344
-1062.6702880859375 -394.700439453125
-1064.57470703125 -395.89166259765625
-1064.73486328125 -393.89166259765625
-1065.892578125 -391.89166259765625
-1067.8873291015625 -391.3689270019531
-1069.88525390625 -389.3689270019531
-1067.9505615234375 -387.3692932128906
-1069.9503173828125 -385.44573974609375
-1071.9503173828125 -383.52947998046875
-1069.9942626953125 -381.5302429199219
-1071.993896484375 -379.5313415527344
-1070.0042724609375 -377.5313415527344
-1071.990966796875 -375.5315856933594
-1070.01123046875 -373.5316467285156
-1069.041748046875 -371.53167724609375
-1071.0335693359375 -369.54132080078125
-1069.06005859375 -367.54132080078125
-1071.0595703125 -365.5445861816406
-1073.0595703125 -363.5454406738281
-1071.0728759765625 -361.54547119140625
-1073.0728759765625 -359.5457458496094
-1071.075927734375 -357.5458068847656
-1073.0703125 -355.5479431152344
-1071.3016357421875 -353.5479431152344
-1069.6416015625 -351.5480651855469
-1071.6414794921875 -349.5487976074219
-1069.659912109375 -347.54888916015625
-1071.6591796875 -345.54931640625
-1069.6885986328125 -343.5494689941406
-1067.7808837890625 -341.85723876953125
-1069.780029296875 -339.8602294921875
-1067.8458251953125 -337.8603515625
-1069.845703125 -335.86199951171875
-1067.8541259765625 -333.8620300292969
-1069.8494873046875 -331.8678894042969
-1067.87548828125 -329.8681335449219
-1069.875244140625 -327.86865234375
-1067.882568359375 -325.8688659667969
-1069.88232421875 -323.906005859375
-1067.9405517578125 -321.90606689453125
-1069.9404296875 -319.9610595703125
-1068.0006103515625 -317.9610900878906
-1069.99072265625 -315.9673767089844
-1069.6068115234375 -313.9673767089844
-1071.131591796875 -311.9674072265625
-1073.1297607421875 -309.9674072265625
-1075.12548828125 -311.9549560546875
-1077.1187744140625 -309.95501708984375
-1079.1153564453125 -311.896484375
-1081.039306640625 -309.89654541015625
-1083.020751953125 -311.8578796386719
-1084.9593505859375 -309.8578796386719
-1086.957763671875 -310.2914123535156
-1088.9539794921875 -308.2916564941406
-1090.9046630859375 -309.9055480957031
-1092.888916015625 -311.463134765625
-1094.8602294921875 -309.463134765625
-1096.8594970703125 -311.3507385253906
-1098.79736328125 -309.35076904296875
-1100.796630859375 -309.44403076171875
-1102.7955322265625 -310.5822448730469
-1104.7913818359375 -308.5823059082031
-1106.7857666015625 -310.3819580078125
-1108.7841796875 -311.4501037597656
-1110.768310546875 -309.4503173828125
-1112.4852294921875 -307.4932861328125
-1113.160400390625 -305.49810791015625
-1113.4732666015625 -303.5035705566406
-1113.3380126953125 -301.5045166015625
-1112.2642822265625 -299.50689697265625
-1114.2628173828125 -297.5074768066406
-1114.71533203125 -295.50946044921875
-1114.315673828125 -293.5113830566406
-1116.019287109375 -291.7388000488281
-1116.0606689453125 -289.73944091796875
-1114.87890625 -287.7395935058594
-1115.427490234375 -285.74029541015625
-1115.7672119140625 -283.74334716796875
-1116.4588623046875 -281.7453918457031
-1114.6124267578125 -279.74920654296875
-1115.095458984375 -277.7500915527344
-1117.006591796875 -275.7502746582031
-1119.006591796875 -277.57733154296875
-1121.005615234375 -275.5773620605469
-1123.0009765625 -273.57745361328125
-1125.00048828125 -275.5492858886719
-1126.880859375 -275.8280334472656
-1128.879638671875 -277.7029724121094
-1130.818603515625 -275.7029724121094
-1132.8184814453125 -277.5597839355469
-1134.787841796875 -275.5597839355469
-1136.78759765625 -277.05224609375
-1138.726318359375 -275.05224609375
-1140.72607421875 -276.95233154296875
-1142.7252197265625 -278.8363037109375
-1144.7249755859375 -280.6419982910156
-1146.7193603515625 -282.5550231933594
-1146.7215576171875 -280.59796142578125
-1148.6212158203125 -278.6487731933594
-1147.8807373046875 -276.666748046875
-1148.56005859375 -274.6863708496094
-1150.559814453125 -272.8428039550781
-1152.5595703125 -274.8004150390625
-1153.940673828125 -272.80047607421875
-1155.9381103515625 -274.7549743652344
-1157.74853515625 -272.7550354003906
-1159.7484130859375 -274.73101806640625
-1159.3846435546875 -272.73101806640625
-1161.3829345703125 -274.6390380859375
-1163.2181396484375 -272.6396789550781
-1165.2169189453125 -274.5794372558594
-1166.8536376953125 -272.59979248046875
-1166.635009765625 -270.9295654296875
-1168.6336669921875 -272.476806640625
-1167.20458984375 -270.7503356933594
-1165.4718017578125 -269.0205078125
-1167.469970703125 -269.35479736328125
-1166.52294921875 -267.4044494628906
-1168.522216796875 -269.30682373046875
-1166.537353515625 -267.41619873046875
-1168.5352783203125 -268.8299560546875
-1166.89599609375 -266.96234130859375
-1168.8958740234375 -268.25994873046875
-1167.448486328125 -266.3085632324219
-1169.4483642578125 -265.267578125
-1168.955322265625 -263.4153137207031
-1167.273193359375 -261.5460510253906
-1169.2730712890625 -261.1146545410156
-1167.335693359375 -259.1280517578125
-1169.330322265625 -257.1732177734375
-1167.4306640625 -255.19227600097656
-1167.7076416015625 -253.26113891601562
