-881.9561767578125 -485.5189514160156
-883.896728515625 -486.8372497558594
-884.289794921875 -484.8427429199219
-886.272705078125 -486.23956298828125
-888.2647094726562 -488.0285339355469
-890.0794067382812 -486.4300842285156
-892.0790405273438 -488.03533935546875
-893.9360961914062 -486.0529479980469
-895.931884765625 -488.0340881347656
-897.4915771484375 -487.13958740234375
-899.3892822265625 -485.1476745605469
-901.0846557617188 -486.9249572753906
-902.9720458984375 -485.17926025390625
-904.9649658203125 -487.0532531738281
-906.849365234375 -485.4348449707031
-908.7886962890625 -487.2959899902344
-909.7786865234375 -485.3130187988281
-911.7083740234375 -487.2646484375
-910.8441772460938 -487.3581237792969
-909.6103515625 -485.38983154296875
-911.5828247070312 -487.3558654785156
-913.1170654296875 -485.39337158203125
-914.9138793945312 -486.5564270019531
-916.2778930664062 -488.2859191894531
-917.3903198242188 -487.559814453125
-919.3732299804688 -487.1077575683594
-921.3473510742188 -486.62298583984375
-923.3326416015625 -484.6246337890625
-924.6077880859375 -485.002685546875
-926.4727783203125 -483.6003112792969
-928.3450927734375 -484.64434814453125
-930.2974853515625 -486.5989074707031
-932.0931396484375 -484.8183288574219
-934.0384521484375 -486.5930480957031
-935.7670288085938 -484.6925964355469
-936.92626953125 -484.13421630859375
-938.89794921875 -482.8348388671875
-940.5147705078125 -481.0666809082031
-942.4996948242188 -482.66009521484375
-943.9107666015625 -482.0643310546875
-945.1806030273438 -480.3278503417969
-947.1785888671875 -478.5971374511719
-949.0855712890625 -480.3999938964844
-950.9418334960938 -482.342529296875
-951.9431762695312 -482.2593078613281
-950.732421875 -483.7283935546875
-949.6029663085938 -483.4232482910156
-951.4215087890625 -485.226806640625
-953.4102783203125 -487.0541076660156
-955.2921752929688 -488.7580261230469
-956.1692504882812 -490.7253112792969
-958.1689453125 -492.708984375
-956.5563354492188 -491.6427307128906
-958.232421875 -493.5819091796875
-958.0614624023438 -491.5849609375
-959.993896484375 -493.56597900390625
-960.3692626953125 -491.9405517578125
-961.4716796875 -490.12371826171875
-963.4385986328125 -492.07568359375
-965.289306640625 -490.2243347167969
-967.238525390625 -490.9677429199219
-966.3848876953125 -489.90960693359375
-968.2791137695312 -491.8353271484375
-969.8469848632812 -490.3343505859375
-971.6397094726562 -490.30340576171875
-970.4302978515625 -488.3365173339844
-972.4299926757812 -490.2279052734375
-974.1207885742188 -488.2358093261719
-976.0594482421875 -490.19683837890625
-974.8416748046875 -488.41339111328125
-976.6915893554688 -490.35430908203125
-977.5806884765625 -488.88482666015625
-979.5112915039062 -490.7931823730469
-981.4854125976562 -488.8269348144531
-982.9054565429688 -490.7833251953125
-983.0841674804688 -489.0685729980469
-985.070068359375 -490.9415283203125
-987.011962890625 -488.9490661621094
-987.9472045898438 -490.7502136230469
-989.9330444335938 -488.7881164550781
-991.4903564453125 -489.5194396972656
-993.44140625 -487.63653564453125
-993.8683471679688 -489.57269287109375
-993.2301025390625 -487.596435546875
-995.2190551757812 -488.8973083496094
-997.2123413085938 -490.31878662109375
-996.6904296875 -488.38677978515625
-998.2813720703125 -490.2281799316406
-1000.1535034179688 -488.2643737792969
-1001.6196899414062 -488.9658508300781
-1003.35791015625 -487.02703857421875
-1002.8465576171875 -488.06787109375
-1004.7206420898438 -489.9935607910156
-1003.595458984375 -488.43682861328125
-1005.4304809570312 -489.685791015625
-1004.9150390625 -487.728759765625
-1006.868896484375 -489.306640625
-1006.35595703125 -487.3393859863281
-1008.2481689453125 -487.05462646484375
-1010.24267578125 -488.90118408203125
-1011.7413330078125 -487.4769592285156
-1013.2781982421875 -486.517333984375
-1014.3539428710938 -484.71649169921875
-1015.9251098632812 -486.4964904785156
-1015.4002075195312 -484.5716247558594
-1017.2093505859375 -486.3684997558594
-1017.3634033203125 -485.0384216308594
-1017.9483032226562 -484.1065673828125
-1019.9469604492188 -485.33013916015625
-1021.91259765625 -483.941162109375
-1023.2334594726562 -485.8923034667969
-1024.659423828125 -484.7137451171875
-1026.64501953125 -486.572021484375
-1028.4874267578125 -484.6458740234375
-1027.5712890625 -486.2266845703125
-1029.37841796875 -484.2681579589844
-1031.3741455078125 -485.9223937988281
-1033.3350830078125 -486.7091979980469
-1034.271484375 -485.5206298828125
-1036.2158203125 -487.4685974121094
-1037.7869873046875 -486.7780456542969
-1038.25537109375 -485.5443115234375
-1038.7032470703125 -483.87103271484375
-1040.4765625 -484.4356384277344
-1042.0987548828125 -484.96429443359375
-1041.6746826171875 -486.5406799316406
-1041.966796875 -484.5933837890625
-1043.9561767578125 -486.55615234375
-1043.46484375 -484.6328125
-1045.4639892578125 -486.0326232910156
-1044.750732421875 -484.48095703125
-1046.4892578125 -485.94061279296875
-1048.4822998046875 -484.7317199707031
-1050.4566650390625 -485.3275146484375
-1051.9100341796875 -484.9829406738281
-1053.6689453125 -486.85797119140625
-1054.5250244140625 -484.891357421875
-1056.446044921875 -485.2641906738281
-1058.3084716796875 -485.6975402832031
-1059.980224609375 -487.5820617675781
-1060.9185791015625 -486.14434814453125
-1061.1180419921875 -488.1015625
-1061.21240234375 -486.1206970214844
-1062.2235107421875 -488.02850341796875
-1063.437744140625 -486.9855651855469
-1064.6905517578125 -486.03326416015625
-1066.656982421875 -486.68414306640625
-1067.9267578125 -484.84527587890625
-1069.7841796875 -486.44049072265625
-1071.65673828125 -484.592529296875
-1073.0743408203125 -485.961669921875
-1074.6781005859375 -484.21392822265625
-1076.373046875 -485.44293212890625
-1078.0062255859375 -486.8285827636719
-1079.793701171875 -485.61474609375
-1081.1376953125 -487.3243713378906
-1079.6317138671875 -485.6581726074219
-1081.3740234375 -485.1692810058594
-1082.701416015625 -483.55706787109375
-1082.2489013671875 -484.3940124511719
-1083.7877197265625 -482.66192626953125
-1083.8125 -483.5556945800781
-1084.7200927734375 -483.2320861816406
-1084.8494873046875 -481.59912109375
-1086.4022216796875 -482.9571533203125
-1087.4093017578125 -482.4651794433594
-1089.3997802734375 -480.8278503417969
-1088.9271240234375 -478.9613342285156
-1089.848388671875 -479.74945068359375
-1091.5155029296875 -478.41064453125
-1093.0838623046875 -479.8028869628906
-1095.05615234375 -478.2829284667969
-1095.986328125 -477.156005859375
-1097.8424072265625 -479.11456298828125
-1099.6510009765625 -477.4597473144531
-1101.4857177734375 -475.941650390625
-1102.78271484375 -475.57550048828125
-1103.9847412109375 -473.81927490234375
-1103.97314453125 -474.2540588378906
-1105.8643798828125 -474.0620422363281
-1105.7158203125 -473.68682861328125
-1107.2022705078125 -471.9678649902344
-1109.18798828125 -473.7884521484375
-1110.91845703125 -473.2311706542969
