-882.5563354492188 -485.4371643066406
-884.5464477539062 -487.4371337890625
-886.5302734375 -485.4372253417969
-888.2850341796875 -487.4372253417969
-890.2774047851562 -485.4374694824219
-891.9384765625 -487.43743896484375
-893.9113159179688 -485.43756103515625
-895.4379272460938 -487.4369201660156
-897.3575439453125 -485.4369812011719
-899.340087890625 -487.43695068359375
-901.2293701171875 -485.4369812011719
-901.8926391601562 -487.4366455078125
-903.8892822265625 -485.43670654296875
-905.8366088867188 -487.4360046386719
-907.8224487304688 -485.43603515625
-909.8150024414062 -487.4359436035156
-911.8145141601562 -485.44061279296875
-913.8135986328125 -487.44061279296875
-915.6688842773438 -485.4410095214844
-917.5796508789062 -487.44073486328125
-919.576416015625 -485.4407958984375
-921.34423828125 -487.44073486328125
-923.3253784179688 -485.4407653808594
-925.3182983398438 -487.44061279296875
-927.3062133789062 -485.4407958984375
-929.2620239257812 -487.44073486328125
-931.1737670898438 -485.447509765625
-933.0720825195312 -487.447509765625
-935.063720703125 -485.4485168457031
-937.0464477539062 -487.4483642578125
-938.9550170898438 -485.71820068359375
-940.9544067382812 -487.7181701660156
-942.837158203125 -485.8903503417969
-944.8054809570312 -484.7687683105469
-946.8015747070312 -486.76873779296875
-948.7803344726562 -486.44915771484375
-950.5153198242188 -488.43829345703125
-952.300048828125 -490.4376525878906
-954.2615356445312 -492.4376220703125
-956.2582397460938 -494.4374084472656
-958.2554931640625 -492.4374084472656
-960.2529907226562 -490.4374084472656
-962.2411499023438 -492.4372863769531
-964.2322998046875 -490.4372863769531
-966.2186279296875 -492.4367980957031
-968.2094116210938 -490.43682861328125
-969.8720703125 -492.4367980957031
-971.8588256835938 -490.43682861328125
-973.8487548828125 -488.4368896484375
-975.7923583984375 -490.4368591308594
-977.7904052734375 -488.4371032714844
-979.2617797851562 -490.43707275390625
-981.2606201171875 -488.43719482421875
-983.0252075195312 -490.4371337890625
-985.0244750976562 -488.43719482421875
-986.899169921875 -490.4371643066406
-988.898681640625 -488.4371643066406
-990.760986328125 -490.4370422363281
-992.7584228515625 -488.4370422363281
-994.751708984375 -490.4370422363281
-996.751220703125 -488.4371032714844
-998.7337646484375 -490.4371032714844
-1000.7325439453125 -488.4371032714844
-1002.7244873046875 -490.4371032714844
-1004.7243041992188 -488.4371643066406
-1006.7118530273438 -490.43695068359375
-1008.7116088867188 -488.4369812011719
-1010.7108154296875 -486.4369812011719
-1012.677978515625 -488.4368896484375
-1014.6775512695312 -486.4368896484375
-1016.6763305664062 -484.4368896484375
-1018.651611328125 -486.4368896484375
-1020.6395263671875 -484.4375305175781
-1022.6314086914062 -486.4374694824219
-1024.630126953125 -484.43768310546875
-1026.532958984375 -486.43475341796875
-1028.5313720703125 -484.4347839355469
-1030.5267333984375 -486.4345703125
-1032.526611328125 -484.43475341796875
-1034.525390625 -486.4346923828125
-1036.5252685546875 -484.4347229003906
-1038.4791259765625 -486.4346618652344
-1040.4791259765625 -484.43975830078125
-1042.478759765625 -486.4394226074219
-1044.4783935546875 -484.4432373046875
-1046.3597412109375 -486.4432067871094
-1048.3597412109375 -484.4432067871094
-1050.2830810546875 -486.4429931640625
-1052.2830810546875 -484.4432067871094
-1054.2218017578125 -486.4431457519531
-1056.2218017578125 -484.4437255859375
-1058.21728515625 -486.44366455078125
-1060.21728515625 -484.47119140625
-1062.201416015625 -486.4674987792969
-1064.178955078125 -488.46710205078125
-1066.1787109375 -486.4681701660156
-1068.1787109375 -484.4681701660156
-1070.0889892578125 -486.4681091308594
-1072.0889892578125 -484.46820068359375
-1074.0863037109375 -486.4679870605469
-1076.0863037109375 -484.4733581542969
-1078.0828857421875 -486.47320556640625
-1080.0828857421875 -484.4746398925781
-1081.965087890625 -486.474609375
-1083.965087890625 -484.474853515625
-1085.965087890625 -482.4759826660156
-1087.965087890625 -480.47601318359375
-1089.965087890625 -478.47662353515625
-1091.96337890625 -480.4765319824219
-1093.96337890625 -478.479248046875
-1095.9613037109375 -480.4791259765625
-1097.9613037109375 -478.4824523925781
-1099.9603271484375 -480.4810791015625
-1101.9603271484375 -478.48150634765625
-1103.9603271484375 -476.7109375
-1105.9598388671875 -478.6862487792969
-1107.9598388671875 -477.11956787109375
-1109.9598388671875 -478.9506530761719
-1111.9598388671875 -480.946533203125
-1113.9598388671875 -479.0050964355469
-1115.9593505859375 -480.9936218261719
-1117.9593505859375 -478.9950866699219
