-882.5479736328125 -485.43896484375
-884.5451049804688 -487.4363708496094
-886.5426635742188 -485.4713134765625
-888.5296630859375 -487.4702453613281
-890.5236206054688 -485.4749450683594
-892.5128784179688 -487.4539489746094
-894.4711303710938 -485.4661560058594
-896.22509765625 -487.4653625488281
-898.2171020507812 -485.4906921386719
-900.2164306640625 -487.4878845214844
-902.2152709960938 -485.4909973144531
-904.2135620117188 -487.49072265625
-906.212158203125 -485.5400390625
-908.20068359375 -487.5396423339844
-910.19580078125 -485.5440673828125
-912.1951904296875 -487.5437316894531
-914.1807861328125 -485.5569763183594
-916.1766967773438 -487.5569152832031
-918.1741333007812 -485.58935546875
-920.16259765625 -487.5890197753906
-922.1497802734375 -485.6118469238281
-924.14892578125 -487.611328125
-926.0010375976562 -485.6484680175781
-927.9994506835938 -487.6421813964844
-929.9984130859375 -486.20819091796875
-931.945556640625 -488.1419372558594
-933.94384765625 -486.1705322265625
-935.9435424804688 -484.1741943359375
-937.93798828125 -486.1671447753906
-939.9370727539062 -484.6242370605469
-941.9364013671875 -486.331787109375
-943.9356689453125 -486.7554626464844
-945.9354248046875 -486.7254333496094
-947.9182739257812 -485.9719543457031
-949.8993530273438 -487.8922119140625
-951.8800659179688 -489.8918762207031
-953.8619995117188 -491.8915100097656
-955.856201171875 -493.8907470703125
-957.8155517578125 -492.3047180175781
-959.737548828125 -490.3301086425781
-961.7344970703125 -492.32403564453125
-963.7107543945312 -490.3638000488281
-965.7102661132812 -492.3621520996094
-967.7078247070312 -490.90533447265625
-969.703857421875 -488.92681884765625
-971.7034301757812 -490.9191589355469
-973.6199340820312 -489.00921630859375
-975.6184692382812 -491.0087890625
-977.6148681640625 -489.31561279296875
-979.568115234375 -491.3003845214844
-981.568115234375 -489.3535461425781
-983.2423095703125 -491.3522033691406
-985.2158203125 -489.38348388671875
-987.2139892578125 -491.3824157714844
-989.213623046875 -489.38482666015625
-991.213623046875 -487.4408874511719
-993.2129516601562 -489.4224548339844
-995.2081909179688 -487.4309997558594
-997.2054443359375 -489.4308166503906
-999.2040405273438 -487.5135192871094
-1001.2017211914062 -489.50897216796875
-1003.2009887695312 -488.61846923828125
-1005.2006225585938 -490.6132507324219
-1007.1997680664062 -488.70361328125
-1009.1991577148438 -486.7076416015625
-1011.1985473632812 -488.6091613769531
-1013.1980590820312 -486.84765625
-1015.0249633789062 -485.1451110839844
-1017.0249633789062 -487.1444396972656
-1019.023681640625 -485.1515197753906
-1021.0120849609375 -483.2201843261719
-1023.0120239257812 -485.1990051269531
-1025.011962890625 -483.2447204589844
-1026.9716796875 -485.2415466308594
-1028.956787109375 -487.2389221191406
-1030.9561767578125 -485.2928161621094
-1032.942138671875 -487.291015625
-1034.9364013671875 -485.35699462890625
-1036.935791015625 -487.35687255859375
-1038.9249267578125 -485.7363586425781
-1040.9171142578125 -483.75860595703125
-1042.831787109375 -485.74969482421875
-1044.826904296875 -483.7528381347656
-1046.824951171875 -485.7453308105469
-1048.8115234375 -487.7452697753906
-1050.809326171875 -485.8878173828125
-1052.808837890625 -483.8885803222656
-1054.78466796875 -485.88177490234375
-1056.7841796875 -483.88739013671875
-1058.7840576171875 -485.88128662109375
-1060.7734375 -487.8809509277344
-1062.497314453125 -485.90911865234375
-1064.4964599609375 -487.9090270996094
-1066.495361328125 -485.9146423339844
-1068.495361328125 -487.9140319824219
-1070.4951171875 -485.9631042480469
-1072.4925537109375 -487.9616394042969
-1074.486083984375 -485.9788513183594
-1076.4342041015625 -484.01934814453125
-1078.4306640625 -486.01739501953125
-1080.4300537109375 -484.1278991699219
-1082.4259033203125 -486.1255187988281
-1084.3094482421875 -484.1603088378906
-1084.9959716796875 -482.9872131347656
-1084.35400390625 -482.9190673828125
-1086.265869140625 -480.9718017578125
-1088.2593994140625 -478.97296142578125
-1090.24755859375 -480.9715270996094
-1092.2313232421875 -480.25115966796875
-1094.0272216796875 -479.4377136230469
-1096.02587890625 -478.1597595214844
-1098.0240478515625 -480.15936279296875
-1100.022705078125 -478.2665100097656
-1102.020263671875 -480.24078369140625
-1104.020263671875 -478.7789611816406
-1106.017333984375 -477.8448486328125
-1108.01171875 -479.8371276855469
-1109.7650146484375 -481.83587646484375
-1110.401123046875 -480.2499084472656
-1112.1885986328125 -478.3705749511719
-1113.8870849609375 -480.37017822265625
-1115.8233642578125 -481.06622314453125
-1116.7322998046875 -479.7921142578125
