-882.5726318359375 -485.4512023925781
-884.5726318359375 -487.4500427246094
-886.572509765625 -485.5406494140625
-888.572509765625 -487.54058837890625
-890.5724487304688 -485.58380126953125
-892.5724487304688 -487.5798645019531
-894.5470581054688 -486.2891540527344
-896.5470581054688 -488.2886962890625
-898.5470581054688 -486.2975158691406
-900.5470581054688 -485.2073974609375
-902.5470581054688 -487.2057800292969
-904.5469970703125 -485.60174560546875
-906.5469970703125 -487.6011047363281
-908.5420532226562 -485.8800964355469
-910.5420532226562 -487.7663269042969
-912.5416870117188 -485.77532958984375
-914.5416870117188 -487.77362060546875
-916.5415649414062 -486.2894592285156
-918.5415649414062 -488.28863525390625
-920.54150390625 -487.067138671875
-922.5414428710938 -485.42138671875
-924.5414428710938 -487.40240478515625
-926.5410766601562 -485.45135498046875
-928.5410766601562 -487.4509582519531
-930.5409545898438 -486.4818420410156
-932.5397338867188 -487.3460693359375
-934.5367431640625 -488.1016845703125
-936.3451538085938 -489.8025207519531
-938.3380737304688 -491.22735595703125
-940.337890625 -493.122314453125
-942.3365478515625 -495.07708740234375
-943.7572021484375 -495.75213623046875
-945.7571411132812 -497.7469482421875
-947.7522583007812 -499.4476318359375
-949.7500610351562 -501.44659423828125
-951.7495727539062 -503.428955078125
-953.742919921875 -504.4457702636719
-955.7412719726562 -503.4396667480469
-957.73876953125 -504.2531433105469
-959.7138061523438 -504.0693054199219
-961.7136840820312 -502.7348937988281
-963.7136840820312 -500.8191833496094
-965.7135620117188 -498.82122802734375
-967.3784790039062 -496.8512878417969
-969.3757934570312 -494.8686828613281
-971.3748168945312 -492.8743591308594
-973.3743896484375 -490.87481689453125
-975.3267822265625 -489.0121765136719
-977.3267822265625 -491.0113525390625
-979.31494140625 -489.0165710449219
-981.31494140625 -491.016357421875
-983.2998046875 -489.0181884765625
-985.2998046875 -491.017822265625
-987.2821044921875 -489.25628662109375
-989.2821044921875 -491.2562255859375
-991.257080078125 -489.74810791015625
-993.0594482421875 -488.7309265136719
-995.0594482421875 -490.7308044433594
-997.0546264648438 -488.8900146484375
-999.0546264648438 -490.88885498046875
-1001.0490112304688 -489.00653076171875
-1003.0388793945312 -488.8804626464844
-1005.0151977539062 -486.88836669921875
-1007.0151977539062 -488.8825378417969
-1009.0089111328125 -487.0140686035156
-1011.0089111328125 -489.0135803222656
-1013.0001220703125 -487.037841796875
-1014.7716674804688 -485.0906677246094
-1016.7716674804688 -487.0859375
-1017.0264282226562 -486.20672607421875
-1018.994873046875 -486.34124755859375
-1020.9907836914062 -484.3457946777344
-1022.9907836914062 -486.3448181152344
-1024.9891357421875 -484.5002746582031
-1026.9891357421875 -486.4940490722656
-1028.325927734375 -484.7117614746094
-1030.325927734375 -486.7104187011719
-1032.054931640625 -484.7635498046875
-1034.054931640625 -486.76116943359375
-1035.9305419921875 -484.76300048828125
-1037.9305419921875 -486.76251220703125
-1039.8883056640625 -486.6130065917969
-1038.7821044921875 -484.6288146972656
-1040.7821044921875 -486.6288146972656
-1042.4093017578125 -484.9022216796875
-1044.4093017578125 -486.90185546875
-1044.9071044921875 -485.4963684082031
-1046.9071044921875 -487.4934387207031
-1048.1856689453125 -485.89697265625
-1050.1048583984375 -484.899658203125
-1052.104736328125 -486.871826171875
-1054.1016845703125 -485.0815734863281
-1056.101318359375 -487.07861328125
-1058.08837890625 -485.9790954589844
-1060.08837890625 -487.9790344238281
-1062.0877685546875 -486.07806396484375
-1064.0877685546875 -488.0749206542969
-1065.26953125 -486.7348327636719
-1067.141845703125 -486.3728942871094
-1069.0966796875 -484.5814208984375
-1071.0966796875 -486.56219482421875
-1071.8499755859375 -485.7724914550781
-1073.8499755859375 -487.7723083496094
-1074.5325927734375 -486.7774658203125
-1075.3125 -486.1280212402344
-1076.7835693359375 -484.1307678222656
-1078.7835693359375 -486.0954284667969
-1079.009033203125 -485.7775573730469
-1081.008544921875 -487.53070068359375
-1082.8431396484375 -486.89068603515625
-1084.8135986328125 -484.9195251464844
-1086.7952880859375 -483.0803527832031
-1085.5120849609375 -481.0899658203125
-1085.5802001953125 -479.24072265625
-1087.574951171875 -480.90802001953125
-1089.4539794921875 -478.9623107910156
-1091.45361328125 -480.5624084472656
-1093.3990478515625 -478.5682373046875
-1095.398681640625 -480.5620422363281
-1095.292236328125 -478.57562255859375
-1097.292236328125 -480.5569152832031
-1099.2542724609375 -481.9703369140625
-1101.236328125 -480.8247375488281
-1099.245361328125 -478.85009765625
-1100.9154052734375 -477.2049255371094
-1102.7396240234375 -479.18609619140625
-1103.600341796875 -477.8132629394531
-1105.59423828125 -479.7217102050781
-1107.5870361328125 -478.1697082519531
-1109.5869140625 -478.7431640625
-1111.482666015625 -480.6822204589844
-1113.4710693359375 -479.9992370605469
-1115.4434814453125 -479.13873291015625
