-882.5531616210938 -485.5099182128906
-884.5523681640625 -487.1016845703125
-885.3565063476562 -485.32861328125
-887.3550415039062 -484.5288391113281
-889.3405151367188 -484.4627685546875
-891.3405151367188 -482.8307800292969
-893.3395385742188 -483.77166748046875
-895.325927734375 -484.9372253417969
-897.3252563476562 -486.8377990722656
-899.267333984375 -486.62286376953125
-901.2660522460938 -484.7379150390625
-903.2570190429688 -486.21270751953125
-905.2554931640625 -486.45037841796875
-907.2547607421875 -487.9078063964844
-908.59375 -486.44305419921875
-910.59326171875 -487.5925598144531
-912.426025390625 -485.68994140625
-914.4207153320312 -487.56915283203125
-916.384521484375 -485.6055603027344
-918.3776245117188 -487.5784606933594
-920.2327270507812 -485.6733703613281
-922.2324829101562 -487.5688171386719
-924.2182006835938 -485.64959716796875
-926.1941528320312 -487.36236572265625
-928.15869140625 -485.3700256347656
-930.1586303710938 -484.3834228515625
-931.9119262695312 -485.8144226074219
-933.911865234375 -484.01690673828125
-935.7676391601562 -484.1759033203125
-937.7055053710938 -482.80621337890625
-939.7052612304688 -481.1673889160156
-941.7044677734375 -479.2229309082031
-943.7003784179688 -477.304443359375
-945.6848754882812 -477.6639099121094
-947.622802734375 -476.3441162109375
-947.0180053710938 -478.3270568847656
-949.0165405273438 -479.3520812988281
-949.9644775390625 -480.65777587890625
-951.03759765625 -482.6304626464844
-950.9713134765625 -484.34027099609375
-952.4984741210938 -486.2750244140625
-951.2406005859375 -488.2605285644531
-953.213134765625 -487.559326171875
-955.2025146484375 -489.2684631347656
-957.150390625 -491.2567138671875
-959.0882568359375 -493.2557067871094
-958.4515991210938 -491.2801818847656
-960.4442749023438 -492.40509033203125
-958.478271484375 -490.6759948730469
-960.4737548828125 -492.6722412109375
-958.9916381835938 -491.1349182128906
-960.718017578125 -493.0226745605469
-959.3568725585938 -491.0277404785156
-960.8895874023438 -492.9960021972656
-962.644287109375 -492.02593994140625
-964.5546264648438 -490.062744140625
-966.552978515625 -492.00640869140625
-967.53564453125 -493.4972839355469
-969.2760009765625 -491.5732116699219
-970.3489379882812 -489.8593444824219
-972.3486328125 -491.8592224121094
-972.5195922851562 -490.2188720703125
-971.2716674804688 -489.10137939453125
-973.2716674804688 -491.0571594238281
-972.3784790039062 -489.2330322265625
-974.3767700195312 -490.8846740722656
-976.1607666015625 -488.8879089355469
-978.134521484375 -487.60986328125
-980.1294555664062 -488.63861083984375
-982.1251831054688 -490.00250244140625
-984.1241455078125 -488.0418395996094
-986.1234741210938 -489.9414978027344
-987.3590698242188 -488.9289855957031
-989.35791015625 -490.712646484375
-991.28271484375 -488.9742736816406
-993.2686157226562 -490.9525451660156
-993.347900390625 -489.2225036621094
-995.3365478515625 -491.21533203125
-997.2863159179688 -489.3652038574219
-998.8556518554688 -487.39715576171875
-1000.8538208007812 -489.3948669433594
-1002.7863159179688 -487.3954162597656
-1004.0394897460938 -489.1380615234375
-1002.6862182617188 -488.7318420410156
-1004.453369140625 -487.5663146972656
-1006.4496459960938 -489.46307373046875
-1008.200927734375 -487.9418029785156
-1008.78857421875 -486.97418212890625
-1010.7821655273438 -488.529296875
-1012.4664306640625 -487.64727783203125
-1012.530517578125 -485.7710266113281
-1014.5225219726562 -486.7298278808594
-1016.1587524414062 -486.7796325683594
-1017.3688354492188 -485.2980651855469
-1019.366455078125 -485.28594970703125
-1019.1704711914062 -483.3906555175781
-1021.1576538085938 -485.02728271484375
-1023.0370483398438 -484.5074157714844
-1025.0009765625 -485.9442138671875
-1026.9981689453125 -483.98919677734375
-1028.929443359375 -483.8603820800781
-1030.906005859375 -485.74090576171875
-1032.8984375 -485.1450500488281
-1034.751220703125 -487.0490417480469
-1035.7117919921875 -485.2616271972656
-1037.63916015625 -487.08978271484375
-1039.154052734375 -485.6887512207031
-1039.9197998046875 -485.6348876953125
-1038.7137451171875 -483.91790771484375
-1040.7034912109375 -485.71002197265625
-1042.064697265625 -483.73687744140625
-1043.2637939453125 -484.51922607421875
-1045.227783203125 -485.53759765625
-1046.99853515625 -487.511962890625
-1046.814453125 -486.4091796875
-1045.5206298828125 -485.036376953125
-1047.5162353515625 -486.6820068359375
-1049.356689453125 -484.7493591308594
-1051.34716796875 -485.72930908203125
-1050.20556640625 -485.8033752441406
-1051.8946533203125 -484.0754089355469
-1053.8345947265625 -485.13385009765625
-1055.8240966796875 -487.11126708984375
-1057.6964111328125 -488.947998046875
-1059.679931640625 -486.9896545410156
-1061.6783447265625 -487.6872863769531
-1063.155517578125 -485.97625732421875
-1063.6151123046875 -487.4021911621094
-1065.33251953125 -485.885498046875
-1067.3233642578125 -487.8048400878906
-1068.01318359375 -486.5693359375
-1066.570556640625 -484.9750061035156
-1068.5687255859375 -486.4966735839844
-1069.7335205078125 -485.05181884765625
-1071.70703125 -483.8963623046875
-1073.6939697265625 -485.1473388671875
-1075.629638671875 -487.0841369628906
-1076.914794921875 -485.6033935546875
-1078.8336181640625 -486.62847900390625
-1080.822021484375 -484.8948974609375
-1082.8056640625 -483.7867736816406
-1084.7059326171875 -482.8238525390625
-1085.6160888671875 -481.18328857421875
-1086.7506103515625 -479.3970947265625
-1088.747802734375 -479.5015869140625
-1090.1998291015625 -480.6363220214844
-1092.1585693359375 -479.1197509765625
-1091.266845703125 -477.89306640625
-1093.258056640625 -479.2516174316406
-1093.74853515625 -479.73736572265625
-1095.6878662109375 -478.13714599609375
-1096.6435546875 -479.6474609375
-1098.2486572265625 -477.7622985839844
-1100.20703125 -479.45501708984375
-1102.034423828125 -478.7923889160156
-1104.019287109375 -478.06597900390625
-1105.381103515625 -478.9554443359375
-1107.3193359375 -477.02081298828125
-1108.5751953125 -478.62884521484375
-1110.2493896484375 -480.4444885253906
-1110.5687255859375 -478.745849609375
-1112.12255859375 -480.2156066894531
-1112.407470703125 -478.2240295410156
-1114.1502685546875 -479.87548828125
-1115.9464111328125 -481.51824951171875
-1117.8487548828125 -480.6518859863281
