-882.5198974609375 -485.4373474121094
-884.03173828125 -487.43438720703125
-886.0306396484375 -485.4355773925781
-887.9762573242188 -487.4319763183594
-889.97216796875 -485.432373046875
-891.2628173828125 -487.4181213378906
-893.23095703125 -485.4186096191406
-895.1842651367188 -487.4122314453125
-897.1592407226562 -485.4123229980469
-899.1369018554688 -487.4110107421875
-901.1280517578125 -485.4112243652344
-900.5486450195312 -487.4083557128906
-902.5347900390625 -485.4096984863281
-904.4226684570312 -487.4064636230469
-906.4218139648438 -485.416015625
-908.2916259765625 -487.41357421875
-910.2888793945312 -485.4161071777344
-912.13818359375 -487.3982238769531
-914.1344604492188 -485.39849853515625
-916.11572265625 -487.3982238769531
-918.1091918945312 -485.40606689453125
-919.9528198242188 -487.4023742675781
-921.9447631835938 -485.4034423828125
-923.6572875976562 -487.37384033203125
-925.655517578125 -485.38214111328125
-927.6531982421875 -487.3088684082031
-929.652099609375 -485.30889892578125
-931.6517944335938 -487.2923889160156
-933.6517333984375 -485.3061218261719
-935.6513671875 -487.28021240234375
-937.6505737304688 -485.5788879394531
-939.6502075195312 -487.43341064453125
-941.64990234375 -486.1041564941406
-943.6387329101562 -484.47625732421875
-945.6376953125 -486.4010314941406
-947.6375732421875 -484.64959716796875
-947.6834716796875 -483.2054138183594
-949.3289794921875 -485.02923583984375
-950.9878540039062 -486.9799499511719
-952.9722900390625 -488.93634033203125
-954.8822021484375 -490.9313049316406
-956.8755493164062 -492.91595458984375
-958.076171875 -490.91595458984375
-960.0691528320312 -492.78564453125
-961.47900390625 -490.78570556640625
-963.4774780273438 -492.7814025878906
-964.7574462890625 -490.78143310546875
-966.7570190429688 -492.7741394042969
-968.7476196289062 -490.774169921875
-970.7410278320312 -488.774169921875
-972.7393798828125 -490.76580810546875
-974.3513793945312 -488.7658386230469
-976.3511962890625 -490.71038818359375
-978.340576171875 -488.71044921875
-980.3264770507812 -490.6981201171875
-982.3256225585938 -488.6982116699219
-984.3223266601562 -490.6858825683594
-986.322021484375 -488.6883850097656
-988.3219604492188 -490.6172180175781
-990.2354736328125 -488.6192321777344
-992.2196655273438 -490.61907958984375
-994.2195434570312 -488.61920166015625
-996.21875 -490.5968933105469
-998.2084350585938 -488.596923828125
-1000.20703125 -490.5816955566406
-1002.2045288085938 -488.58172607421875
-1004.2023315429688 -490.57293701171875
-1006.1425170898438 -488.59808349609375
-1008.1065673828125 -486.59820556640625
-1010.1055908203125 -488.5834655761719
-1011.95458984375 -486.5838317871094
-1013.927734375 -484.584228515625
-1015.9234619140625 -486.4424743652344
-1017.91015625 -484.44281005859375
-1019.9100341796875 -486.4388122558594
-1021.6192626953125 -484.4388427734375
-1023.6188354492188 -486.434814453125
-1025.6148681640625 -484.43536376953125
-1027.6109619140625 -486.421875
-1029.6011962890625 -484.4229736328125
-1031.5958251953125 -486.40496826171875
-1033.594970703125 -484.40625
-1035.0640869140625 -486.3307800292969
-1036.569580078125 -484.33453369140625
-1038.5054931640625 -486.2895812988281
-1040.4500732421875 -484.29443359375
-1042.447998046875 -486.28173828125
-1043.98388671875 -484.28375244140625
-1045.9560546875 -486.2808837890625
-1047.7764892578125 -484.2850341796875
-1049.7757568359375 -486.2781982421875
-1051.7171630859375 -484.278564453125
-1053.6385498046875 -485.8637390136719
-1055.6263427734375 -483.8642883300781
-1057.6068115234375 -485.7332458496094
-1059.60546875 -487.73162841796875
-1061.5958251953125 -486.1082458496094
-1063.5902099609375 -488.1056823730469
-1062.48779296875 -486.1065368652344
-1064.4671630859375 -488.0939025878906
-1063.9383544921875 -486.0945739746094
-1065.7135009765625 -488.08978271484375
-1067.6319580078125 -486.09161376953125
-1069.628662109375 -488.0907897949219
-1071.6029052734375 -486.1124267578125
-1073.507080078125 -484.1222229003906
-1075.450927734375 -486.1111755371094
-1077.4442138671875 -484.1143798828125
-1076.78076171875 -486.105712890625
-1078.6790771484375 -484.111328125
-1080.6055908203125 -486.0639953613281
-1079.0205078125 -484.072998046875
-1080.9886474609375 -486.0697021484375
-1079.0255126953125 -484.38067626953125
-1080.8819580078125 -486.37890625
-1079.5693359375 -485.1300964355469
-1081.5648193359375 -487.0386047363281
-1082.9830322265625 -485.3254699707031
-1082.756591796875 -483.3648376464844
-1084.72900390625 -485.35064697265625
-1082.8707275390625 -483.8414306640625
-1081.135498046875 -481.8832092285156
-1082.00390625 -483.8426818847656
-1083.979736328125 -485.7210693359375
-1082.17431640625 -484.130859375
-1080.246337890625 -482.62896728515625
-1082.05078125 -484.6211242675781
-1080.248779296875 -482.6239318847656
-1082.2362060546875 -484.5968322753906
-1080.6781005859375 -482.6461181640625
-1082.5579833984375 -484.6393737792969
-1081.3292236328125 -482.6626281738281
-1083.142578125 -484.65478515625
-1081.3365478515625 -482.6926574707031
-1083.2705078125 -484.673583984375
-1081.39990234375 -482.7199401855469
-1083.0157470703125 -484.6490478515625
-1081.352294921875 -482.6853332519531
-1083.3212890625 -484.59716796875
-1082.0623779296875 -482.6296081542969
-1083.7547607421875 -484.6273498535156
-1082.0390625 -482.6365661621094
-1084.0067138671875 -484.5315246582031
-1083.5908203125 -482.575439453125
-1085.5164794921875 -484.5687255859375
-1084.0003662109375 -482.6481628417969
-1084.100341796875 -480.7420654296875
-1086.0675048828125 -482.7068786621094
-1087.4913330078125 -480.70758056640625
-1086.162353515625 -478.71136474609375
-1088.0692138671875 -480.7111511230469
-1089.398681640625 -478.71612548828125
-1091.391357421875 -480.7156677246094
-1093.2950439453125 -478.8254089355469
-1095.27880859375 -480.8227233886719
-1094.435302734375 -479.2603454589844
-1096.4241943359375 -477.27264404296875
-1097.973876953125 -479.26519775390625
-1099.777099609375 -477.2738342285156
-1101.2216796875 -479.25189208984375
-1103.1766357421875 -477.55548095703125
-1105.172119140625 -479.5486755371094
-1107.1484375 -478.0008239746094
-1105.576416015625 -479.6773681640625
-1107.1522216796875 -478.0378112792969
-1106.9775390625 -479.9219970703125
-1108.8936767578125 -479.3689270019531
-1110.7640380859375 -481.3670959472656
-1108.93701171875 -479.36968994140625
-1110.8138427734375 -481.3481750488281
-1109.723388671875 -479.6019287109375
-1110.417236328125 -481.5993347167969
-1111.9073486328125 -479.64434814453125
-1110.771240234375 -477.7255554199219
-1109.59130859375 -479.719970703125
-1111.322265625 -481.7168273925781
-1110.8453369140625 -479.800537109375
-1111.072509765625 -477.8069152832031
-1112.0118408203125 -479.7908020019531
-1112.9002685546875 -477.803955078125
-1114.8299560546875 -479.77069091796875
-1116.242431640625 -477.7784729003906
