-882.5596923828125 -485.677490234375
-884.5595703125 -487.67742919921875
-886.5233154296875 -485.7189636230469
-888.5224609375 -487.7185974121094
-890.3748779296875 -486.1979675292969
-892.3714599609375 -488.19354248046875
-893.93603515625 -486.2317199707031
-895.93603515625 -488.2312316894531
-897.6510009765625 -486.25396728515625
-899.6431274414062 -484.2900390625
-901.639892578125 -486.28936767578125
-903.5960693359375 -484.48681640625
-905.3011474609375 -486.4867248535156
-906.9425048828125 -488.48431396484375
-908.860107421875 -486.4895324707031
-910.8516235351562 -488.4892578125
-912.080322265625 -486.6000061035156
-914.0797119140625 -488.5985412597656
-915.6749877929688 -487.4395446777344
-915.5059814453125 -485.4654846191406
-917.499267578125 -487.4649963378906
-918.4256591796875 -485.5837707519531
-920.4241943359375 -487.58343505859375
-922.3098754882812 -485.8501281738281
-924.3070678710938 -487.8493347167969
-926.2228393554688 -485.8856506347656
-928.2207641601562 -487.8753662109375
-930.0110473632812 -486.41998291015625
-932.00341796875 -485.72613525390625
-934.0020751953125 -487.7254638671875
-935.985107421875 -486.1004943847656
-937.9820556640625 -484.81329345703125
-939.9031982421875 -486.61590576171875
-941.81884765625 -484.6803283691406
-943.8170166015625 -486.6732177734375
-945.8154907226562 -485.2064514160156
-947.004638671875 -483.9010314941406
-949.00390625 -485.73992919921875
-950.9995727539062 -487.7398681640625
-952.99609375 -489.7327880859375
-954.9928588867188 -491.73223876953125
-956.9840087890625 -493.730712890625
-958.9661254882812 -491.732177734375
-960.9638061523438 -493.7317810058594
-962.9327392578125 -491.7340087890625
-964.8651123046875 -489.88287353515625
-966.8577880859375 -491.88055419921875
-968.8067016601562 -489.9153137207031
-970.7965698242188 -491.9151611328125
-972.7376098632812 -489.9381103515625
-974.7360229492188 -491.93646240234375
-975.6885375976562 -490.2873229980469
-977.5648193359375 -488.29425048828125
-979.556884765625 -490.29364013671875
-981.4120483398438 -488.3297119140625
-983.4117431640625 -490.32763671875
-985.4033203125 -488.9034118652344
-987.3819580078125 -490.90081787109375
-986.427734375 -488.9190368652344
-988.4276733398438 -490.9183349609375
-990.201416015625 -488.94512939453125
-992.142578125 -490.9441223144531
-992.9364624023438 -488.9571838378906
-994.9310913085938 -490.9563903808594
-996.8767700195312 -488.9570007324219
-998.876708984375 -490.9570007324219
-1000.8384399414062 -489.19512939453125
-1002.8372192382812 -487.23345947265625
-1004.8126220703125 -489.21575927734375
-1004.2596435546875 -487.2451171875
-1006.2588500976562 -489.2283935546875
-1008.2220458984375 -487.24993896484375
-1010.2213745117188 -489.24725341796875
-1011.9826049804688 -487.26666259765625
-1012.4862060546875 -485.325439453125
-1014.4818725585938 -487.3253173828125
-1016.3909301757812 -486.0638427734375
-1018.0608520507812 -484.06756591796875
-1020.0580444335938 -486.0436096191406
-1021.9194946289062 -484.0561828613281
-1023.8832397460938 -486.0557556152344
-1025.880126953125 -484.07305908203125
-1027.843994140625 -486.0721435546875
-1029.824462890625 -484.1780700683594
-1031.8211669921875 -486.1626281738281
-1033.7362060546875 -484.16302490234375
-1035.726806640625 -486.1625061035156
-1036.989990234375 -484.1667785644531
-1038.989501953125 -486.166015625
-1040.9412841796875 -484.1767578125
-1042.9285888671875 -486.1748962402344
-1044.6126708984375 -484.1852111816406
-1046.610107421875 -486.1474914550781
-1046.7967529296875 -484.1492614746094
-1048.72021484375 -486.1479187011719
-1050.701171875 -484.151123046875
-1052.6993408203125 -486.14739990234375
-1054.6929931640625 -484.15594482421875
-1056.6915283203125 -486.15582275390625
-1058.282470703125 -484.2008056640625
-1060.0889892578125 -486.19635009765625
-1062.0712890625 -488.1941833496094
-1063.720947265625 -486.19708251953125
-1065.7176513671875 -488.1955261230469
-1067.5572509765625 -486.2156677246094
-1069.3682861328125 -484.2662048339844
-1071.287841796875 -486.2656555175781
-1073.1806640625 -484.30413818359375
-1075.1800537109375 -486.294921875
-1077.160888671875 -484.6302490234375
-1079.15234375 -486.6285705566406
-1081.1260986328125 -484.6614074707031
-1083.1094970703125 -486.65655517578125
-1081.156494140625 -484.7445983886719
-1083.150634765625 -486.6284484863281
-1081.3404541015625 -485.9130554199219
-1081.4599609375 -483.9407958984375
-1083.4530029296875 -485.8909606933594
-1081.8494873046875 -485.9440002441406
-1083.53515625 -484.9610900878906
-1082.96142578125 -484.67266845703125
-1081.2366943359375 -483.0721740722656
-1083.234130859375 -485.0317077636719
-1081.9488525390625 -486.5321044921875
-1080.1541748046875 -484.5779724121094
-1082.056884765625 -486.50811767578125
-1080.7269287109375 -485.0325622558594
-1082.7264404296875 -487.00225830078125
-1084.6566162109375 -486.7398986816406
-1085.4141845703125 -485.9751892089844
-1085.6092529296875 -484.1082763671875
-1085.8302001953125 -482.1322937011719
-1087.7626953125 -480.1610412597656
-1088.99560546875 -478.3096618652344
-1090.9344482421875 -479.9500427246094
-1092.92138671875 -477.9964294433594
-1094.8619384765625 -479.99053955078125
-1096.8038330078125 -478.0574035644531
-1098.788818359375 -480.0489807128906
-1100.52880859375 -478.54510498046875
-1102.5281982421875 -476.56121826171875
-1104.4964599609375 -478.2247009277344
-1106.4962158203125 -476.71533203125
-1108.140869140625 -478.5412902832031
-1109.3463134765625 -479.6694030761719
-1111.316162109375 -481.6598815917969
-1113.2745361328125 -479.67059326171875
-1112.9478759765625 -478.0249328613281
-1114.7508544921875 -480.02349853515625
-1116.7294921875 -478.28125
