-882.5689086914062 -485.4374084472656
-884.5324096679688 -487.4355773925781
-886.5228271484375 -485.4501647949219
-888.5223999023438 -487.4292907714844
-890.495849609375 -485.4449768066406
-892.4954833984375 -487.438232421875
-894.4915161132812 -485.44293212890625
-896.4888305664062 -487.43798828125
-898.42822265625 -485.48138427734375
-900.4185180664062 -487.4667053222656
-902.373046875 -485.4671325683594
-904.3712158203125 -487.466796875
-906.3667602539062 -485.4762878417969
-908.3665771484375 -487.47564697265625
-910.3565673828125 -485.5772399902344
-912.3432006835938 -487.57647705078125
-914.3414916992188 -485.71502685546875
-916.2354736328125 -487.7148742675781
-918.225341796875 -485.73895263671875
-920.2252807617188 -487.7381286621094
-921.2894897460938 -485.75384521484375
-923.2884521484375 -487.7508544921875
-925.2800903320312 -485.75408935546875
-927.2780151367188 -487.7532043457031
-929.2435302734375 -485.7712097167969
-931.2409057617188 -487.7694396972656
-933.15576171875 -486.39788818359375
-935.1487426757812 -484.41107177734375
-937.1454467773438 -486.0838928222656
-939.138671875 -484.36041259765625
-941.1321411132812 -485.8423156738281
-943.0970458984375 -487.80145263671875
-945.0811157226562 -486.00653076171875
-947.0798950195312 -484.818359375
-949.0785522460938 -486.7788391113281
-950.9889526367188 -487.95587158203125
-952.9495239257812 -489.9110412597656
-954.8958740234375 -491.9100646972656
-956.8640747070312 -493.9095458984375
-958.8397216796875 -491.9113464355469
-960.83642578125 -493.9102783203125
-960.031005859375 -491.9134826660156
-962.0270385742188 -489.9230651855469
-964.0117797851562 -491.9228515625
-965.9727783203125 -489.9945373535156
-967.9714965820312 -491.9944152832031
-969.956298828125 -490.0177917480469
-971.9554443359375 -492.0135192871094
-973.93017578125 -490.0912780761719
-975.929931640625 -488.5674743652344
-977.9155883789062 -490.5659484863281
-979.7832641601562 -488.7300720214844
-981.6994018554688 -490.7288818359375
-983.6983032226562 -489.3443298339844
-985.6978759765625 -491.3427429199219
-987.6647338867188 -489.35931396484375
-989.6644287109375 -491.3577880859375
-991.66357421875 -489.5790710449219
-993.6630249023438 -487.5875244140625
-995.66162109375 -489.5870666503906
-997.661376953125 -487.588134765625
-999.6610107421875 -489.58648681640625
-1001.66064453125 -488.0029296875
-1003.6434326171875 -490.0025634765625
-1005.643310546875 -488.24951171875
-1007.6428833007812 -490.2494812011719
-1009.6340942382812 -488.29351806640625
-1011.6318969726562 -486.4781494140625
-1013.6255493164062 -484.4858093261719
-1015.6228637695312 -486.48516845703125
-1017.6198120117188 -484.5294494628906
-1019.5682373046875 -486.5290832519531
-1021.5677490234375 -485.7728271484375
-1023.5676879882812 -483.8235168457031
-1025.5675048828125 -485.811767578125
-1027.5660400390625 -483.8868713378906
-1029.5655517578125 -485.8868408203125
-1031.5528564453125 -483.9062805175781
-1033.5450439453125 -485.9002685546875
-1035.537353515625 -483.9108581542969
-1037.5167236328125 -485.9079284667969
-1039.512451171875 -483.916015625
-1041.5118408203125 -485.9159851074219
-1043.5115966796875 -483.91796875
-1045.5076904296875 -485.9136657714844
-1047.50732421875 -483.9444580078125
-1049.5045166015625 -485.94415283203125
-1051.450927734375 -484.05010986328125
-1053.4501953125 -486.04998779296875
-1055.4493408203125 -484.1270446777344
-1057.4344482421875 -486.12677001953125
-1059.4339599609375 -484.1274108886719
-1061.4327392578125 -486.12689208984375
-1063.42431640625 -488.12481689453125
-1065.390380859375 -486.82952880859375
-1067.387939453125 -484.8301086425781
-1069.3878173828125 -486.8299560546875
-1071.387451171875 -484.88494873046875
-1073.385009765625 -486.881591796875
-1075.385009765625 -484.92333984375
-1077.3756103515625 -486.9230041503906
-1079.375 -484.9992980957031
-1081.374755859375 -486.9984436035156
-1083.2459716796875 -485.3696594238281
-1084.522216796875 -483.6192932128906
-1086.465576171875 -482.75030517578125
-1088.420166015625 -480.8131103515625
-1090.41357421875 -478.8688049316406
-1092.413330078125 -480.8651123046875
-1094.3968505859375 -478.8999328613281
-1096.3961181640625 -477.18798828125
-1098.3946533203125 -479.1874084472656
-1100.39453125 -477.5004577636719
-1102.39453125 -479.5
-1104.390380859375 -477.6009826660156
-1106.39013671875 -479.595458984375
-1108.39013671875 -479.7658386230469
-1110.3887939453125 -481.7647399902344
-1112.387939453125 -479.9571228027344
-1114.385498046875 -478.12158203125
