-837.3787231445312 -177.0441436767578
-839.3726806640625 -176.67501831054688
-841.3646850585938 -178.61302185058594
-843.3622436523438 -180.5162811279297
-845.3101196289062 -178.5187225341797
-847.3085327148438 -180.483642578125
-849.2532348632812 -178.50665283203125
-851.2529296875 -180.24461364746094
-853.25146484375 -178.2481689453125
-855.2513427734375 -180.2235870361328
-857.2125244140625 -178.22752380371094
-859.2122802734375 -179.9207763671875
-861.2107543945312 -181.2097930908203
-862.9844360351562 -179.21170043945312
-864.9833374023438 -181.0775146484375
-866.9375 -179.08026123046875
-868.93701171875 -177.08128356933594
-870.9366455078125 -178.90377807617188
-872.9188842773438 -176.91049194335938
-874.898681640625 -178.58328247070312
-876.8778076171875 -176.58349609375
-878.8697509765625 -178.11622619628906
-879.9088745117188 -178.9939422607422
-881.8930053710938 -176.9942626953125
-883.040771484375 -178.07337951660156
-885.03759765625 -177.7127227783203
-886.8221435546875 -179.1294403076172
-888.819580078125 -179.7425079345703
-890.8101196289062 -181.67481994628906
-892.8070678710938 -183.604736328125
-894.6610107421875 -181.6942596435547
-896.6488037109375 -179.75363159179688
-898.5836791992188 -181.33067321777344
-900.5698852539062 -183.2735595703125
-902.5686645507812 -181.29286193847656
-904.5630493164062 -182.34312438964844
-906.5479125976562 -180.35536193847656
-908.5465698242188 -181.515869140625
-910.546142578125 -183.4700469970703
-912.5430297851562 -181.47637939453125
-914.3937377929688 -183.47067260742188
-916.0213623046875 -181.480224609375
-917.9929809570312 -182.3848114013672
-919.98876953125 -180.38510131835938
-921.9739990234375 -182.1367645263672
-923.9042358398438 -180.1399688720703
-925.9039916992188 -179.5271453857422
-927.8982543945312 -180.6205596923828
-929.8970947265625 -178.74021911621094
-931.8919677734375 -177.35414123535156
-933.8910522460938 -175.3682861328125
-935.8900146484375 -173.40020751953125
-937.889404296875 -171.42996215820312
-939.889404296875 -169.4547882080078
-941.888916015625 -167.46115112304688
-943.8888549804688 -165.46218872070312
-945.8887939453125 -163.46458435058594
-947.8887939453125 -161.46487426757812
-945.9534301757812 -159.4661102294922
-947.953369140625 -157.4662628173828
-945.9617309570312 -155.474853515625
-947.961669921875 -153.47528076171875
-946.0335083007812 -151.53807067871094
-948.0274658203125 -149.53811645507812
-946.1107788085938 -147.538818359375
-948.1106567382812 -145.5395050048828
-946.1426391601562 -143.53965759277344
-948.1423950195312 -141.54014587402344
-946.41064453125 -139.54515075683594
-948.4014282226562 -137.545166015625
-946.42529296875 -135.55636596679688
-944.4351196289062 -133.5565643310547
-946.434814453125 -131.55673217773438
-945.0579833984375 -129.59518432617188
-947.0578002929688 -127.59892272949219
-945.5367431640625 -125.60316467285156
-947.5364990234375 -123.6043701171875
-946.6314086914062 -121.60574340820312
-945.0250244140625 -119.60621643066406
-947.0245971679688 -117.60647583007812
-945.374755859375 -115.61885833740234
-947.3744506835938 -113.61901092529297
-945.3853149414062 -111.62010955810547
-947.3834228515625 -109.62169647216797
-945.5919799804688 -107.63046264648438
-947.5911865234375 -105.63284301757812
-945.6017456054688 -103.63328552246094
-947.5995483398438 -101.65309143066406
-945.7452392578125 -99.65310668945312
-947.7382202148438 -97.65421295166016
-946.970703125 -95.66180419921875
-945.0838012695312 -93.66405487060547
-947.0834350585938 -91.67786407470703
-945.0941162109375 -89.6791000366211
-947.0929565429688 -87.67981719970703
-945.9110717773438 -85.68083190917969
-947.9093627929688 -83.68103790283203
-946.4078369140625 -81.69041442871094
-948.40087890625 -79.69229888916016
-946.6392211914062 -77.69355773925781
-948.6390380859375 -75.69486236572266
-947.1389770507812 -73.72509765625
-949.130126953125 -71.72539520263672
-951.1215209960938 -69.72563934326172
-953.09765625 -67.73731231689453
-955.0870971679688 -65.74332427978516
-957.0179443359375 -63.744510650634766
-958.8524169921875 -61.85659408569336
-960.622314453125 -59.87443542480469
-962.2075805664062 -58.51009750366211
-963.8333129882812 -56.706024169921875
-964.1565551757812 -58.48440170288086
-965.7335205078125 -57.00794219970703
-967.6761474609375 -58.83124923706055
-966.5339965820312 -56.83125305175781
-968.2647705078125 -55.35848617553711
-970.2627563476562 -53.429443359375
-972.2534790039062 -51.933319091796875
-974.2518310546875 -50.0248908996582
-976.201416015625 -48.03925323486328
-978.1710205078125 -46.04035568237305
-976.2295532226562 -44.20761489868164
-978.2215576171875 -42.21508026123047
-976.22509765625 -40.23125457763672
-978.2225952148438 -38.237037658691406
