-837.3787231445312 -176.6136474609375
-838.3817138671875 -178.5810089111328
-840.3199462890625 -180.28114318847656
-842.3195190429688 -178.28135681152344
-844.3069458007812 -180.26914978027344
-846.3067016601562 -178.26919555664062
-848.2665405273438 -180.18377685546875
-850.2659301757812 -178.18399047851562
-851.6847534179688 -180.14222717285156
-853.6847534179688 -178.1632080078125
-855.3970947265625 -180.134033203125
-857.3965454101562 -178.13551330566406
-859.391845703125 -180.1338348388672
-861.3917846679688 -178.13449096679688
-863.3900146484375 -180.13006591796875
-865.3897705078125 -178.13172912597656
-867.349853515625 -180.08441162109375
-869.349853515625 -178.08480834960938
-871.3463745117188 -179.4793701171875
-873.3463134765625 -177.47940063476562
-875.3447265625 -179.3813934326172
-877.3446044921875 -177.38494873046875
-879.341796875 -179.165771484375
-881.341552734375 -177.1733856201172
-883.2694702148438 -179.05409240722656
-885.2230224609375 -180.92236328125
-887.2169799804688 -178.94647216796875
-889.0760498046875 -180.69520568847656
-891.043701171875 -182.68362426757812
-893.043701171875 -180.74195861816406
-894.1199340820312 -182.43682861328125
-896.0939331054688 -180.43746948242188
-897.4613647460938 -182.37818908691406
-899.45654296875 -180.54359436035156
-901.3829956054688 -181.56948852539062
-903.299072265625 -180.09535217285156
-905.2407836914062 -181.22207641601562
-906.6654663085938 -182.5059051513672
-908.6647338867188 -180.50599670410156
-910.0062255859375 -182.3373260498047
-911.9967041015625 -180.34628295898438
-913.576416015625 -182.19369506835938
-915.5615844726562 -180.2310791015625
-917.3825073242188 -181.9208526611328
-919.353515625 -179.92294311523438
-921.2401123046875 -180.32948303222656
-923.1937255859375 -180.5285186767578
-925.1832275390625 -178.945068359375
-927.18212890625 -177.45806884765625
-929.1817016601562 -175.5335693359375
-931.1815795898438 -173.58555603027344
-933.1815185546875 -171.63607788085938
-935.1815185546875 -169.7782745361328
-937.1815185546875 -167.81893920898438
-939.1815185546875 -165.9151153564453
-941.1815185546875 -163.9309539794922
-943.1815185546875 -161.95159912109375
-945.1815185546875 -159.9561309814453
-947.1815185546875 -157.957275390625
-945.3532104492188 -155.9722900390625
-947.3532104492188 -153.9766082763672
-945.75341796875 -152.06617736816406
-947.75341796875 -150.06759643554688
-948.5100708007812 -148.09005737304688
-949.4959106445312 -146.12388610839844
-949.2841796875 -144.15098571777344
-948.8582153320312 -142.15184020996094
-950.6422119140625 -140.30836486816406
-949.60693359375 -138.31002807617188
-950.5641479492188 -136.34097290039062
-952.2905883789062 -134.34255981445312
-951.8663940429688 -132.39459228515625
-952.3452758789062 -130.3956298828125
-952.5150756835938 -128.44065856933594
-953.8003540039062 -126.45844268798828
-955.4734497070312 -124.4970474243164
-954.4971923828125 -122.72026062011719
-952.9462280273438 -121.0460205078125
-952.0526123046875 -119.07099914550781
-950.8128662109375 -118.12141418457031
-950.957763671875 -118.0518798828125
-949.9163208007812 -116.10882568359375
-951.5906982421875 -114.13038635253906
-952.5364990234375 -112.18875885009766
-953.4247436523438 -110.21113586425781
-955.115234375 -108.21514129638672
-956.9963989257812 -106.21589660644531
-958.99560546875 -104.23094940185547
-960.9676513671875 -102.2315444946289
-959.8011474609375 -100.51286315917969
-958.5493774414062 -98.535400390625
-959.0850830078125 -97.0018310546875
-958.4851684570312 -95.15432739257812
-959.1575317382812 -93.17105102539062
-959.2427368164062 -92.1192855834961
-961.1439819335938 -90.30640411376953
-963.0045166015625 -88.33722686767578
-961.268798828125 -86.85662841796875
-962.5313110351562 -84.9911117553711
-963.92822265625 -83.04937744140625
-965.5892944335938 -81.05522155761719
-964.5994262695312 -79.10649871826172
-962.8140869140625 -77.15656280517578
-961.536865234375 -76.60557556152344
-963.3881225585938 -74.72136688232422
-963.5023803710938 -72.74857330322266
-965.3220825195312 -70.76536560058594
-964.9054565429688 -68.88229370117188
-966.4558715820312 -66.942138671875
-967.7870483398438 -64.97579956054688
-969.7510375976562 -63.00902557373047
-971.7507934570312 -61.009056091308594
-973.7506713867188 -59.010066986083984
-975.7506713867188 -57.01078796386719
-977.7506713867188 -55.011138916015625
-979.7506713867188 -53.02973175048828
-981.69970703125 -51.33740234375
-981.4012451171875 -49.355777740478516
-982.3229370117188 -47.483402252197266
-983.783935546875 -46.21138381958008
-985.4201049804688 -44.40444564819336
