-837.3787841796875 -177.12216186523438
-839.3760375976562 -178.99227905273438
-841.3745727539062 -180.9805908203125
-843.3189697265625 -178.98062133789062
-845.3118286132812 -180.97918701171875
-847.3115234375 -178.9844207763672
-849.307373046875 -180.9842071533203
-851.303955078125 -178.98475646972656
-853.2928466796875 -180.9810028076172
-855.2897338867188 -178.981689453125
-857.2882690429688 -180.9810791015625
-859.287109375 -178.98757934570312
-861.2849731445312 -180.97923278808594
-863.26513671875 -178.97926330566406
-865.2352905273438 -180.9771728515625
-867.2279663085938 -178.97872924804688
-869.2274169921875 -176.9838104248047
-871.1707763671875 -178.94229125976562
-873.1519165039062 -176.95474243164062
-875.1492919921875 -178.77999877929688
-877.1356811523438 -176.7895965576172
-879.1328735351562 -177.62167358398438
-881.0158081054688 -179.50106811523438
-883.0079956054688 -177.51605224609375
-884.936279296875 -179.5090789794922
-886.9135131835938 -181.4923553466797
-888.9031372070312 -179.51287841796875
-890.8887329101562 -181.509765625
-892.8543090820312 -183.50390625
-891.9356689453125 -181.50457763671875
-893.9107666015625 -183.49607849121094
-895.4744873046875 -181.51210021972656
-897.3189697265625 -183.5021209716797
-898.4896240234375 -181.60595703125
-900.1829223632812 -183.5445098876953
-902.1328125 -181.5591583251953
-904.1099853515625 -183.53094482421875
-906.0740966796875 -181.9038543701172
-908.0606079101562 -179.90447998046875
-909.916748046875 -180.87416076660156
-911.842529296875 -182.2001190185547
-913.5827026367188 -180.200927734375
-915.3680419921875 -182.01052856445312
-917.3370971679688 -180.1278839111328
-919.0519409179688 -181.97630310058594
-921.02734375 -179.97772216796875
-922.9688720703125 -181.5794677734375
-924.3455200195312 -183.56253051757812
-926.3446044921875 -181.6905517578125
-928.3297729492188 -179.71482849121094
-930.3045043945312 -179.66281127929688
-932.2889404296875 -177.9528045654297
-934.2886352539062 -176.0232391357422
-936.28662109375 -174.14723205566406
-938.28662109375 -172.1669464111328
-940.28662109375 -170.1865692138672
-942.2864990234375 -168.19076538085938
-944.2864990234375 -166.1922149658203
-946.2863159179688 -164.20716857910156
-948.2863159179688 -162.208251953125
-949.8756103515625 -160.21783447265625
-948.5958251953125 -158.22059631347656
-950.3786010742188 -156.22201538085938
-952.3060302734375 -154.2232666015625
-953.4743041992188 -152.2327423095703
-952.6962280273438 -150.25921630859375
-951.3909912109375 -148.27194213867188
-952.2515869140625 -146.31399536132812
-953.4181518554688 -144.3186798095703
-953.3642578125 -142.3196258544922
-953.9720458984375 -140.7493896484375
-955.4268798828125 -138.75331115722656
-953.6672973632812 -136.9172821044922
-951.7420654296875 -134.9243621826172
-950.4876708984375 -132.9251251220703
-951.2235107421875 -130.95211791992188
-951.7466430664062 -128.95228576660156
-950.7826538085938 -127.06902313232422
-952.6284790039062 -125.07958221435547
-952.095703125 -123.57707977294922
-953.6636962890625 -121.65872955322266
-954.00048828125 -121.35750579833984
-954.7788696289062 -119.41614532470703
-954.884521484375 -117.44140625
-954.5870971679688 -115.95143127441406
-953.9884033203125 -114.02383422851562
-954.38916015625 -112.02420043945312
-952.4867553710938 -110.13169860839844
-953.9105224609375 -108.13416290283203
-955.8693237304688 -106.13529205322266
-957.1199951171875 -104.13838958740234
-956.1262817382812 -102.14584350585938
-957.6768188476562 -100.17076110839844
-955.9923095703125 -98.18403625488281
-954.9444580078125 -96.38414001464844
-956.6929321289062 -94.42354583740234
-956.119384765625 -92.59661865234375
-955.9268798828125 -90.59896087646484
-956.7399291992188 -88.876708984375
-957.0144653320312 -86.93778991699219
-957.35498046875 -85.1015625
-958.2064208984375 -83.1122055053711
-957.8665771484375 -82.0541763305664
-959.53759765625 -80.46829986572266
-959.3507690429688 -78.57308197021484
-959.4112548828125 -76.7691650390625
-961.3683471679688 -74.98893737792969
-963.0740966796875 -74.04609680175781
-963.0927734375 -72.2993392944336
-964.51513671875 -70.74440002441406
-964.2443237304688 -68.93161010742188
-965.5662841796875 -66.96931457519531
-965.0678100585938 -64.98783111572266
-966.7473754882812 -62.9984016418457
-968.736328125 -61.00067901611328
-970.7322387695312 -59.02199172973633
-972.7312622070312 -57.04457473754883
-974.7312622070312 -55.05930709838867
-976.731201171875 -53.12211990356445
-978.731201171875 -52.168521881103516
-979.6361083984375 -51.815773010253906
-981.1090698242188 -50.538124084472656
-982.0231323242188 -50.026123046875
-983.6304321289062 -49.36634063720703
-981.9569702148438 -48.59408187866211
-982.9849853515625 -47.92812728881836
-982.721923828125 -46.04104995727539
-983.3609008789062 -44.48582458496094
