-837.3788452148438 -176.62342834472656
-839.3705444335938 -175.1194610595703
-841.34814453125 -176.29588317871094
-843.3403930664062 -178.2673797607422
-845.2559204101562 -179.9305419921875
-847.2556762695312 -181.78201293945312
-849.2556762695312 -179.7886199951172
-851.2532958984375 -181.67376708984375
-853.2530517578125 -179.7055206298828
-855.249755859375 -181.64370727539062
-857.249755859375 -179.65142822265625
-859.2435913085938 -181.04977416992188
-861.2433471679688 -179.06036376953125
-863.2398681640625 -180.52488708496094
-865.2398681640625 -178.5354766845703
-867.2386474609375 -180.20849609375
-869.2386474609375 -178.21023559570312
-871.235595703125 -179.5684356689453
-873.235595703125 -177.91851806640625
-875.2330322265625 -179.89947509765625
-877.2330322265625 -177.9066619873047
-879.2325439453125 -179.56707763671875
-881.2324829101562 -177.58729553222656
-882.8958129882812 -179.42286682128906
-884.835205078125 -181.19979858398438
-886.8350219726562 -179.29815673828125
-888.8284301757812 -180.66653442382812
-890.8244018554688 -182.4690704345703
-892.8244018554688 -180.48117065429688
-894.8239135742188 -182.12515258789062
-896.75634765625 -180.13661193847656
-898.68994140625 -182.12098693847656
-900.6888427734375 -180.14938354492188
-902.682861328125 -181.92698669433594
-904.682861328125 -179.95379638671875
-906.6796875 -181.66366577148438
-908.656982421875 -183.20458984375
-910.655517578125 -181.38125610351562
-912.6543579101562 -182.80084228515625
-914.6535034179688 -180.85186767578125
-916.6463623046875 -182.0965118408203
-918.645263671875 -180.1935272216797
-920.6432495117188 -180.93453979492188
-922.6076049804688 -182.7442169189453
-924.6076049804688 -180.89019775390625
-926.6074829101562 -180.7662811279297
-928.6074829101562 -180.5245361328125
-930.6074829101562 -179.05413818359375
-932.6074829101562 -178.5792999267578
-934.6074829101562 -177.18081665039062
-936.6074829101562 -175.24734497070312
-938.6074829101562 -173.24781799316406
-940.6074829101562 -171.24899291992188
-942.6074829101562 -169.25848388671875
-944.6074829101562 -167.2587127685547
-946.6074829101562 -165.27078247070312
-947.8966674804688 -163.27085876464844
-949.6254272460938 -161.27410888671875
-948.0515747070312 -159.2812957763672
-949.0106201171875 -157.2836456298828
-949.2022094726562 -155.28378295898438
-949.9306640625 -153.2859344482422
-951.9110107421875 -151.28773498535156
-952.520751953125 -149.28778076171875
-954.2976684570312 -147.2888946533203
-954.8617553710938 -145.29232788085938
-954.9019165039062 -143.29345703125
-955.3998413085938 -141.29537963867188
-955.5012817382812 -139.2976837158203
-956.3920288085938 -137.29771423339844
-955.2162475585938 -135.2982940673828
-956.2836303710938 -133.299560546875
-956.5942993164062 -131.29965209960938
-955.0214233398438 -129.30104064941406
-956.755859375 -127.30320739746094
-957.6155395507812 -125.30399322509766
-959.5911254882812 -123.31404113769531
-958.1751098632812 -121.41180419921875
-959.82470703125 -119.4498519897461
-960.7306518554688 -117.45478820800781
-958.7730102539062 -115.50548553466797
-958.665771484375 -113.52220153808594
-957.1663818359375 -111.52247619628906
-955.2542114257812 -109.53917694091797
-955.4182739257812 -107.541015625
-957.4172973632812 -105.548583984375
-959.4164428710938 -103.56070709228516
-961.4154663085938 -101.67919158935547
-959.5401611328125 -100.49799346923828
-958.1613159179688 -98.53545379638672
-959.2763671875 -96.53654479980469
-958.5360107421875 -94.53799438476562
-957.4697265625 -92.5483169555664
-956.0830688476562 -90.5498046875
-957.9972534179688 -88.65277862548828
-959.7968139648438 -86.75432586669922
-961.2548828125 -84.76082611083984
-959.9362182617188 -82.963623046875
-959.138671875 -80.96842193603516
-958.3319702148438 -78.97001647949219
-959.3187866210938 -76.9789047241211
-961.139404296875 -74.99883270263672
-961.2267456054688 -73.00720977783203
-961.2648315429688 -71.01654052734375
-960.3553466796875 -69.0593490600586
-959.9544067382812 -67.06038665771484
-961.3842163085938 -65.06867218017578
-963.3828735351562 -63.0811882019043
-965.3827514648438 -61.10783386230469
-967.3827514648438 -59.11048126220703
-969.3827514648438 -57.114097595214844
-971.380859375 -58.27696228027344
-973.380859375 -56.277156829833984
-975.380859375 -54.327945709228516
-977.380859375 -52.3442497253418
-979.380859375 -50.447452545166016
-977.900146484375 -48.54094696044922
-978.3582153320312 -46.576290130615234
-980.0321044921875 -44.83118438720703
-980.7241821289062 -42.909217834472656
-982.7167358398438 -41.10039138793945
