-837.37744140625 -176.64198303222656
-836.6653442382812 -178.45925903320312
-838.6236572265625 -180.45651245117188
-840.6206665039062 -178.5325927734375
-842.414794921875 -180.51853942871094
-844.3499145507812 -178.52157592773438
-846.1968994140625 -180.49232482910156
-848.1917724609375 -178.4999237060547
-850.1759643554688 -180.46530151367188
-852.1747436523438 -178.46749877929688
-853.361572265625 -180.0526580810547
-855.3560180664062 -178.59788513183594
-857.2798461914062 -180.54150390625
-859.2734375 -178.56788635253906
-861.1657104492188 -180.47215270996094
-863.1434326171875 -178.49806213378906
-864.8613891601562 -180.37326049804688
-866.85986328125 -178.37332153320312
-868.855712890625 -179.94570922851562
-870.8355712890625 -177.9574737548828
-872.6183471679688 -179.85897827148438
-874.6124877929688 -177.89378356933594
-876.1488037109375 -179.82827758789062
-878.1485595703125 -177.83160400390625
-880.0022583007812 -179.25099182128906
-881.9895629882812 -177.25584411621094
-880.7900390625 -178.5017547607422
-882.4014892578125 -180.25027465820312
-884.3886108398438 -178.33602905273438
-885.7341918945312 -178.70443725585938
-887.597900390625 -180.44540405273438
-888.697265625 -182.4053955078125
-890.696533203125 -180.63308715820312
-891.2413330078125 -182.4911651611328
-891.7702026367188 -180.61480712890625
-891.5343627929688 -182.5948944091797
-892.4176635742188 -180.6119384765625
-894.1768798828125 -182.5739288330078
-892.6295166015625 -180.63014221191406
-894.1398315429688 -182.59666442871094
-896.0399780273438 -180.73081970214844
-895.0247192382812 -182.65672302246094
-897.0184936523438 -180.73316955566406
-895.7103881835938 -181.60218811035156
-897.57666015625 -179.98777770996094
-897.0467529296875 -180.32192993164062
-897.4014282226562 -181.96807861328125
-899.3766479492188 -179.9800262451172
-900.9208984375 -181.89724731445312
-902.9111328125 -179.9761505126953
-904.8914184570312 -181.64788818359375
-906.7173461914062 -183.53208923339844
-908.6903076171875 -181.5920867919922
-910.6572265625 -183.3153839111328
-912.651123046875 -181.9127655029297
-914.6337280273438 -179.99786376953125
-916.53173828125 -181.7074432373047
-918.44921875 -183.28561401367188
-920.4428100585938 -181.30987548828125
-921.0090942382812 -179.68370056152344
-923.0048217773438 -180.87457275390625
-924.9940795898438 -179.98191833496094
-926.992431640625 -178.2217254638672
-928.9917602539062 -176.2236785888672
-930.9906616210938 -174.22726440429688
-932.9905395507812 -172.2303466796875
-934.989990234375 -170.25253295898438
-936.9898681640625 -168.25526428222656
-938.9896850585938 -166.25881958007812
-940.9896850585938 -164.25881958007812
-942.9894409179688 -162.2588348388672
-944.9893188476562 -160.2588348388672
-946.9890747070312 -158.2588348388672
-946.027587890625 -156.25985717773438
-948.027587890625 -154.25985717773438
-946.0543212890625 -152.26625061035156
-948.05419921875 -150.26625061035156
-946.5582885742188 -148.2970428466797
-945.510498046875 -146.2999267578125
-947.5104370117188 -144.2999267578125
-946.7886352539062 -142.30223083496094
-945.2760620117188 -140.34841918945312
-947.2760620117188 -138.34841918945312
-946.1018676757812 -136.3725128173828
-948.1018676757812 -134.3725128173828
-947.0616455078125 -132.3778533935547
-946.6121826171875 -130.38157653808594
-944.76953125 -128.40673828125
-946.7694702148438 -126.40673828125
-945.3209228515625 -124.41546630859375
-947.32080078125 -122.41546630859375
-946.768798828125 -120.4215316772461
-944.7997436523438 -118.43631744384766
-946.7996826171875 -116.43631744384766
-945.7877197265625 -115.07518768310547
-944.5217895507812 -113.08316040039062
-946.5216064453125 -111.08316040039062
-947.3614501953125 -109.08838653564453
-946.2220458984375 -107.0947494506836
-945.7263793945312 -105.09510803222656
-945.4502563476562 -103.09559631347656
-947.4502563476562 -101.09561157226562
-947.4705810546875 -99.19975280761719
-945.9835815429688 -97.24180603027344
-947.9833984375 -95.24181365966797
-946.88818359375 -93.24534606933594
-945.2741088867188 -91.25115966796875
-947.2741088867188 -89.25115966796875
-945.3505249023438 -87.32131958007812
-947.3505249023438 -85.32131958007812
-947.610107421875 -83.3260726928711
-946.6640625 -81.3307876586914
-948.6640625 -79.3307876586914
-947.1685180664062 -77.34296417236328
-946.0308227539062 -75.34358215332031
-948.0294189453125 -73.47725677490234
-949.9986572265625 -71.62773895263672
-951.847900390625 -69.63219451904297
-953.772705078125 -67.67269897460938
-955.4000854492188 -65.73194122314453
-956.717041015625 -65.39496612548828
-958.6434326171875 -63.40085220336914
-960.3643188476562 -62.363990783691406
-962.2744140625 -61.765865325927734
-964.2330322265625 -59.96931838989258
-966.1383056640625 -58.066585540771484
-968.1276245117188 -56.1439323425293
-970.1275634765625 -54.15437698364258
-972.126953125 -52.18290328979492
-974.1264038085938 -50.182952880859375
-976.1264038085938 -48.18295669555664
-978.1263427734375 -46.182987213134766
-978.7711181640625 -44.18830871582031
-977.3173217773438 -42.27239990234375
-975.4871215820312 -40.41681671142578
-977.4871215820312 -38.41682815551758
