-837.3787231445312 -179.78289794921875
-839.377685546875 -181.77496337890625
-841.3723754882812 -179.776123046875
-843.3723754882812 -181.7755126953125
-845.371826171875 -179.7831573486328
-847.3716430664062 -181.77264404296875
-849.3125 -179.7742156982422
-851.3115844726562 -181.77308654785156
-853.3092041015625 -179.79388427734375
-855.3091430664062 -181.79298400878906
-857.3043212890625 -179.7998504638672
-859.3035278320312 -181.79931640625
-861.30078125 -179.8158721923828
-863.3007202148438 -181.81539916992188
-865.263671875 -179.82308959960938
-867.2625122070312 -177.86279296875
-869.2601928710938 -179.86016845703125
-871.259033203125 -177.9220733642578
-873.2583618164062 -179.92152404785156
-875.2581176757812 -178.02001953125
-877.258056640625 -180.01158142089844
-879.1986083984375 -178.04930114746094
-879.3630981445312 -179.76356506347656
-881.3574829101562 -177.77066040039062
-882.4420166015625 -179.65011596679688
-884.34033203125 -181.6461639404297
-886.3399658203125 -179.6488037109375
-888.3189086914062 -181.6335906982422
-890.31396484375 -183.61317443847656
-892.3042602539062 -181.63975524902344
-894.2996826171875 -183.52870178222656
-895.6806030273438 -183.70724487304688
-896.2857666015625 -182.41720581054688
-898.0589599609375 -180.4589080810547
-897.1861572265625 -182.45565795898438
-899.1724853515625 -180.500244140625
-901.0137939453125 -182.48753356933594
-903.0125122070312 -180.48831176757812
-903.728271484375 -182.48306274414062
-905.6812744140625 -180.57713317871094
-907.2742919921875 -182.5546417236328
-909.1671142578125 -180.5688018798828
-910.7702026367188 -182.5679473876953
-912.6221313476562 -180.62472534179688
-914.3045654296875 -182.6144256591797
-916.2924194335938 -180.9579620361328
-917.827392578125 -182.85031127929688
-919.8223876953125 -180.87213134765625
-919.9119262695312 -182.86024475097656
-921.890869140625 -180.86402893066406
-923.7584838867188 -182.858642578125
-925.7548828125 -180.921875
-927.7540893554688 -181.33924865722656
-929.7539672851562 -183.02528381347656
-931.7532348632812 -181.092041015625
-933.7520751953125 -179.520263671875
-935.7520141601562 -178.148681640625
-937.7513427734375 -176.5499725341797
-939.7504272460938 -177.574462890625
-941.7500610351562 -176.15203857421875
-943.7500610351562 -174.251953125
-945.7479858398438 -172.27670288085938
-947.7479248046875 -170.2845458984375
-946.0902099609375 -168.29551696777344
-948.0902099609375 -166.33563232421875
-946.9058227539062 -164.33590698242188
-945.4110107421875 -162.33688354492188
-947.40869140625 -160.378173828125
-946.3690795898438 -158.38455200195312
-948.3690185546875 -156.42904663085938
-949.0560913085938 -154.42906188964844
-948.5265502929688 -152.42916870117188
-946.5565185546875 -150.43173217773438
-944.9722290039062 -148.44085693359375
-946.9722290039062 -147.0795135498047
-945.285888671875 -145.07958984375
-947.2857666015625 -143.1846160888672
-945.7866821289062 -141.18603515625
-947.78662109375 -139.20420837402344
-945.9414672851562 -137.21112060546875
-947.9414672851562 -135.23497009277344
-945.9721069335938 -133.2352294921875
-947.9714965820312 -131.28648376464844
-946.2386474609375 -129.2874298095703
-948.238525390625 -127.67868041992188
-948.8640747070312 -125.67879486083984
-946.930419921875 -123.68402099609375
-945.893310546875 -121.69194030761719
-944.3033447265625 -119.69351959228516
-946.30322265625 -119.47948455810547
-946.1658325195312 -117.47962188720703
-945.6897583007812 -115.47965240478516
-947.6895751953125 -113.9071044921875
-946.2774658203125 -111.91390991210938
-946.4735107421875 -109.91509246826172
-947.4082641601562 -107.91541290283203
-948.8260498046875 -105.91561889648438
-949.5521850585938 -103.91619110107422
-951.5480346679688 -101.91624450683594
-949.7200317382812 -99.9165267944336
-949.1700439453125 -97.91656494140625
-948.9028930664062 -95.91704559326172
-948.8435668945312 -93.91724395751953
-950.26708984375 -91.91767120361328
-950.86767578125 -89.9190902709961
-951.737548828125 -87.92080688476562
-950.0713500976562 -85.9229507446289
-949.7891235351562 -83.92304229736328
-950.3932495117188 -81.9235610961914
-948.9381713867188 -79.92366027832031
-949.4124145507812 -77.923828125
-947.5824584960938 -75.92493438720703
-948.1055908203125 -73.92501068115234
-950.1055908203125 -73.54855346679688
-952.0185546875 -71.54862213134766
-950.7052612304688 -69.55061340332031
-952.7052612304688 -71.51349639892578
-951.254638671875 -69.51364135742188
-953.254638671875 -71.21915435791016
-951.7020263671875 -69.22824096679688
-953.701904296875 -70.79342651367188
-954.8516845703125 -68.79508972167969
-956.0963134765625 -66.79547119140625
-958.0963134765625 -68.75677490234375
-957.846435546875 -66.75944519042969
-956.041015625 -64.7601547241211
-958.041015625 -66.64588928222656
-959.9456176757812 -64.64653778076172
-961.9343872070312 -62.64656448364258
-963.934326171875 -64.45477294921875
-965.92919921875 -62.45530319213867
-967.9282836914062 -60.45559310913086
-969.9276123046875 -58.455692291259766
-971.9276123046875 -56.455718994140625
-973.9276123046875 -54.45574951171875
-975.9276123046875 -52.45724105834961
-977.9275512695312 -54.209774017333984
-979.9275512695312 -52.20979690551758
-979.22216796875 -50.2129020690918
-980.5741577148438 -48.21628952026367
-982.3195190429688 -46.21774673461914
-981.0957641601562 -44.218711853027344
-979.5084838867188 -42.219383239746094
-981.3384399414062 -40.21977615356445
