-837.3788452148438 -176.61795043945312
-838.5430908203125 -178.6083526611328
-840.5430297851562 -180.60784912109375
-842.5409545898438 -178.69903564453125
-844.5326538085938 -180.64598083496094
-846.5321044921875 -178.6850128173828
-848.5320434570312 -180.65782165527344
-850.531982421875 -178.68614196777344
-852.531982421875 -180.6619873046875
-854.5318603515625 -178.67446899414062
-856.5294799804688 -180.6183624267578
-858.5294799804688 -178.71238708496094
-860.5216674804688 -180.69662475585938
-862.5216064453125 -178.72409057617188
-864.5216064453125 -180.70281982421875
-866.4938354492188 -178.71934509277344
-868.4938354492188 -180.6980438232422
-870.4888916015625 -179.0875244140625
-872.4887084960938 -177.0962371826172
-874.4686889648438 -178.84521484375
-876.466552734375 -176.8476104736328
-878.466552734375 -178.75050354003906
-880.4660034179688 -176.75778198242188
-882.2734985351562 -178.6359405517578
-880.5657348632812 -180.61007690429688
-882.5648803710938 -179.2737274169922
-883.7411499023438 -180.8034210205078
-885.7411499023438 -178.9934844970703
-887.66748046875 -180.9923858642578
-889.5922241210938 -182.0277557373047
-891.5870361328125 -183.9566192626953
-889.791015625 -182.1107177734375
-891.791015625 -180.14407348632812
-893.7677612304688 -182.09140014648438
-895.3795776367188 -180.2291717529297
-895.2875366210938 -181.74627685546875
-896.2240600585938 -179.75279235839844
-896.1341552734375 -178.88970947265625
-895.0105590820312 -180.8402862548828
-894.081787109375 -182.81593322753906
-893.4970703125 -181.01881408691406
-894.9602661132812 -182.55853271484375
-896.4088134765625 -181.24008178710938
-897.5631713867188 -182.98486328125
-899.23681640625 -181.07406616210938
-901.0827026367188 -182.8475799560547
-903.0797119140625 -181.6045684814453
-904.97021484375 -181.7518310546875
-906.9697875976562 -180.57054138183594
-908.9406127929688 -182.43446350097656
-910.938232421875 -180.43685913085938
-911.264892578125 -182.42579650878906
-913.2379150390625 -180.73146057128906
-915.2350463867188 -182.1191864013672
-917.2316284179688 -180.1405029296875
-919.1922607421875 -180.57989501953125
-921.192138671875 -182.23501586914062
-923.1920166015625 -180.25393676757812
-925.19189453125 -180.85032653808594
-927.1918334960938 -178.9217987060547
-929.1918334960938 -176.94676208496094
-931.1918334960938 -175.1859893798828
-933.1918334960938 -173.31813049316406
-935.1918334960938 -171.43295288085938
-937.1918334960938 -169.64205932617188
-939.1918334960938 -167.66981506347656
-941.1918334960938 -165.67530822753906
-943.1918334960938 -163.67849731445312
-945.1918334960938 -161.67965698242188
-947.1918334960938 -159.6808319091797
-946.7155151367188 -157.84442138671875
-946.2907104492188 -155.8489227294922
-948.2907104492188 -153.84967041015625
-949.7938842773438 -152.0395050048828
-950.3717651367188 -150.10752868652344
-950.0020751953125 -148.88162231445312
-948.4681396484375 -146.9107208251953
-948.3991088867188 -144.9384765625
-948.1908569335938 -143.16490173339844
-948.8505859375 -141.1880340576172
-948.8463745117188 -139.2835693359375
-950.0314331054688 -137.33248901367188
-948.3963012695312 -135.70907592773438
-949.5911254882812 -133.7352294921875
-949.44677734375 -131.73846435546875
-950.8526611328125 -129.75445556640625
-950.5877685546875 -127.92041778564453
-950.3233032226562 -126.04275512695312
-950.0606079101562 -124.04850006103516
-949.2305908203125 -122.68045806884766
-947.331298828125 -122.7325439453125
-946.3201293945312 -120.89215087890625
-948.30419921875 -119.16256713867188
-948.2839965820312 -117.1995620727539
-950.0284423828125 -115.22666931152344
-951.7705688476562 -113.28768157958984
-953.4476318359375 -111.80144500732422
-951.7221069335938 -110.54696655273438
-951.06982421875 -108.79450988769531
-952.6301879882812 -106.81715393066406
-951.74462890625 -105.60108184814453
-952.5747680664062 -103.87275695800781
-954.1016845703125 -101.95691680908203
-952.51171875 -99.96904754638672
-954.1068725585938 -97.97362518310547
-955.935791015625 -96.46754455566406
-954.2169799804688 -94.6364974975586
-954.9920043945312 -92.71143341064453
-953.6031494140625 -91.01026916503906
-955.4658813476562 -89.01950073242188
-955.50830078125 -87.79119110107422
-954.01904296875 -85.82991027832031
-954.0091552734375 -84.0105972290039
-954.1226196289062 -82.18844604492188
-956.104248046875 -80.19779205322266
-958.0873413085938 -80.94270324707031
-958.7197265625 -79.0053482055664
-960.5690307617188 -77.34402465820312
-960.9448852539062 -75.43492889404297
-961.6062622070312 -73.4559097290039
-960.2627563476562 -71.47881317138672
-961.0233154296875 -69.50292205810547
-959.3807983398438 -67.6112060546875
-960.299072265625 -65.79149627685547
-962.0833740234375 -63.86481857299805
-964.0296020507812 -61.88128662109375
-966.0220336914062 -59.883968353271484
-968.021240234375 -57.89303970336914
-970.0210571289062 -56.05904006958008
-972.02099609375 -55.3360710144043
-974.0208129882812 -53.76921463012695
-976.020751953125 -51.772544860839844
-978.0206909179688 -49.86967849731445
-979.7274169921875 -47.93804931640625
-979.7203369140625 -45.96152114868164
-979.1773071289062 -44.220584869384766
-980.775390625 -43.8275146484375
-982.3521728515625 -41.916847229003906
