-835.7990112304688 -179.46678161621094
-837.7941284179688 -179.87811279296875
-839.6221313476562 -181.87789916992188
-841.5504150390625 -179.87815856933594
-843.5111694335938 -181.8777618408203
-845.2567749023438 -180.0142059326172
-847.252685546875 -178.0425567626953
-849.206787109375 -180.0333709716797
-850.9990234375 -178.03866577148438
-852.9833984375 -180.0374298095703
-854.9779052734375 -178.0679473876953
-856.9517211914062 -180.06776428222656
-858.5464477539062 -178.12681579589844
-860.4808959960938 -180.12535095214844
-861.5883178710938 -178.17208862304688
-863.5745849609375 -180.1658477783203
-865.1983032226562 -178.22828674316406
-867.1838989257812 -180.22023010253906
-869.04833984375 -178.3633575439453
-871.0469970703125 -180.3632354736328
-872.8087158203125 -178.39639282226562
-874.7273559570312 -180.39361572265625
-876.7177124023438 -178.39466857910156
-878.0064697265625 -176.3953399658203
-880.0064086914062 -178.39466857910156
-881.8582763671875 -180.39280700683594
-883.614501953125 -178.79180908203125
-885.4027709960938 -180.78134155273438
-887.0995483398438 -182.77896118164062
-889.0274658203125 -181.48049926757812
-891.01513671875 -183.47853088378906
-892.666015625 -181.52015686035156
-894.07763671875 -179.6029052734375
-895.9962768554688 -181.599365234375
-897.9140625 -179.7695770263672
-898.0095825195312 -180.81427001953125
-897.6015625 -182.6874237060547
-899.0240478515625 -180.70175170898438
-899.4562377929688 -180.95892333984375
-901.360595703125 -182.5646209716797
-903.32568359375 -180.7313232421875
-905.2734985351562 -182.2880859375
-907.2225952148438 -180.86859130859375
-909.0870971679688 -182.4077911376953
-911.07275390625 -182.08877563476562
-911.40234375 -180.109619140625
-913.2509765625 -181.6301727294922
-914.0327758789062 -183.59805297851562
-915.9819946289062 -182.6371612548828
-917.9229736328125 -181.16622924804688
-919.7849731445312 -183.10206604003906
-921.4921264648438 -182.25718688964844
-923.4732055664062 -180.58685302734375
-925.2171020507812 -182.44851684570312
-927.215087890625 -182.8013458251953
-929.1870727539062 -183.2018585205078
-931.1513061523438 -182.04019165039062
-933.046875 -182.34014892578125
-935.0462646484375 -181.72061157226562
-937.0408935546875 -180.4860382080078
-939.0243530273438 -181.75352478027344
-941.0101318359375 -179.9226531982422
-943.0067138671875 -177.9441680908203
-944.8347778320312 -177.15386962890625
-946.7800903320312 -177.16845703125
-945.8455200195312 -175.1690216064453
-947.7347412109375 -173.50111389160156
-946.6152954101562 -171.501220703125
-944.6771850585938 -169.50123596191406
-946.60009765625 -167.8602294921875
-944.8397827148438 -165.86029052734375
-945.9533081054688 -164.41903686523438
-947.1187744140625 -162.6363525390625
-947.4365234375 -160.63705444335938
-945.7327880859375 -158.63839721679688
-947.6383666992188 -156.6457977294922
-946.4786987304688 -154.6459503173828
-947.0220947265625 -152.6577911376953
-945.3353271484375 -150.6578826904297
-947.3235473632812 -149.26649475097656
-945.9959106445312 -147.26657104492188
-947.8460083007812 -145.8548583984375
-946.23193359375 -143.8549041748047
-948.09814453125 -141.98910522460938
-948.1097412109375 -139.98910522460938
-947.5485229492188 -137.98947143554688
-946.1245727539062 -135.98951721191406
-948.0877075195312 -134.32403564453125
-946.2984619140625 -132.3240509033203
-948.1187744140625 -130.34774780273438
-946.1468505859375 -128.34776306152344
-948.0180053710938 -126.8868408203125
-946.0709228515625 -124.8868637084961
-948.0498657226562 -125.51408386230469
-946.2633666992188 -123.55213928222656
-946.266845703125 -121.55217742919922
-946.7999267578125 -119.5523452758789
-945.3309326171875 -117.55253601074219
-947.322998046875 -117.05326080322266
-947.35546875 -115.05333709716797
-948.8876953125 -113.05354309082031
-947.91796875 -111.05416107177734
-945.9868774414062 -109.05432891845703
-944.5613403320312 -107.05433654785156
-946.5552368164062 -106.07127380371094
-946.195556640625 -104.07191467285156
-944.4929809570312 -102.0719223022461
-946.4754028320312 -102.74600219726562
-945.01513671875 -100.74617004394531
-947.014892578125 -100.43809509277344
-946.85107421875 -98.43820190429688
-946.144287109375 -96.43821716308594
-948.1278686523438 -98.04044342041016
-947.77978515625 -96.04234313964844
-947.4754638671875 -94.04252624511719
-945.9032592773438 -92.04254913330078
-947.8900756835938 -93.76144409179688
-945.969970703125 -91.76144409179688
-947.9657592773438 -90.56346893310547
-947.8469848632812 -88.56348419189453
-947.7435302734375 -86.56349182128906
-946.3648681640625 -84.56350708007812
-948.3641967773438 -86.49905395507812
-949.6697998046875 -84.49929809570312
-948.7268676757812 -82.49951171875
-947.4887084960938 -80.49958038330078
-946.8517456054688 -78.5001220703125
-947.416259765625 -76.50013732910156
-949.229736328125 -74.50016021728516
-951.1162109375 -72.50018310546875
-951.3548583984375 -70.50061798095703
-953.354736328125 -72.50057220458984
-954.4674682617188 -70.50179290771484
-955.2805786132812 -68.50481414794922
-954.8456420898438 -66.50562286376953
-956.8449096679688 -68.5055923461914
-958.2031860351562 -66.50597381591797
-958.2614135742188 -64.50643157958984
-960.2611694335938 -66.505859375
-961.2880249023438 -64.54828643798828
-960.324951171875 -62.54940414428711
-962.3236694335938 -64.54901885986328
-963.9218139648438 -62.55282211303711
-964.14111328125 -60.55289077758789
-966.1409301757812 -62.55287551879883
-966.9539184570312 -60.57255554199219
-968.9093017578125 -58.581764221191406
-970.7366333007812 -56.609703063964844
-971.6419677734375 -54.6106071472168
-973.6305541992188 -56.560794830322266
-972.838134765625 -54.56341552734375
-974.830322265625 -56.53828048706055
-974.0861206054688 -54.553348541259766
-975.4190673828125 -52.554012298583984
-977.4186401367188 -54.49827575683594
-979.1821899414062 -52.52261734008789
-980.912109375 -50.589996337890625
-979.4801025390625 -48.77293395996094
-980.4175415039062 -46.780853271484375
-980.5355834960938 -44.80570602416992
-982.0489501953125 -42.8104248046875
