-940.943603515625 -387.5484924316406
-942.9434814453125 -385.67645263671875
-944.9419555664062 -383.7070617675781
-946.9417724609375 -381.7212829589844
-948.939453125 -379.7360534667969
-947.0442504882812 -377.8550720214844
-949.0440063476562 -375.8983154296875
-948.867431640625 -373.9007568359375
-949.8309936523438 -371.907470703125
-950.2962646484375 -369.9127197265625
-949.7020874023438 -367.9153137207031
-948.3411865234375 -365.9329528808594
-946.5107421875 -363.9350891113281
-948.5107421875 -362.05914306640625
-949.6301879882812 -360.0644836425781
-949.4772338867188 -358.07159423828125
-950.622314453125 -356.18463134765625
-949.506591796875 -354.18609619140625
-950.400146484375 -352.1882019042969
-948.5648803710938 -350.193603515625
-946.8945922851562 -348.2983703613281
-948.89404296875 -346.3326416015625
-949.9210205078125 -344.33404541015625
-949.5878295898438 -342.4099426269531
-949.6563110351562 -340.4194641113281
-949.2262573242188 -339.34210205078125
-949.6456909179688 -337.345947265625
-949.338134765625 -335.4185485839844
-948.659912109375 -333.4189147949219
-948.1428833007812 -331.4296875
-950.1419067382812 -329.7228698730469
-951.02197265625 -327.8403625488281
-952.4530029296875 -325.8490905761719
-951.451171875 -323.92364501953125
-953.2626953125 -321.9850769042969
-955.1058349609375 -319.99481201171875
-956.8048095703125 -317.9988708496094
-958.70361328125 -316.0032958984375
-960.6917114257812 -314.0033264160156
-958.9485473632812 -315.5758361816406
-960.942138671875 -313.5840148925781
-962.0031127929688 -314.3660583496094
-963.99853515625 -312.3873291015625
-965.2001953125 -314.0296325683594
-966.4625854492188 -313.8309326171875
-968.1386108398438 -315.5540466308594
-970.0612182617188 -313.62310791015625
-968.6612548828125 -315.48486328125
-970.6498413085938 -313.4896545410156
-971.7890014648438 -313.9276428222656
-972.50146484375 -314.87139892578125
-974.5003051757812 -312.8872375488281
-976.1423950195312 -314.0366516113281
-977.3299560546875 -315.94549560546875
-979.3208618164062 -313.9479675292969
-980.720947265625 -314.8254699707031
-982.7034301757812 -312.84722900390625
-983.4366455078125 -313.9747009277344
-985.3680419921875 -315.93695068359375
-987.3648071289062 -314.02789306640625
-989.363037109375 -312.9852600097656
-990.50244140625 -314.98138427734375
-992.497314453125 -313.19390869140625
-991.0277099609375 -313.82501220703125
-992.8416748046875 -315.8220520019531
-994.81591796875 -313.84124755859375
-996.8123779296875 -311.8792419433594
-998.7171630859375 -313.48187255859375
-1000.71630859375 -311.4898681640625
-1002.5597534179688 -313.40447998046875
-1004.5585327148438 -311.4461364746094
-1006.372802734375 -310.57501220703125
-1007.6110229492188 -310.08612060546875
-1008.52001953125 -311.8443298339844
-1007.2324829101562 -313.70477294921875
-1009.2308349609375 -313.8559875488281
-1011.2079467773438 -312.0988464355469
-1009.7653198242188 -313.9752197265625
-1011.7647705078125 -312.58203125
-1011.067626953125 -314.4236145019531
-1012.9947509765625 -316.1117858886719
-1014.9946899414062 -314.2385559082031
-1016.0890502929688 -315.41973876953125
-1017.2689208984375 -317.0896301269531
-1018.2164916992188 -319.0223388671875
-1019.4364624023438 -317.3350524902344
-1020.726318359375 -315.3726501464844
-1022.5150756835938 -313.4025573730469
-1024.2325439453125 -315.3448181152344
-1026.056884765625 -314.46014404296875
-1027.519287109375 -312.5093688964844
-1029.4991455078125 -310.52728271484375
-1030.8277587890625 -312.3178405761719
-1032.8260498046875 -310.499267578125
-1033.57470703125 -312.4892272949219
-1035.558837890625 -310.5881652832031
-1034.63525390625 -311.2072448730469
-1036.62841796875 -309.38922119140625
-1038.432373046875 -310.32275390625
-1040.4102783203125 -308.4098815917969
-1042.2342529296875 -310.1630554199219
-1044.2098388671875 -308.18450927734375
-1046.2093505859375 -306.20111083984375
-1048.183837890625 -308.0801086425781
-1050.183349609375 -306.19873046875
-1048.4541015625 -305.8155517578125
-1047.6629638671875 -303.8310546875
-1045.7542724609375 -301.9302062988281
-1047.747314453125 -300.1641540527344
-1049.7427978515625 -298.2474670410156
-1048.672607421875 -296.6781311035156
-1047.0338134765625 -294.7081604003906
-1049.0333251953125 -293.0224914550781
-1047.592041015625 -294.9425964355469
-1049.5894775390625 -293.0426025390625
-1050.318115234375 -293.38885498046875
-1050.155517578125 -295.0313720703125
-1050.907470703125 -293.0364990234375
-1050.791015625 -294.98345947265625
-1048.91064453125 -292.9853210449219
-1047.076171875 -292.484130859375
-1049.071533203125 -290.7193298339844
-1048.4696044921875 -290.1419677734375
-1047.0286865234375 -290.4512939453125
-1046.08203125 -288.5077819824219
-1047.5916748046875 -288.4627990722656
-1045.7718505859375 -286.5018615722656
-1047.753662109375 -285.9978942871094
-1049.604736328125 -287.19976806640625
-1047.9091796875 -285.25848388671875
-1049.6019287109375 -286.701904296875
-1048.3245849609375 -284.705078125
-1050.2880859375 -286.11083984375
-1048.690185546875 -284.2015075683594
-1050.5177001953125 -286.0652770996094
-1050.5875244140625 -284.1130065917969
-1048.6593017578125 -282.3504638671875
-1050.5682373046875 -281.97344970703125
-1050.9339599609375 -280.01239013671875
-1050.0921630859375 -278.047119140625
-1048.1719970703125 -276.0491027832031
-1050.1710205078125 -274.10504150390625
-1050.7220458984375 -272.1240539550781
-1048.7816162109375 -270.5885925292969
-1050.78125 -268.87518310546875
-1050.4483642578125 -267.1309814453125
-1050.142333984375 -265.5106201171875
-1049.5455322265625 -263.8852233886719
-1047.91455078125 -261.9358825683594
-1049.896484375 -262.4809875488281
-1049.7239990234375 -261.544189453125
-1049.3709716796875 -259.6089782714844
-1048.161376953125 -257.6299743652344
-1050.131591796875 -255.66665649414062
-1049.339111328125 -253.83876037597656
-1050.9332275390625 -251.84768676757812
-1052.4644775390625 -249.89288330078125
-1050.7601318359375 -248.74803161621094
-1050.773681640625 -248.68162536621094
-1048.9306640625 -246.70498657226562
-1050.928955078125 -244.708251953125
-1049.17236328125 -242.7147674560547
-1047.7908935546875 -240.73626708984375
-1049.3251953125 -242.56375122070312
-1048.9139404296875 -240.58517456054688
-1049.2352294921875 -240.46011352539062
-1050.1640625 -238.49522399902344
-1048.377197265625 -236.66024780273438
-1050.3717041015625 -236.22528076171875
-1050.6378173828125 -234.9890899658203
-1050.4501953125 -233.12913513183594
-1049.570068359375 -231.15841674804688
-1049.83056640625 -229.2140350341797
-1049.9134521484375 -227.29664611816406
-1051.7061767578125 -225.6356964111328
-1050.1976318359375 -223.65567016601562
-1049.5152587890625 -221.7238006591797
-1049.905517578125 -219.757080078125
-1051.302734375 -217.75811767578125
-1050.7811279296875 -219.69358825683594
-1052.5357666015625 -217.90725708007812
-1054.5352783203125 -215.92587280273438
-1056.53466796875 -213.9481658935547
-1057.5869140625 -214.99769592285156
-1056.5401611328125 -216.2958984375
-1058.52490234375 -214.40501403808594
-1058.9105224609375 -216.09939575195312
-1060.90234375 -214.16017150878906
-1060.1351318359375 -215.12205505371094
-1062.1302490234375 -213.1328582763672
-1063.7706298828125 -213.23611450195312
-1063.6138916015625 -211.4209747314453
-1062.2322998046875 -209.74163818359375
-1063.6029052734375 -208.63180541992188
-1061.8204345703125 -206.94271850585938
-1063.7803955078125 -205.1092071533203
-1065.012451171875 -203.13348388671875
-1063.7056884765625 -201.2431182861328
-1063.3099365234375 -199.45510864257812
-1065.3089599609375 -198.52015686035156
-1065.2659912109375 -197.06675720214844
-1066.0855712890625 -195.08839416503906
