-940.93359375 -387.6197204589844
-942.894775390625 -386.8455810546875
-944.8460083007812 -385.3950500488281
-946.820068359375 -383.504150390625
-948.7595825195312 -381.8360595703125
-947.4923706054688 -379.8369445800781
-949.38623046875 -378.3844909667969
-947.5548095703125 -376.3851013183594
-947.0511474609375 -374.3897399902344
-948.817138671875 -372.4206237792969
-946.8820190429688 -370.423095703125
-948.870849609375 -368.730224609375
-946.8832397460938 -366.74169921875
-948.8692016601562 -365.6208801269531
-947.373779296875 -363.6224365234375
-949.3645629882812 -361.90545654296875
-948.2130126953125 -359.94244384765625
-947.5433349609375 -357.9455261230469
-949.49462890625 -355.97686767578125
-947.8987426757812 -353.9875793457031
-949.874267578125 -352.0831604003906
-948.1751098632812 -350.08636474609375
-950.1533813476562 -348.47393798828125
-949.1167602539062 -346.4792785644531
-947.2725219726562 -344.4817199707031
-948.792236328125 -345.18768310546875
-946.9088745117188 -343.1907043457031
-948.7481689453125 -341.5781555175781
-947.1050415039062 -339.5835876464844
-948.7083740234375 -337.6419677734375
-948.6935424804688 -335.6457214355469
-948.8908081054688 -333.657470703125
-950.6912841796875 -331.6595458984375
-949.1351318359375 -329.6640625
-947.2900390625 -327.6665954589844
-949.1723022460938 -326.054931640625
-949.0462036132812 -324.0565185546875
-950.053955078125 -322.0578918457031
-950.618896484375 -320.0585021972656
-952.492431640625 -318.0585632324219
-953.1066284179688 -316.0587463378906
-954.5140991210938 -314.0591125488281
-956.353515625 -314.7557373046875
-957.0047607421875 -312.75994873046875
-958.7487182617188 -312.6875
-958.8754272460938 -311.8180847167969
-959.7584838867188 -312.43109130859375
-960.6512451171875 -314.2010192871094
-961.0717163085938 -312.2069091796875
-963.0388793945312 -313.27764892578125
-963.3059692382812 -315.2118225097656
-965.2896118164062 -313.21258544921875
-967.266845703125 -314.906494140625
-968.5770263671875 -312.9859313964844
-970.138427734375 -314.3668518066406
-972.1195068359375 -312.42181396484375
-974.0537109375 -313.777099609375
-976.0472412109375 -315.6605529785156
-977.96142578125 -313.8834228515625
-979.9293212890625 -313.2513732910156
-981.9046630859375 -315.1189270019531
-983.8787231445312 -313.1541748046875
-985.8529663085938 -314.2018127441406
-987.8360595703125 -312.2329406738281
-989.634765625 -312.2857360839844
-991.618408203125 -314.0804443359375
-993.4659423828125 -313.1297607421875
-995.4644165039062 -313.4559326171875
-996.801025390625 -311.5577087402344
-998.7987670898438 -313.1855163574219
-1000.790283203125 -311.2862548828125
-1002.6925048828125 -312.73785400390625
-1004.6727294921875 -311.26885986328125
-1006.5872192382812 -311.6568603515625
-1006.6781616210938 -311.22998046875
-1007.77294921875 -311.2261657714844
-1008.6112670898438 -311.427978515625
-1010.1714477539062 -312.6994934082031
-1011.6935424804688 -313.4941101074219
-1013.1187133789062 -315.3297424316406
-1014.56201171875 -316.1318054199219
-1016.3665771484375 -317.280029296875
-1018.2192993164062 -316.61663818359375
-1019.6022338867188 -316.9567565917969
-1017.60546875 -314.9791564941406
-1019.3749389648438 -315.1213073730469
-1021.3638916015625 -316.39715576171875
-1019.3687744140625 -314.3977966308594
-1021.2825927734375 -314.2303161621094
-1023.27294921875 -315.6639709472656
-1022.477294921875 -313.6701965332031
-1024.136474609375 -314.7351379394531
-1025.1888427734375 -312.7621765136719
-1027.0635986328125 -312.8973693847656
-1028.48388671875 -310.904052734375
-1030.3121337890625 -312.77252197265625
-1031.74169921875 -310.78045654296875
-1033.4893798828125 -311.0957946777344
-1035.4471435546875 -310.3519287109375
-1037.4427490234375 -308.9864807128906
-1039.4425048828125 -309.8811340332031
-1039.8143310546875 -307.9927062988281
-1041.812744140625 -307.5107116699219
-1043.793701171875 -306.424560546875
-1045.79296875 -304.74237060546875
-1047.792236328125 -302.9454040527344
-1045.800048828125 -300.94610595703125
-1047.79638671875 -299.0037841796875
-1049.79296875 -297.0472717285156
-1047.7933349609375 -295.0473327636719
-1049.7919921875 -293.0490417480469
-1048.291015625 -291.1329345703125
-1046.3599853515625 -289.198486328125
-1048.350341796875 -287.65802001953125
-1046.35107421875 -285.65826416015625
-1048.3507080078125 -283.7039794921875
-1050.346923828125 -282.0321350097656
-1048.3475341796875 -280.0396423339844
-1050.3460693359375 -278.1341552734375
-1048.3468017578125 -276.14453125
-1050.3448486328125 -274.2636413574219
-1048.3463134765625 -272.2651672363281
-1050.3245849609375 -270.3036804199219
-1048.3251953125 -268.30596923828125
-1050.3240966796875 -266.3148193359375
-1048.3343505859375 -264.3151550292969
-1050.3282470703125 -262.5682067871094
-1048.3299560546875 -260.5683898925781
-1050.3275146484375 -258.6473693847656
-1048.32861328125 -256.6483154296875
-1050.3033447265625 -254.68907165527344
-1048.31640625 -252.69244384765625
-1050.3155517578125 -250.7078399658203
-1048.318115234375 -248.72389221191406
-1050.3037109375 -246.81385803222656
-1048.314208984375 -244.81629943847656
-1050.3079833984375 -242.88601684570312
-1048.339111328125 -240.8869171142578
-1046.7393798828125 -238.89891052246094
-1048.733642578125 -236.91432189941406
-1050.7027587890625 -234.9727783203125
-1048.714111328125 -232.97296142578125
-1050.7103271484375 -231.0081787109375
-1050.3656005859375 -229.01113891601562
-1048.6917724609375 -227.01727294921875
-1050.689208984375 -225.0382080078125
-1049.3758544921875 -223.0429229736328
-1048.33447265625 -221.0503387451172
-1050.333251953125 -219.11083984375
-1051.9544677734375 -217.111572265625
-1053.8709716796875 -215.92442321777344
-1055.80810546875 -214.4126434326172
-1057.4967041015625 -214.18527221679688
-1059.4541015625 -215.38067626953125
-1061.451171875 -213.54293823242188
-1062.8675537109375 -212.2349090576172
-1064.8358154296875 -210.7931365966797
-1065.2869873046875 -210.5276336669922
-1064.548828125 -208.75531005859375
-1062.625732421875 -206.7985076904297
-1064.623046875 -204.8147430419922
-1062.766357421875 -202.851318359375
-1064.7626953125 -201.01821899414062
-1062.77099609375 -199.05325317382812
-1064.7659912109375 -197.2892608642578
-1062.91015625 -195.29080200195312
-1064.8994140625 -193.6479034423828
