-940.9483032226562 -387.5713195800781
-942.9483032226562 -386.1114807128906
-944.9483032226562 -384.1164245605469
-946.9483032226562 -382.1365051269531
-948.9483032226562 -380.2129821777344
-947.607666015625 -378.2134094238281
-949.6076049804688 -376.21832275390625
-947.815185546875 -374.21875
-946.0634155273438 -372.2322692871094
-948.0634155273438 -370.3226623535156
-946.152099609375 -368.32611083984375
-948.1520385742188 -366.3434753417969
-948.9984130859375 -364.3453369140625
-947.0035400390625 -362.35076904296875
-949.0035400390625 -360.398193359375
-947.6845703125 -358.3990478515625
-949.6841430664062 -356.42095947265625
-947.7291870117188 -354.4219665527344
-949.7291870117188 -352.4827575683594
-947.7798461914062 -350.48687744140625
-949.7797241210938 -348.52508544921875
-948.3944702148438 -346.5284423828125
-946.7945556640625 -344.5291748046875
-948.7945556640625 -342.57122802734375
-946.8873901367188 -340.5721740722656
-948.8873901367188 -338.5766296386719
-947.7424926757812 -336.576904296875
-949.7424926757812 -334.6510925292969
-950.6712646484375 -332.6542053222656
-948.9429321289062 -330.65576171875
-947.1149291992188 -328.6558837890625
-949.1148681640625 -326.6983642578125
-947.450927734375 -324.7077941894531
-949.450927734375 -322.7138977050781
-948.8645629882812 -320.7225341796875
-948.9552001953125 -318.73297119140625
-948.561279296875 -316.7355041503906
-947.105224609375 -314.7405700683594
-949.1046752929688 -312.77496337890625
-947.5509033203125 -310.7781982421875
-949.5509033203125 -309.06378173828125
-948.4110717773438 -307.07147216796875
-947.28662109375 -305.0800476074219
-949.28662109375 -303.2239074707031
-947.6339721679688 -301.230224609375
-949.6334228515625 -299.3901672363281
-948.35498046875 -297.3926086425781
-947.458740234375 -295.3994445800781
-949.4586181640625 -293.5486755371094
-949.7069702148438 -291.55133056640625
-949.9323120117188 -289.5640563964844
-948.1162719726562 -287.60723876953125
-946.2432861328125 -285.6076965332031
-948.2432861328125 -284.59197998046875
-948.705810546875 -282.5987548828125
-950.46630859375 -280.60284423828125
-949.3964233398438 -278.6150817871094
-948.3511352539062 -276.6178283691406
-948.73486328125 -274.6350402832031
-947.6551513671875 -272.6382751464844
-948.2955932617188 -270.63848876953125
-949.573974609375 -268.64794921875
-949.5391235351562 -266.65594482421875
-950.5858764648438 -264.66943359375
-951.5862426757812 -262.6955261230469
-953.3610229492188 -260.7001647949219
-955.2573852539062 -258.71923828125
-955.7459716796875 -256.7595520019531
-956.8121337890625 -255.8378448486328
-955.427978515625 -253.9369659423828
-955.0081176757812 -251.9447479248047
-953.1657104492188 -249.94984436035156
-953.9360961914062 -248.03009033203125
-953.6283569335938 -246.12686157226562
-954.8099975585938 -244.21124267578125
-955.6473388671875 -242.22479248046875
-956.8848876953125 -240.23741149902344
-957.576171875 -238.3341827392578
-958.67919921875 -236.36036682128906
-958.79248046875 -234.37448120117188
-958.5183715820312 -232.5287628173828
-958.7630004882812 -230.76470947265625
-958.954833984375 -228.98989868164062
-959.9959106445312 -227.17251586914062
-961.6471557617188 -225.18125915527344
-962.88525390625 -223.18710327148438
-964.8737182617188 -221.18759155273438
-966.8727416992188 -219.1902313232422
-968.8724365234375 -217.19277954101562
-970.8681640625 -215.19625854492188
-972.8543090820312 -216.71630859375
-974.8532104492188 -214.8379669189453
-976.8501586914062 -216.5330047607422
-978.8484497070312 -214.5509796142578
-980.8465576171875 -216.37770080566406
-982.8392333984375 -218.32302856445312
-984.8330078125 -216.32705688476562
-986.8302001953125 -214.4379119873047
-987.0784912109375 -216.2987823486328
-989.0748291015625 -214.38853454589844
-991.0479125976562 -215.7748260498047
-993.0364990234375 -213.8061065673828
-994.9940795898438 -215.67901611328125
-996.9309692382812 -217.3075714111328
-998.92919921875 -215.32354736328125
-1000.9283447265625 -216.7472686767578
-1002.9197998046875 -214.7665557861328
-1004.4022827148438 -214.6688690185547
-1006.3706665039062 -215.6636199951172
-1008.33935546875 -213.70408630371094
-1010.286865234375 -215.4487762451172
-1012.282470703125 -213.4794158935547
-1014.27099609375 -211.61265563964844
-1016.1786499023438 -213.30099487304688
-1017.8131713867188 -214.4967803955078
-1019.8045043945312 -212.5318603515625
-1021.513671875 -214.07456970214844
-1023.384033203125 -215.99232482910156
-1025.3739013671875 -214.1191864013672
-1027.3555908203125 -214.6218719482422
-1029.3245849609375 -215.0196990966797
-1031.289794921875 -215.673828125
-1033.25048828125 -213.72613525390625
-1034.54248046875 -215.22645568847656
-1036.541015625 -216.82228088378906
-1038.36865234375 -214.8317108154297
-1040.14013671875 -215.64736938476562
-1042.11474609375 -213.8927764892578
-1044.0533447265625 -214.3604278564453
-1045.763427734375 -214.21949768066406
-1047.0697021484375 -214.6215057373047
-1048.9569091796875 -215.439697265625
-1050.7745361328125 -215.1959991455078
-1052.6700439453125 -214.9652557373047
-1054.4713134765625 -214.01885986328125
-1056.3924560546875 -213.29144287109375
-1057.964599609375 -214.23109436035156
-1058.89794921875 -213.24533081054688
-1060.0496826171875 -213.5130615234375
-1061.573486328125 -213.03271484375
-1063.45361328125 -211.595703125
-1061.9833984375 -209.60935974121094
-1063.9595947265625 -208.68690490722656
-1061.968994140625 -206.69039916992188
-1063.6495361328125 -205.01693725585938
-1061.6514892578125 -203.07765197753906
-1063.6483154296875 -201.89126586914062
-1061.6490478515625 -199.92630004882812
-1063.6434326171875 -199.46002197265625
-1062.8883056640625 -197.4919891357422
-1064.8759765625 -197.97689819335938
-1062.8822021484375 -196.00477600097656
-1064.8367919921875 -194.01271057128906
