-940.9483032226562 -389.17828369140625
-942.9481811523438 -387.8837585449219
-944.9435424804688 -386.5718688964844
-946.9426879882812 -384.855224609375
-948.9417114257812 -382.99981689453125
-949.2683715820312 -381.01934814453125
-947.9577026367188 -379.03955078125
-949.7450561523438 -377.5719299316406
-948.009521484375 -375.62921142578125
-946.7511596679688 -373.64044189453125
-948.7510986328125 -371.76904296875
-947.0388793945312 -369.80780029296875
-949.0383911132812 -368.0321350097656
-947.310546875 -366.11785888671875
-949.3097534179688 -364.16436767578125
-948.9638061523438 -362.4775695800781
-948.5215454101562 -360.48712158203125
-947.1121215820312 -359.3600158691406
-949.1109619140625 -358.13995361328125
-950.89013671875 -356.164306640625
-948.8973999023438 -354.1887512207031
-947.01416015625 -352.2103271484375
-949.0021362304688 -350.7431335449219
-947.0466918945312 -349.0299072265625
-949.0465698242188 -347.11212158203125
-950.7254638671875 -345.41473388671875
-952.1513671875 -343.7857971191406
-951.1109008789062 -341.7894592285156
-950.1019287109375 -339.8479919433594
-950.1061401367188 -338.07635498046875
-951.4410400390625 -336.12664794921875
-951.470947265625 -334.2059020996094
-950.4962768554688 -332.2827453613281
-949.525390625 -331.4137268066406
-949.197998046875 -329.5470886230469
-951.0818481445312 -327.57220458984375
-949.6744995117188 -325.5931701660156
-949.2589721679688 -323.6610107421875
-948.8103637695312 -321.6824951171875
-950.776123046875 -320.32745361328125
-949.974365234375 -318.33062744140625
-951.96240234375 -316.3324279785156
-953.939208984375 -314.3477783203125
-953.8585205078125 -312.3529052734375
-955.7564697265625 -310.5345153808594
-954.355224609375 -308.6002502441406
-956.2029418945312 -306.7289123535156
-955.0419311523438 -304.7359924316406
-954.0089721679688 -302.8750915527344
-955.5003051757812 -300.9632263183594
-954.0431518554688 -299.15765380859375
-954.0946655273438 -297.2511291503906
-955.1847534179688 -295.28179931640625
-956.6812744140625 -293.3063659667969
-958.0164794921875 -291.31005859375
-958.7137451171875 -289.3744812011719
-959.9271240234375 -287.3761901855469
-958.4525756835938 -285.38555908203125
-957.8184204101562 -283.3934631347656
-957.1300048828125 -281.4176940917969
-958.9926147460938 -279.44903564453125
-958.7581787109375 -277.4857482910156
-957.9132080078125 -275.49822998046875
-959.6244506835938 -273.5931396484375
-958.784912109375 -271.59417724609375
-956.93603515625 -269.63751220703125
-958.1787719726562 -267.830810546875
-959.6259765625 -265.83245849609375
-959.252197265625 -263.833251953125
-959.9747314453125 -261.9208984375
-961.9641723632812 -259.92333984375
-963.7734375 -258.22979736328125
-963.90771484375 -256.3650207519531
-963.1838989257812 -254.3854522705078
-964.257080078125 -252.39077758789062
-964.3970947265625 -250.39114379882812
-962.6680297851562 -248.4759063720703
-964.6370239257812 -246.47744750976562
-966.1519165039062 -244.60989379882812
-967.1548461914062 -242.6432342529297
-965.1597900390625 -240.64971923828125
-963.5244140625 -238.65736389160156
-962.2721557617188 -236.66912841796875
-962.6158447265625 -234.67422485351562
-964.1411743164062 -232.7650146484375
-963.14306640625 -230.78546142578125
-962.2135620117188 -228.8141632080078
-963.0798950195312 -226.83041381835938
-964.676025390625 -224.8317108154297
-965.8536376953125 -222.83204650878906
-967.852783203125 -220.83212280273438
-969.818359375 -218.83218383789062
-971.8177490234375 -216.8332061767578
-973.8176879882812 -214.83340454101562
-975.7970581054688 -215.3235321044922
-977.79345703125 -214.182861328125
-979.7919311523438 -215.93629455566406
-981.7908935546875 -214.5593719482422
-983.7882080078125 -213.95697021484375
-985.5789794921875 -215.5917510986328
-987.5770874023438 -217.3538818359375
-989.57666015625 -215.35475158691406
-991.5765991210938 -216.93115234375
-993.5762939453125 -214.93434143066406
-995.576171875 -216.63002014160156
-997.5748291015625 -214.63497924804688
-999.5714721679688 -214.3909454345703
-1001.5701293945312 -215.8741912841797
-1003.570068359375 -213.8745880126953
-1005.5655517578125 -213.45603942871094
-1007.5648803710938 -214.94540405273438
-1009.5641479492188 -212.9647979736328
-1011.5639038085938 -214.81011962890625
-1013.5596313476562 -212.8119659423828
-1015.5458374023438 -210.8148193359375
-1017.5044555664062 -210.13046264648438
-1017.0507202148438 -210.3494873046875
-1017.1260986328125 -210.1134796142578
-1018.5144653320312 -209.35409545898438
-1017.691650390625 -207.7213134765625
-1016.7278442382812 -208.6550750732422
-1015.5169677734375 -208.38742065429688
-1017.2302856445312 -206.66748046875
-1015.3442993164062 -204.687255859375
-1014.656005859375 -202.68980407714844
-1014.37646484375 -200.69276428222656
-1012.610595703125 -198.74070739746094
-1014.6068725585938 -200.7257843017578
-1014.4962768554688 -198.7626953125
-1012.9483032226562 -196.7763671875
-1014.9474487304688 -198.67042541503906
-1015.7254638671875 -196.6736297607422
-1014.3873901367188 -194.7325439453125
-1013.0465698242188 -192.91259765625
-1015.04638671875 -192.17391967773438
-1013.6421508789062 -190.3646697998047
-1012.4017333984375 -188.36720275878906
-1014.4014892578125 -187.1326141357422
-1016.2542114257812 -185.14869689941406
-1015.7842407226562 -183.15252685546875
-1014.8518676757812 -181.26255798339844
-1012.910888671875 -179.60391235351562
-1012.2059936523438 -177.6210174560547
-1014.197265625 -175.64662170410156
-1012.63427734375 -174.35350036621094
-1014.2039184570312 -172.3564453125
-1012.393798828125 -170.3855438232422
-1012.3984375 -168.49420166015625
-1010.7908325195312 -167.33758544921875
-1012.777587890625 -168.69976806640625
-1014.34716796875 -166.7519073486328
-1012.6278076171875 -164.80162048339844
-1012.2342529296875 -162.9198455810547
-1014.2332763671875 -163.23779296875
-1012.3036499023438 -161.3017578125
-1014.2882080078125 -159.4823760986328
-1016.11669921875 -157.49822998046875
-1018.1011352539062 -155.49835205078125
-1020.0947875976562 -153.49856567382812
-1022.0695190429688 -154.8512725830078
-1024.0587158203125 -152.85203552246094
-1026.0489501953125 -154.8250274658203
-1028.0091552734375 -152.87429809570312
-1029.929443359375 -154.60462951660156
-1031.928955078125 -152.6066131591797
-1033.9276123046875 -154.5781707763672
-1035.9263916015625 -156.5504150390625
-1037.9051513671875 -154.55252075195312
-1039.74951171875 -156.46636962890625
-1041.740478515625 -154.47817993164062
-1043.7388916015625 -152.48037719726562
-1045.7279052734375 -154.14659118652344
-1047.690673828125 -152.14930725097656
-1049.6837158203125 -154.1293182373047
-1051.5533447265625 -152.12966918945312
-1053.5306396484375 -154.11660766601562
-1055.528076171875 -152.14671325683594
-1057.4407958984375 -154.14093017578125
-1059.4346923828125 -152.17630004882812
-1060.7706298828125 -154.17530822753906
-1062.765869140625 -152.32102966308594
-1061.2608642578125 -154.3126678466797
-1063.24853515625 -152.69467163085938
