-940.888427734375 -387.66558837890625
-942.0236206054688 -385.881591796875
-944.0171508789062 -383.9813537597656
-945.8177490234375 -381.9903869628906
-947.8116455078125 -380.00103759765625
-945.9838256835938 -378.0016174316406
-947.8652954101562 -376.0035705566406
-946.2323608398438 -374.0035705566406
-947.974853515625 -372.0135498046875
-946.3809814453125 -370.01422119140625
-947.99072265625 -368.0150451660156
-949.669189453125 -366.01885986328125
-947.8359985351562 -364.01904296875
-949.7186889648438 -362.0538024902344
-948.1791381835938 -360.0538635253906
-946.405517578125 -358.05389404296875
-948.3902587890625 -356.06158447265625
-946.7545776367188 -354.06195068359375
-948.44189453125 -352.1068420410156
-946.8467407226562 -350.10693359375
-948.7772216796875 -348.11322021484375
-947.0651245117188 -346.11395263671875
-948.48974609375 -344.1244812011719
-946.6715087890625 -342.1246337890625
-948.5557861328125 -340.1377868652344
-948.510009765625 -338.1378479003906
-947.2813720703125 -336.1383972167969
-949.2097778320312 -334.1500549316406
-948.2776489257812 -332.1502380371094
-950.1615600585938 -330.2679138183594
-948.4591674804688 -328.2680969238281
-947.3843383789062 -326.26849365234375
-949.3470458984375 -324.37982177734375
-947.835693359375 -322.3798828125
-948.7222290039062 -320.6495361328125
-947.312744140625 -318.6495361328125
-948.379150390625 -316.70233154296875
-950.029052734375 -314.8306884765625
-950.1271362304688 -312.8306884765625
-949.123291015625 -310.8394470214844
-948.5306396484375 -308.8450012207031
-949.6463623046875 -306.8477478027344
-950.7055053710938 -304.8485412597656
-951.08544921875 -302.8487854003906
-952.2901611328125 -300.84967041015625
-950.9703369140625 -298.8498229980469
-951.8734741210938 -296.8503723144531
-953.40283203125 -294.8505859375
-952.1239013671875 -292.85064697265625
-950.4801635742188 -290.852294921875
-952.20751953125 -288.85308837890625
-952.9597778320312 -286.85333251953125
-953.887451171875 -284.85406494140625
-953.93798828125 -282.85546875
-953.9640502929688 -280.861572265625
-952.6741943359375 -278.86260986328125
-952.864013671875 -276.8633728027344
-951.6724853515625 -274.86541748046875
-953.3058471679688 -272.8668212890625
-952.2982788085938 -270.86761474609375
-954.21435546875 -268.86883544921875
-953.726318359375 -266.8703918457031
-954.2210083007812 -264.8711853027344
-954.3247680664062 -262.87127685546875
-954.1182250976562 -260.8759460449219
-955.3297119140625 -258.8763427734375
-954.435546875 -256.8785400390625
-955.8516235351562 -254.89077758789062
-957.22119140625 -252.89198303222656
-957.2088623046875 -250.89303588867188
-958.146484375 -248.89549255371094
-957.1324462890625 -246.89892578125
-958.6541748046875 -244.94387817382812
-957.9302368164062 -242.95513916015625
-956.9773559570312 -240.97470092773438
-957.7672729492188 -238.97625732421875
-957.2720336914062 -236.97650146484375
-957.0844116210938 -234.98138427734375
-958.5114135742188 -232.987060546875
-958.6012573242188 -231.01646423339844
-960.256591796875 -229.0790557861328
-959.8644409179688 -227.08050537109375
-960.2327880859375 -225.08087158203125
-960.3316040039062 -223.0809326171875
-962.245361328125 -221.08096313476562
-964.244140625 -219.0809783935547
-966.2417602539062 -217.08103942871094
-967.960693359375 -215.08103942871094
-969.8128051757812 -217.03369140625
-971.6732788085938 -215.03379821777344
-973.4945678710938 -216.39398193359375
-975.3743896484375 -214.3953094482422
-976.5347290039062 -214.8505859375
-977.902099609375 -215.95907592773438
-979.784423828125 -217.8614501953125
-981.750244140625 -215.86160278320312
-982.15673828125 -217.8166961669922
-984.1183471679688 -215.81808471679688
-985.8494262695312 -217.4737548828125
-987.7839965820312 -215.47378540039062
-989.7211303710938 -217.20474243164062
-991.67431640625 -215.20481872558594
-993.4285888671875 -215.88768005371094
-995.3941040039062 -213.88824462890625
-996.8860473632812 -213.9584197998047
-998.7346801757812 -214.0670928955078
-999.28857421875 -215.0204315185547
-1001.278076171875 -215.3579559326172
-1003.089599609375 -216.2054901123047
-1005.0557250976562 -214.20603942871094
-1006.6239624023438 -215.15650939941406
-1008.6140747070312 -213.15933227539062
-1010.443359375 -212.57644653320312
-1012.1972045898438 -212.05023193359375
-1013.8496704101562 -210.62351989746094
-1015.2022094726562 -212.2039337158203
-1014.83154296875 -214.13087463378906
-1016.4816284179688 -212.1337890625
-1017.9785766601562 -213.71438598632812
-1019.80810546875 -215.4161834716797
-1021.6715087890625 -213.42959594726562
-1023.4539184570312 -213.1412811279297
-1025.07373046875 -214.3570556640625
-1025.3916015625 -214.7809600830078
-1026.9925537109375 -216.3840789794922
-1028.9744873046875 -214.3842315673828
-1030.9013671875 -214.92098999023438
-1031.980224609375 -214.51881408691406
-1033.8963623046875 -216.02215576171875
-1034.790771484375 -214.02500915527344
-1035.9857177734375 -212.27706909179688
-1035.6251220703125 -212.9767608642578
-1035.3997802734375 -212.8643798828125
-1036.8074951171875 -214.243896484375
-1036.9344482421875 -213.6087188720703
-1038.46240234375 -214.24337768554688
-1040.0438232421875 -216.2180633544922
-1040.0814208984375 -217.54576110839844
-1041.9759521484375 -215.54605102539062
-1043.8228759765625 -214.45433044433594
-1045.5166015625 -215.17434692382812
-1046.420166015625 -214.32025146484375
-1046.2164306640625 -213.90191650390625
-1047.069580078125 -214.3786163330078
-1048.85205078125 -214.2426300048828
-1049.971435546875 -213.639404296875
-1051.4766845703125 -212.58779907226562
-1050.951904296875 -211.54074096679688
-1052.8741455078125 -210.3629608154297
-1052.221435546875 -210.72418212890625
-1053.6646728515625 -211.6055145263672
-1054.5028076171875 -213.09518432617188
-1054.2470703125 -212.15774536132812
-1055.688232421875 -212.74073791503906
-1057.219482421875 -211.18914794921875
-1057.6895751953125 -212.577880859375
-1059.1141357421875 -213.4217071533203
-1060.997314453125 -211.57081604003906
-1062.926513671875 -209.92189025878906
-1064.701416015625 -207.93136596679688
-1062.7108154296875 -205.93215942382812
-1064.620361328125 -203.93472290039062
-1062.672607421875 -201.93507385253906
-1064.64892578125 -200.0418701171875
-1062.6754150390625 -198.04415893554688
-1064.546142578125 -196.09364318847656
-1062.5523681640625 -194.11392211914062
-1064.4283447265625 -193.7007598876953
