-939.26220703125 -387.5170593261719
-940.612060546875 -385.52337646484375
-942.4585571289062 -383.52734375
-944.1802368164062 -381.5324401855469
-946.0716552734375 -379.53277587890625
-947.8635864257812 -377.53277587890625
-949.09375 -375.5328063964844
-949.1067504882812 -373.5328369140625
-949.0245971679688 -371.532958984375
-950.1265869140625 -369.5331726074219
-951.3681030273438 -367.5333251953125
-950.8363037109375 -365.53338623046875
-952.226318359375 -363.533447265625
-952.3751831054688 -361.5336608886719
-950.9425048828125 -359.53375244140625
-952.7489624023438 -357.53399658203125
-952.7783813476562 -355.5340270996094
-953.4998168945312 -353.5341491699219
-954.3778686523438 -351.5342102050781
-955.7423706054688 -349.53448486328125
-956.2328491210938 -347.5345764160156
-954.9993286132812 -345.53460693359375
-954.5723266601562 -343.5352783203125
-955.5535278320312 -341.5353698730469
-956.4354248046875 -339.5355224609375
-956.45166015625 -337.5355529785156
-957.9008178710938 -335.53656005859375
-957.3518676757812 -333.53662109375
-958.9309692382812 -331.5367736816406
-959.8815307617188 -329.5369567871094
-958.5396728515625 -327.5374450683594
-957.8049926757812 -325.53753662109375
-959.1769409179688 -323.53759765625
-959.325927734375 -321.538818359375
-960.3494873046875 -319.5389404296875
-962.0296630859375 -317.5389709472656
-963.4407348632812 -315.5389709472656
-964.970458984375 -313.5389709472656
-963.6793212890625 -311.68511962890625
-963.7826538085938 -310.5871276855469
-963.6130981445312 -308.6271667480469
-962.6408081054688 -306.647216796875
-961.5346069335938 -304.6490783691406
-959.8191528320312 -302.6529541015625
-960.3558349609375 -300.65380859375
-961.9600830078125 -298.6545104980469
-960.77978515625 -296.6560974121094
-961.449951171875 -294.6562805175781
-959.8994750976562 -292.65771484375
-960.0311279296875 -290.65777587890625
-960.9703979492188 -288.6578674316406
-961.64208984375 -286.6585998535156
-960.6998291015625 -284.6601867675781
-960.37939453125 -282.66033935546875
-958.84423828125 -280.6612854003906
-958.2587890625 -278.6616516113281
-959.5260620117188 -276.6618347167969
-961.3953857421875 -274.6636047363281
-963.0382080078125 -272.66436767578125
-961.8195190429688 -270.6648864746094
-960.6129760742188 -268.6753845214844
-960.543701171875 -266.6763916015625
-961.8627319335938 -264.6765441894531
-963.55224609375 -262.67657470703125
-965.07568359375 -260.6792297363281
-964.4156494140625 -258.6831970214844
-965.463134765625 -256.6991271972656
-964.2420043945312 -254.70916748046875
-964.733154296875 -252.71250915527344
-964.489013671875 -250.72164916992188
-962.619140625 -248.7217559814453
-964.3456420898438 -246.72386169433594
-965.5543212890625 -246.12742614746094
-963.8175048828125 -244.27391052246094
-964.579833984375 -242.27682495117188
-963.2234497070312 -240.2837677001953
-962.6830444335938 -238.2838897705078
-963.7536010742188 -236.28627014160156
-962.3487548828125 -234.28790283203125
-963.700927734375 -232.28878784179688
-965.0084838867188 -230.28988647460938
-965.2943725585938 -228.292724609375
-967.1555786132812 -226.2929229736328
-966.7477416992188 -224.29295349121094
-968.1326293945312 -222.29307556152344
-969.687255859375 -220.2930908203125
-971.5076293945312 -218.29318237304688
-972.6649169921875 -216.29330444335938
-974.5548706054688 -214.29335021972656
-975.1278686523438 -215.06622314453125
-976.9600830078125 -213.2281951904297
-978.7547607421875 -214.68455505371094
-980.5950317382812 -214.02374267578125
-982.5874633789062 -212.870361328125
-984.2843017578125 -211.41319274902344
-986.1881713867188 -210.31529235839844
-986.6055908203125 -211.9613800048828
-986.6605224609375 -212.97854614257812
-986.0280151367188 -213.40234375
-987.964111328125 -214.19410705566406
-989.4276123046875 -212.5078125
-991.1553344726562 -213.07015991210938
-992.7864379882812 -214.06541442871094
-994.7713623046875 -213.03028869628906
-995.6109619140625 -211.37318420410156
-997.099853515625 -210.53976440429688
-998.3472290039062 -211.57733154296875
-999.0779418945312 -212.23052978515625
-1000.160400390625 -211.3902587890625
-1001.7266845703125 -211.0419158935547
-1002.4395751953125 -211.49603271484375
-1003.2726440429688 -210.39398193359375
-1003.6137084960938 -210.94960021972656
-1005.3775024414062 -212.81417846679688
-1007.1630249023438 -214.14939880371094
-1009.0139770507812 -213.7065887451172
-1010.7630004882812 -213.65249633789062
-1011.136474609375 -211.65249633789062
-1012.3309326171875 -209.702392578125
-1013.8914794921875 -207.7476806640625
-1014.2193603515625 -205.75765991210938
-1012.3358764648438 -203.77139282226562
-1013.90185546875 -201.818603515625
-1014.3331298828125 -199.82290649414062
-1013.6729736328125 -197.86666870117188
-1013.9168090820312 -196.65390014648438
-1013.5275268554688 -194.869140625
-1015.3461303710938 -192.88209533691406
-1014.7650756835938 -193.8782958984375
-1013.9247436523438 -191.90745544433594
-1014.1239013671875 -190.30767822265625
-1013.4512329101562 -188.325439453125
-1015.4160766601562 -186.57228088378906
-1013.6639404296875 -184.58155822753906
-1013.1522827148438 -182.65782165527344
-1011.7387084960938 -180.7434539794922
-1013.519775390625 -178.75732421875
-1012.0039672851562 -176.8575439453125
-1013.802734375 -174.95448303222656
-1014.70849609375 -173.05880737304688
-1014.1724243164062 -171.22991943359375
-1013.1437377929688 -169.52943420410156
-1012.8054809570312 -168.06275939941406
-1013.3967895507812 -166.06878662109375
-1011.699462890625 -164.07498168945312
-1010.9913330078125 -162.26834106445312
-1012.731689453125 -160.51670837402344
-1014.3021850585938 -158.76751708984375
-1016.1986083984375 -156.76763916015625
-1017.4749755859375 -154.76788330078125
-1019.1563720703125 -152.76873779296875
-1021.0540771484375 -152.06459045410156
-1022.8599243164062 -153.2421112060547
-1024.13232421875 -153.569580078125
-1024.7333984375 -153.7179412841797
-1026.615966796875 -152.2398681640625
-1026.176025390625 -153.88442993164062
-1028.0458984375 -154.6017303466797
-1029.274658203125 -152.6029815673828
-1031.228515625 -152.2702178955078
-1031.0450439453125 -153.94107055664062
-1032.712646484375 -152.5008544921875
-1033.65380859375 -153.01576232910156
-1035.6317138671875 -152.49916076660156
-1037.558837890625 -151.7742156982422
-1039.2216796875 -153.68325805664062
-1038.775146484375 -153.33033752441406
-1040.4649658203125 -152.96070861816406
-1041.9486083984375 -154.2160186767578
-1043.828125 -152.8768768310547
-1045.43212890625 -151.181884765625
-1044.908935546875 -152.19773864746094
-1046.530029296875 -153.46315002441406
-1047.4713134765625 -152.6754608154297
-1049.334228515625 -153.47898864746094
-1050.893310546875 -151.48281860351562
-1051.43359375 -153.16885375976562
-1053.1934814453125 -151.17112731933594
-1054.711669921875 -153.1643524169922
-1056.5140380859375 -151.26748657226562
-1055.838134765625 -152.4263458251953
-1056.0908203125 -153.5934295654297
-1057.9471435546875 -151.6194305419922
-1058.846923828125 -152.5050506591797
-1058.00634765625 -154.45082092285156
-1059.4923095703125 -152.54685974121094
-1058.5802001953125 -154.40415954589844
-1060.5006103515625 -152.4365234375
-1060.565673828125 -154.28396606445312
-1062.2921142578125 -152.29371643066406
-1061.8623046875 -154.2835693359375
