-940.9483032226562 -387.51678466796875
-942.9483032226562 -385.51678466796875
-944.9483032226562 -383.51678466796875
-946.9483032226562 -381.51678466796875
-948.9483032226562 -379.51678466796875
-947.4508056640625 -377.5171203613281
-949.4508056640625 -375.51715087890625
-950.1702880859375 -373.52227783203125
-948.815673828125 -371.5276184082031
-948.481689453125 -369.5291748046875
-947.0379638671875 -367.5389404296875
-949.0379638671875 -365.5389404296875
-947.35546875 -363.5401916503906
-949.35546875 -361.5401916503906
-950.7203979492188 -359.6010437011719
-950.0328369140625 -357.6058349609375
-951.2572631835938 -355.6061096191406
-949.8558349609375 -353.607177734375
-948.1464233398438 -351.6094970703125
-950.1464233398438 -349.6094970703125
-948.3325805664062 -347.6143493652344
-950.1939697265625 -345.6322326660156
-950.9373779296875 -343.6326904296875
-952.6487426757812 -341.634033203125
-951.2495727539062 -339.6341857910156
-952.7662963867188 -337.6474304199219
-952.3077392578125 -335.64898681640625
-952.1438598632812 -333.6493835449219
-953.4451904296875 -331.6536560058594
-955.0234375 -329.6546936035156
-953.409423828125 -327.6564025878906
-953.2702026367188 -325.66448974609375
-951.7675170898438 -323.6674499511719
-951.6838989257812 -321.6690673828125
-953.3715209960938 -319.7830810546875
-952.8873291015625 -317.7853698730469
-954.4495849609375 -315.79022216796875
-956.3251953125 -313.7964782714844
-954.4514770507812 -311.8277587890625
-953.8778686523438 -309.82958984375
-952.3035278320312 -307.8320007324219
-953.9559936523438 -305.8458251953125
-954.3917846679688 -303.9119567871094
-952.9608154296875 -301.9129333496094
-954.4925537109375 -299.9189453125
-956.3952026367188 -297.9409484863281
-954.5604858398438 -295.94317626953125
-953.854248046875 -293.94989013671875
-955.4783325195312 -291.9806213378906
-954.11376953125 -289.9972229003906
-952.8098754882812 -288.0021057128906
-954.801025390625 -286.1058044433594
-954.0363159179688 -284.12353515625
-954.50390625 -282.12689208984375
-952.6146850585938 -280.1275939941406
-950.906494140625 -278.1302795410156
-951.0166015625 -276.197265625
-952.7381591796875 -274.1982116699219
-950.9989624023438 -272.2117004394531
-951.5134887695312 -270.2458190917969
-951.4721069335938 -268.2564697265625
-953.3685913085938 -266.27178955078125
-955.0191040039062 -264.3027648925781
-956.5230102539062 -262.3159484863281
-958.46630859375 -260.3238525390625
-959.9058837890625 -258.8849182128906
-958.0855712890625 -257.03887939453125
-959.6058349609375 -255.2696990966797
-957.8306884765625 -253.27484130859375
-959.6102905273438 -251.3114013671875
-961.18603515625 -249.43763732910156
-961.3239135742188 -247.44134521484375
-959.4772338867188 -245.68348693847656
-957.6094970703125 -243.73251342773438
-959.0547485351562 -241.7787628173828
-960.4109497070312 -239.78370666503906
-962.1577758789062 -237.8006134033203
-962.5942993164062 -235.81106567382812
-961.0923461914062 -233.820068359375
-962.7332763671875 -231.85824584960938
-960.7662963867188 -230.1409454345703
-959.385986328125 -228.1574249267578
-961.203125 -226.20545959472656
-963.1036987304688 -224.30828857421875
-963.6871337890625 -222.3531951904297
-965.670654296875 -221.4827423095703
-967.0045166015625 -219.51773071289062
-968.8425903320312 -217.59226989746094
-970.7191162109375 -215.84078979492188
-972.65771484375 -215.71156311035156
-971.6978149414062 -217.6929931640625
-973.6939086914062 -215.80874633789062
-975.3482055664062 -217.655029296875
-977.323974609375 -216.4091339111328
-979.00634765625 -218.2798309326172
-981.00537109375 -216.39979553222656
-983.0003662109375 -218.2631072998047
-984.98388671875 -218.58541870117188
-986.9467163085938 -216.93959045410156
-988.8533325195312 -215.79937744140625
-990.8504638671875 -213.89114379882812
-992.8135986328125 -212.89785766601562
-994.5589599609375 -211.63824462890625
-996.2952270507812 -213.1903533935547
-998.2603149414062 -213.79888916015625
-999.83642578125 -213.52374267578125
-1001.5772094726562 -213.03860473632812
-1003.4369506835938 -212.7512664794922
-1004.96533203125 -212.01429748535156
-1006.837646484375 -210.6857452392578
-1007.6905517578125 -208.76344299316406
-1009.6629028320312 -207.00962829589844
-1011.6626586914062 -205.104736328125
-1013.6591796875 -203.1056365966797
-1012.4368286132812 -201.2880401611328
-1014.4243774414062 -199.29164123535156
-1012.5475463867188 -197.32940673828125
-1014.5474243164062 -195.47433471679688
-1014.5098266601562 -193.48912048339844
-1012.5191650390625 -192.85499572753906
-1014.5191040039062 -191.36752319335938
-1012.5240478515625 -192.3573760986328
-1014.5233764648438 -190.4459686279297
-1012.9755859375 -188.67616271972656
-1014.9754638671875 -186.69747924804688
-1012.9808349609375 -185.8015899658203
-1014.98046875 -183.9626922607422
-1013.0514526367188 -183.6536407470703
-1011.4219970703125 -183.7383575439453
-1013.421630859375 -181.8697509765625
-1011.5801391601562 -180.2919464111328
-1013.5799560546875 -178.34866333007812
-1014.7704467773438 -176.45936584472656
-1012.9336547851562 -176.12130737304688
-1014.1275024414062 -175.63792419433594
-1012.1355590820312 -174.25799560546875
-1014.134521484375 -172.27725219726562
-1012.1409912109375 -173.37391662597656
-1014.1319580078125 -172.84181213378906
-1012.3759765625 -171.2358856201172
-1010.4229125976562 -172.12815856933594
-1012.4227294921875 -170.47216796875
-1010.447998046875 -168.72036743164062
-1012.4478759765625 -166.7445526123047
-1010.5523681640625 -165.50479125976562
-1012.5513305664062 -164.47520446777344
-1010.5712280273438 -165.18707275390625
-1012.5630493164062 -163.80279541015625
-1010.977783203125 -162.14773559570312
-1012.9776000976562 -161.30897521972656
-1014.9347534179688 -160.1341094970703
-1013.2721557617188 -158.22010803222656
-1015.2694702148438 -156.34190368652344
-1017.23291015625 -155.6041717529297
-1018.9413452148438 -154.99395751953125
-1020.9080810546875 -155.8579864501953
-1022.8920288085938 -154.58108520507812
-1024.8521728515625 -154.20443725585938
-1025.792724609375 -153.80567932128906
-1027.731201171875 -155.79351806640625
-1029.70263671875 -154.3234405517578
-1031.4278564453125 -156.29830932617188
-1032.7015380859375 -157.2504119873047
-1034.6337890625 -156.09840393066406
-1036.4071044921875 -154.41571044921875
-1038.359619140625 -156.4127960205078
-1037.506591796875 -155.3529052734375
-1039.39306640625 -154.7176513671875
-1040.4180908203125 -154.16151428222656
-1042.2239990234375 -156.15518188476562
-1043.952880859375 -156.6901397705078
-1045.4627685546875 -156.4882354736328
-1045.523193359375 -158.16635131835938
-1047.5185546875 -156.7449188232422
-1049.3214111328125 -158.5084991455078
-1050.712890625 -156.927490234375
-1052.669921875 -155.68026733398438
-1052.9813232421875 -155.95616149902344
-1054.8819580078125 -157.03781127929688
-1056.4683837890625 -157.32872009277344
-1055.15283203125 -155.4833526611328
-1053.5860595703125 -154.48480224609375
-1055.4464111328125 -153.47398376464844
-1057.36669921875 -154.793212890625
-1055.4486083984375 -155.14047241210938
-1057.23095703125 -153.81094360351562
-1057.4237060546875 -155.4080047607422
-1058.68701171875 -156.0437774658203
-1058.2884521484375 -157.00247192382812
-1059.2335205078125 -155.1583709716797
-1060.845703125 -156.4501495361328
