-1008.9974975585938 -310.3895568847656
-1007.9630126953125 -311.2466735839844
-1006.6737670898438 -313.05755615234375
-1008.590087890625 -311.05908203125
-1010.1024169921875 -312.6208801269531
-1011.98046875 -313.170166015625
-1013.202392578125 -312.460205078125
-1015.0588989257812 -313.9997863769531
-1016.1278686523438 -315.4103698730469
-1015.7682495117188 -316.5369567871094
-1017.5610961914062 -317.5704650878906
-1015.606689453125 -315.58135986328125
-1017.44287109375 -315.6017761230469
-1019.3662109375 -315.1793212890625
-1021.2587280273438 -315.6277770996094
-1022.9796752929688 -313.66656494140625
-1024.426025390625 -314.179443359375
-1024.381103515625 -312.3113708496094
-1024.8021240234375 -314.134521484375
-1026.4566650390625 -312.1363525390625
-1027.6005859375 -314.12200927734375
-1029.47412109375 -312.1334228515625
-1031.216064453125 -310.13995361328125
-1032.5203857421875 -310.04632568359375
-1031.1680908203125 -312.00347900390625
-1032.626953125 -310.0613708496094
-1034.56982421875 -311.5620422363281
-1036.3831787109375 -309.5624084472656
-1038.3553466796875 -310.97625732421875
-1040.301025390625 -308.9765625
-1042.1748046875 -306.9771423339844
-1042.970703125 -307.8692321777344
-1044.787841796875 -305.86993408203125
-1046.759033203125 -304.8492431640625
-1048.72412109375 -303.27960205078125
-1046.769287109375 -301.2822265625
-1048.75927734375 -299.4903869628906
-1046.8311767578125 -297.6876525878906
-1048.8184814453125 -295.7247619628906
-1047.2740478515625 -293.7372741699219
-1049.2734375 -291.8030090332031
-1048.6295166015625 -291.1830749511719
-1046.662353515625 -289.22589111328125
-1048.5361328125 -291.0680236816406
-1046.6683349609375 -290.0676574707031
-1048.458740234375 -289.5083923339844
-1046.462158203125 -288.14642333984375
-1048.293212890625 -290.0182800292969
-1046.717041015625 -289.30694580078125
-1048.5079345703125 -290.564208984375
-1046.5596923828125 -291.0783386230469
-1048.548095703125 -289.1931457519531
-1046.675537109375 -288.9864501953125
-1048.6470947265625 -287.7694396972656
-1046.6611328125 -285.88897705078125
-1048.6259765625 -286.591552734375
-1046.629638671875 -285.0127868652344
-1048.6239013671875 -286.8459167480469
-1046.6419677734375 -284.881591796875
-1048.60595703125 -286.5072021484375
-1046.7218017578125 -284.6291809082031
-1048.7183837890625 -286.2889709472656
-1046.7845458984375 -284.3138732910156
-1048.677001953125 -285.754150390625
-1046.8389892578125 -283.8050537109375
-1048.8240966796875 -283.64703369140625
-1050.7281494140625 -283.15179443359375
-1048.7484130859375 -281.38079833984375
-1050.746337890625 -279.7325744628906
-1048.868896484375 -278.7336120605469
-1050.8687744140625 -278.0987548828125
-1048.92919921875 -276.17010498046875
-1050.912841796875 -275.6170654296875
-1048.9200439453125 -274.0359802246094
-1050.9041748046875 -272.232666015625
-1049.015869140625 -270.24578857421875
-1050.8648681640625 -268.8837890625
-1049.26708984375 -266.9125671386719
-1047.267578125 -264.91754150390625
-1049.14453125 -262.91912841796875
-1047.298583984375 -260.9693908691406
-1049.297119140625 -261.6903991699219
-1047.32666015625 -259.90155029296875
-1049.3238525390625 -260.6883850097656
-1047.6768798828125 -258.7046203613281
-1049.6766357421875 -258.5102233886719
-1047.681884765625 -256.54376220703125
-1049.6796875 -256.0137023925781
-1048.2821044921875 -254.09130859375
-1050.27001953125 -252.09567260742188
-1050.9063720703125 -250.2963409423828
-1048.9189453125 -248.30361938476562
-1050.870361328125 -246.35647583007812
-1049.0684814453125 -244.9110107421875
-1047.73388671875 -242.9193572998047
-1049.731689453125 -240.95294189453125
-1047.963623046875 -240.58506774902344
-1049.96142578125 -240.00856018066406
-1047.9937744140625 -238.17237854003906
-1049.9927978515625 -236.301513671875
-1047.99462890625 -234.44590759277344
-1049.9783935546875 -234.9853515625
-1048.171630859375 -233.06898498535156
-1050.1600341796875 -234.51699829101562
-1048.7337646484375 -232.52456665039062
-1050.724853515625 -230.9477996826172
-1048.8463134765625 -228.99766540527344
-1050.833251953125 -227.1737823486328
-1050.81689453125 -225.41078186035156
-1048.8955078125 -223.7117462158203
-1050.8944091796875 -221.74781799316406
-1049.390625 -220.7061309814453
-1050.23779296875 -218.71751403808594
-1052.135498046875 -216.71778869628906
-1053.8316650390625 -218.71157836914062
-1055.720458984375 -216.71182250976562
-1057.7183837890625 -214.71189880371094
-1059.7025146484375 -216.59841918945312
-1061.697509765625 -214.59866333007812
-1063.687744140625 -212.60304260253906
-1065.079345703125 -212.6112823486328
-1066.9688720703125 -214.59091186523438
-1067.0518798828125 -214.59080505371094
-1068.92041015625 -215.91676330566406
-1070.8919677734375 -213.91685485839844
-1070.967529296875 -215.88699340820312
-1072.9615478515625 -213.88949584960938
-1074.675048828125 -215.79171752929688
-1076.642578125 -217.739990234375
-1078.6422119140625 -215.74620056152344
-1078.4521484375 -217.72618103027344
-1080.3731689453125 -217.38331604003906
-1082.279541015625 -218.89300537109375
-1084.278564453125 -216.8931121826172
-1086.2606201171875 -218.70237731933594
-1088.2523193359375 -216.70318603515625
-1089.8291015625 -217.4739532470703
-1091.612548828125 -216.62522888183594
-1093.517333984375 -218.02606201171875
-1095.1201171875 -216.03610229492188
-1097.074462890625 -217.7111053466797
-1098.993408203125 -215.71261596679688
-1100.875732421875 -217.4676055908203
-1102.8594970703125 -215.4683380126953
-1103.71435546875 -215.71658325195312
-1105.514892578125 -217.31675720214844
-1107.476806640625 -215.31683349609375
-1108.8055419921875 -217.2640380859375
-1110.7838134765625 -215.2671661376953
-1112.693115234375 -217.10240173339844
-1114.5087890625 -215.10267639160156
-1115.138671875 -216.14105224609375
-1117.1356201171875 -214.1412353515625
-1119.0621337890625 -215.96417236328125
-1120.9547119140625 -215.2208251953125
-1122.82666015625 -216.76844787597656
-1124.824951171875 -214.76852416992188
-1126.658935546875 -216.73345947265625
-1128.5888671875 -214.7347869873047
-1130.468505859375 -215.5569610595703
-1132.46533203125 -213.55758666992188
-1132.38818359375 -215.2242431640625
-1134.354736328125 -213.22496032714844
-1133.6717529296875 -212.4920196533203
-1135.5701904296875 -213.98085021972656
-1136.8172607421875 -214.2686767578125
-1138.5770263671875 -213.66864013671875
-1138.779541015625 -213.3972930908203
-1140.70751953125 -215.31277465820312
-1142.706787109375 -213.3137969970703
-1144.6949462890625 -212.9824676513672
-1146.6864013671875 -211.11578369140625
-1146.6829833984375 -210.0538787841797
-1145.03857421875 -208.28086853027344
-1147.031982421875 -206.36720275878906
-1146.625732421875 -204.37020874023438
-1144.8658447265625 -202.40695190429688
-1146.86572265625 -200.43276977539062
