-1007.9451904296875 -312.3147277832031
-1007.9083251953125 -312.3656921386719
-1006.4617309570312 -311.2882385253906
-1004.5101928710938 -312.0898132324219
-1006.5023803710938 -310.0912780761719
-1004.5062255859375 -308.92340087890625
-1006.4666137695312 -310.8145751953125
-1006.806640625 -312.61669921875
-1008.8040161132812 -310.6182861328125
-1007.583740234375 -312.4969482421875
-1009.5320434570312 -310.4984130859375
-1009.8757934570312 -311.6446838378906
-1009.3651123046875 -313.5747375488281
-1011.3644409179688 -311.5753479003906
-1013.1555786132812 -313.2625427246094
-1012.1910400390625 -312.60137939453125
-1011.9241333007812 -313.7442932128906
-1013.2092895507812 -315.6783142089844
-1012.7504272460938 -316.95672607421875
-1014.7418823242188 -314.9576416015625
-1015.18505859375 -315.8044128417969
-1014.20703125 -315.01202392578125
-1015.7210083007812 -314.6466369628906
-1016.7023315429688 -316.4730529785156
-1017.0800170898438 -315.0121154785156
-1018.8311767578125 -315.8395690917969
-1020.5712890625 -317.29486083984375
-1020.6751708984375 -315.31201171875
-1021.659423828125 -313.3150329589844
-1023.3303833007812 -315.27850341796875
-1024.8909912109375 -313.2789001464844
-1026.782958984375 -311.2821044921875
-1028.7257080078125 -313.10577392578125
-1030.4254150390625 -311.10675048828125
-1032.318359375 -311.2391357421875
-1034.2943115234375 -312.7542419433594
-1036.2755126953125 -310.7545471191406
-1037.9691162109375 -308.7569274902344
-1039.9503173828125 -306.9012451171875
-1041.8955078125 -308.7427978515625
-1043.862548828125 -306.7481384277344
-1045.5848388671875 -305.0135803222656
-1047.516845703125 -303.0544738769531
-1049.3046875 -302.4029235839844
-1047.3048095703125 -300.4054870605469
-1049.287109375 -298.888427734375
-1047.446533203125 -296.89166259765625
-1049.444580078125 -294.89593505859375
-1047.5308837890625 -292.8988037109375
-1045.810791015625 -294.8355712890625
-1047.794921875 -292.96783447265625
-1046.497314453125 -292.8323974609375
-1048.4908447265625 -290.8581237792969
-1046.5205078125 -291.1607666015625
-1048.5076904296875 -289.1653747558594
-1046.526123046875 -287.2792053222656
-1048.516845703125 -286.81689453125
-1046.534423828125 -284.82861328125
-1048.3984375 -284.6962585449219
-1050.3887939453125 -282.71246337890625
-1048.650634765625 -280.7157897949219
-1050.54296875 -278.7571716308594
-1048.5577392578125 -276.7703552246094
-1050.5452880859375 -276.3843994140625
-1048.6165771484375 -276.2195129394531
-1050.6141357421875 -274.3559875488281
-1048.63037109375 -272.40777587890625
-1050.6268310546875 -270.7145690917969
-1048.6416015625 -269.18670654296875
-1050.6243896484375 -267.2161560058594
-1048.65234375 -265.28021240234375
-1046.7840576171875 -263.35968017578125
-1048.7359619140625 -261.69903564453125
-1050.72021484375 -262.4230041503906
-1048.7498779296875 -260.5035705566406
-1050.7457275390625 -258.77874755859375
-1049.5772705078125 -257.0708312988281
-1047.6011962890625 -255.4737091064453
-1049.5928955078125 -254.9444580078125
-1047.63916015625 -252.96322631835938
-1049.63818359375 -252.9434814453125
-1048.20068359375 -251.05506896972656
-1050.195068359375 -249.24090576171875
-1048.202880859375 -247.2853546142578
-1050.1978759765625 -245.29641723632812
-1048.23681640625 -244.43438720703125
-1050.2293701171875 -242.4373779296875
-1049.9896240234375 -240.82974243164062
-1048.09765625 -239.04515075683594
-1050.0919189453125 -239.92491149902344
-1048.4456787109375 -238.58653259277344
-1050.43212890625 -237.9973602294922
-1049.4134521484375 -236.46017456054688
-1047.9293212890625 -235.20835876464844
-1049.925048828125 -233.43960571289062
-1047.9864501953125 -231.9409942626953
-1049.9698486328125 -230.01695251464844
-1048.1805419921875 -228.37069702148438
-1050.1273193359375 -226.38656616210938
-1049.3826904296875 -227.33831787109375
-1047.4156494140625 -225.81663513183594
-1049.41552734375 -223.82928466796875
-1047.647216796875 -222.22323608398438
-1049.6456298828125 -220.23358154296875
-1050.555908203125 -218.75726318359375
-1051.763916015625 -216.8660125732422
-1053.5528564453125 -218.86483764648438
-1055.4755859375 -216.88121032714844
-1057.458984375 -214.88217163085938
-1059.333251953125 -216.8785858154297
-1061.3194580078125 -214.887939453125
-1063.2537841796875 -212.89413452148438
-1064.9202880859375 -214.73687744140625
-1065.53564453125 -216.65611267089844
-1067.4459228515625 -214.6956329345703
-1067.5438232421875 -216.67742919921875
-1069.5408935546875 -214.68206787109375
-1069.845703125 -216.2656707763672
-1071.843994140625 -214.26577758789062
-1073.2672119140625 -215.95550537109375
-1075.241455078125 -217.79864501953125
-1077.2401123046875 -215.801025390625
-1079.1165771484375 -216.9322967529297
-1080.3583984375 -218.92726135253906
-1082.358154296875 -216.94256591796875
-1084.199951171875 -217.0946044921875
-1086.0499267578125 -218.81661987304688
-1088.0491943359375 -216.81675720214844
-1089.8135986328125 -218.7738800048828
-1091.8134765625 -216.7742462158203
-1093.7685546875 -218.51473999023438
-1095.7637939453125 -216.51611328125
-1096.8013916015625 -217.97950744628906
-1098.799560546875 -215.9899139404297
-1100.75732421875 -217.4959716796875
-1102.7554931640625 -215.49620056152344
-1104.005859375 -217.32070922851562
-1106.0057373046875 -215.345947265625
-1107.9334716796875 -216.38473510742188
-1109.9295654296875 -214.39585876464844
-1111.662841796875 -214.4049530029297
-1113.26513671875 -215.17776489257812
-1115.220947265625 -216.9373016357422
-1117.220458984375 -214.94017028808594
-1119.0313720703125 -214.02337646484375
-1120.9100341796875 -214.6746826171875
-1122.899658203125 -214.9373016357422
-1123.74951171875 -216.8930206298828
-1125.7415771484375 -214.8966827392578
-1126.6199951171875 -216.50204467773438
-1128.6162109375 -214.5054931640625
-1128.31884765625 -215.77394104003906
-1130.31787109375 -213.77569580078125
-1131.489990234375 -212.9817352294922
-1133.369140625 -213.2005157470703
-1134.4591064453125 -212.96815490722656
-1133.1859130859375 -211.484375
-1133.9407958984375 -209.94737243652344
-1133.5931396484375 -211.069091796875
-1133.1822509765625 -212.8665313720703
-1135.0330810546875 -211.6620330810547
-1136.59326171875 -210.2684783935547
-1137.2508544921875 -210.58750915527344
-1138.986572265625 -211.27711486816406
-1140.4295654296875 -210.30857849121094
-1142.4290771484375 -208.6214141845703
-1144.416259765625 -206.6327667236328
-1146.4156494140625 -204.7912139892578
-1145.388427734375 -202.7917938232422
-1144.5150146484375 -200.81857299804688
-1146.514892578125 -198.81979370117188
