-1009.9421997070312 -313.3172607421875
-1011.8256225585938 -315.1224365234375
-1013.7857055664062 -313.12347412109375
-1015.7075805664062 -315.0401916503906
-1017.68212890625 -316.95062255859375
-1019.6624145507812 -318.85394287109375
-1019.6051635742188 -316.86590576171875
-1018.4645385742188 -314.8675842285156
-1020.4503173828125 -316.8036804199219
-1018.8949584960938 -314.8076171875
-1020.8515625 -316.779296875
-1022.0430297851562 -314.7829284667969
-1023.7517700195312 -312.78314208984375
-1025.7274169921875 -314.703369140625
-1027.359130859375 -312.7078552246094
-1027.7386474609375 -310.71124267578125
-1029.6717529296875 -312.6907653808594
-1031.3392333984375 -310.6939392089844
-1033.3067626953125 -312.5625
-1035.2952880859375 -310.56695556640625
-1037.2880859375 -312.5286865234375
-1037.0872802734375 -310.5292663574219
-1038.7044677734375 -308.5326232910156
-1040.7044677734375 -310.0661926269531
-1041.0831298828125 -308.0750427246094
-1043.0731201171875 -309.5594787597656
-1043.595703125 -307.56500244140625
-1044.2801513671875 -305.5707702636719
-1046.2801513671875 -304.788818359375
-1048.2801513671875 -303.28680419921875
-1049.1300048828125 -301.2896728515625
-1049.0462646484375 -299.2955627441406
-1050.549072265625 -297.39605712890625
-1051.4239501953125 -295.3965148925781
-1050.518798828125 -293.4015197753906
-1052.44091796875 -295.2003479003906
-1050.747314453125 -293.2068786621094
-1049.9566650390625 -293.7759094238281
-1051.3592529296875 -293.5694274902344
-1050.033447265625 -294.9167175292969
-1048.0845947265625 -292.9185485839844
-1049.2750244140625 -291.33197021484375
-1050.31494140625 -291.036865234375
-1050.59521484375 -290.56634521484375
-1051.3985595703125 -288.9045715332031
-1051.7166748046875 -288.2371826171875
-1050.86669921875 -286.8377685546875
-1049.1259765625 -284.84527587890625
-1047.149169921875 -282.98095703125
-1049.1490478515625 -284.4866027832031
-1047.4649658203125 -282.5136413574219
-1049.4649658203125 -281.914306640625
-1048.852783203125 -279.9317932128906
-1050.85205078125 -278.0804748535156
-1052.1507568359375 -276.091552734375
-1050.2647705078125 -274.24066162109375
-1048.3369140625 -272.27593994140625
-1050.336669921875 -272.03668212890625
-1048.6414794921875 -270.142822265625
-1050.64111328125 -268.9212341308594
-1048.8175048828125 -267.1761169433594
-1050.8099365234375 -265.2275085449219
-1048.82861328125 -263.262451171875
-1047.13916015625 -261.28570556640625
-1049.13916015625 -261.111328125
-1047.398193359375 -259.1462097167969
-1049.3922119140625 -258.9556579589844
-1049.0372314453125 -257.0006408691406
-1051.036865234375 -255.45213317871094
-1049.0577392578125 -253.46302795410156
-1051.05615234375 -252.23431396484375
-1052.364501953125 -250.2350311279297
-1050.6363525390625 -249.07467651367188
-1048.92724609375 -247.09542846679688
-1050.9271240234375 -245.54759216308594
-1050.1910400390625 -243.76931762695312
-1048.73974609375 -242.22097778320312
-1050.5164794921875 -240.65069580078125
-1051.4942626953125 -238.66566467285156
-1050.9603271484375 -237.44813537597656
-1048.9844970703125 -235.4544677734375
-1050.9833984375 -235.61520385742188
-1050.0147705078125 -234.446533203125
-1048.3028564453125 -232.8605499267578
-1050.3026123046875 -232.1530303955078
-1049.069580078125 -231.18031311035156
-1051.069091796875 -229.96609497070312
-1051.070556640625 -228.28192138671875
-1049.890625 -226.55426025390625
-1048.961669921875 -224.62765502929688
-1050.9613037109375 -224.00074768066406
-1050.44384765625 -222.13833618164062
-1050.4539794921875 -220.1593017578125
-1051.3116455078125 -218.16880798339844
-1053.30419921875 -216.2057647705078
-1055.277587890625 -218.01231384277344
-1057.273193359375 -216.0217742919922
-1059.241943359375 -214.02273559570312
-1061.1094970703125 -215.9998321533203
-1063.1082763671875 -214.0026397705078
-1065.0748291015625 -215.6837615966797
-1067.0694580078125 -213.68678283691406
-1068.762939453125 -215.64132690429688
-1070.7139892578125 -213.64877319335938
-1072.70947265625 -215.60084533691406
-1074.6678466796875 -217.479736328125
-1076.6439208984375 -215.53187561035156
-1078.5858154296875 -217.35525512695312
-1080.401123046875 -219.193359375
-1082.367431640625 -217.20916748046875
-1084.3658447265625 -218.0100555419922
-1086.35205078125 -218.5210418701172
-1088.34912109375 -220.42164611816406
-1090.266357421875 -218.6629638671875
-1092.2647705078125 -216.8490753173828
-1094.247802734375 -218.48329162597656
-1096.1844482421875 -216.4838409423828
-1098.120849609375 -217.4165496826172
-1100.0328369140625 -215.63693237304688
-1102.02197265625 -216.93411254882812
-1103.9664306640625 -214.95706176757812
-1105.683349609375 -214.57794189453125
-1107.0789794921875 -216.1903076171875
-1109.065185546875 -214.320068359375
-1111.05126953125 -213.80665588378906
-1111.6541748046875 -215.57887268066406
-1112.607177734375 -214.4088592529297
-1114.55810546875 -215.5205078125
-1116.544677734375 -214.38516235351562
-1117.979736328125 -214.58001708984375
-1119.8966064453125 -213.79168701171875
-1121.859130859375 -214.56298828125
-1123.7386474609375 -215.73265075683594
-1125.333251953125 -213.74363708496094
-1126.6573486328125 -215.3477783203125
-1126.2078857421875 -213.41195678710938
-1128.0389404296875 -212.6387176513672
-1129.262451171875 -212.05055236816406
-1130.8466796875 -213.6490936279297
-1132.6083984375 -214.6292266845703
-1132.85546875 -213.18243408203125
-1133.6036376953125 -214.24234008789062
-1134.7427978515625 -212.8934783935547
-1135.1700439453125 -212.81973266601562
-1136.350830078125 -214.04409790039062
-1136.740478515625 -212.43106079101562
-1136.4893798828125 -212.5308074951172
-1138.4498291015625 -211.5142364501953
-1140.0941162109375 -211.18563842773438
-1142.078857421875 -210.19285583496094
-1144.0531005859375 -209.2495574951172
-1146.0528564453125 -208.07839965820312
-1144.105224609375 -206.1024932861328
-1146.09375 -204.68467712402344
-1144.15185546875 -202.69493103027344
-1145.482666015625 -200.86236572265625
-1143.4937744140625 -198.86541748046875
-1145.4736328125 -197.1046600341797
